0.00000000000000000000 0.00058718164695447143
0.00000000000000000000 0.00186776397669721739
0.00000000000000000000 0.00234545858035090007
0.00000000000000000000 0.00260270821240270959
0.00000000000000000000 0.00282807046904443634
0.00000000000000000000 0.00345122844845352017
0.00000000000000000000 0.00368948619271355959
0.00000000000000000000 0.00393048095989859993
0.00000000000000000000 0.00491007955209765354
0.00000000000000000000 0.00492583846829020011
0.00000000000000000000 0.00546961597115391222
0.00000000000000000000 0.00547639529391468535
0.00000000000000000000 0.00557024137244555104
0.00000000000000000000 0.00572273296649088159
0.00000000000000000000 0.00602687325175466256
0.00000000000000000000 0.00651068131856239948
0.00000000000000000000 0.00651436206308268675
0.00000000000000000000 0.00659806503623328565
0.00000000000000000000 0.00659932110751456063
0.00000000000000000000 0.00740451445090846080
0.00000000000000000000 0.00750711660694738329
0.00000000000000000000 0.00780663537994055398
0.00000000000000000000 0.00782795232971755621
0.00000000000000000000 0.00789761387133982445
0.00000000000000000000 0.00808085261633246024
0.00000000000000000000 0.00850045514475119765
0.00000000000000000000 0.00854696094686354865
0.00000000000000000000 0.00870660949678234326
0.00000000000000000000 0.00881949850197053138
0.00000000000000000000 0.00910524974584043384
0.00000000000000000000 0.00914485559439838502
0.00000000000000000000 0.01011828421285308061
0.00000000000000000000 0.01035131688027413760
0.00000000000000000000 0.01048807957326669538
0.00000000000000000000 0.01051097621690053920
0.00000000000000000000 0.01051493248655344971
0.00000000000000000000 0.01059017871588934477
0.00000000000000000000 0.01063486965658667210
0.00000000000000000000 0.01072499330512079706
0.00000000000000000000 0.01146689630476033228
0.00000000000000000000 0.01149332847799823358
0.00000000000000000000 0.01156044741858237510
0.00000000000000000000 0.01156240988656264713
0.00000000000000000000 0.01198861773159085389
0.00000000000000000000 0.01201753452055293221
0.00000000000000000000 0.01202059795572866033
0.00000000000000000000 0.01240968424418726485
0.00000000000000000000 0.01242942100206425975
0.00000000000000000000 0.01251035025161576983
0.00000000000000000000 0.01264490111741705183
0.00000000000000000000 0.01312939940569190535
0.00000000000000000000 0.01341861359857361019
0.00000000000000000000 0.01348773375715139368
0.00000000000000000000 0.01349607051814562947
0.00000000000000000000 0.01352396960087628996
0.00000000000000000000 0.01364956015805274432
0.00000000000000000000 0.01377669140755848586
0.00000000000000000000 0.01383899643153169157
0.00000000000000000000 0.01396077461797628691
0.00000000000000000000 0.01397390445763938699
0.00000000000000000000 0.01408140467312636590
0.00000000000000000000 0.01462069102858658438
0.00000000000000000000 0.01463156542741054014
0.00000000000000000000 0.01465323388075459761
0.00000000000000000000 0.01475518628318191715
0.00000000000000000000 0.01477413375575464122
0.00000000000000000000 0.01493068485309612982
0.00000000000000000000 0.01512153597807209746
0.00000000000000000000 0.01523855456858025023
0.00000000000000000000 0.01524536056307865782
0.00000000000000000000 0.01530505967928716057
0.00000000000000000000 0.01532071740199450818
0.00000000000000000000 0.01532973388668078599
0.00000000000000000000 0.01536992015104056766
0.00000000000000000000 0.01549278111191681150
0.00000000000000000000 0.01563102159524729431
0.00000000000000000000 0.01583384353600381794
0.00000000000000000000 0.01599070138062122504
0.00000000000000000000 0.01599864256629131981
0.00000000000000000000 0.01607426318871373397
0.00000000000000000000 0.01611971476437332185
0.00000000000000000000 0.01620925622016167883
0.00000000000000000000 0.01623079228691068701
0.00000000000000000000 0.01634853920447606329
0.00000000000000000000 0.01649127226717310435
0.00000000000000000000 0.01662438441485793519
0.00000000000000000000 0.01664527633319615521
0.00000000000000000000 0.01673371576025941762
0.00000000000000000000 0.01683533316863733767
0.00000000000000000000 0.01692020651033241188
0.00000000000000000000 0.01695488659299503389
0.00000000000000000000 0.01721857022667393558
0.00000000000000000000 0.01738185251308546272
0.00000000000000000000 0.01748506392184278821
0.00000000000000000000 0.01753816802920145357
0.00000000000000000000 0.01754640520111942423
0.00000000000000000000 0.01754711701571915958
0.00000000000000000000 0.01803914002803631497
0.00000000000000000000 0.01805997129154749206
0.00000000000000000000 0.01825801592543988341
0.00000000000000000000 0.01832544814824422705
0.00000000000000000000 0.01834633851961412279
0.00000000000000000000 0.01834801861269789655
0.00000000000000000000 0.01836642991466673133
0.00000000000000000000 0.01839847004387602097
0.00000000000000000000 0.01840689803068039712
0.00000000000000000000 0.01842999409024443161
0.00000000000000000000 0.01845213456412369765
0.00000000000000000000 0.01859576726009707498
0.00000000000000000000 0.01861525199587672069
0.00000000000000000000 0.01862444347954508167
0.00000000000000000000 0.01865279406903807419
0.00000000000000000000 0.01887396473101817657
0.00000000000000000000 0.01887611326563127731
0.00000000000000000000 0.01901925687939571424
0.00000000000000000000 0.01902871513030355427
0.00000000000000000000 0.01909505946246186497
0.00000000000000000000 0.01917042260287980110
0.00000000000000000000 0.01921700261960617231
0.00000000000000000000 0.01944568527498381424
0.00000000000000000000 0.01953144457292024447
0.00000000000000000000 0.01957322572520774767
0.00000000000000000000 0.01957547583674387748
0.00000000000000000000 0.01967875923312661576
0.00000000000000000000 0.02006311741196120657
0.00000000000000000000 0.02007128740135048078
0.00000000000000000000 0.02010105903987838977
0.00000000000000000000 0.02010168026608364147
0.00000000000000000000 0.02013408405677905369
0.00000000000000000000 0.02016380883747269023
0.00000000000000000000 0.02021992004220972070
0.00000000000000000000 0.02031627306210460893
0.00000000000000000000 0.02035215332166327371
0.00000000000000000000 0.02040055918661239434
0.00000000000000000000 0.02073958151055138588
0.00000000000000000000 0.02078932438415732539
0.00000000000000000000 0.02080033999322554450
0.00000000000000000000 0.02085784504545014351
0.00000000000000000000 0.02098000198588977419
0.00000000000000000000 0.02105781794245024235
0.00000000000000000000 0.02116048006170677745
0.00000000000000000000 0.02116657124404171253
0.00000000000000000000 0.02121842387813938774
0.00000000000000000000 0.02122629201239528349
0.00000000000000000000 0.02126849947101799171
0.00000000000000000000 0.02155823429352150822
0.00000000000000000000 0.02158284907185313573
0.00000000000000000000 0.02163932489907080883
0.00000000000000000000 0.02173797787460761410
0.00000000000000000000 0.02193402075657749362
0.00000000000000000000 0.02197576188908593672
0.00000000000000000000 0.02198785160671111460
0.00000000000000000000 0.02202514960627821594
0.00000000000000000000 0.02205743494829807624
0.00000000000000000000 0.02212956692590814858
0.00000000000000000000 0.02219582451626595301
0.00000000000000000000 0.02243666389750511789
0.00000000000000000000 0.02245242759900547072
0.00000000000000000000 0.02261330182482018669
0.00000000000000000000 0.02261807296504884934
0.00000000000000000000 0.02268527631475010520
0.00000000000000000000 0.02271404463802007695
0.00000000000000000000 0.02309897357598609050
0.00000000000000000000 0.02317241701924263250
0.00000000000000000000 0.02319783997331544348
0.00000000000000000000 0.02321715138425503241
0.00000000000000000000 0.02325358446558027647
0.00000000000000000000 0.02327899103994727353
0.00000000000000000000 0.02331544831275528945
0.00000000000000000000 0.02337823665775437890
0.00000000000000000000 0.02345098548269093294
0.00000000000000000000 0.02351539066214513099
0.00000000000000000000 0.02355146088470045848
0.00000000000000000000 0.02358907518505476072
0.00000000000000000000 0.02367049909413551645
0.00000000000000000000 0.02369800602263702829
0.00000000000000000000 0.02377827872286214506
0.00000000000000000000 0.02381537975359946518
0.00000000000000000000 0.02384409944814027543
0.00000000000000000000 0.02384415922976379498
0.00000000000000000000 0.02409279241569080993
0.00000000000000000000 0.02431586071349357836
0.00000000000000000000 0.02447105773149712768
0.00000000000000000000 0.02457679916417020161
0.00000000000000000000 0.02469267692679304876
0.00000000000000000000 0.02475621921048519816
0.00000000000000000000 0.02482602572331511076
0.00000000000000000000 0.02489868524016988077
0.00000000000000000000 0.02493994441009171614
0.00000000000000000000 0.02506862866280227045
0.00000000000000000000 0.02521809847086842193
0.00000000000000000000 0.02525075984518677930
0.00000000000000000000 0.02525139204715053792
0.00000000000000000000 0.02525245734403855011
0.00000000000000000000 0.02554163014943996307
0.00000000000000000000 0.02555789243614527834
0.00000000000000000000 0.02565644845482342382
0.00000000000000000000 0.02571331158876825201
0.00000000000000000000 0.02573826665445968012
0.00000000000000000000 0.02580289047158931467
0.00000000000000000000 0.02585272746022971788
0.00000000000000000000 0.02591641543232730063
0.00000000000000000000 0.02631085550886487143
0.00000000000000000000 0.02634324852252633090
0.00000000000000000000 0.02634533538878438413
0.00000000000000000000 0.02681317171141379962
0.00000000000000000000 0.02685882942839393217
0.00000000000000000000 0.02686985682386719768
0.00000000000000000000 0.02697156802583247290
0.00000000000000000000 0.02701122981258291533
0.00000000000000000000 0.02705377480044923386
0.00000000000000000000 0.02709089352512944471
0.00000000000000000000 0.02716135931755591856
0.00000000000000000000 0.02739663330179869724
0.00000000000000000000 0.02749180049451059593
0.00000000000000000000 0.02781672298856173106
0.00000000000000000000 0.02789453703849157154
0.00000000000000000000 0.02800432625255842856
0.00000000000000000000 0.02806245885899847844
0.00000000000000000000 0.02817701665596020200
0.00000000000000000000 0.02825133721745161711
0.00000000000000000000 0.02837197998726251683
0.00000000000000000000 0.02839854642768943616
0.00000000000000000000 0.02866528967170515335
0.00000000000000000000 0.02872613336622528712
0.00000000000000000000 0.02880549229425024421
0.00000000000000000000 0.02882430090743758749
0.00000000000000000000 0.02898030718030333505
0.00000000000000000000 0.02899839457598554424
0.00000000000000000000 0.02910560324698817369
0.00000000000000000000 0.02938220952340482237
0.00000000000000000000 0.02938375546504941663
0.00000000000000000000 0.02950234673637608038
0.00000000000000000000 0.02952770859436528936
0.00000000000000000000 0.02960907255213808195
0.00000000000000000000 0.02978374016119627460
0.00000000000000000000 0.02979656022192469708
0.00000000000000000000 0.02982556256050074295
0.00000000000000000000 0.02982617683599126865
0.00000000000000000000 0.02997107821493266364
0.00000000000000000000 0.03010430155395546134
0.00000000000000000000 0.03020642417198241697
0.00000000000000000000 0.03022381353347850658
0.00000000000000000000 0.03030613934870802703
0.00000000000000000000 0.03038705756710648881
0.00000000000000000000 0.03038779187330670900
0.00000000000000000000 0.03045622404451541268
0.00000000000000000000 0.03058479967056323620
0.00000000000000000000 0.03078398401945440371
0.00000000000000000000 0.03087533810465337494
0.00000000000000000000 0.03090048632144921925
0.00000000000000000000 0.03099011467029414227
0.00000000000000000000 0.03102951760418520138
0.00000000000000000000 0.03124207406158955452
0.00000000000000000000 0.03128306095735106790
0.00000000000000000000 0.03131794635245903347
0.00000000000000000000 0.03136048646050803440
0.00000000000000000000 0.03163242896981716124
0.00000000000000000000 0.03173870564573291059
0.00000000000000000000 0.03181105454548552314
0.00000000000000000000 0.03185684978277472656
0.00000000000000000000 0.03186481051002633402
0.00000000000000000000 0.03187682259226518738
0.00000000000000000000 0.03188512486526084988
0.00000000000000000000 0.03192576059580638781
0.00000000000000000000 0.03197538106381687950
0.00000000000000000000 0.03226596562939802043
0.00000000000000000000 0.03229445567720588134
0.00000000000000000000 0.03235452182634736967
0.00000000000000000000 0.03247567348174537627
0.00000000000000000000 0.03260586090960913147
0.00000000000000000000 0.03268841075465005880
0.00000000000000000000 0.03269569533847942189
0.00000000000000000000 0.03269942899462108948
0.00000000000000000000 0.03270292558228046764
0.00000000000000000000 0.03278028956658090437
0.00000000000000000000 0.03278202224707698481
0.00000000000000000000 0.03296118896625281625
0.00000000000000000000 0.03318080394411088846
0.00000000000000000000 0.03329917583601524345
0.00000000000000000000 0.03333039658994563920
0.00000000000000000000 0.03337313112972670887
0.00000000000000000000 0.03340923687229932493
0.00000000000000000000 0.03350732627475801195
0.00000000000000000000 0.03355010502139225276
0.00000000000000000000 0.03371287585396937070
0.00000000000000000000 0.03373776984746185148
0.00000000000000000000 0.03381644665793630961
0.00000000000000000000 0.03420986592358462447
0.00000000000000000000 0.03427975495226849578
0.00000000000000000000 0.03431804390847266462
0.00000000000000000000 0.03432242918138840582
0.00000000000000000000 0.03433584124289888739
0.00000000000000000000 0.03457313209848685703
0.00000000000000000000 0.03468619110287082807
0.00000000000000000000 0.03487611591031080510
0.00000000000000000000 0.03501422641119589230
0.00000000000000000000 0.03504630512788747126
0.00000000000000000000 0.03520499828212610149
0.00000000000000000000 0.03542470622522725376
0.00000000000000000000 0.03572162431249301801
0.00000000000000000000 0.03574934329030816926
0.00000000000000000000 0.03600402838144121237
0.00000000000000000000 0.03607502326051093694
0.00000000000000000000 0.03627021920819593903
0.00000000000000000000 0.03641699261674841842
0.00000000000000000000 0.03657207770066342456
0.00000000000000000000 0.03683525425655502505
0.00000000000000000000 0.03692872118956221084
0.00000000000000000000 0.03740873196459962302
0.00000000000000000000 0.03742220081073175525
0.00000000000000000000 0.03759397989900193499
0.00000000000000000000 0.03763078253252252064
0.00000000000000000000 0.03767321322261933669
0.00000000000000000000 0.03791841622246570204
0.00000000000000000000 0.03793335060586114360
0.00000000000000000000 0.03804992171348530600
0.00000000000000000000 0.03812096556964455346
0.00000000000000000000 0.03825624935724138143
0.00000000000000000000 0.03826240246346623158
0.00000000000000000000 0.03827079320443790150
0.00000000000000000000 0.03828792104985365846
0.00000000000000000000 0.03835836507065553541
0.00000000000000000000 0.03849596475381651672
0.00000000000000000000 0.03892625724200718396
0.00000000000000000000 0.03907267451874373021
0.00000000000000000000 0.03919371857520750901
0.00000000000000000000 0.03925585661627067208
0.00000000000000000000 0.03959983551175396549
0.00000000000000000000 0.03973164154944183735
0.00000000000000000000 0.03974817300180926577
0.00000000000000000000 0.03976698457970818945
0.00000000000000000000 0.03983405552559426965
0.00000000000000000000 0.04006360900400804392
0.00000000000000000000 0.04020883159149483271
0.00000000000000000000 0.04026114585282885433
0.00000000000000000000 0.04033444643402241819
0.00000000000000000000 0.04045168526823132715
0.00000000000000000000 0.04055991737483408827
0.00000000000000000000 0.04075951428409687466
0.00000000000000000000 0.04078927638939874173
0.00000000000000000000 0.04083347858198833197
0.00000000000000000000 0.04106356742718791919
0.00000000000000000000 0.04109968589263752331
0.00000000000000000000 0.04114422687915565008
0.00000000000000000000 0.04131100854804659051
0.00000000000000000000 0.04137154144107681869
0.00000000000000000000 0.04144181387749990009
0.00000000000000000000 0.04147357475337361266
0.00000000000000000000 0.04148021585095586911
0.00000000000000000000 0.04180174028597963276
0.00000000000000000000 0.04202502237436201576
0.00000000000000000000 0.04226369639266229494
0.00000000000000000000 0.04246798563823165479
0.00000000000000000000 0.04258437646962572043
0.00000000000000000000 0.04276956316134527397
0.00000000000000000000 0.04290953643225565300
0.00000000000000000000 0.04291195085855159519
0.00000000000000000000 0.04292828357158848945
0.00000000000000000000 0.04318055096256539355
0.00000000000000000000 0.04334048949021907654
0.00000000000000000000 0.04337497118740319541
0.00000000000000000000 0.04340144484522025226
0.00000000000000000000 0.04341818053552471551
0.00000000000000000000 0.04344077543645181311
0.00000000000000000000 0.04352289850243288433
0.00000000000000000000 0.04362923497813869095
0.00000000000000000000 0.04374896065415619095
0.00000000000000000000 0.04389322578701151945
0.00000000000000000000 0.04423167293164440017
0.00000000000000000000 0.04431128209794703288
0.00000000000000000000 0.04431518135146885612
0.00000000000000000000 0.04436936822066229330
0.00000000000000000000 0.04453371224914183524
0.00000000000000000000 0.04467096690668821701
0.00000000000000000000 0.04476326493768120751
0.00000000000000000000 0.04523590882103873528
0.00000000000000000000 0.04528702557684128466
0.00000000000000000000 0.04532822093357977145
0.00000000000000000000 0.04537400567462181178
0.00000000000000000000 0.04560552402391741117
0.00000000000000000000 0.04565551701181559674
0.00000000000000000000 0.04565726371229887615
0.00000000000000000000 0.04600677635874308308
0.00000000000000000000 0.04607326724431396597
0.00000000000000000000 0.04619246530926433836
0.00000000000000000000 0.04621953711003978782
0.00000000000000000000 0.04638115336488389528
0.00000000000000000000 0.04650321007281209285
0.00000000000000000000 0.04681148336121644660
0.00000000000000000000 0.04681628265942049116
0.00000000000000000000 0.04688797311683259167
0.00000000000000000000 0.04700519657264440321
0.00000000000000000000 0.04709799732788149534
0.00000000000000000000 0.04714984926842405444
0.00000000000000000000 0.04718290273735822882
0.00000000000000000000 0.04721200555140608879
0.00000000000000000000 0.04730607193717144277
0.00000000000000000000 0.04738321344022368431
0.00000000000000000000 0.04746673097569410749
0.00000000000000000000 0.04757413850636722785
0.00000000000000000000 0.04803633855484730486
0.00000000000000000000 0.04803690027778965976
0.00000000000000000000 0.04805506995961511540
0.00000000000000000000 0.04845917874770912931
0.00000000000000000000 0.04847013405142557713
0.00000000000000000000 0.04852227025111937458
0.00000000000000000000 0.04855733965613832914
0.00000000000000000000 0.04878166129002145524
0.00000000000000000000 0.04908788734293779987
0.00000000000000000000 0.04922369452452670519
0.00000000000000000000 0.04945569994451850387
0.00000000000000000000 0.04983426396176414419
0.00000000000000000000 0.05031594583231116524
0.00000000000000000000 0.05034775238474287207
0.00000000000000000000 0.05035054305921895373
0.00000000000000000000 0.05037552460623725276
0.00000000000000000000 0.05037835885584112522
0.00000000000000000000 0.05048346885278384016
0.00000000000000000000 0.05058763986456692174
0.00000000000000000000 0.05068383490551550685
0.00000000000000000000 0.05114094776904180850
0.00000000000000000000 0.05117468546600825730
0.00000000000000000000 0.05143924032582102013
0.00000000000000000000 0.05154536416445471003
0.00000000000000000000 0.05162864942584037553
0.00000000000000000000 0.05174072568047326237
0.00000000000000000000 0.05175079016155128414
0.00000000000000000000 0.05197422559968470357
0.00000000000000000000 0.05245702429521924975
0.00000000000000000000 0.05248980796634063889
0.00000000000000000000 0.05288689791857580091
0.00000000000000000000 0.05297337478194934224
0.00000000000000000000 0.05304678977126484757
0.00000000000000000000 0.05309682598010728727
0.00000000000000000000 0.05390332554113191899
0.00000000000000000000 0.05394992449899585485
0.00000000000000000000 0.05414871698415930912
0.00000000000000000000 0.05469884878253376825
0.00000000000000000000 0.05504678209533853811
0.00000000000000000000 0.05511036885206072738
0.00000000000000000000 0.05522225526068848256
0.00000000000000000000 0.05559334236675022439
0.00000000000000000000 0.05569429811669044522
0.00000000000000000000 0.05575803030380115793
0.00000000000000000000 0.05645236307958935440
0.00000000000000000000 0.05648557688518913988
0.00000000000000000000 0.05661247130308815628
0.00000000000000000000 0.05694807888879434288
0.00000000000000000000 0.05751580666005679660
0.00000000000000000000 0.05766979152835961797
0.00000000000000000000 0.05913189614668593747
0.00000000000000000000 0.05933890867069809005
0.00000000000000000000 0.06014319238215267566
0.00000000000000000000 0.06021698226544887345
0.00000000000000000000 0.06027886728069788841
0.00000000000000000000 0.06075400747652184158
0.00000000000000000000 0.06164340760754436627
0.00000000000000000000 0.06174419830005131032
0.00000000000000000000 0.06176851789680202348
0.00000000000000000000 0.06203984861058669392
0.00000000000000000000 0.06265175575751413817
0.00000000000000000000 0.06312274972820788865
0.00000000000000000000 0.06336672447947098996
0.00000000000000000000 0.06341740013619227845
0.00000000000000000000 0.06360983791078474170
0.00000000000000000000 0.06409382277718829457
0.00000000000000000000 0.06459717605646544958
0.00000000000000000000 0.06509507311698640997
0.00000000000000000000 0.06546823345370299252
0.00000000000000000000 0.06638652907404156422
0.00000000000000000000 0.06734207356161198144
0.00000000000000000000 0.06778166536673312093
0.00000000000000000000 0.06830040887957848639
0.00000000000000000000 0.06979142133642453338
0.00000000000000000000 0.06980208048076140537
0.00000000000000000000 0.07132652846995184148
0.00000000000000000000 0.07232065424985026358
0.00000000000000000000 0.07569591752182747157
0.00000000000000000000 0.07768495389607507629
0.00000000000000000000 0.07890635305712015435
0.00000000000000000000 0.08230138829561917113
0.00000000000000000000 0.08290654039492248439
0.00000000000000000000 0.08318418748377739980
0.00000000000000000000 0.08322999784981884031
0.00000000000000000000 0.08478399934651804914
0.00000000000000000000 0.08547813487118303966
0.00000000000000000000 0.08566122220544351851
0.00000000000000000000 0.08740731118105048159
0.00000000000000000000 0.08796018657452692180
0.00000000000000000000 0.08882462598534354714
0.00000000000000000000 0.09240288340793721689
0.00000000000000000000 0.09270639799622744370
0.00000000000000000000 0.09469068085931056644
0.00000000000000000000 0.09807392258159677856
0.00000000000000000000 0.09941962894718249510
0.00000000000000000000 0.10421951212148895805
0.00000000000000000000 0.13885848178283749510
0.00000000000000000000 0.14396869904574577381
0.00000000000000000000 1.73205080756887719318
