0.02453834470815730723 0.02960297572048975132
0.03055826040687969342 0.03892518304203494012
0.03822001818957031227 0.04085954622448529500
0.03940360735617368104 0.04252983225889155755
0.04170274993125779039 0.04329121715891341010
0.04307613291647931913 0.04584405361566255832
0.03987525182347055608 0.04608854688966840252
0.04529315135244738749 0.04818491338637211074
0.04812613337802707641 0.05026116757336999280
0.05081078230148926289 0.05086871177793129972
0.04688507349433535670 0.05098653032741483349
0.04649916573243258883 0.05110151818725548745
0.04378709687276440693 0.05185548882214310179
0.04478280800096928749 0.05383124817881138752
0.04979117084307992797 0.05460354580021824916
0.05520026412395176441 0.05579076449850976088
0.04372761724462771032 0.05620451674827282862
0.05629295964799154589 0.05633572076730089528
0.05485304386791194781 0.05748390970474769046
0.05547742851733719616 0.05816551205435053357
0.05607507442592852415 0.05845672136758213455
0.04356279968392018365 0.05865091722702418797
0.04553655985092507075 0.05974960807652970191
0.05993336490025412411 0.06059781963333742139
0.05492319306672936718 0.06068566956395773926
0.05430536326549693926 0.06101334640591178637
0.05345211544068666915 0.06179996923460886332
0.06072651652654132565 0.06214414222636328172
0.05093096359958589059 0.06232651229861554260
0.05813476455521060515 0.06259321355713080848
0.05613670164575110949 0.06368694572691564748
0.05432891624076548187 0.06383213189641707974
0.05946221003508614378 0.06386371791191527980
0.05903959345823543703 0.06430873708150389167
0.04694639676176415310 0.06497012797160078845
0.05924358754411068045 0.06559445527578655621
0.05900112121188125919 0.06575451038202061171
0.06322057306041541092 0.06596024925404866956
0.06388821109816347765 0.06619504431638148501
0.06443842190661461244 0.06689628452812836079
0.06309857785406777775 0.06697084070007465473
0.05796260944120485564 0.06697214409276958103
0.05510570810012654225 0.06767989983584556113
0.06346282702942586396 0.06779971949334098746
0.05267349550485461718 0.06789824037495525988
0.06505890265277630702 0.06860886878736599526
0.05448844924541711848 0.06910305601183976132
0.06024510051932395471 0.06947480861768841331
0.06121491861107524607 0.07007363182508365151
0.06618953071702829427 0.07073910096861572849
0.05746076388599302698 0.07136258018187242869
0.06540738541015789220 0.07143946935652881192
0.05534564873884276898 0.07189607680709191040
0.05437191230966714750 0.07212705603038165048
0.06710475627524430109 0.07229596730460853549
0.05787322472212451385 0.07259903106711004805
0.06379155833367039508 0.07260587480045647968
0.05278463257465226821 0.07292290413568898455
0.06724679694146391828 0.07430672533317898842
0.06396999946585604779 0.07626516289803376980
0.06558387259864685570 0.07641128344360272051
0.05574809341871762858 0.07827403683473532769
0.07715714509321905390 0.07879609047097575758
0.07312342664000892611 0.08016746019129632195
0.07872637552852784770 0.08032321464820006696
0.06561100058333102503 0.08036155428581436000
0.07437445357988926864 0.08096483660026315698
0.07097203307310982756 0.08144971954791427327
0.07541471006270426825 0.08251095530895491414
0.07422423227479538199 0.08307942364953199710
0.08256867864456955697 0.08352979433140317322
0.06844061057497592693 0.08409740507119435604
0.07928997221050913813 0.08430963383603599925
0.04977949353225102902 0.08485734500076802522
0.07705920139660581147 0.08660594308409290398
0.07617852751930956345 0.08737576717200988552
0.07807600009750796655 0.08749374601820857078
0.06364229956000641564 0.08791088029705307338
0.05825045854750326296 0.08895184204486693280
0.05969843923027681742 0.08952059162409385651
0.07165762128999866865 0.08994002202500732401
0.07103100255655407647 0.09031004341200557506
0.05572645920092304805 0.09167497244876571250
0.06204095435643317002 0.09193027218811533618
0.07033705851734427250 0.09228268816190930701
0.09264175035824330495 0.09346034874873775100
0.09303123025881676611 0.09358742657249677355
0.08093552959004041147 0.09382354711842638695
0.08521614969339785794 0.09426785564286378760
0.06518686773458226558 0.09483395318371627691
0.09232239624187277283 0.09483950435409016499
0.09082264992117733415 0.09612413617083909179
0.05667983208945358287 0.09674359776136172429
0.08204488070895647744 0.09985018166787681948
0.08093698246447703082 0.10010553180140795149
0.09517876132555624924 0.10067262679702231043
0.10011492830895456219 0.10234384668285873010
0.06711874145308584227 0.10240909951313366399
0.09835298743025994161 0.10477857573795958113
0.07304859486552120473 0.10808773024696981258
0.10681920318388088420 0.10835315026259358107
0.08537024238991935965 0.10851710368415318220
0.07026723193744681406 0.11604291364413674148
0.08497067555220386148 0.12188709437637157418
0.06934989686455132751 0.12218084970189545257
0.09919744547956209357 0.12409513445854221392
0.07672226244577519394 0.12430122397905493670
0.11595612316541850650 0.12530355834118492298
0.09828319384886655130 0.12724784680700887418
0.13134932343988395265 0.13265981245389374399
0.13607552202770872851 0.13682525852952551193
0.14326423394605478090 0.14551245370165188930
0.13587031856551631814 0.14601255065795618049
0.13006725944388186633 0.14730891508201934825
0.14382313815772682086 0.15607161635699881574
0.15376120871148402092 0.16177594119573737719
0.17875821973121414077 0.18576568172793739286
0.08127248226453652469 0.43734964102481155290
