0.00000000000000000000 0.01096040319652058156
0.00000000000000000000 0.01698982048756223287
0.00000000000000000000 0.01777369116086151626
0.00000000000000000000 0.01834914574748381169
0.00000000000000000000 0.01874601566053511054
0.00000000000000000000 0.01884408168187470811
0.00000000000000000000 0.01890973624187308744
0.00000000000000000000 0.02127574530177408357
0.00000000000000000000 0.02337253257252535493
0.00000000000000000000 0.02400013191816507269
0.00000000000000000000 0.02433536425672954209
0.00000000000000000000 0.02618960259327051537
0.00000000000000000000 0.02788949242399762704
0.00000000000000000000 0.02793784413184905932
0.00000000000000000000 0.02960195795336495461
0.00000000000000000000 0.03240387895347233288
0.00000000000000000000 0.03261236741225332497
0.00000000000000000000 0.03348259211801743462
0.00000000000000000000 0.03385117703781702347
0.00000000000000000000 0.03533861184041306447
0.00000000000000000000 0.03578482975118772030
0.00000000000000000000 0.03663161351799878312
0.00000000000000000000 0.03681733708891266749
0.00000000000000000000 0.03774299464673266241
0.00000000000000000000 0.03828751803797129233
0.00000000000000000000 0.03871089729182398964
0.00000000000000000000 0.03883535803179209711
0.00000000000000000000 0.03901691528466660897
0.00000000000000000000 0.03927236863435613901
0.00000000000000000000 0.03932712646472779489
0.00000000000000000000 0.04034362222315573260
0.00000000000000000000 0.04051234080115811986
0.00000000000000000000 0.04147267157926384784
0.00000000000000000000 0.04188978021449470124
0.00000000000000000000 0.04196771544173254209
0.00000000000000000000 0.04294169605285769187
0.00000000000000000000 0.04442111350733094627
0.00000000000000000000 0.04452728992646717843
0.00000000000000000000 0.04569843609222137837
0.00000000000000000000 0.04614631722014533866
0.00000000000000000000 0.04618101262844091781
0.00000000000000000000 0.04645575700792742291
0.00000000000000000000 0.04650070621106818652
0.00000000000000000000 0.04662182010474993921
0.00000000000000000000 0.04675450244910230035
0.00000000000000000000 0.04776021765485125026
0.00000000000000000000 0.04836480579812550695
0.00000000000000000000 0.04847714957405409308
0.00000000000000000000 0.04877182984151583189
0.00000000000000000000 0.04888663137263112718
0.00000000000000000000 0.04894790308843755683
0.00000000000000000000 0.04904523335200069306
0.00000000000000000000 0.04947432174632243607
0.00000000000000000000 0.04982512167838334949
0.00000000000000000000 0.04983742453224965230
0.00000000000000000000 0.05006149800346645223
0.00000000000000000000 0.05015085087483615173
0.00000000000000000000 0.05019483917751500074
0.00000000000000000000 0.05028431006159476274
0.00000000000000000000 0.05072080110366432304
0.00000000000000000000 0.05083552920846756695
0.00000000000000000000 0.05101998831171421916
0.00000000000000000000 0.05127847681561142901
0.00000000000000000000 0.05137304129826499727
0.00000000000000000000 0.05167661733986963352
0.00000000000000000000 0.05203964898930060756
0.00000000000000000000 0.05275039208626604303
0.00000000000000000000 0.05278440743089625464
0.00000000000000000000 0.05281877199454755589
0.00000000000000000000 0.05282752937891539019
0.00000000000000000000 0.05335476557490218680
0.00000000000000000000 0.05381699717055159898
0.00000000000000000000 0.05461237950383367179
0.00000000000000000000 0.05475686669383298538
0.00000000000000000000 0.05546215501906293782
0.00000000000000000000 0.05558170509419218391
0.00000000000000000000 0.05579647809713934870
0.00000000000000000000 0.05603788130215460461
0.00000000000000000000 0.05618865959609621596
0.00000000000000000000 0.05626448599743229945
0.00000000000000000000 0.05666045952616020898
0.00000000000000000000 0.05666389699986806167
0.00000000000000000000 0.05720988858796895171
0.00000000000000000000 0.05722435875609427347
0.00000000000000000000 0.05831541469076580164
0.00000000000000000000 0.05837154726531740973
0.00000000000000000000 0.05844662787128877129
0.00000000000000000000 0.05850162362437685837
0.00000000000000000000 0.05864283885902277921
0.00000000000000000000 0.05933692231833680858
0.00000000000000000000 0.05937469907619978560
0.00000000000000000000 0.05944888945715326445
0.00000000000000000000 0.05972841487196296067
0.00000000000000000000 0.05994638404782250130
0.00000000000000000000 0.06001835756291503537
0.00000000000000000000 0.06005015562953133074
0.00000000000000000000 0.06007188169575288644
0.00000000000000000000 0.06007853283434505531
0.00000000000000000000 0.06008133490380321295
0.00000000000000000000 0.06039772704601699405
0.00000000000000000000 0.06043994812538634048
0.00000000000000000000 0.06067915291186936483
0.00000000000000000000 0.06078315608296473022
0.00000000000000000000 0.06079589558197302096
0.00000000000000000000 0.06162126758317797853
0.00000000000000000000 0.06191368488275401233
0.00000000000000000000 0.06223416962838944355
0.00000000000000000000 0.06287990760960393555
0.00000000000000000000 0.06321987080762316025
0.00000000000000000000 0.06360100408667868077
0.00000000000000000000 0.06375914065361432126
0.00000000000000000000 0.06468854854429138823
0.00000000000000000000 0.06469435639233764301
0.00000000000000000000 0.06546726641799296975
0.00000000000000000000 0.06616562521147310860
0.00000000000000000000 0.06619871329743404198
0.00000000000000000000 0.06640280300709053285
0.00000000000000000000 0.06649665280908800824
0.00000000000000000000 0.06656312466855300591
0.00000000000000000000 0.06673227132117300064
0.00000000000000000000 0.06687872406533880432
0.00000000000000000000 0.06730379894315607903
0.00000000000000000000 0.06741857154933986185
0.00000000000000000000 0.06757124982685168424
0.00000000000000000000 0.06761325009131867458
0.00000000000000000000 0.06763707558769962991
0.00000000000000000000 0.06887688650724622941
0.00000000000000000000 0.06997877216802947387
0.00000000000000000000 0.07010202731101844442
0.00000000000000000000 0.07019848783491960953
0.00000000000000000000 0.07022146554616563729
0.00000000000000000000 0.07023748194615384022
0.00000000000000000000 0.07030456284697640668
0.00000000000000000000 0.07048118540501728535
0.00000000000000000000 0.07071290726877085819
0.00000000000000000000 0.07071312916454397524
0.00000000000000000000 0.07080786439048522563
0.00000000000000000000 0.07099835703338901183
0.00000000000000000000 0.07105967287460605852
0.00000000000000000000 0.07113430721384529642
0.00000000000000000000 0.07123761101927608697
0.00000000000000000000 0.07129454216951972012
0.00000000000000000000 0.07132975241641710540
0.00000000000000000000 0.07220405462208277780
0.00000000000000000000 0.07232648474664697680
0.00000000000000000000 0.07239634037213839302
0.00000000000000000000 0.07241225080776708678
0.00000000000000000000 0.07294984638800482146
0.00000000000000000000 0.07329782891542727108
0.00000000000000000000 0.07343100523057323470
0.00000000000000000000 0.07358330380070290944
0.00000000000000000000 0.07358334694962442857
0.00000000000000000000 0.07414596396350701946
0.00000000000000000000 0.07415914975198677206
0.00000000000000000000 0.07429744428023692115
0.00000000000000000000 0.07512010101524653483
0.00000000000000000000 0.07520961439065108889
0.00000000000000000000 0.07548473763387300584
0.00000000000000000000 0.07566697849554961108
0.00000000000000000000 0.07584897537013587931
0.00000000000000000000 0.07604547737929294449
0.00000000000000000000 0.07614415744244702744
0.00000000000000000000 0.07649260445996336477
0.00000000000000000000 0.07649632357666165394
0.00000000000000000000 0.07658315360947914874
0.00000000000000000000 0.07662280953709761644
0.00000000000000000000 0.07685753378076284892
0.00000000000000000000 0.07699658288767655123
0.00000000000000000000 0.07731492956354067692
0.00000000000000000000 0.07731693740880751786
0.00000000000000000000 0.07738211428080010723
0.00000000000000000000 0.07760245161546300285
0.00000000000000000000 0.07762339819977422117
0.00000000000000000000 0.07769141114467621734
0.00000000000000000000 0.07773517410572480801
0.00000000000000000000 0.07779596099259247777
0.00000000000000000000 0.07789303975243756784
0.00000000000000000000 0.07810598563193073274
0.00000000000000000000 0.07822527453823072130
0.00000000000000000000 0.07830452616931686538
0.00000000000000000000 0.07849758085565892995
0.00000000000000000000 0.07871994159034172156
0.00000000000000000000 0.07906949297004237098
0.00000000000000000000 0.07920956058982235592
0.00000000000000000000 0.07971723252540569016
0.00000000000000000000 0.08008171114254142298
0.00000000000000000000 0.08014531981467756805
0.00000000000000000000 0.08024308212123119899
0.00000000000000000000 0.08036701510058164022
0.00000000000000000000 0.08037063002768324305
0.00000000000000000000 0.08046145098205009782
0.00000000000000000000 0.08051811329803475192
0.00000000000000000000 0.08068144796836745902
0.00000000000000000000 0.08111360599496096613
0.00000000000000000000 0.08118417604154515299
0.00000000000000000000 0.08166257040377027099
0.00000000000000000000 0.08183247282621886054
0.00000000000000000000 0.08218159900374875926
0.00000000000000000000 0.08243831664864464948
0.00000000000000000000 0.08251588945595877966
0.00000000000000000000 0.08257326865536666893
0.00000000000000000000 0.08278015144400199810
0.00000000000000000000 0.08278563432780025599
0.00000000000000000000 0.08312083246905101197
0.00000000000000000000 0.08321312015200209300
0.00000000000000000000 0.08322112128263402242
0.00000000000000000000 0.08369718678503448861
0.00000000000000000000 0.08370245336673873271
0.00000000000000000000 0.08375011526699398245
0.00000000000000000000 0.08421957126197988919
0.00000000000000000000 0.08427304082648427730
0.00000000000000000000 0.08431907233729328544
0.00000000000000000000 0.08436434556998061163
0.00000000000000000000 0.08441849669640955067
0.00000000000000000000 0.08444227737168667758
0.00000000000000000000 0.08446916123155709388
0.00000000000000000000 0.08451234038814120497
0.00000000000000000000 0.08499324408808613118
0.00000000000000000000 0.08542367329189021197
0.00000000000000000000 0.08551052528344516013
0.00000000000000000000 0.08569819129172859262
0.00000000000000000000 0.08583821656400175693
0.00000000000000000000 0.08606855316181682980
0.00000000000000000000 0.08620461456573196013
0.00000000000000000000 0.08653282909208931395
0.00000000000000000000 0.08669255591291211149
0.00000000000000000000 0.08676044919154714263
0.00000000000000000000 0.08676118359858026041
0.00000000000000000000 0.08710308505942115920
0.00000000000000000000 0.08710530352193819603
0.00000000000000000000 0.08753266139166217263
0.00000000000000000000 0.08781713157579891516
0.00000000000000000000 0.08786603425224606689
0.00000000000000000000 0.08788920551769802136
0.00000000000000000000 0.08815068776946180518
0.00000000000000000000 0.08849010948088745221
0.00000000000000000000 0.08857104659051205642
0.00000000000000000000 0.08860738128909655120
0.00000000000000000000 0.08878492119220789125
0.00000000000000000000 0.08911422178561721752
0.00000000000000000000 0.08917904998128391159
0.00000000000000000000 0.08932715041530119027
0.00000000000000000000 0.08936981984968855874
0.00000000000000000000 0.08940793045480974199
0.00000000000000000000 0.08983743164434519757
0.00000000000000000000 0.09014553733757689480
0.00000000000000000000 0.09016389185747619717
0.00000000000000000000 0.09023232321094504238
0.00000000000000000000 0.09023421190998293095
0.00000000000000000000 0.09036432909460320739
0.00000000000000000000 0.09077965468001671090
0.00000000000000000000 0.09080090499691487183
0.00000000000000000000 0.09089295118175777510
0.00000000000000000000 0.09089862183628664993
0.00000000000000000000 0.09093361950312495168
0.00000000000000000000 0.09113926122784990480
0.00000000000000000000 0.09155969248271124405
0.00000000000000000000 0.09166921112801651450
0.00000000000000000000 0.09189678485189234358
0.00000000000000000000 0.09197822340460450052
0.00000000000000000000 0.09213541413348134979
0.00000000000000000000 0.09218326295765023881
0.00000000000000000000 0.09220513526000063964
0.00000000000000000000 0.09224185814371203829
0.00000000000000000000 0.09257105512963059724
0.00000000000000000000 0.09267295305462913690
0.00000000000000000000 0.09269732218809573210
0.00000000000000000000 0.09271465504349414577
0.00000000000000000000 0.09290653008116687983
0.00000000000000000000 0.09292201982814957129
0.00000000000000000000 0.09295153264696458251
0.00000000000000000000 0.09305026973218727404
0.00000000000000000000 0.09315527939868796514
0.00000000000000000000 0.09341017166160180130
0.00000000000000000000 0.09358407699409353186
0.00000000000000000000 0.09368348308494377219
0.00000000000000000000 0.09398526407088682311
0.00000000000000000000 0.09456990535817086374
0.00000000000000000000 0.09459882593845558851
0.00000000000000000000 0.09465641852062488260
0.00000000000000000000 0.09484385163866107527
0.00000000000000000000 0.09492671732761133463
0.00000000000000000000 0.09515584981013837373
0.00000000000000000000 0.09521198493125629381
0.00000000000000000000 0.09531603971655933094
0.00000000000000000000 0.09554816986734704365
0.00000000000000000000 0.09565699151701645420
0.00000000000000000000 0.09572907761316964970
0.00000000000000000000 0.09576821714075268999
0.00000000000000000000 0.09584179328617420390
0.00000000000000000000 0.09595897781782715408
0.00000000000000000000 0.09610908679536581123
0.00000000000000000000 0.09639191982135415782
0.00000000000000000000 0.09652427945523694985
0.00000000000000000000 0.09653342067878357968
0.00000000000000000000 0.09663904679925426622
0.00000000000000000000 0.09667801333363715277
0.00000000000000000000 0.09679077319408406488
0.00000000000000000000 0.09709798302466284003
0.00000000000000000000 0.09711403264636649102
0.00000000000000000000 0.09717404957633581086
0.00000000000000000000 0.09751220616712846789
0.00000000000000000000 0.09760572728956269650
0.00000000000000000000 0.09768013555807059101
0.00000000000000000000 0.09798736685122842738
0.00000000000000000000 0.09803162094794627690
0.00000000000000000000 0.09814247342021945042
0.00000000000000000000 0.09829160827969125880
0.00000000000000000000 0.09845375854265114857
0.00000000000000000000 0.09892033434502611744
0.00000000000000000000 0.09892119008031749483
0.00000000000000000000 0.09897983328719642260
0.00000000000000000000 0.09973402595488400912
0.00000000000000000000 0.09985605789246207453
0.00000000000000000000 0.09987750455477195644
0.00000000000000000000 0.09999747702160428908
0.00000000000000000000 0.10005089135927537625
0.00000000000000000000 0.10023634065152897676
0.00000000000000000000 0.10026631787004607055
0.00000000000000000000 0.10027226412097620112
0.00000000000000000000 0.10061230217088704131
0.00000000000000000000 0.10112435850614225064
0.00000000000000000000 0.10136782560044872714
0.00000000000000000000 0.10146098455619192991
0.00000000000000000000 0.10194660732023265448
0.00000000000000000000 0.10209130741471515724
0.00000000000000000000 0.10229601478167243966
0.00000000000000000000 0.10241866796972681763
0.00000000000000000000 0.10259567597115490378
0.00000000000000000000 0.10279166325465138865
0.00000000000000000000 0.10301917202834288967
0.00000000000000000000 0.10328309497612594980
0.00000000000000000000 0.10360756105397320170
0.00000000000000000000 0.10361839663038607817
0.00000000000000000000 0.10364003350074249554
0.00000000000000000000 0.10365645414380222911
0.00000000000000000000 0.10369060547277517137
0.00000000000000000000 0.10398609176767990847
0.00000000000000000000 0.10414118060043113523
0.00000000000000000000 0.10419127480412194997
0.00000000000000000000 0.10423532991657742663
0.00000000000000000000 0.10427458663590777332
0.00000000000000000000 0.10441658048582505569
0.00000000000000000000 0.10446153721090714606
0.00000000000000000000 0.10452727632857647388
0.00000000000000000000 0.10454955092140549855
0.00000000000000000000 0.10469983799326737506
0.00000000000000000000 0.10471648858650624281
0.00000000000000000000 0.10471912585321879741
0.00000000000000000000 0.10472858370622790958
0.00000000000000000000 0.10488485063525139485
0.00000000000000000000 0.10502060999229255456
0.00000000000000000000 0.10574262506078833945
0.00000000000000000000 0.10579319985667495763
0.00000000000000000000 0.10586566565822133623
0.00000000000000000000 0.10604030889483000155
0.00000000000000000000 0.10627358124917213322
0.00000000000000000000 0.10627693065642250525
0.00000000000000000000 0.10648631587593733461
0.00000000000000000000 0.10662014896300957278
0.00000000000000000000 0.10665013680633471382
0.00000000000000000000 0.10676946479628494913
0.00000000000000000000 0.10685968797285633203
0.00000000000000000000 0.10688095532415888000
0.00000000000000000000 0.10688213431115349550
0.00000000000000000000 0.10696099327109154231
0.00000000000000000000 0.10718298051742480848
0.00000000000000000000 0.10722552189429897240
0.00000000000000000000 0.10744065262302743280
0.00000000000000000000 0.10754396173548537441
0.00000000000000000000 0.10776005825452554532
0.00000000000000000000 0.10805361914283848068
0.00000000000000000000 0.10817484693469063550
0.00000000000000000000 0.10832205805075384442
0.00000000000000000000 0.10836007117474109884
0.00000000000000000000 0.10836213289442241103
0.00000000000000000000 0.10839569914270621998
0.00000000000000000000 0.10847502776970738281
0.00000000000000000000 0.10855456882365127624
0.00000000000000000000 0.10861221575745572121
0.00000000000000000000 0.10864481744874147917
0.00000000000000000000 0.10865778024994265927
0.00000000000000000000 0.10870107963094377546
0.00000000000000000000 0.10887271983060849145
0.00000000000000000000 0.10926476022971717827
0.00000000000000000000 0.10930818574589155900
0.00000000000000000000 0.10938568621506641887
0.00000000000000000000 0.10962271016420367664
0.00000000000000000000 0.10963482946338742874
0.00000000000000000000 0.10992163813351397972
0.00000000000000000000 0.11022400794367913368
0.00000000000000000000 0.11036575285064231799
0.00000000000000000000 0.11045872203521152344
0.00000000000000000000 0.11159881174114935631
0.00000000000000000000 0.11167954192202773911
0.00000000000000000000 0.11192664519633253872
0.00000000000000000000 0.11203720958161303423
0.00000000000000000000 0.11239574028752469248
0.00000000000000000000 0.11244817278019791917
0.00000000000000000000 0.11262724184804083494
0.00000000000000000000 0.11273790816412437854
0.00000000000000000000 0.11283178683758779415
0.00000000000000000000 0.11296087292541075187
0.00000000000000000000 0.11299486923408731676
0.00000000000000000000 0.11397590344192823353
0.00000000000000000000 0.11410811420585677267
0.00000000000000000000 0.11421969987816561753
0.00000000000000000000 0.11438170860909255278
0.00000000000000000000 0.11440482743584323710
0.00000000000000000000 0.11443015218162819191
0.00000000000000000000 0.11465484833744778170
0.00000000000000000000 0.11469119132766354696
0.00000000000000000000 0.11483282618388321317
0.00000000000000000000 0.11485916498414303066
0.00000000000000000000 0.11527781146856473649
0.00000000000000000000 0.11544397005365350517
0.00000000000000000000 0.11581238876509362956
0.00000000000000000000 0.11618903476108272121
0.00000000000000000000 0.11620610767441276467
0.00000000000000000000 0.11623813290421550204
0.00000000000000000000 0.11625138193808964848
0.00000000000000000000 0.11631699008674939444
0.00000000000000000000 0.11636980286872627977
0.00000000000000000000 0.11672377830869565263
0.00000000000000000000 0.11707126465266047555
0.00000000000000000000 0.11713560739430750601
0.00000000000000000000 0.11733695489125489653
0.00000000000000000000 0.11734136153294635885
0.00000000000000000000 0.11751737459240532702
0.00000000000000000000 0.11804246393436333695
0.00000000000000000000 0.11835856938893583867
0.00000000000000000000 0.11835898792027663151
0.00000000000000000000 0.11850137615411608649
0.00000000000000000000 0.11882447711865286311
0.00000000000000000000 0.11882827548233818038
0.00000000000000000000 0.11895801212259572710
0.00000000000000000000 0.11925936802281350557
0.00000000000000000000 0.11928056980962424560
0.00000000000000000000 0.11945641715748969713
0.00000000000000000000 0.11956282627502486104
0.00000000000000000000 0.11971710720539210926
0.00000000000000000000 0.12032657747897798628
0.00000000000000000000 0.12038787362798479552
0.00000000000000000000 0.12059414900536508108
0.00000000000000000000 0.12080215058282667284
0.00000000000000000000 0.12110283198297089324
0.00000000000000000000 0.12114664325393215139
0.00000000000000000000 0.12269189084184969896
0.00000000000000000000 0.12276408125031300356
0.00000000000000000000 0.12294096639221686884
0.00000000000000000000 0.12323974624024280899
0.00000000000000000000 0.12331553339677689407
0.00000000000000000000 0.12350334180040602183
0.00000000000000000000 0.12366816078688780411
0.00000000000000000000 0.12545835501377883281
0.00000000000000000000 0.12580104616848211685
0.00000000000000000000 0.12697374239170089449
0.00000000000000000000 0.12752843332921551256
0.00000000000000000000 0.12828405048053079240
0.00000000000000000000 0.12867463681885638049
0.00000000000000000000 0.12872431076202905942
0.00000000000000000000 0.12960185128179274594
0.00000000000000000000 0.13066256572764561872
0.00000000000000000000 0.13081775909964751814
0.00000000000000000000 0.13126098087766546740
0.00000000000000000000 0.13134314544742961561
0.00000000000000000000 0.13219807826824306329
0.00000000000000000000 0.13220625707038685670
0.00000000000000000000 0.13235925468517006909
0.00000000000000000000 0.13265502895303610265
0.00000000000000000000 0.13315707610837074215
0.00000000000000000000 0.13583437262887496089
0.00000000000000000000 0.13628326946695398791
0.00000000000000000000 0.13786697131104236336
0.00000000000000000000 0.13902142082499835407
0.00000000000000000000 0.13921658654225674279
0.00000000000000000000 0.13927367816763705499
0.00000000000000000000 0.13994788265769841917
0.00000000000000000000 0.14418724293840093353
0.00000000000000000000 0.14424942271300650320
0.00000000000000000000 0.14618559355829724433
0.00000000000000000000 0.14772332907018626003
0.00000000000000000000 0.14859893017276065708
0.00000000000000000000 0.14868975521140306850
0.00000000000000000000 0.14970811519226573383
0.00000000000000000000 0.14975253616381797861
0.00000000000000000000 0.15176552399322862374
0.00000000000000000000 0.15423400970269285359
0.00000000000000000000 0.15640436525477857677
0.00000000000000000000 0.15782474934150719781
0.00000000000000000000 0.15833895177394635700
0.00000000000000000000 0.15835930166136460984
0.00000000000000000000 0.16336685686772911552
0.00000000000000000000 0.17022267841908525488
0.00000000000000000000 0.17129171895972813977
0.00000000000000000000 0.18914222560948076857
0.00000000000000000000 0.19105434674435067821
0.00000000000000000000 0.20364562316494705385
0.00000000000000000000 0.21908473320319318822
0.00000000000000000000 1.73205080756887719318
