0.07008763063983099173 0.07777685880435246391
0.09388359131035156624 0.09774625296503702820
0.09658049335034010752 0.10576535393888664149
0.10473640084169572040 0.10641248450407816972
0.09967807857148552886 0.10981777932208768023
0.10449287223507540412 0.11111843408051327864
0.10647546966284211767 0.11236325206528208209
0.09952230253419534767 0.11394798698189606556
0.10784528759156720989 0.11431092945322514354
0.10989127345624165322 0.11579407185444041961
0.10733725163339045972 0.11656784207125044095
0.11534743089687307660 0.11662616707953980810
0.11216837578550242771 0.11702747493400493528
0.09616664178098191518 0.11805325457253802723
0.10419420986163402398 0.11860451664827603713
0.12174548546664233639 0.12315576923643090090
0.11614032895925062439 0.12486828440830685660
0.11350781088246275630 0.12551214032815272148
0.11774175494111449591 0.12768345434379113623
0.11435173705887530238 0.12871863060014593350
0.12596018968878078259 0.12897886950394571448
0.12878033228681559641 0.12904755823952851479
0.12469038410594766864 0.12914854335581391065
0.11346414918221102430 0.12916410874451472734
0.10269057549010737751 0.12944154387979819876
0.12934839544206414019 0.13061281292624615791
0.12455251102452312428 0.13273524407907130729
0.11601266224453701814 0.13310542175970416223
0.11831899957624163189 0.13331598356611951139
0.13335739326432752283 0.13336557344350505327
0.13233516270150430527 0.13351851568630904166
0.12418965247398570939 0.13612324925901328476
0.13437734276571605685 0.13769331388586936171
0.13485542194307337249 0.13813934188255844182
0.12865920676214201435 0.14107904559374070952
0.13865908009722049954 0.14137434140957147455
0.11594597178645647817 0.14164266918460807765
0.12508416741128977612 0.14205397762557017693
0.14019561735523308754 0.14297340014865242419
0.13979293853597873909 0.14319565850735066492
0.11210831974668296340 0.14391234847943837338
0.13311778889938435944 0.14393893590341522160
0.14303626745966502298 0.14412453231510005680
0.11445339202506857323 0.14424699506874466559
0.13855949503836037517 0.14461277410011311173
0.14484634952467692615 0.14495997076174635398
0.13926498583096635908 0.14521502270749045427
0.11350036378882553956 0.14524087122559059537
0.14225696937486739801 0.14642585049456033341
0.13607058947185637909 0.14686412092971068422
0.11683296305661733383 0.14714675352901487870
0.13400643002833600992 0.14716752142098693534
0.10598741280250788266 0.14761859192307966171
0.12373589238909116217 0.14868646901916462988
0.13494456872942575676 0.14900895689159859847
0.13077510540852863019 0.14923517214550535703
0.14659246229320962995 0.14924334658404769804
0.13311584168144927065 0.15057221853266161693
0.15007826988965272674 0.15184967463674831079
0.14748521712641840531 0.15254627089313216315
0.14526678620991739788 0.15257604035982424984
0.13709258712634131427 0.15339229938571249945
0.14355991436306189679 0.15344862609113979479
0.14778556286712402068 0.15402559740377574915
0.15189678250384208713 0.15477495655264622565
0.12805669600110466955 0.15487037296410757770
0.13731072665920454612 0.15555428425540812620
0.11495745501986709414 0.15569249114557942582
0.14913653745418903318 0.15578871807427796536
0.12786173294079491991 0.15600032732667171165
0.15031234671407289749 0.15606740625228385233
0.15221466109481510132 0.15638161827589555641
0.13850988902443234219 0.15673344322839388720
0.15592770573782901988 0.15685503550109514137
0.14543918087646384718 0.15792814082496889339
0.12554129342125994184 0.15798192077359485275
0.15377773472813641154 0.15845814921659287511
0.15350080064100288246 0.15852927641840899864
0.13751924787247307713 0.15855866483523420318
0.14792707364797996750 0.15930920145640881103
0.15182169681532753369 0.15942511535806591638
0.15511022951644529155 0.15953893030736707170
0.13017971040370149294 0.15974654215284467274
0.15441278177479014766 0.16050794464832010555
0.14396880697537506322 0.16088172233877279238
0.12678709824910175397 0.16135700619750273366
0.13259360411540940805 0.16139736220100214803
0.14563000478159640605 0.16194021874519989868
0.11593720017153207047 0.16199340916950308311
0.16088777701073758708 0.16202725041024740316
0.14632177688376482583 0.16202725041024740316
0.15810245340153961102 0.16221150925297006529
0.15531675831354119222 0.16248466923502807857
0.13405644345772746440 0.16256223314218481990
0.13671400586820767198 0.16273469692403502718
0.11885901603498287560 0.16313485631966845313
0.15142516436277111969 0.16353433722437052400
0.15369109839420103114 0.16398229295837632447
0.16159613539608974619 0.16435879148698487318
0.11390315689147793854 0.16449757259178002244
0.16442147073358090448 0.16512464919399633123
0.15705284451592801953 0.16518690692115950425
0.13357916028139149578 0.16530519487468675610
0.14805813822287042236 0.16588966328951151863
0.15176126425423314137 0.16612063062960163995
0.14933772719851962085 0.16619245017428821432
0.16633918254967600125 0.16665115901964877576
0.14377933554590024978 0.16679931642113135504
0.15864771243617398211 0.16697465560456647982
0.13883368709818275089 0.16721386380544817074
0.15657707731747760871 0.16776723649097197155
0.16730096115170392523 0.16899062388119431843
0.14508029460912666431 0.16936330641682817433
0.16103663571643767050 0.16950110202724058550
0.15259712824950941168 0.16961464465547265723
0.15995871206909875739 0.17014925686028656293
0.15236777876174850688 0.17025603495780775032
0.14471211195385377812 0.17034957454918681075
0.14335677078189348888 0.17062762824704238995
0.12825434884555850235 0.17082474482757367684
0.16664783333176919067 0.17130952369167676275
0.16641615661946371207 0.17221091997427656617
0.11975326722617535280 0.17254730001549736795
0.14313468693575440160 0.17272290845821769434
0.15236117611911281777 0.17351251083394284014
0.16756339168685543961 0.17377546377535774136
0.14581849135095165115 0.17422429179986012593
0.14690343968023755750 0.17514114547072731631
0.12453330202299667251 0.17571030022015757255
0.13567965856462080310 0.17632290322920771142
0.15678844083401158316 0.17644401667236050968
0.12074557217421746924 0.17672334735667924455
0.13997554834357162079 0.17680652106081065633
0.17113580103074524374 0.17706589977959924509
0.15623352968227927073 0.17715816313066679033
0.13023952241151731668 0.17721770978584300282
0.16524300251911841486 0.17756668826601176847
0.17545166941352904888 0.17774330144331393355
0.14113435277195138240 0.17779217618271739298
0.17536886395871092992 0.17785145132565188808
0.13672214406179500346 0.17798518231664961498
0.16818249220474226768 0.17822595701328128315
0.16990699276231249759 0.17859341230186714933
0.16438523322578521557 0.17891151105955879763
0.15043447779506247119 0.17891278925683806733
0.15696670475333326933 0.17892690441652217559
0.16900851028571198253 0.17955668805263136356
0.14699706639565807142 0.18012535121604256183
0.17785317439700540354 0.18222958023946217443
0.15476742912594571022 0.18237924844996047935
0.11370429824656211326 0.18251330997439432768
0.16236569266902298181 0.18282975009167276581
0.14357632913455886658 0.18322636916039813926
0.15663417382840952308 0.18345101825246187821
0.12965215988036141170 0.18468357954468728188
0.17168042198653801766 0.18497159056823259116
0.14430305307366009249 0.18499903156999022991
0.14935463781139071693 0.18503782728386405920
0.15147617131542970292 0.18533728415002204137
0.16926977884396074425 0.18586536952222593166
0.16569152559847960537 0.18658247675228811779
0.16761323203165423568 0.18679882439019873663
0.13820776166489107117 0.18694034956289296012
0.14113575320569843319 0.18698668080100797062
0.13668191748766417293 0.18707279854855801693
0.17126599883831897242 0.18740856925823282109
0.17510173274383555864 0.19068927049760045489
0.14819881784050745188 0.19123025459256129399
0.18510917684168318176 0.19271019450865559119
0.14498006987412206947 0.19290531187580647887
0.19190484211645075785 0.19311831950919602918
0.16729212957387409877 0.19553416575657667220
0.18738691974018695241 0.19561688939413929278
0.19265592702536943337 0.19684918859504185740
0.14180380722755703271 0.19735091321095327155
0.17844380873317669534 0.19767596005658238933
0.18286026273034877709 0.19806366191699548152
0.16479694440901768160 0.19917642011264860558
0.13599867379891242281 0.19930148174111161907
0.16670902242937463145 0.20001643648012082388
0.18435637620084188715 0.20179637053527071933
0.14135722607582001942 0.20190853710837294854
0.12921803233406681244 0.20384708486470795585
0.15776829472543921207 0.20421596110160844528
0.16061208037896437806 0.20441075314482234915
0.20277082659071379855 0.20454218734547061076
0.16080233021492762457 0.20492425142410866656
0.17438351779380542594 0.20521481738305111242
0.16719013891688627726 0.20527315042396010458
0.19884716268734539679 0.20668666073173908027
0.16739398181861137038 0.20691599465023802207
0.19245060322976631495 0.20885411958403798938
0.20293634951365038810 0.20952584854438771611
0.20718447095294686977 0.20989934289154563163
0.13385401152597078966 0.21101029071883933841
0.19940795213095077743 0.21210197802981303750
0.19781097246398110512 0.21260774906370230597
0.20909093912067561183 0.21261057371948002825
0.17310240849088717741 0.21292569665535227008
0.15125141269256564547 0.21571578281075293182
0.16246249594918948933 0.21682925197905059123
0.13279000966459103550 0.21806554328149971300
0.20723113306130661049 0.21827242394630572142
0.17487493860523187217 0.21864715701615200505
0.16838338329528124149 0.21954003511290554052
0.21847533537639834966 0.21977941171835280176
0.13860984973287557298 0.21981057632530812129
0.19793916179658488375 0.22007239477264545213
0.19512142706963797600 0.22009924477368508766
0.16740807956600536888 0.22009924477368508766
0.19106273321307415403 0.22217979334442686246
0.15701165702182001693 0.22346631546977802074
0.16539272470588936570 0.22613153277956699050
0.12122239080329016980 0.22677792644362129715
0.12187072519524884406 0.22733163109070450569
0.20835776214873683032 0.22778772704159561124
0.15200650237779586571 0.23290009159968363961
0.14573185105828431740 0.23408156949121913804
0.14704444494419882661 0.23701609973000747900
0.20141744678651671285 0.23916149740095540843
0.12962845201911646353 0.24109674990628773839
0.19957948160581015506 0.24157208765663593097
0.21405310412090694516 0.24664381446798780417
0.11298830824513753091 0.24971034432281749571
0.23576332261949778379 0.26073639800372627739
0.26636850035188269770 0.28647217288182269535
0.27385164537082418157 0.30577510469242147328
