0.00000000000000000000 0.01498189637077176027
0.00000000000000000000 0.01684607404717392010
0.00000000000000000000 0.01900297465177965342
0.00000000000000000000 0.02061325716954586287
0.00000000000000000000 0.02097700101946810627
0.00000000000000000000 0.02196901280521696212
0.00000000000000000000 0.02551913603513868492
0.00000000000000000000 0.02772597710422581435
0.00000000000000000000 0.02816623606182640238
0.00000000000000000000 0.03068238548348036637
0.00000000000000000000 0.03085508434705316536
0.00000000000000000000 0.03247405085391717044
0.00000000000000000000 0.03420131541313274626
0.00000000000000000000 0.03421538699758262803
0.00000000000000000000 0.03449664569932165553
0.00000000000000000000 0.03536197141225663754
0.00000000000000000000 0.03537867182740709465
0.00000000000000000000 0.03545511391072438817
0.00000000000000000000 0.03634637289660931636
0.00000000000000000000 0.03643428606716586637
0.00000000000000000000 0.03692861090558990228
0.00000000000000000000 0.03752153492576175420
0.00000000000000000000 0.03755727834197965936
0.00000000000000000000 0.03767081991119459322
0.00000000000000000000 0.03782805548320173489
0.00000000000000000000 0.03788825629576729470
0.00000000000000000000 0.03935187966381697988
0.00000000000000000000 0.03987033711765923527
0.00000000000000000000 0.03999111131950103953
0.00000000000000000000 0.04040241578688481133
0.00000000000000000000 0.04084468934540012169
0.00000000000000000000 0.04126491211977935392
0.00000000000000000000 0.04191921029138023086
0.00000000000000000000 0.04214959172428003192
0.00000000000000000000 0.04239304823796684329
0.00000000000000000000 0.04350718224027450010
0.00000000000000000000 0.04362262536902500321
0.00000000000000000000 0.04389324759249264851
0.00000000000000000000 0.04491864134766698768
0.00000000000000000000 0.04501777525996345647
0.00000000000000000000 0.04553420729975098807
0.00000000000000000000 0.04595788112869159114
0.00000000000000000000 0.04641054729507774340
0.00000000000000000000 0.04646859732428609835
0.00000000000000000000 0.04681859585148120256
0.00000000000000000000 0.04777705704430522393
0.00000000000000000000 0.04787526256055170404
0.00000000000000000000 0.04787613829321294562
0.00000000000000000000 0.04796199582072434298
0.00000000000000000000 0.04826417081698869405
0.00000000000000000000 0.04826722793338744655
0.00000000000000000000 0.04859249188035474204
0.00000000000000000000 0.04862482536161368690
0.00000000000000000000 0.04878991675303506054
0.00000000000000000000 0.04895015039694429471
0.00000000000000000000 0.04974602600720758744
0.00000000000000000000 0.04985158292492600923
0.00000000000000000000 0.05029391292408692815
0.00000000000000000000 0.05035289069198518874
0.00000000000000000000 0.05118209123548050216
0.00000000000000000000 0.05126233122985748847
0.00000000000000000000 0.05150224689944346568
0.00000000000000000000 0.05155370532254091587
0.00000000000000000000 0.05171027393408617057
0.00000000000000000000 0.05228871980618298582
0.00000000000000000000 0.05233623529321392714
0.00000000000000000000 0.05258919787446655891
0.00000000000000000000 0.05259714367912241700
0.00000000000000000000 0.05300507918057017348
0.00000000000000000000 0.05339094755060589531
0.00000000000000000000 0.05362902711527554878
0.00000000000000000000 0.05380689529717806729
0.00000000000000000000 0.05399445696351479196
0.00000000000000000000 0.05400659232770450152
0.00000000000000000000 0.05407664358497825396
0.00000000000000000000 0.05481918114816269894
0.00000000000000000000 0.05489122480060821402
0.00000000000000000000 0.05499143677734599778
0.00000000000000000000 0.05505459602655289608
0.00000000000000000000 0.05512181113062617627
0.00000000000000000000 0.05535451074171909847
0.00000000000000000000 0.05561194015731021900
0.00000000000000000000 0.05565940748080653450
0.00000000000000000000 0.05611990210644528937
0.00000000000000000000 0.05632886334927698219
0.00000000000000000000 0.05689809507944616762
0.00000000000000000000 0.05698716524660447230
0.00000000000000000000 0.05732187231074775680
0.00000000000000000000 0.05733681073187143346
0.00000000000000000000 0.05749052086688206248
0.00000000000000000000 0.05772474008231610193
0.00000000000000000000 0.05773731177925713748
0.00000000000000000000 0.05789191120257725087
0.00000000000000000000 0.05792739438640094607
0.00000000000000000000 0.05838605266211158856
0.00000000000000000000 0.05852688148428287357
0.00000000000000000000 0.05883867456372701699
0.00000000000000000000 0.05885804959556193566
0.00000000000000000000 0.05929227396423233931
0.00000000000000000000 0.05949649646653817209
0.00000000000000000000 0.05961108981209153196
0.00000000000000000000 0.05977950985595116562
0.00000000000000000000 0.06022623143491131342
0.00000000000000000000 0.06055162899599780824
0.00000000000000000000 0.06091895609510523252
0.00000000000000000000 0.06092649504535303101
0.00000000000000000000 0.06097183990213684429
0.00000000000000000000 0.06100427369967315744
0.00000000000000000000 0.06103695618240222165
0.00000000000000000000 0.06118345731404677829
0.00000000000000000000 0.06119653541076680581
0.00000000000000000000 0.06136685975598456938
0.00000000000000000000 0.06157362890349196705
0.00000000000000000000 0.06266887024060978362
0.00000000000000000000 0.06270652840714066589
0.00000000000000000000 0.06280907148683302632
0.00000000000000000000 0.06302394005345035577
0.00000000000000000000 0.06306598484406029936
0.00000000000000000000 0.06387822331360173966
0.00000000000000000000 0.06388981840142640700
0.00000000000000000000 0.06406922933102260354
0.00000000000000000000 0.06426451083927794961
0.00000000000000000000 0.06427089140782460408
0.00000000000000000000 0.06438545022880580448
0.00000000000000000000 0.06442849949632881157
0.00000000000000000000 0.06457586836340968584
0.00000000000000000000 0.06509469243138085726
0.00000000000000000000 0.06515971526885323828
0.00000000000000000000 0.06518580101758253420
0.00000000000000000000 0.06543743969475997180
0.00000000000000000000 0.06566390976250320588
0.00000000000000000000 0.06571232091215496729
0.00000000000000000000 0.06589862875280416699
0.00000000000000000000 0.06613692265294104922
0.00000000000000000000 0.06619990462987397628
0.00000000000000000000 0.06625825416793484912
0.00000000000000000000 0.06717155051138749833
0.00000000000000000000 0.06742667234437191293
0.00000000000000000000 0.06785388036794040567
0.00000000000000000000 0.06826871007319482154
0.00000000000000000000 0.06907141736809026267
0.00000000000000000000 0.06916517969045576919
0.00000000000000000000 0.06937304600366391016
0.00000000000000000000 0.06940636443545918077
0.00000000000000000000 0.06956692541843202682
0.00000000000000000000 0.07010712506945426803
0.00000000000000000000 0.07044245075639261888
0.00000000000000000000 0.07072026182608319445
0.00000000000000000000 0.07125354216341399372
0.00000000000000000000 0.07131204587770725856
0.00000000000000000000 0.07151292745088679015
0.00000000000000000000 0.07164757338345981164
0.00000000000000000000 0.07177322577405088888
0.00000000000000000000 0.07181879178732997193
0.00000000000000000000 0.07189685585088598230
0.00000000000000000000 0.07198419833354711972
0.00000000000000000000 0.07202328018783266117
0.00000000000000000000 0.07204073512320788297
0.00000000000000000000 0.07265702914755411967
0.00000000000000000000 0.07289223124070964843
0.00000000000000000000 0.07293631810627843048
0.00000000000000000000 0.07304001878606763976
0.00000000000000000000 0.07349234972987855885
0.00000000000000000000 0.07362362351521094250
0.00000000000000000000 0.07366423049994293148
0.00000000000000000000 0.07398894262602391525
0.00000000000000000000 0.07404830601378144250
0.00000000000000000000 0.07444849905400986734
0.00000000000000000000 0.07459427883691566175
0.00000000000000000000 0.07505796607521837693
0.00000000000000000000 0.07515760646995184313
0.00000000000000000000 0.07522813697891045370
0.00000000000000000000 0.07549879850246057900
0.00000000000000000000 0.07554862052633211367
0.00000000000000000000 0.07646101359055712532
0.00000000000000000000 0.07660596460640479999
0.00000000000000000000 0.07714683542426954699
0.00000000000000000000 0.07718851425376030417
0.00000000000000000000 0.07743782955494850351
0.00000000000000000000 0.07751767269946338579
0.00000000000000000000 0.07755016951575709194
0.00000000000000000000 0.07771968656584891944
0.00000000000000000000 0.07780809761177959194
0.00000000000000000000 0.07783182402729399429
0.00000000000000000000 0.07796684207063905858
0.00000000000000000000 0.07799246429520671764
0.00000000000000000000 0.07821597939798344279
0.00000000000000000000 0.07823247277577823067
0.00000000000000000000 0.07851010918093971613
0.00000000000000000000 0.07855962198659945106
0.00000000000000000000 0.07891097619804395003
0.00000000000000000000 0.07892391715222760173
0.00000000000000000000 0.07894602415302398590
0.00000000000000000000 0.07909984155254416727
0.00000000000000000000 0.07912203451014715450
0.00000000000000000000 0.07914386525517314031
0.00000000000000000000 0.07938505063244129245
0.00000000000000000000 0.07974119499591694749
0.00000000000000000000 0.07982704662360748382
0.00000000000000000000 0.07990036331233471567
0.00000000000000000000 0.07998822334929645006
0.00000000000000000000 0.08018090999567711874
0.00000000000000000000 0.08053535499747772886
0.00000000000000000000 0.08058750198965444755
0.00000000000000000000 0.08083234457680096852
0.00000000000000000000 0.08086469526644321504
0.00000000000000000000 0.08099697457401379419
0.00000000000000000000 0.08135471962286144887
0.00000000000000000000 0.08136254718389897278
0.00000000000000000000 0.08137632804036701306
0.00000000000000000000 0.08223728737210823925
0.00000000000000000000 0.08251091789509334973
0.00000000000000000000 0.08264591332773638110
0.00000000000000000000 0.08327420021879015921
0.00000000000000000000 0.08331978934864503472
0.00000000000000000000 0.08359022998243137437
0.00000000000000000000 0.08383794789617303456
0.00000000000000000000 0.08403040544309484106
0.00000000000000000000 0.08433763027142499036
0.00000000000000000000 0.08436042469535055821
0.00000000000000000000 0.08442129434343909056
0.00000000000000000000 0.08485170162032049102
0.00000000000000000000 0.08504859075842226279
0.00000000000000000000 0.08517121948707882806
0.00000000000000000000 0.08531664379513233254
0.00000000000000000000 0.08589951718143937209
0.00000000000000000000 0.08598630469648885222
0.00000000000000000000 0.08620121324058688250
0.00000000000000000000 0.08629463860184687085
0.00000000000000000000 0.08640874472769022319
0.00000000000000000000 0.08669950762307515602
0.00000000000000000000 0.08671632986685559596
0.00000000000000000000 0.08675956841844237322
0.00000000000000000000 0.08677167989558724759
0.00000000000000000000 0.08687849171349769362
0.00000000000000000000 0.08693979640510131335
0.00000000000000000000 0.08696348683799356993
0.00000000000000000000 0.08699676407920717280
0.00000000000000000000 0.08741685303070732826
0.00000000000000000000 0.08743530301834336049
0.00000000000000000000 0.08752286936650494065
0.00000000000000000000 0.08758014671630132142
0.00000000000000000000 0.08767190711696200289
0.00000000000000000000 0.08782115096242193442
0.00000000000000000000 0.08783645594151839875
0.00000000000000000000 0.08803411251861920084
0.00000000000000000000 0.08807411409860202434
0.00000000000000000000 0.08828715060489747413
0.00000000000000000000 0.08839347929704977069
0.00000000000000000000 0.08847771034258039569
0.00000000000000000000 0.08881745638174613766
0.00000000000000000000 0.08893206006617311588
0.00000000000000000000 0.08931843848953507914
0.00000000000000000000 0.08940572008958218297
0.00000000000000000000 0.08945966066235538916
0.00000000000000000000 0.08963726364098933974
0.00000000000000000000 0.08984963018643764288
0.00000000000000000000 0.09023787314796272163
0.00000000000000000000 0.09031153399973324003
0.00000000000000000000 0.09042991606534986349
0.00000000000000000000 0.09053731618410956750
0.00000000000000000000 0.09057287293708306264
0.00000000000000000000 0.09063653195091543602
0.00000000000000000000 0.09087483345428110093
0.00000000000000000000 0.09088130353668065486
0.00000000000000000000 0.09111041762672469901
0.00000000000000000000 0.09144960721737208087
0.00000000000000000000 0.09195314539431151402
0.00000000000000000000 0.09203167953416764580
0.00000000000000000000 0.09203844101634177377
0.00000000000000000000 0.09262197271977844204
0.00000000000000000000 0.09266018703468942297
0.00000000000000000000 0.09266553860538402632
0.00000000000000000000 0.09274140635521341269
0.00000000000000000000 0.09289544807880532884
0.00000000000000000000 0.09293495422210000523
0.00000000000000000000 0.09300901866636039628
0.00000000000000000000 0.09301160261665115947
0.00000000000000000000 0.09317358183868129640
0.00000000000000000000 0.09323116166678621641
0.00000000000000000000 0.09323876760743537995
0.00000000000000000000 0.09324988159819344591
0.00000000000000000000 0.09333058220650475301
0.00000000000000000000 0.09348778815156935651
0.00000000000000000000 0.09351848148753033607
0.00000000000000000000 0.09367007345822890574
0.00000000000000000000 0.09373051399239037962
0.00000000000000000000 0.09386338575215587288
0.00000000000000000000 0.09391901201794274068
0.00000000000000000000 0.09437290385042702845
0.00000000000000000000 0.09458526677256968995
0.00000000000000000000 0.09487383978199526169
0.00000000000000000000 0.09500046264797278039
0.00000000000000000000 0.09505627012167718048
0.00000000000000000000 0.09511608959455061796
0.00000000000000000000 0.09531543780783884035
0.00000000000000000000 0.09535997782466666683
0.00000000000000000000 0.09564135993243609579
0.00000000000000000000 0.09573920699432421355
0.00000000000000000000 0.09574370749049665452
0.00000000000000000000 0.09579879860339515774
0.00000000000000000000 0.09590726141230307422
0.00000000000000000000 0.09617901944693384164
0.00000000000000000000 0.09632843163540065479
0.00000000000000000000 0.09633960893652540602
0.00000000000000000000 0.09636124540513672787
0.00000000000000000000 0.09650897153464477185
0.00000000000000000000 0.09661006458611630376
0.00000000000000000000 0.09683360415114186659
0.00000000000000000000 0.09689136612049788211
0.00000000000000000000 0.09718214008368812606
0.00000000000000000000 0.09729545742790748908
0.00000000000000000000 0.09739964146460008965
0.00000000000000000000 0.09764189479116813786
0.00000000000000000000 0.09768136758568579658
0.00000000000000000000 0.09770566462791129003
0.00000000000000000000 0.09771979555400435447
0.00000000000000000000 0.09776292554727478157
0.00000000000000000000 0.09797161808271252770
0.00000000000000000000 0.09804663299586016678
0.00000000000000000000 0.09805638552009325604
0.00000000000000000000 0.09815533006218439549
0.00000000000000000000 0.09830608669487772566
0.00000000000000000000 0.09857500951907043063
0.00000000000000000000 0.09978650754076182072
0.00000000000000000000 0.09992503962818513608
0.00000000000000000000 0.10006388974359087252
0.00000000000000000000 0.10021344894720764229
0.00000000000000000000 0.10095332759933126066
0.00000000000000000000 0.10111048721738412348
0.00000000000000000000 0.10118798885681297428
0.00000000000000000000 0.10173519153902033096
0.00000000000000000000 0.10194914953177731942
0.00000000000000000000 0.10197496005217532300
0.00000000000000000000 0.10213013815265171991
0.00000000000000000000 0.10252071973802559524
0.00000000000000000000 0.10253259973827850982
0.00000000000000000000 0.10253418192836133427
0.00000000000000000000 0.10282758019141960415
0.00000000000000000000 0.10323295808170955545
0.00000000000000000000 0.10330453516204970987
0.00000000000000000000 0.10372868235233999312
0.00000000000000000000 0.10376727462641477384
0.00000000000000000000 0.10387942178359781120
0.00000000000000000000 0.10469375998518304360
0.00000000000000000000 0.10476510518388479354
0.00000000000000000000 0.10479932973831992959
0.00000000000000000000 0.10483584360140280056
0.00000000000000000000 0.10486458441332080493
0.00000000000000000000 0.10494790844499891913
0.00000000000000000000 0.10523909291221021645
0.00000000000000000000 0.10575403610865150017
0.00000000000000000000 0.10582070411204941296
0.00000000000000000000 0.10585440828850156691
0.00000000000000000000 0.10585568167464720624
0.00000000000000000000 0.10601203046497055527
0.00000000000000000000 0.10622752693908786570
0.00000000000000000000 0.10709793480295932977
0.00000000000000000000 0.10732170229353842072
0.00000000000000000000 0.10733785195714518057
0.00000000000000000000 0.10738561686673411821
0.00000000000000000000 0.10746787027348211896
0.00000000000000000000 0.10748368476623963719
0.00000000000000000000 0.10758102242125026915
0.00000000000000000000 0.10769947445130957642
0.00000000000000000000 0.10793871789379667903
0.00000000000000000000 0.10815530767639960907
0.00000000000000000000 0.10853587469646668040
0.00000000000000000000 0.10855507839075780041
0.00000000000000000000 0.10888384257550608181
0.00000000000000000000 0.10978942788070747416
0.00000000000000000000 0.10988968045971581056
0.00000000000000000000 0.10999874151990121640
0.00000000000000000000 0.11014186548888742212
0.00000000000000000000 0.11018973625555604501
0.00000000000000000000 0.11022408181681811468
0.00000000000000000000 0.11073078377425159269
0.00000000000000000000 0.11079005467956196118
0.00000000000000000000 0.11107872640326235669
0.00000000000000000000 0.11112103543219550850
0.00000000000000000000 0.11122332499863905875
0.00000000000000000000 0.11135889536822103640
0.00000000000000000000 0.11158409719280640293
0.00000000000000000000 0.11163734205742160965
0.00000000000000000000 0.11172401021660846587
0.00000000000000000000 0.11216059398426783678
0.00000000000000000000 0.11282868846928544027
0.00000000000000000000 0.11290197998542617075
0.00000000000000000000 0.11302251682175612491
0.00000000000000000000 0.11312664047087467312
0.00000000000000000000 0.11313028162182399428
0.00000000000000000000 0.11335546094133430728
0.00000000000000000000 0.11337620932187850165
0.00000000000000000000 0.11348269251155111703
0.00000000000000000000 0.11349386078264445121
0.00000000000000000000 0.11375152399847915374
0.00000000000000000000 0.11396309502017387683
0.00000000000000000000 0.11533598912048804996
0.00000000000000000000 0.11538448630509748338
0.00000000000000000000 0.11602697097736809628
0.00000000000000000000 0.11611855310621123361
0.00000000000000000000 0.11618649903847971805
0.00000000000000000000 0.11631346581296116149
0.00000000000000000000 0.11656380452468088904
0.00000000000000000000 0.11661653966062524024
0.00000000000000000000 0.11683160551231948354
0.00000000000000000000 0.11714119104036553598
0.00000000000000000000 0.11759291286179048008
0.00000000000000000000 0.11760865934079488271
0.00000000000000000000 0.11801876800712431115
0.00000000000000000000 0.11811089336633277813
0.00000000000000000000 0.11820048769068995653
0.00000000000000000000 0.11825194072609243601
0.00000000000000000000 0.11855624413469942335
0.00000000000000000000 0.11869304890118975715
0.00000000000000000000 0.11878961649532082667
0.00000000000000000000 0.11945232436569921952
0.00000000000000000000 0.11949594452097199448
0.00000000000000000000 0.12006745894529491370
0.00000000000000000000 0.12040402449492119963
0.00000000000000000000 0.12065877146465107950
0.00000000000000000000 0.12095735072534148646
0.00000000000000000000 0.12096243986614721444
0.00000000000000000000 0.12124164701045196668
0.00000000000000000000 0.12138397605603463980
0.00000000000000000000 0.12161170480422414664
0.00000000000000000000 0.12193924529243838073
0.00000000000000000000 0.12217652176059638769
0.00000000000000000000 0.12278250544309589343
0.00000000000000000000 0.12286418752279738842
0.00000000000000000000 0.12309091930173721163
0.00000000000000000000 0.12324680615735911227
0.00000000000000000000 0.12324959579088473616
0.00000000000000000000 0.12372226627030667723
0.00000000000000000000 0.12408725854335499184
0.00000000000000000000 0.12410275796192545006
0.00000000000000000000 0.12433481561253330316
0.00000000000000000000 0.12465021932147035688
0.00000000000000000000 0.12530697899339299228
0.00000000000000000000 0.12571048496942924255
0.00000000000000000000 0.12629258440462712287
0.00000000000000000000 0.12630060092585165821
0.00000000000000000000 0.12646759595028422840
0.00000000000000000000 0.12669650533236684331
0.00000000000000000000 0.12683678660000866079
0.00000000000000000000 0.12690852446444780832
0.00000000000000000000 0.12711983712837690574
0.00000000000000000000 0.12741418768663267946
0.00000000000000000000 0.12745154121279297921
0.00000000000000000000 0.12748354588289242950
0.00000000000000000000 0.12749320544681563838
0.00000000000000000000 0.12764439518849010624
0.00000000000000000000 0.12769130157580041440
0.00000000000000000000 0.12769369580453282520
0.00000000000000000000 0.12902102312769711534
0.00000000000000000000 0.12999791165917226610
0.00000000000000000000 0.13013701442417471843
0.00000000000000000000 0.13014696397882594137
0.00000000000000000000 0.13343108108750836860
0.00000000000000000000 0.13393552067413075357
0.00000000000000000000 0.13414022596684244126
0.00000000000000000000 0.13459941536687031194
0.00000000000000000000 0.13462656600266315055
0.00000000000000000000 0.13465724026722342144
0.00000000000000000000 0.13617392282601012421
0.00000000000000000000 0.13797677994008708535
0.00000000000000000000 0.13840039780485532961
0.00000000000000000000 0.13856087234398467567
0.00000000000000000000 0.13861896361882927731
0.00000000000000000000 0.13877299848809593330
0.00000000000000000000 0.13985873558850514531
0.00000000000000000000 0.14053686785900931788
0.00000000000000000000 0.14124956392161372443
0.00000000000000000000 0.14342075980124208145
0.00000000000000000000 0.14551405318931764921
0.00000000000000000000 0.14623331891221008627
0.00000000000000000000 0.14651454708176667174
0.00000000000000000000 0.14670610890138313653
0.00000000000000000000 0.14798719715165967181
0.00000000000000000000 0.15084641847015681226
0.00000000000000000000 0.15171234204225561570
0.00000000000000000000 0.15306281416097647363
0.00000000000000000000 0.15419158599178847679
0.00000000000000000000 0.15452578228562022233
0.00000000000000000000 0.15488853692308784948
0.00000000000000000000 0.15598626453094546762
0.00000000000000000000 0.15711123609469404561
0.00000000000000000000 0.15958935541790467139
0.00000000000000000000 0.16203760638750289158
0.00000000000000000000 0.16493720317223256600
0.00000000000000000000 0.16734952560628504892
0.00000000000000000000 0.16778805202710520006
0.00000000000000000000 0.16796927912403583627
0.00000000000000000000 0.16950921818955244635
0.00000000000000000000 0.18211782584088209713
0.00000000000000000000 0.18484906807231624160
0.00000000000000000000 0.19183624999960874336
0.00000000000000000000 0.19919302767080251937
0.00000000000000000000 0.26621588642684212989
0.00000000000000000000 1.73205080756887719318
