0.00000000000000000000 0.00102224706708197756
0.00000000000000000000 0.00143837114117540961
0.00000000000000000000 0.00162902393412344749
0.00000000000000000000 0.00164896615652850931
0.00000000000000000000 0.00184119762834008866
0.00000000000000000000 0.00196446033703983822
0.00000000000000000000 0.00221985890344281048
0.00000000000000000000 0.00222943726047046542
0.00000000000000000000 0.00227879590275459256
0.00000000000000000000 0.00250722534954182525
0.00000000000000000000 0.00265676334492966721
0.00000000000000000000 0.00269014738883446023
0.00000000000000000000 0.00284150683645166199
0.00000000000000000000 0.00284524655385428584
0.00000000000000000000 0.00286221809634248188
0.00000000000000000000 0.00292243366421968175
0.00000000000000000000 0.00300957661480841026
0.00000000000000000000 0.00304804150538039121
0.00000000000000000000 0.00314427685626359399
0.00000000000000000000 0.00322521026639194285
0.00000000000000000000 0.00323462217787781354
0.00000000000000000000 0.00327460408053924582
0.00000000000000000000 0.00332748129529151539
0.00000000000000000000 0.00346752528094147056
0.00000000000000000000 0.00348744202547760646
0.00000000000000000000 0.00360971510912734680
0.00000000000000000000 0.00369171874116641912
0.00000000000000000000 0.00388553277570525364
0.00000000000000000000 0.00391269608042962760
0.00000000000000000000 0.00397229540733760531
0.00000000000000000000 0.00397546452193504873
0.00000000000000000000 0.00400471688638295766
0.00000000000000000000 0.00406059345284690617
0.00000000000000000000 0.00406458151409548434
0.00000000000000000000 0.00407968584841878271
0.00000000000000000000 0.00408239104701308125
0.00000000000000000000 0.00412816699043535087
0.00000000000000000000 0.00419602285669515209
0.00000000000000000000 0.00423474380195567376
0.00000000000000000000 0.00431692170719062077
0.00000000000000000000 0.00435103911432789450
0.00000000000000000000 0.00444529964186880528
0.00000000000000000000 0.00450489046575188855
0.00000000000000000000 0.00450590204802957771
0.00000000000000000000 0.00454745968535176341
0.00000000000000000000 0.00461879709587496683
0.00000000000000000000 0.00473269939116407416
0.00000000000000000000 0.00482684235816492700
0.00000000000000000000 0.00486964920992852095
0.00000000000000000000 0.00489339331048795935
0.00000000000000000000 0.00490722022859023995
0.00000000000000000000 0.00491074761215355010
0.00000000000000000000 0.00492337301357554779
0.00000000000000000000 0.00493758126922703034
0.00000000000000000000 0.00499586658248457084
0.00000000000000000000 0.00500434538363088953
0.00000000000000000000 0.00501412809628204014
0.00000000000000000000 0.00502283791314829010
0.00000000000000000000 0.00514566224523511917
0.00000000000000000000 0.00515890518317990970
0.00000000000000000000 0.00521703152846238541
0.00000000000000000000 0.00526061647750340929
0.00000000000000000000 0.00526906105884305306
0.00000000000000000000 0.00528120744114523363
0.00000000000000000000 0.00529081635965280087
0.00000000000000000000 0.00531190306651550901
0.00000000000000000000 0.00532728586345926260
0.00000000000000000000 0.00533604452415983171
0.00000000000000000000 0.00537438563722983202
0.00000000000000000000 0.00539311584769196391
0.00000000000000000000 0.00547470548330902893
0.00000000000000000000 0.00549580412239220398
0.00000000000000000000 0.00551816504387934136
0.00000000000000000000 0.00554458754878130785
0.00000000000000000000 0.00560599832972565829
0.00000000000000000000 0.00560833555403432264
0.00000000000000000000 0.00564613137043824907
0.00000000000000000000 0.00565012132971783390
0.00000000000000000000 0.00568877113565214882
0.00000000000000000000 0.00570206616577862563
0.00000000000000000000 0.00573082806749831107
0.00000000000000000000 0.00573577746502011709
0.00000000000000000000 0.00576181654978009244
0.00000000000000000000 0.00577498889916954177
0.00000000000000000000 0.00578107489533741248
0.00000000000000000000 0.00579935960629867579
0.00000000000000000000 0.00580463439532248344
0.00000000000000000000 0.00582897727837364873
0.00000000000000000000 0.00585456560349131242
0.00000000000000000000 0.00588904706913377478
0.00000000000000000000 0.00592045529104140173
0.00000000000000000000 0.00593555840809965787
0.00000000000000000000 0.00601327242396911075
0.00000000000000000000 0.00606529618716225832
0.00000000000000000000 0.00606879911618111653
0.00000000000000000000 0.00611686779580228150
0.00000000000000000000 0.00613829352812966540
0.00000000000000000000 0.00614235161824531421
0.00000000000000000000 0.00616914709152547192
0.00000000000000000000 0.00617976897385918642
0.00000000000000000000 0.00624297651918331257
0.00000000000000000000 0.00625442756163678473
0.00000000000000000000 0.00625626753752336808
0.00000000000000000000 0.00625947177295931630
0.00000000000000000000 0.00632916875491094672
0.00000000000000000000 0.00634041848640752581
0.00000000000000000000 0.00638537017925277107
0.00000000000000000000 0.00646093193609237771
0.00000000000000000000 0.00649026912343362867
0.00000000000000000000 0.00650520436558256303
0.00000000000000000000 0.00652555833714623182
0.00000000000000000000 0.00653535007459275698
0.00000000000000000000 0.00654179396478982243
0.00000000000000000000 0.00655154202690907093
0.00000000000000000000 0.00655433566635180414
0.00000000000000000000 0.00659232197466967044
0.00000000000000000000 0.00659284555753857082
0.00000000000000000000 0.00660681259277532892
0.00000000000000000000 0.00664992221298753555
0.00000000000000000000 0.00667225359008185009
0.00000000000000000000 0.00669550734059050270
0.00000000000000000000 0.00671629144075041717
0.00000000000000000000 0.00671641620485793379
0.00000000000000000000 0.00674667618966481517
0.00000000000000000000 0.00675410444654156103
0.00000000000000000000 0.00677298128268950719
0.00000000000000000000 0.00680858178530617097
0.00000000000000000000 0.00687654405282942752
0.00000000000000000000 0.00688051601402797034
0.00000000000000000000 0.00690789699298260691
0.00000000000000000000 0.00696447140422021011
0.00000000000000000000 0.00696456838739448452
0.00000000000000000000 0.00697735428160744815
0.00000000000000000000 0.00702980103315566356
0.00000000000000000000 0.00704511553651686502
0.00000000000000000000 0.00707301618334487282
0.00000000000000000000 0.00708243745677490134
0.00000000000000000000 0.00715338351311245284
0.00000000000000000000 0.00716910273090670767
0.00000000000000000000 0.00720551671771492083
0.00000000000000000000 0.00721974902385315049
0.00000000000000000000 0.00725087801195261217
0.00000000000000000000 0.00726622994232622998
0.00000000000000000000 0.00731147171487772640
0.00000000000000000000 0.00736425725049518268
0.00000000000000000000 0.00737803307103914851
0.00000000000000000000 0.00740447679003460556
0.00000000000000000000 0.00745548575474253711
0.00000000000000000000 0.00747103924397672214
0.00000000000000000000 0.00749046475194234829
0.00000000000000000000 0.00750658253181759032
0.00000000000000000000 0.00751861474399296865
0.00000000000000000000 0.00754376986416135670
0.00000000000000000000 0.00756100526804725451
0.00000000000000000000 0.00757516154188022078
0.00000000000000000000 0.00757556830492463282
0.00000000000000000000 0.00759421540401432945
0.00000000000000000000 0.00760294741158302600
0.00000000000000000000 0.00760356753375128567
0.00000000000000000000 0.00765728045251248737
0.00000000000000000000 0.00769629622905128492
0.00000000000000000000 0.00773717941118214937
0.00000000000000000000 0.00774955822022080094
0.00000000000000000000 0.00781929272554528557
0.00000000000000000000 0.00782674454126795240
0.00000000000000000000 0.00783809125734122661
0.00000000000000000000 0.00784384237362836627
0.00000000000000000000 0.00785658995460453147
0.00000000000000000000 0.00785956792297497556
0.00000000000000000000 0.00789041717659893192
0.00000000000000000000 0.00794755216494448177
0.00000000000000000000 0.00795766142813665069
0.00000000000000000000 0.00797189828807174858
0.00000000000000000000 0.00801608454321976055
0.00000000000000000000 0.00801620691631538436
0.00000000000000000000 0.00803068120195165810
0.00000000000000000000 0.00804019476591895550
0.00000000000000000000 0.00808241596273231826
0.00000000000000000000 0.00808341100516779890
0.00000000000000000000 0.00811471949486647880
0.00000000000000000000 0.00812850686996183756
0.00000000000000000000 0.00813314422047717138
0.00000000000000000000 0.00813541596490307932
0.00000000000000000000 0.00814239804927270605
0.00000000000000000000 0.00815404863648693662
0.00000000000000000000 0.00815560819507266631
0.00000000000000000000 0.00815703767001936357
0.00000000000000000000 0.00815848706230739955
0.00000000000000000000 0.00816120982164610445
0.00000000000000000000 0.00819431519592637297
0.00000000000000000000 0.00821101469581679219
0.00000000000000000000 0.00832854625088884012
0.00000000000000000000 0.00833175737828382133
0.00000000000000000000 0.00834203770940757788
0.00000000000000000000 0.00835034954983405672
0.00000000000000000000 0.00840870947163295177
0.00000000000000000000 0.00843191159429858283
0.00000000000000000000 0.00845121542444598507
0.00000000000000000000 0.00846210823156982872
0.00000000000000000000 0.00846961393980565601
0.00000000000000000000 0.00853438817029485673
0.00000000000000000000 0.00853459089431770832
0.00000000000000000000 0.00857321771365780923
0.00000000000000000000 0.00857330280842978978
0.00000000000000000000 0.00857866293217750785
0.00000000000000000000 0.00858470379404399804
0.00000000000000000000 0.00860460966328932021
0.00000000000000000000 0.00863760334429256212
0.00000000000000000000 0.00866330409556710299
0.00000000000000000000 0.00867428923257774175
0.00000000000000000000 0.00869012463089235097
0.00000000000000000000 0.00869570380944019450
0.00000000000000000000 0.00871857976122714269
0.00000000000000000000 0.00872182800519473445
0.00000000000000000000 0.00880198334938847755
0.00000000000000000000 0.00885408418594484797
0.00000000000000000000 0.00887041589546873344
0.00000000000000000000 0.00891294074751328158
0.00000000000000000000 0.00893881670292538850
0.00000000000000000000 0.00895256447781047487
0.00000000000000000000 0.00897526594506348023
0.00000000000000000000 0.00898447446007880068
0.00000000000000000000 0.00899630206138150347
0.00000000000000000000 0.00900430670358682086
0.00000000000000000000 0.00900696059411880412
0.00000000000000000000 0.00901445930484581076
0.00000000000000000000 0.00906864590253269286
0.00000000000000000000 0.00907875060361704699
0.00000000000000000000 0.00908205256848594773
0.00000000000000000000 0.00909453081266149016
0.00000000000000000000 0.00913166986478059113
0.00000000000000000000 0.00913469614324769960
0.00000000000000000000 0.00915455710240521171
0.00000000000000000000 0.00926320457057106320
0.00000000000000000000 0.00932238111888076051
0.00000000000000000000 0.00933606824824320669
0.00000000000000000000 0.00934865155687741693
0.00000000000000000000 0.00937531328406135574
0.00000000000000000000 0.00939935157264430547
0.00000000000000000000 0.00941724087319718156
0.00000000000000000000 0.00942606096160959403
0.00000000000000000000 0.00946285995978441048
0.00000000000000000000 0.00946322828097766536
0.00000000000000000000 0.00948431371241580806
0.00000000000000000000 0.00953541801026207628
0.00000000000000000000 0.00954613967516580383
0.00000000000000000000 0.00954821977146043041
0.00000000000000000000 0.00957767637418441981
0.00000000000000000000 0.00959425635759968837
0.00000000000000000000 0.00961643625331382382
0.00000000000000000000 0.00964164779436492252
0.00000000000000000000 0.00964404476982654545
0.00000000000000000000 0.00966109746786464850
0.00000000000000000000 0.00966268241894647356
0.00000000000000000000 0.00966476403774908094
0.00000000000000000000 0.00967649322262023083
0.00000000000000000000 0.00974119985252318819
0.00000000000000000000 0.00976047595469189087
0.00000000000000000000 0.00977778484882201732
0.00000000000000000000 0.00983163095343799094
0.00000000000000000000 0.00984203088657477354
0.00000000000000000000 0.00984868735160784187
0.00000000000000000000 0.00988774519523720474
0.00000000000000000000 0.00989238647433897042
0.00000000000000000000 0.00993363325874683373
0.00000000000000000000 0.00996926516734086485
0.00000000000000000000 0.00998580492923497286
0.00000000000000000000 0.01003471719412945759
0.00000000000000000000 0.01005804561211173787
0.00000000000000000000 0.01010009928131894510
0.00000000000000000000 0.01010014378616639653
0.00000000000000000000 0.01013806121005960022
0.00000000000000000000 0.01018138423570423730
0.00000000000000000000 0.01020310642681060073
0.00000000000000000000 0.01020629953138787668
0.00000000000000000000 0.01021617584159809945
0.00000000000000000000 0.01025207356586874119
0.00000000000000000000 0.01025314785176735695
0.00000000000000000000 0.01026597740544923747
0.00000000000000000000 0.01028553662463132547
0.00000000000000000000 0.01030843916302065684
0.00000000000000000000 0.01031981993456577984
0.00000000000000000000 0.01032370562727021046
0.00000000000000000000 0.01035026716827307236
0.00000000000000000000 0.01037964873768076023
0.00000000000000000000 0.01039214182025761761
0.00000000000000000000 0.01041636998646431646
0.00000000000000000000 0.01049839364219511649
0.00000000000000000000 0.01052757014713569944
0.00000000000000000000 0.01053010110350215654
0.00000000000000000000 0.01054440318757250868
0.00000000000000000000 0.01055116854058241703
0.00000000000000000000 0.01061829685539957338
0.00000000000000000000 0.01063132193818886427
0.00000000000000000000 0.01063195782118246495
0.00000000000000000000 0.01066688559690768222
0.00000000000000000000 0.01067219312336394402
0.00000000000000000000 0.01068294459312178236
0.00000000000000000000 0.01071018504723995381
0.00000000000000000000 0.01090794762482166259
0.00000000000000000000 0.01091463182233699813
0.00000000000000000000 0.01094037339870688151
0.00000000000000000000 0.01095034729664078575
0.00000000000000000000 0.01096978741119359127
0.00000000000000000000 0.01097618037522923862
0.00000000000000000000 0.01098882159117615075
0.00000000000000000000 0.01102171336120937907
0.00000000000000000000 0.01111563378599293717
0.00000000000000000000 0.01112713817716355982
0.00000000000000000000 0.01119935171635597602
0.00000000000000000000 0.01120863669196738542
0.00000000000000000000 0.01122631676015557051
0.00000000000000000000 0.01123509588546747762
0.00000000000000000000 0.01124550827385775546
0.00000000000000000000 0.01124621374393469132
0.00000000000000000000 0.01129418847836744823
0.00000000000000000000 0.01137397371623032928
0.00000000000000000000 0.01139591030156212985
0.00000000000000000000 0.01142541064445442255
0.00000000000000000000 0.01142553623766634496
0.00000000000000000000 0.01146991206842484096
0.00000000000000000000 0.01147398100419047898
0.00000000000000000000 0.01147846220270324832
0.00000000000000000000 0.01152002602162873098
0.00000000000000000000 0.01159581064529776988
0.00000000000000000000 0.01165877978444472898
0.00000000000000000000 0.01168670107423780587
0.00000000000000000000 0.01169507838988528142
0.00000000000000000000 0.01169802455497484864
0.00000000000000000000 0.01169897552248754143
0.00000000000000000000 0.01173514375022297919
0.00000000000000000000 0.01174901535246276364
0.00000000000000000000 0.01175988118142825764
0.00000000000000000000 0.01176099311828643530
0.00000000000000000000 0.01188518568077018278
0.00000000000000000000 0.01193113039507023160
0.00000000000000000000 0.01198517862505887877
0.00000000000000000000 0.01209148973640594184
0.00000000000000000000 0.01210689572116705609
0.00000000000000000000 0.01211402517812640994
0.00000000000000000000 0.01211521225503480771
0.00000000000000000000 0.01215451756650498365
0.00000000000000000000 0.01216170525513960050
0.00000000000000000000 0.01216379612455430539
0.00000000000000000000 0.01231723737656303594
0.00000000000000000000 0.01240914401391844668
0.00000000000000000000 0.01247828722679904766
0.00000000000000000000 0.01253743946793261892
0.00000000000000000000 0.01263988339346709157
0.00000000000000000000 0.01267847064503737492
0.00000000000000000000 0.01275015749602889138
0.00000000000000000000 0.01275988190833663750
0.00000000000000000000 0.01280312668234711085
0.00000000000000000000 0.01284869607738728381
0.00000000000000000000 0.01288394595350744395
0.00000000000000000000 0.01292895426498768228
0.00000000000000000000 0.01303849192408104707
0.00000000000000000000 0.01303974727873882800
0.00000000000000000000 0.01311294345797196260
0.00000000000000000000 0.01314329796200494962
0.00000000000000000000 0.01314955682899321930
0.00000000000000000000 0.01315618931502137746
0.00000000000000000000 0.01320660984685686871
0.00000000000000000000 0.01329548422335134934
0.00000000000000000000 0.01331063196853983673
0.00000000000000000000 0.01334302404488361439
0.00000000000000000000 0.01334308891700661422
0.00000000000000000000 0.01336675371811359148
0.00000000000000000000 0.01337696098861518301
0.00000000000000000000 0.01341790390781827727
0.00000000000000000000 0.01350263770134808861
0.00000000000000000000 0.01354957334545417100
0.00000000000000000000 0.01359099468102321212
0.00000000000000000000 0.01359430042244428975
0.00000000000000000000 0.01381196865849096053
0.00000000000000000000 0.01384788472320101771
0.00000000000000000000 0.01386274915971097768
0.00000000000000000000 0.01392215232342712897
0.00000000000000000000 0.01394872212276785511
0.00000000000000000000 0.01394922770175787037
0.00000000000000000000 0.01399383200494795990
0.00000000000000000000 0.01404423071643701865
0.00000000000000000000 0.01415226299383765853
0.00000000000000000000 0.01418874275786007055
0.00000000000000000000 0.01433148268650821268
0.00000000000000000000 0.01437256014995131129
0.00000000000000000000 0.01438364114397095578
0.00000000000000000000 0.01441199384099257907
0.00000000000000000000 0.01457457853020656217
0.00000000000000000000 0.01458911533087183486
0.00000000000000000000 0.01465949911659269675
0.00000000000000000000 0.01475094395610302561
0.00000000000000000000 0.01491572413789092784
0.00000000000000000000 0.01498512099172502436
0.00000000000000000000 0.01509906255940358238
0.00000000000000000000 0.01517060141542177047
0.00000000000000000000 0.01520055770962570885
0.00000000000000000000 0.01524110899418097166
0.00000000000000000000 0.01533809166615641636
0.00000000000000000000 0.01549786081824525499
0.00000000000000000000 0.01556766363341725336
0.00000000000000000000 0.01561161742759756971
0.00000000000000000000 0.01563949155665713200
0.00000000000000000000 0.01575610350095135032
0.00000000000000000000 0.01583775901744457690
0.00000000000000000000 0.01590134424732457877
0.00000000000000000000 0.01610463402314558576
0.00000000000000000000 0.01615989104930415712
0.00000000000000000000 0.01618555252691622481
0.00000000000000000000 0.01632790427464690663
0.00000000000000000000 0.01660453493052483492
0.00000000000000000000 0.01683702866488405794
0.00000000000000000000 0.01712367064055823895
0.00000000000000000000 0.01713537049854382127
0.00000000000000000000 0.01725656893829183303
0.00000000000000000000 0.01730722740117692643
0.00000000000000000000 0.01731819711963958341
0.00000000000000000000 0.01758642440604462134
0.00000000000000000000 0.01772642390900442191
0.00000000000000000000 0.01776196665284079240
0.00000000000000000000 0.01787414248747264470
0.00000000000000000000 0.01793680235117730074
0.00000000000000000000 0.01811119168742370694
0.00000000000000000000 0.01813265716886842613
0.00000000000000000000 0.01827471662739078503
0.00000000000000000000 0.01839821325842550676
0.00000000000000000000 0.01841201439310127461
0.00000000000000000000 0.01849428432261679411
0.00000000000000000000 0.01858484950510150280
0.00000000000000000000 0.01866779426519380933
0.00000000000000000000 0.01886147708735804590
0.00000000000000000000 0.01892933277230204533
0.00000000000000000000 0.01899516298628413022
0.00000000000000000000 0.01905482425746464134
0.00000000000000000000 0.01911436521177006104
0.00000000000000000000 0.01911560038917503937
0.00000000000000000000 0.01917559752141904592
0.00000000000000000000 0.01922527151620931352
0.00000000000000000000 0.01935498813774126636
0.00000000000000000000 0.01945408716071669528
0.00000000000000000000 0.01948642265836263848
0.00000000000000000000 0.02004922148104329449
0.00000000000000000000 0.02006379502268220566
0.00000000000000000000 0.02008542047626507565
0.00000000000000000000 0.02010811817132807447
0.00000000000000000000 0.02014408135446854251
0.00000000000000000000 0.02016996727357753261
0.00000000000000000000 0.02029183873922868475
0.00000000000000000000 0.02037301130179472106
0.00000000000000000000 0.02043481424823490739
0.00000000000000000000 0.02046529974811312283
0.00000000000000000000 0.02075913727571785869
0.00000000000000000000 0.02089378262894161370
0.00000000000000000000 0.02103487116853678882
0.00000000000000000000 0.02104426293669252671
0.00000000000000000000 0.02131733305303027889
0.00000000000000000000 0.02137717770935595660
0.00000000000000000000 0.02146296057472861854
0.00000000000000000000 0.02172061319560490006
0.00000000000000000000 0.02172198457580788375
0.00000000000000000000 0.02179350455410185988
0.00000000000000000000 0.02191245510770509566
0.00000000000000000000 0.02202803979821432723
0.00000000000000000000 0.02203310510293244803
0.00000000000000000000 0.02232774541378874239
0.00000000000000000000 0.02245077242954730129
0.00000000000000000000 0.02245826203613233291
0.00000000000000000000 0.02253575130663078296
0.00000000000000000000 0.02263691638872286985
0.00000000000000000000 0.02274311215500018218
0.00000000000000000000 0.02310326010740859984
0.00000000000000000000 0.02312321626972924787
0.00000000000000000000 0.02380651999171408753
0.00000000000000000000 0.02384785834600433585
0.00000000000000000000 0.02390956399336724436
0.00000000000000000000 0.02468815723896472872
0.00000000000000000000 0.02498975854062623903
0.00000000000000000000 0.02545830999591212201
0.00000000000000000000 0.02551517876556054151
0.00000000000000000000 0.02555452756384498161
0.00000000000000000000 0.02593511329098291060
0.00000000000000000000 0.02645144178352389075
0.00000000000000000000 0.02655724937943685499
0.00000000000000000000 0.02720969103533608588
0.00000000000000000000 0.02734586620923416117
0.00000000000000000000 0.02770960213329476743
0.00000000000000000000 0.02787263927188399562
0.00000000000000000000 0.02843406640147612061
0.00000000000000000000 0.02867157122215962736
0.00000000000000000000 0.03060179815319990365
0.00000000000000000000 0.03138823219639477746
0.00000000000000000000 0.03177048808645636935
0.00000000000000000000 0.03250544327550727863
0.00000000000000000000 0.03294495075356995706
0.00000000000000000000 0.03642529276442030284
0.00000000000000000000 0.05809155648811944322
0.00000000000000000000 0.06447890157104692321
0.00000000000000000000 0.35396306578553726752
0.00000000000000000000 0.84570440426403392653
0.00000000000000000000 1.73205080756887719318
