0.00000000000000000000 0.01485574646004918578
0.00000000000000000000 0.01530200655727278515
0.00000000000000000000 0.01856546330504497619
0.00000000000000000000 0.02070277062758782427
0.00000000000000000000 0.02181150992485311746
0.00000000000000000000 0.02306090461430179359
0.00000000000000000000 0.02351174051306647791
0.00000000000000000000 0.02407626711731323046
0.00000000000000000000 0.02715492058993846172
0.00000000000000000000 0.02746465361712624800
0.00000000000000000000 0.02864449463338450061
0.00000000000000000000 0.02871694091850477554
0.00000000000000000000 0.02915322035593187824
0.00000000000000000000 0.03097276395246401429
0.00000000000000000000 0.03236340007688898179
0.00000000000000000000 0.03279969496944114965
0.00000000000000000000 0.03310048114096921651
0.00000000000000000000 0.03372933156607087202
0.00000000000000000000 0.03430934265335187916
0.00000000000000000000 0.03459494252824012184
0.00000000000000000000 0.03472629196138042607
0.00000000000000000000 0.03657552747031140444
0.00000000000000000000 0.03802611088936832390
0.00000000000000000000 0.03852001883432285695
0.00000000000000000000 0.03867311729003502369
0.00000000000000000000 0.03874415750387934232
0.00000000000000000000 0.03980654991848641550
0.00000000000000000000 0.03994246515513168172
0.00000000000000000000 0.04040060899297484576
0.00000000000000000000 0.04077285828166096748
0.00000000000000000000 0.04126911883833774691
0.00000000000000000000 0.04157098871053438449
0.00000000000000000000 0.04163112866982959792
0.00000000000000000000 0.04194466234997208665
0.00000000000000000000 0.04283409955060661634
0.00000000000000000000 0.04317119046336209687
0.00000000000000000000 0.04355938257598979124
0.00000000000000000000 0.04382891582378260764
0.00000000000000000000 0.04396641802786908221
0.00000000000000000000 0.04397731241998939500
0.00000000000000000000 0.04405232038571407771
0.00000000000000000000 0.04419490960925406831
0.00000000000000000000 0.04455875889356222114
0.00000000000000000000 0.04487117823966651348
0.00000000000000000000 0.04495920968904424525
0.00000000000000000000 0.04509240280081727031
0.00000000000000000000 0.04554373360513536834
0.00000000000000000000 0.04567362468646535972
0.00000000000000000000 0.04589898143492653071
0.00000000000000000000 0.04639379782507906808
0.00000000000000000000 0.04781371925749226814
0.00000000000000000000 0.04792647834193395490
0.00000000000000000000 0.04838831374675919839
0.00000000000000000000 0.04858933048285918321
0.00000000000000000000 0.04880716789827158758
0.00000000000000000000 0.04900857727678070014
0.00000000000000000000 0.04901258162156101744
0.00000000000000000000 0.04902627996069560540
0.00000000000000000000 0.04905314987022268980
0.00000000000000000000 0.04953324780010175121
0.00000000000000000000 0.04993486515940778747
0.00000000000000000000 0.05066492311397887555
0.00000000000000000000 0.05087624393738109096
0.00000000000000000000 0.05105018167034763854
0.00000000000000000000 0.05113962946671688631
0.00000000000000000000 0.05118972643338894069
0.00000000000000000000 0.05139255952274710687
0.00000000000000000000 0.05168014228457523673
0.00000000000000000000 0.05185824783583255909
0.00000000000000000000 0.05230624234519001825
0.00000000000000000000 0.05240629684587341103
0.00000000000000000000 0.05329056881926332034
0.00000000000000000000 0.05355764454163276095
0.00000000000000000000 0.05373208871776923717
0.00000000000000000000 0.05379756301126696616
0.00000000000000000000 0.05384582886483169073
0.00000000000000000000 0.05406441672624001660
0.00000000000000000000 0.05465790519877447573
0.00000000000000000000 0.05486831912894142571
0.00000000000000000000 0.05506632595313167705
0.00000000000000000000 0.05572635044946769312
0.00000000000000000000 0.05596251818676224732
0.00000000000000000000 0.05600501090432032786
0.00000000000000000000 0.05603768335520275395
0.00000000000000000000 0.05619158034704380134
0.00000000000000000000 0.05620188204481001842
0.00000000000000000000 0.05627581526950778401
0.00000000000000000000 0.05672166850467029453
0.00000000000000000000 0.05677611996760632829
0.00000000000000000000 0.05694378419668896796
0.00000000000000000000 0.05701331696813080607
0.00000000000000000000 0.05701472401160264519
0.00000000000000000000 0.05724736636534483863
0.00000000000000000000 0.05753008439180320316
0.00000000000000000000 0.05786248903673479882
0.00000000000000000000 0.05793341339818696561
0.00000000000000000000 0.05820063792862140151
0.00000000000000000000 0.05824936627661614352
0.00000000000000000000 0.05839687695268201695
0.00000000000000000000 0.05841201995604355240
0.00000000000000000000 0.05847110845203072615
0.00000000000000000000 0.05886932611813296828
0.00000000000000000000 0.05896891691035203997
0.00000000000000000000 0.05941460389213179538
0.00000000000000000000 0.05948714453984396688
0.00000000000000000000 0.05994123688772322323
0.00000000000000000000 0.06005117612232965807
0.00000000000000000000 0.06005148077820013364
0.00000000000000000000 0.06047189032480498883
0.00000000000000000000 0.06060096189558228374
0.00000000000000000000 0.06110836172356774038
0.00000000000000000000 0.06168057056299136587
0.00000000000000000000 0.06170841866928113845
0.00000000000000000000 0.06217720260292418366
0.00000000000000000000 0.06231448880822967884
0.00000000000000000000 0.06255051632572534992
0.00000000000000000000 0.06258373163001179629
0.00000000000000000000 0.06327481560805303662
0.00000000000000000000 0.06344631928411034738
0.00000000000000000000 0.06346482236144219968
0.00000000000000000000 0.06394116068576992384
0.00000000000000000000 0.06405605776998689327
0.00000000000000000000 0.06414848093597889933
0.00000000000000000000 0.06438517407781056689
0.00000000000000000000 0.06441149122896544510
0.00000000000000000000 0.06465758410469865658
0.00000000000000000000 0.06475167241681055452
0.00000000000000000000 0.06488459782928694686
0.00000000000000000000 0.06517710959751886468
0.00000000000000000000 0.06526078130855410275
0.00000000000000000000 0.06533946763348268127
0.00000000000000000000 0.06616575541104514901
0.00000000000000000000 0.06631460723622220610
0.00000000000000000000 0.06631669596518553755
0.00000000000000000000 0.06640276883343428083
0.00000000000000000000 0.06647564194114712055
0.00000000000000000000 0.06663189506387660888
0.00000000000000000000 0.06663332314593820027
0.00000000000000000000 0.06775804434194100667
0.00000000000000000000 0.06781156451359862669
0.00000000000000000000 0.06787165029223805879
0.00000000000000000000 0.06787520864159637957
0.00000000000000000000 0.06864139651236868256
0.00000000000000000000 0.06875337772266588987
0.00000000000000000000 0.06888422469740689003
0.00000000000000000000 0.06896403329274887473
0.00000000000000000000 0.06910527961958515264
0.00000000000000000000 0.06917643305020047817
0.00000000000000000000 0.06942589446646842133
0.00000000000000000000 0.07003515611112919037
0.00000000000000000000 0.07003801745248532107
0.00000000000000000000 0.07008188704577447692
0.00000000000000000000 0.07030501696104091147
0.00000000000000000000 0.07045311260053362112
0.00000000000000000000 0.07060387225116533660
0.00000000000000000000 0.07077431339942215349
0.00000000000000000000 0.07094118011844706417
0.00000000000000000000 0.07106260938460173815
0.00000000000000000000 0.07119567458458837816
0.00000000000000000000 0.07122612537253228404
0.00000000000000000000 0.07147253077035302382
0.00000000000000000000 0.07164526364662540669
0.00000000000000000000 0.07172290988021699787
0.00000000000000000000 0.07189845142152689883
0.00000000000000000000 0.07246147008079072138
0.00000000000000000000 0.07259256751556564247
0.00000000000000000000 0.07265747505081267266
0.00000000000000000000 0.07269707389018975618
0.00000000000000000000 0.07270026576650545636
0.00000000000000000000 0.07280731223938767538
0.00000000000000000000 0.07282107479131827432
0.00000000000000000000 0.07290050083784435642
0.00000000000000000000 0.07301120942511930834
0.00000000000000000000 0.07307312793579447130
0.00000000000000000000 0.07329753528818669372
0.00000000000000000000 0.07348428797965199377
0.00000000000000000000 0.07373095688850124507
0.00000000000000000000 0.07381189308272763372
0.00000000000000000000 0.07389121845957392909
0.00000000000000000000 0.07405327791755159095
0.00000000000000000000 0.07426795459027235591
0.00000000000000000000 0.07427740217193387617
0.00000000000000000000 0.07429787120794068001
0.00000000000000000000 0.07440119371935485781
0.00000000000000000000 0.07456229802414411634
0.00000000000000000000 0.07463711133584412238
0.00000000000000000000 0.07466762880305552463
0.00000000000000000000 0.07500352625416152608
0.00000000000000000000 0.07500585215378946513
0.00000000000000000000 0.07507890819527654469
0.00000000000000000000 0.07521757044086427313
0.00000000000000000000 0.07532754661931861939
0.00000000000000000000 0.07533233285849673389
0.00000000000000000000 0.07546904143282248678
0.00000000000000000000 0.07576334061180285684
0.00000000000000000000 0.07622921133646100300
0.00000000000000000000 0.07650049669987309120
0.00000000000000000000 0.07654783086876845721
0.00000000000000000000 0.07687308919086308090
0.00000000000000000000 0.07726025272662825905
0.00000000000000000000 0.07750077896949562895
0.00000000000000000000 0.07782660030259709594
0.00000000000000000000 0.07804295407841074783
0.00000000000000000000 0.07810416659773621040
0.00000000000000000000 0.07830269473684510484
0.00000000000000000000 0.07835809020494281796
0.00000000000000000000 0.07841747101544119247
0.00000000000000000000 0.07869820066034872996
0.00000000000000000000 0.07874788096024694373
0.00000000000000000000 0.07877943160042551185
0.00000000000000000000 0.07882691509047271006
0.00000000000000000000 0.07906942288451498935
0.00000000000000000000 0.07913492866885771249
0.00000000000000000000 0.07932378389580412026
0.00000000000000000000 0.07934776749007578511
0.00000000000000000000 0.07945261532039399333
0.00000000000000000000 0.07949848085053468072
0.00000000000000000000 0.07999429392733774236
0.00000000000000000000 0.08015868156349649498
0.00000000000000000000 0.08045939969017742999
0.00000000000000000000 0.08071919778166651571
0.00000000000000000000 0.08106486806643749266
0.00000000000000000000 0.08175086988953524092
0.00000000000000000000 0.08175288912184694445
0.00000000000000000000 0.08184654501362031986
0.00000000000000000000 0.08189683762413041412
0.00000000000000000000 0.08204318886193055771
0.00000000000000000000 0.08254558055693697605
0.00000000000000000000 0.08259967562011959197
0.00000000000000000000 0.08265895274887177790
0.00000000000000000000 0.08285445348920533748
0.00000000000000000000 0.08300121749977398822
0.00000000000000000000 0.08306240672526654656
0.00000000000000000000 0.08309974961872834687
0.00000000000000000000 0.08314144974713064129
0.00000000000000000000 0.08316082990380294082
0.00000000000000000000 0.08331281169297620470
0.00000000000000000000 0.08343342825256591655
0.00000000000000000000 0.08384195564314944615
0.00000000000000000000 0.08399489761301254243
0.00000000000000000000 0.08404339343319991440
0.00000000000000000000 0.08413904049649656436
0.00000000000000000000 0.08419177433821872780
0.00000000000000000000 0.08429538644917834722
0.00000000000000000000 0.08432477292137970093
0.00000000000000000000 0.08441455741101196175
0.00000000000000000000 0.08519466822151494645
0.00000000000000000000 0.08523271956915787206
0.00000000000000000000 0.08544712485486556652
0.00000000000000000000 0.08576868036426593678
0.00000000000000000000 0.08578132861878945414
0.00000000000000000000 0.08593095342170049833
0.00000000000000000000 0.08612523483388249967
0.00000000000000000000 0.08623234862658196720
0.00000000000000000000 0.08636485897955431534
0.00000000000000000000 0.08681952245337912211
0.00000000000000000000 0.08724427985646372730
0.00000000000000000000 0.08735012322973072230
0.00000000000000000000 0.08744351399609977260
0.00000000000000000000 0.08792611562514836276
0.00000000000000000000 0.08793329966452599622
0.00000000000000000000 0.08879392801207448838
0.00000000000000000000 0.08892246385114024876
0.00000000000000000000 0.08893628678657578002
0.00000000000000000000 0.08909214612313756665
0.00000000000000000000 0.08917660335332155963
0.00000000000000000000 0.08922603646824318890
0.00000000000000000000 0.08959876735437062589
0.00000000000000000000 0.08963270115757221435
0.00000000000000000000 0.09001185062886402077
0.00000000000000000000 0.09003189489751077523
0.00000000000000000000 0.09022168618246527438
0.00000000000000000000 0.09025523508150046226
0.00000000000000000000 0.09031261927309065796
0.00000000000000000000 0.09066646311384521373
0.00000000000000000000 0.09116243914850005736
0.00000000000000000000 0.09123047157695064746
0.00000000000000000000 0.09141454442564463101
0.00000000000000000000 0.09148267102664352224
0.00000000000000000000 0.09158795545441762720
0.00000000000000000000 0.09184473309838221688
0.00000000000000000000 0.09187701489183494608
0.00000000000000000000 0.09205117968886382396
0.00000000000000000000 0.09207037967492340269
0.00000000000000000000 0.09239153020942532379
0.00000000000000000000 0.09246471745077099180
0.00000000000000000000 0.09266675675415617097
0.00000000000000000000 0.09283779896556819400
0.00000000000000000000 0.09292331232992831480
0.00000000000000000000 0.09297218535327655964
0.00000000000000000000 0.09310824143280527210
0.00000000000000000000 0.09344293088838710737
0.00000000000000000000 0.09357623090967474855
0.00000000000000000000 0.09360719741854112153
0.00000000000000000000 0.09362560740807965298
0.00000000000000000000 0.09394663654728779845
0.00000000000000000000 0.09419040459027487600
0.00000000000000000000 0.09419240951578905507
0.00000000000000000000 0.09425162457302831143
0.00000000000000000000 0.09427394750888548614
0.00000000000000000000 0.09449700734308864869
0.00000000000000000000 0.09451890771650584000
0.00000000000000000000 0.09468536415358044800
0.00000000000000000000 0.09494034286372446396
0.00000000000000000000 0.09526227588455392359
0.00000000000000000000 0.09533216394447688313
0.00000000000000000000 0.09551507280309119718
0.00000000000000000000 0.09592901879433794743
0.00000000000000000000 0.09609125734080685433
0.00000000000000000000 0.09613150585334956366
0.00000000000000000000 0.09617358451608111480
0.00000000000000000000 0.09622620955463463688
0.00000000000000000000 0.09624938188731436972
0.00000000000000000000 0.09657264567651818732
0.00000000000000000000 0.09683756506292798272
0.00000000000000000000 0.09688523564525661214
0.00000000000000000000 0.09691655935141327283
0.00000000000000000000 0.09742587583571978016
0.00000000000000000000 0.09770289885768794480
0.00000000000000000000 0.09793718285206859386
0.00000000000000000000 0.09824706376741165759
0.00000000000000000000 0.09832980870974497578
0.00000000000000000000 0.09855966429307649879
0.00000000000000000000 0.09905834920139763855
0.00000000000000000000 0.09912058232408721414
0.00000000000000000000 0.09932590914841563090
0.00000000000000000000 0.09939144679427890094
0.00000000000000000000 0.09948632375090109281
0.00000000000000000000 0.09949733734473352464
0.00000000000000000000 0.09968854484743590316
0.00000000000000000000 0.09991636498946682154
0.00000000000000000000 0.09994842974510535771
0.00000000000000000000 0.09995825842344546741
0.00000000000000000000 0.10016084578215989076
0.00000000000000000000 0.10018114821472659526
0.00000000000000000000 0.10018200021696516133
0.00000000000000000000 0.10030787131469112716
0.00000000000000000000 0.10038217720305739333
0.00000000000000000000 0.10054279972135797550
0.00000000000000000000 0.10058937471055209856
0.00000000000000000000 0.10131671211527845666
0.00000000000000000000 0.10153758044871089017
0.00000000000000000000 0.10164185293626799844
0.00000000000000000000 0.10204183784781628574
0.00000000000000000000 0.10205394986964384796
0.00000000000000000000 0.10212921485330957172
0.00000000000000000000 0.10244753550244599383
0.00000000000000000000 0.10253912533123317463
0.00000000000000000000 0.10256247684614733240
0.00000000000000000000 0.10260039503576773301
0.00000000000000000000 0.10283868673411301897
0.00000000000000000000 0.10286634185109302941
0.00000000000000000000 0.10296745906441211182
0.00000000000000000000 0.10296860541204694295
0.00000000000000000000 0.10336546872834939670
0.00000000000000000000 0.10336702130434305413
0.00000000000000000000 0.10345434546378318164
0.00000000000000000000 0.10359963349594970838
0.00000000000000000000 0.10366198502803332382
0.00000000000000000000 0.10380334086058586041
0.00000000000000000000 0.10391440018795448930
0.00000000000000000000 0.10412495940253045645
0.00000000000000000000 0.10454615697504508753
0.00000000000000000000 0.10572869585309888074
0.00000000000000000000 0.10584071618900409151
0.00000000000000000000 0.10593280936141903636
0.00000000000000000000 0.10618463195164216939
0.00000000000000000000 0.10628818352831378991
0.00000000000000000000 0.10654578471123445083
0.00000000000000000000 0.10675059551167229155
0.00000000000000000000 0.10678023399615439726
0.00000000000000000000 0.10700692656968316396
0.00000000000000000000 0.10741543541852018040
0.00000000000000000000 0.10752518330039140260
0.00000000000000000000 0.10774047356937568876
0.00000000000000000000 0.10779209657937852129
0.00000000000000000000 0.10795270414028639017
0.00000000000000000000 0.10822794575747568535
0.00000000000000000000 0.10845356576206764687
0.00000000000000000000 0.10853339966236587311
0.00000000000000000000 0.10885683992744382698
0.00000000000000000000 0.10886876720306984390
0.00000000000000000000 0.10941281822294114667
0.00000000000000000000 0.10945459660337457375
0.00000000000000000000 0.10979357535929655521
0.00000000000000000000 0.10982043264433334617
0.00000000000000000000 0.11015786826637752327
0.00000000000000000000 0.11046790893365600328
0.00000000000000000000 0.11177399974123435056
0.00000000000000000000 0.11182015941031095418
0.00000000000000000000 0.11210157761583655622
0.00000000000000000000 0.11239615789320460404
0.00000000000000000000 0.11280234680597044095
0.00000000000000000000 0.11296035569003633203
0.00000000000000000000 0.11299627213785735924
0.00000000000000000000 0.11300874758180116941
0.00000000000000000000 0.11303426032791759337
0.00000000000000000000 0.11305022313463269912
0.00000000000000000000 0.11306270812007633564
0.00000000000000000000 0.11307525423004542720
0.00000000000000000000 0.11362679133762468298
0.00000000000000000000 0.11405685683718812251
0.00000000000000000000 0.11420313285076666432
0.00000000000000000000 0.11437136695978553091
0.00000000000000000000 0.11446942374689633715
0.00000000000000000000 0.11482308991871496839
0.00000000000000000000 0.11511404620980489333
0.00000000000000000000 0.11516796415820727828
0.00000000000000000000 0.11535094142572541176
0.00000000000000000000 0.11563792497656101566
0.00000000000000000000 0.11573328307006240656
0.00000000000000000000 0.11574559027917454002
0.00000000000000000000 0.11577397955638255023
0.00000000000000000000 0.11604313576861094437
0.00000000000000000000 0.11616774549601607824
0.00000000000000000000 0.11625021118806048992
0.00000000000000000000 0.11707495188641521555
0.00000000000000000000 0.11852137352165365014
0.00000000000000000000 0.11889257468592026590
0.00000000000000000000 0.11945038764038497237
0.00000000000000000000 0.11960811050693559432
0.00000000000000000000 0.11991200724644968112
0.00000000000000000000 0.12008795533124176635
0.00000000000000000000 0.12025029036836626384
0.00000000000000000000 0.12125038389963664620
0.00000000000000000000 0.12132596208900167656
0.00000000000000000000 0.12147774411165740416
0.00000000000000000000 0.12151435931327801698
0.00000000000000000000 0.12154920431741728093
0.00000000000000000000 0.12182336436562184179
0.00000000000000000000 0.12190197884164906406
0.00000000000000000000 0.12192455291731242595
0.00000000000000000000 0.12199915872467025080
0.00000000000000000000 0.12203731248136201470
0.00000000000000000000 0.12247326273763843585
0.00000000000000000000 0.12360845673747443418
0.00000000000000000000 0.12361698967715369080
0.00000000000000000000 0.12375922293137568697
0.00000000000000000000 0.12408749834428160763
0.00000000000000000000 0.12447815454542757174
0.00000000000000000000 0.12478277851518722319
0.00000000000000000000 0.12503782989850997787
0.00000000000000000000 0.12552229513965396102
0.00000000000000000000 0.12606602816264364519
0.00000000000000000000 0.12615658744211347142
0.00000000000000000000 0.12629570925943564563
0.00000000000000000000 0.12638149398128317724
0.00000000000000000000 0.12640002558859286808
0.00000000000000000000 0.12642096307436739844
0.00000000000000000000 0.12651227429752073816
0.00000000000000000000 0.12664380654862070208
0.00000000000000000000 0.12670320441556456870
0.00000000000000000000 0.12696426940150840057
0.00000000000000000000 0.12716087948446744282
0.00000000000000000000 0.12815414497481994460
0.00000000000000000000 0.12829264599214693088
0.00000000000000000000 0.12926758159998510966
0.00000000000000000000 0.12986316717134724352
0.00000000000000000000 0.13010711293650936704
0.00000000000000000000 0.13087063890031466751
0.00000000000000000000 0.13218236386674536709
0.00000000000000000000 0.13232880827379417399
0.00000000000000000000 0.13274746237786086422
0.00000000000000000000 0.13280281957777548274
0.00000000000000000000 0.13288074548491082827
0.00000000000000000000 0.13315067880143566237
0.00000000000000000000 0.13325686738541370202
0.00000000000000000000 0.13353670105091805520
0.00000000000000000000 0.13483724935282448421
0.00000000000000000000 0.13563904619631769743
0.00000000000000000000 0.13620839392518027666
0.00000000000000000000 0.13621208861542907775
0.00000000000000000000 0.13676600717973105836
0.00000000000000000000 0.13878220452310399691
0.00000000000000000000 0.13970531034855071528
0.00000000000000000000 0.14042794460269497625
0.00000000000000000000 0.14066315098462911504
0.00000000000000000000 0.14081344559873823497
0.00000000000000000000 0.14118880332845759606
0.00000000000000000000 0.14179215919028342885
0.00000000000000000000 0.14415496809952046964
0.00000000000000000000 0.14733101151286376318
0.00000000000000000000 0.14904731297081197372
0.00000000000000000000 0.14941183030934659937
0.00000000000000000000 0.14942482543738194734
0.00000000000000000000 0.15191347055861473270
0.00000000000000000000 0.15220294851896420951
0.00000000000000000000 0.15263722972036139480
0.00000000000000000000 0.15335126432623749637
0.00000000000000000000 0.15763948622689866186
0.00000000000000000000 0.15939049371608499106
0.00000000000000000000 0.16045824051674231758
0.00000000000000000000 0.16298566082390303356
0.00000000000000000000 0.16809536578850212130
0.00000000000000000000 0.16811782484364529155
0.00000000000000000000 0.17237910563650052365
0.00000000000000000000 0.18500092503700385493
0.00000000000000000000 0.19147134429247078535
0.00000000000000000000 0.20297901316890890056
0.00000000000000000000 1.73205080756887719318
