0.06005493349642324064 0.06147381805596714016
0.07410733701466573620 0.07912362557951889419
0.08355857428254408192 0.08848744609991240906
0.07395987991071101275 0.09067208326679800090
0.08778488071541747095 0.09382892630139595680
0.09682767801212113778 0.09823834151844015872
0.09152816960063391016 0.09909661571497860311
0.08877085817995296335 0.10067205473565701834
0.10401575144729349742 0.10458088709202156830
0.09180331544839537283 0.10716298752734916555
0.10896830588694918218 0.10938175411267486714
0.10537551946676321224 0.10964812068447828131
0.09033822315027062455 0.11014998948379105259
0.10704493740381489097 0.11090797349946410200
0.10637973403681097451 0.11359169792717241365
0.10890390140489816795 0.11379689931335962294
0.11063320027878775775 0.11718173515528033934
0.11459648778225237087 0.11953305320786035415
0.10797092868501932672 0.12191023481271436035
0.09486794857962282945 0.12641548533813984356
0.12889307950550266124 0.12915365720132190863
0.12388271012540234828 0.12925844646360201695
0.11775953196667963974 0.12946951229343123257
0.12045268098752948127 0.13260763221319379901
0.13269677097219362283 0.13356237913563351327
0.12758869827606814096 0.13399952055747196833
0.12699896095517546057 0.13456115111300537279
0.08614154753673428089 0.13518749508370289658
0.10566017062595584042 0.13638032261235677467
0.11666963224958511181 0.13733016201276918022
0.12082793214768342005 0.13764161821215692427
0.12192672447234298438 0.13801764583940107078
0.13877154319041332120 0.13910938410872256132
0.14067316651622596702 0.14306256904020692167
0.12866207959679284989 0.14395487112529714580
0.12375044924007073954 0.14435747737037069038
0.13044594077029686430 0.14496156684420799521
0.12964882607300468043 0.14566357201808102784
0.14486836293989444058 0.14985494607560015390
0.14175835948499038164 0.15058923870585247395
0.14469239440493641968 0.15220079084444831929
0.14736371313916835080 0.15236097281510579959
0.15200578133107353618 0.15283616105307656907
0.13116119246942095633 0.15486617606554747839
0.12177883872951977828 0.15562263948374294165
0.13196492113192154205 0.15632869878235841621
0.14799784049053321677 0.15651461596446383795
0.10962653656572755867 0.15736222987212725166
0.14436913055638431191 0.15865864141617419536
0.15376154594100585604 0.15949775447391523198
0.15206872669493493033 0.16020337034602208370
0.16000733231803934697 0.16226615174359912408
0.14989986997509011091 0.16254071064911887468
0.11644711730442337816 0.16382928838287524886
0.15109390296311606128 0.16437744227798214980
0.16180462338354223428 0.16718578698503400171
0.14331434352632169138 0.17168368677692952273
0.16379369992906223086 0.17409618706106777530
0.17482025969446585156 0.17492931868567007658
0.17506495356042503508 0.17528798223493280428
0.16309291932518116264 0.17657327457605470622
0.14344179564361070334 0.17738725241810548994
0.16776557629275165584 0.17822807172375715323
0.16741034143927197020 0.17847596795173290007
0.14987746302867063775 0.17999163211521068684
0.13319141531614775431 0.18252857548074644112
0.16575090991263555229 0.18333074691072109852
0.16302915437997472781 0.18338763814716643741
0.18213964758332090721 0.18553578939385001467
0.16358162008329130144 0.18580411093517104626
0.14258673185328335498 0.18599983199543287937
0.17244140779538527641 0.18749655337731802041
0.16191194692259669452 0.18756822570944459150
0.18232397568444522196 0.19410786219679032616
0.18479202750227161078 0.19590557724756188507
0.19483016022818747115 0.19639456891928480653
0.15825074634979716115 0.19708611187658064967
0.17759132829595980496 0.19714898884655751576
0.18556420393320291473 0.19766228455771833739
0.18753472493518319464 0.20052068785672003126
0.18679742451244146784 0.20168124568852047185
0.13905146644053914540 0.20234481421679328950
0.17386620462762861217 0.20265759450361883753
0.20352675339148540434 0.20380350406177930034
0.20632015797207881036 0.20632176231699153601
0.19770455773547560008 0.20664869679866798569
0.18671261624412233138 0.20753165563500833302
0.15767284338534548471 0.20762989415360244561
0.20720021624902995594 0.20767635047575730423
0.18696059887263591359 0.21270336728345884403
0.20792497512623492328 0.21298495735840652920
0.15215032772737585587 0.21712872128086371792
0.21567353770295441540 0.22013282636201453313
0.19418914071827245160 0.22023406678320123220
0.21768447801749971071 0.22145370379191609000
0.21015228688837842008 0.22161950674225378011
0.20666080005612091908 0.22409374912047955175
0.18815396000243511665 0.22520091741023262610
0.21468345534088928428 0.22554019048542142678
0.20797316360583992245 0.22601490942285032415
0.19200977861667264945 0.22659849043113197697
0.16158105061754196585 0.22683644744666642268
0.18539366742247564979 0.22774155508408544524
0.21899668331252580833 0.22779599133370884156
0.22408072512148785593 0.22810517658311227351
0.22299123182363975171 0.22827943693152638605
0.16109151610335550875 0.22882694376768972222
0.21612832302415402319 0.22927314088837993933
0.22985569163028377049 0.23048748914045508185
0.21266126754198558246 0.23214551618386164433
0.19825612872144254828 0.23233015257827555056
0.22260152844543626416 0.23239710757876316793
0.19289288286831665631 0.23278134083638982177
0.13240926997120944231 0.23304093639603254418
0.21617198380022190074 0.23343819720596012401
0.19511526549774108052 0.23427597003113323493
0.18409142106173323472 0.23430348481541354855
0.19354032511710059228 0.23705785021211886465
0.22950402029210048571 0.23783320792889664497
0.18261124687055918514 0.23891958146153702280
0.22948848960990939072 0.23915021057997995491
0.19010512010284483231 0.24167306451730644068
0.20727782938912078792 0.24302685736002749284
0.22529248165002790927 0.24306295291086368882
0.20198180081663197338 0.24308157386042894554
0.23943924895454751778 0.24326244491583118301
0.23241081638605043391 0.24332869490910577492
0.18656775868148883779 0.24938212717369831473
0.17368047766868960347 0.24950406197072561021
0.20298229089732996999 0.25000369151055096273
0.16562523976732823616 0.25333232520109405517
0.20888403928687504507 0.25378889316945640875
0.21594269090558618207 0.25415755192499978055
0.21325749663354232055 0.25436045629085690667
0.15574939173929283620 0.25438091055997591461
0.21695180447873443907 0.25574034464403794242
0.24048697884068553909 0.25611820591455097818
0.20733106674741180742 0.25632942360258198500
0.24661079676874353428 0.25777308859227132665
0.14944443366461185319 0.25794605500353773309
0.21378548790694537618 0.25803197561333046650
0.17734222911894384489 0.26190243810447355610
0.18899527103840391140 0.26335929223141119060
0.19165566149048499089 0.26347319084485759655
0.17112159517375069573 0.26358197993288812189
0.22255129041081281316 0.26424920249274719275
0.18518771022185037678 0.26843524431463222646
0.18592757148789956778 0.27067341200680444802
0.24990529087278562370 0.27105072852842881925
0.26788936497572612971 0.27149876961843616430
0.25241058746895378428 0.27276808956153014707
0.17787370353256040656 0.27318437511976423338
0.16795718376989118847 0.27434031164484540266
0.24599539741179834995 0.27721106603890172115
0.24457973131977292502 0.27985637788178591157
0.24493359702643205389 0.28002929111877217228
0.20068501344968125988 0.28043816125427800667
0.18744961653873071228 0.28150928283162346411
0.27169967381077225754 0.28216937786164708601
0.20067945592022257140 0.28259361587969583640
0.28154263608618884662 0.28594020826133020874
0.18487089186409044750 0.28644225899234870836
0.24866826241781486706 0.28807300913320099678
0.22252063979504191349 0.28836499154302874803
0.21926056970479537722 0.28860114444629170194
0.17556479919426259961 0.28996403145950722102
0.24625282911644344463 0.29011591861665558811
0.25800572995393045161 0.29582375917054992698
0.26177620081930447204 0.29619054403896688532
0.27468180392107560683 0.29619054403896688532
0.24639601781908679334 0.29621354113749237547
0.17704573592137307081 0.30179461783891126103
0.29066513974714552893 0.30303040519502305594
0.21638171106046266701 0.30342556583973717688
0.21279901047121693725 0.30355511904992960037
0.26334879940509720031 0.30374287030682090016
0.25352186388265518513 0.30536261182073343168
0.23279927386107959753 0.30791642437671395971
0.20292684093444193771 0.31064552403592365915
0.23107210762527041759 0.31415507967857903004
0.31136075525786166551 0.31646523820358563039
0.19550874112539023963 0.31646523820358563039
0.25276002436331224121 0.31850073578151594234
0.20038657317643654432 0.31985036263498234366
0.16121969276177092190 0.32156259796637653992
0.19655004636679576646 0.32289476231338454237
0.24521518585792187461 0.32331548426783329742
0.29211439251447579579 0.32799746953555053430
0.27407016487112068059 0.32952466266165836295
0.18995234766636862056 0.33219339226284250177
0.19800433691042026996 0.33425647539927139107
0.23427814159466792132 0.33548340783223457029
0.14419765704236139903 0.33696868828356651981
0.34285831914475239923 0.34338074843587823581
0.26439138751839819097 0.34375646882144056393
0.32444008598537293908 0.35385410993068266983
0.24778062473731357618 0.35423227180007132997
0.20974043417695498182 0.35570254447595889280
