0.07258125862360577385 0.07339019360204081244
0.08698269725950266706 0.09263112671269381482
0.09769373536332162655 0.10072364592151612783
0.07949059535545216493 0.10529438930820626819
0.09878110100167442065 0.10579129883213554686
0.10272935566668088547 0.10651232316643921560
0.10006542387928975268 0.10688090203082031837
0.10067612219436847254 0.10748899484462558218
0.10622627551984376026 0.11348361838601116192
0.11161145819592775685 0.11410412905928681015
0.10367667349422134138 0.11773043666448339273
0.11746734872806458005 0.11864409962088670603
0.09520995912065442768 0.11906910362248698809
0.11507875130545425213 0.11929552571725862697
0.09464606533243166697 0.12047202130061275549
0.11856487670285874303 0.12092194535049649584
0.11185024334683832392 0.12219134772611324469
0.10215324007176077026 0.12423071359923824886
0.11302552007497880526 0.12582766714781998263
0.12126570910791732716 0.12602133562226455754
0.11761223857615810129 0.12621400019513323576
0.12873746802072158490 0.12900254479622300097
0.12305726637901288900 0.13015516432751408904
0.12225287847032599575 0.13037100986933991553
0.12911990302935683061 0.13198805756647380427
0.12039712775302460757 0.13259708821634177967
0.13050730443044730733 0.13339792270878814140
0.12726296785645899168 0.13339792270878814140
0.11174600578587517985 0.13396399699862920896
0.10968978716401625584 0.13429558437152327999
0.13056635554091491902 0.13487261955838977801
0.12259202510295715005 0.13489209591367118390
0.12223761408824596053 0.13578011062785749763
0.13357617454939324508 0.13626878999858241248
0.13219138637344346465 0.13858291375184261796
0.11190206636790180073 0.13963603881212396929
0.11322509066271094214 0.13991051513433183651
0.13654082040567513956 0.14036687614704740357
0.12022921637311882737 0.14145923394449577692
0.13241816631186886788 0.14390629622301537305
0.12512408191920273981 0.14414169979413890554
0.12390020364570365763 0.14503395678080047149
0.14592844755544714941 0.14727028162011956969
0.10405198510095609032 0.14807093907064361460
0.11201461318010720591 0.14846718404212919107
0.11721553332256709479 0.14879979662847520050
0.14268773856931871169 0.14880078696393023163
0.14480406752183705432 0.14902317447266286154
0.14312411454534795796 0.14978969975084932553
0.13423192501137692911 0.15010867912537148583
0.10530438060667933475 0.15166881496357834114
0.13425481353189297473 0.15241362588706930392
0.15014137283891898500 0.15309932299181208681
0.12020100282966476868 0.15368204241663305232
0.13453506729979192169 0.15377783271785058772
0.11341040751684954013 0.15399265338710502182
0.13365207543909238264 0.15440199528468254164
0.14993199167991388965 0.15516597686422739510
0.13120180345686188739 0.15618717035035473151
0.14591914948831136156 0.15791462910115183771
0.13025048263926733427 0.15827633148663367013
0.15614975678225964661 0.15832203588276555495
0.15378238605037075626 0.15951241874586138958
0.15741361462037953278 0.16074229850966320621
0.11454520452990907264 0.16077515842894340992
0.14913961610283046899 0.16089395018283822458
0.14913625404275843156 0.16108862067958384934
0.15878438670252931209 0.16120779886704886263
0.15330903055576933225 0.16134253280372848338
0.12155930580463687740 0.16187064262013758920
0.15314644486068410001 0.16199952595664271482
0.15755613173197619004 0.16216078563468311335
0.11089734673319855129 0.16232314317189550090
0.15781651005352861916 0.16345262481176961455
0.13971847541912696400 0.16353986463283592956
0.11290473150539487301 0.16356274289521324783
0.16324697338173685401 0.16373039325757204887
0.14936727395390789197 0.16380139296824688944
0.13883193687265960037 0.16389253540691209321
0.14215123932790574290 0.16398671624092922561
0.14829729046620390709 0.16443803063571679757
0.14276171890025118882 0.16464429736748015243
0.15553208978643442983 0.16517993109224349269
0.14225505347249314814 0.16629662887980228847
0.14747091909565976375 0.16650950992974569709
0.16318142275354749482 0.16706186983014073566
0.13810256607326240608 0.16707854851183254197
0.16147945532399152202 0.16726649175197483288
0.13288088597486055753 0.16737433262085110730
0.11887603190204613923 0.16737433262085110730
0.14189813395339312407 0.16805179563162003786
0.16751545882344948124 0.16816133751678843944
0.15662923551705312808 0.16849982630396151406
0.16529930026791164743 0.16853990842961275032
0.16069205973888672778 0.16853990842961275032
0.15163881201447826363 0.16863742095036482471
0.14232057250944776805 0.16967215377832151058
0.16414461540079708368 0.16972852039922051159
0.15076384561933112161 0.16982294445800513727
0.13935371093549731025 0.17036009756869072151
0.14216981368723430323 0.17040826019176955053
0.15419479930492538400 0.17052184974380968363
0.14575212057764647122 0.17063492118338807746
0.15159468510627657767 0.17149109046349986230
0.15136002365962791805 0.17260684981882851163
0.13598121101676169387 0.17280248847057072537
0.14875089489382900543 0.17303605361672552698
0.14232297371060015356 0.17411093606530475553
0.15136830299088357976 0.17464441177755180012
0.16433475957021401181 0.17470930088080069420
0.15657835580005083354 0.17526607090607973505
0.15841999080789698207 0.17571440030457710635
0.12816246254188806697 0.17586849500391954493
0.13805020499211317908 0.17587597449509756453
0.15865149273476170100 0.17629812509754477778
0.13274910836747327858 0.17695659910417860239
0.14654865983982834354 0.17730655825850208385
0.17482439562784518605 0.17754129843409149903
0.13253769038490798016 0.17754129843409149903
0.16009880158220890500 0.17830553846948871133
0.15072659575215985317 0.17853759035861882509
0.14076056287215474305 0.17860942466378559867
0.16465656650714982634 0.17894094676849894854
0.17223231699798138838 0.17921072858792813642
0.17695027833524809568 0.17941807532388334701
0.13550668406406929378 0.17989827395902602269
0.16090427678595903282 0.18018400591367372821
0.17365196025115478551 0.18021781484573240473
0.17839567207792439429 0.18076759033963826773
0.14575327902183518591 0.18151665224050847480
0.17094164032736777759 0.18187570601582969676
0.17483290618676045058 0.18190748668621625761
0.17874182678493596987 0.18205231664879495401
0.17960718792790500431 0.18231960156538182249
0.11714949478302733032 0.18268302215849333003
0.17475220594219653680 0.18288278075865860295
0.10771413515002502270 0.18291408443012499574
0.17047202297578054053 0.18295306579736042574
0.13124900556824681264 0.18310832179812999709
0.16016037137236432963 0.18321828057965056091
0.13227914215642883056 0.18331502675059957452
0.14240099756070870307 0.18389596880598166329
0.17200695397362925076 0.18391588410038192669
0.15815230895627385710 0.18400333010537270328
0.13740079638425406472 0.18403069156212875646
0.16305736536858159158 0.18444783357374355814
0.14964096490286485364 0.18451087872465868345
0.14559449726144033099 0.18491768555387852468
0.15362731265259182978 0.18558217794107462195
0.13549242101550479367 0.18612397577598749354
0.17516304370982482830 0.18649441150620324481
0.13470545494628596850 0.18681521361996666908
0.13731905516229186981 0.18682396414194854528
0.17486624101630740546 0.18687325406485436052
0.17222497745161580163 0.18711176820792624342
0.14776802146415826678 0.18713418098910244991
0.18635946566489328124 0.18792983687222403200
0.18740553259247105800 0.18832080036967016601
0.16613711599684108378 0.18884150778102246071
0.13165708258125494168 0.18893143687038221890
0.16297236516978205745 0.18909975609324203294
0.13123916134866719929 0.18955319207584134245
0.12525752971844111849 0.18959373182818900494
0.12640065290183052915 0.19002087623354296797
0.16270520054068077220 0.19035878719938453818
0.17950599784654691637 0.19091065529907214060
0.13559755042698415362 0.19164002615608877189
0.12565958741335192528 0.19266675627848997565
0.17452496812947615457 0.19412206227517458945
0.14152336389853592546 0.19430551304812002100
0.19081795202695919778 0.19538423022717160693
0.12915722922108835435 0.19557851324735264775
0.16097361321799880107 0.19565367545221296064
0.15359539934303298447 0.19606031676740354186
0.14076747974004830133 0.19607251274731535284
0.12732914203551340404 0.19651406001238141963
0.17161295135386445132 0.19658133237782260405
0.13451652968474936412 0.19663573539985992888
0.14108255639962358208 0.19701105761553142082
0.13123596166273887587 0.19746410180251930400
0.15592044016328848732 0.19821630988386290673
0.17875081876124268576 0.19822759791048766287
0.16129420340893022012 0.19847160872050512159
0.14726393571153065243 0.19848592363220118884
0.13411216626317729039 0.20003879649429470722
0.15507859185607356101 0.20051750215222916007
0.19881038947668272510 0.20235694951074839620
0.15652983484950630522 0.20287593728460820430
0.18473971860356083741 0.20408574308522089980
0.15846616310014524642 0.20436198699848082128
0.14007728242626688031 0.20449276645455535806
0.14846439154120213977 0.20586826862510382297
0.19339149434363256397 0.20611628693723632599
0.15144677341101100976 0.20626589766701280970
0.13680343348917911594 0.20633005207831939254
0.13202403095964079793 0.20639820447985302021
0.12621017218475930055 0.20705951046086593093
0.20338529519284417879 0.20727265008328127349
0.20649381936689262251 0.20739426614345995992
0.15051684923684513495 0.20754932443902712746
0.20488036070508483522 0.20754932443902712746
0.20194621620659192196 0.20761692913457566179
0.17983545802865200103 0.20835028780497696910
0.19588423252094885885 0.20874677419485920815
0.20555290661068512104 0.20894296897187369932
0.15812435620804135561 0.21119827222532591704
0.14867206955404191349 0.21176543682566176252
0.14015299136246023304 0.21224824434179256905
0.12537037325558889056 0.21253488427433397945
0.16084500772405596614 0.21370628262220370264
0.20649232339665601899 0.21611981710022776237
0.12439349617232732526 0.21663867072633449795
0.15309946427822554438 0.21831312325931220841
0.14790402698204832554 0.21839306658331333888
0.21924958444637174249 0.22022055340956861458
0.16217203345651304280 0.23015571647292470958
0.21905451399259320833 0.23031072517361933505
0.22611116451846480224 0.23830839950881838041
0.18702825556658006501 0.23935612076496057266
0.22867160573165387638 0.24291904766944086291
