0.00000000000000000000 0.00146855371646805008
0.00000000000000000000 0.00181136543896913698
0.00000000000000000000 0.00233856084376765552
0.00000000000000000000 0.00240518189933586852
0.00000000000000000000 0.00291348106582110539
0.00000000000000000000 0.00307095669149443995
0.00000000000000000000 0.00320775923259232270
0.00000000000000000000 0.00326961198950288193
0.00000000000000000000 0.00367503210116029103
0.00000000000000000000 0.00372831772036269276
0.00000000000000000000 0.00377387696985432555
0.00000000000000000000 0.00381722903246754352
0.00000000000000000000 0.00403370997992404980
0.00000000000000000000 0.00423268386227729481
0.00000000000000000000 0.00428744436525642716
0.00000000000000000000 0.00449091196754379009
0.00000000000000000000 0.00464450192068438170
0.00000000000000000000 0.00488303019432297265
0.00000000000000000000 0.00494863376061910939
0.00000000000000000000 0.00507677103489212293
0.00000000000000000000 0.00525648349375650113
0.00000000000000000000 0.00536218830806554740
0.00000000000000000000 0.00537256842033941463
0.00000000000000000000 0.00553411584821371025
0.00000000000000000000 0.00591714358007506668
0.00000000000000000000 0.00602970538758259688
0.00000000000000000000 0.00605777584256038219
0.00000000000000000000 0.00612595664450825330
0.00000000000000000000 0.00620218460557647386
0.00000000000000000000 0.00630879519947916741
0.00000000000000000000 0.00634628136395140510
0.00000000000000000000 0.00639961760946980082
0.00000000000000000000 0.00642480429297453363
0.00000000000000000000 0.00656831698716876019
0.00000000000000000000 0.00685279550824160425
0.00000000000000000000 0.00695468257597283996
0.00000000000000000000 0.00701977246388031141
0.00000000000000000000 0.00703489306489012752
0.00000000000000000000 0.00706561578690109975
0.00000000000000000000 0.00732736620086720490
0.00000000000000000000 0.00737170632150249173
0.00000000000000000000 0.00743913093484578191
0.00000000000000000000 0.00744804128359749171
0.00000000000000000000 0.00749262869150388137
0.00000000000000000000 0.00755408976110278404
0.00000000000000000000 0.00755522998932605609
0.00000000000000000000 0.00759106324659344824
0.00000000000000000000 0.00760310187514612323
0.00000000000000000000 0.00783722612747818868
0.00000000000000000000 0.00785278009239779792
0.00000000000000000000 0.00795703845004207093
0.00000000000000000000 0.00796541362962882062
0.00000000000000000000 0.00806037130035908850
0.00000000000000000000 0.00806810809387253046
0.00000000000000000000 0.00814868195370442409
0.00000000000000000000 0.00817192705656731404
0.00000000000000000000 0.00820479489137549735
0.00000000000000000000 0.00836340011192664677
0.00000000000000000000 0.00837220380035080119
0.00000000000000000000 0.00845470313413721440
0.00000000000000000000 0.00850563855213367324
0.00000000000000000000 0.00857709042025605120
0.00000000000000000000 0.00859820594209239307
0.00000000000000000000 0.00867369297778396511
0.00000000000000000000 0.00869216148587642796
0.00000000000000000000 0.00881576346907190535
0.00000000000000000000 0.00887444471922180234
0.00000000000000000000 0.00922349923637820479
0.00000000000000000000 0.00927755477537098826
0.00000000000000000000 0.00934428649557108269
0.00000000000000000000 0.00944512519352855989
0.00000000000000000000 0.00958534121876797145
0.00000000000000000000 0.00960822093862211818
0.00000000000000000000 0.00961893663528807889
0.00000000000000000000 0.00971478857571469318
0.00000000000000000000 0.00975139473058423203
0.00000000000000000000 0.00986147620533968199
0.00000000000000000000 0.00990826392164313730
0.00000000000000000000 0.00992917590292036537
0.00000000000000000000 0.01001617634778931461
0.00000000000000000000 0.01004732199256918104
0.00000000000000000000 0.01015089597253714462
0.00000000000000000000 0.01016735866555885763
0.00000000000000000000 0.01042382742792091060
0.00000000000000000000 0.01047785409089393299
0.00000000000000000000 0.01052268360206301372
0.00000000000000000000 0.01055998607149844469
0.00000000000000000000 0.01059205771360116274
0.00000000000000000000 0.01060209374360727812
0.00000000000000000000 0.01076985953117902232
0.00000000000000000000 0.01094217281406641672
0.00000000000000000000 0.01094697991137326930
0.00000000000000000000 0.01106723912022945441
0.00000000000000000000 0.01110016871951199913
0.00000000000000000000 0.01112649569041941795
0.00000000000000000000 0.01120027637374564934
0.00000000000000000000 0.01156189025385668222
0.00000000000000000000 0.01158502496247708693
0.00000000000000000000 0.01184883517468498550
0.00000000000000000000 0.01191182118404851380
0.00000000000000000000 0.01195912691224305067
0.00000000000000000000 0.01201903341271051522
0.00000000000000000000 0.01208280475118539594
0.00000000000000000000 0.01214497989704814082
0.00000000000000000000 0.01232787721212881375
0.00000000000000000000 0.01241415035346656905
0.00000000000000000000 0.01256527803481754905
0.00000000000000000000 0.01258202649748534074
0.00000000000000000000 0.01264169767175862477
0.00000000000000000000 0.01264355539944911518
0.00000000000000000000 0.01277794585416944587
0.00000000000000000000 0.01285002671885213978
0.00000000000000000000 0.01289322366018064332
0.00000000000000000000 0.01294333668991203869
0.00000000000000000000 0.01308255087254975475
0.00000000000000000000 0.01313771007252204082
0.00000000000000000000 0.01331035984046200632
0.00000000000000000000 0.01331448850185906058
0.00000000000000000000 0.01332607805741948398
0.00000000000000000000 0.01333263716428753805
0.00000000000000000000 0.01342791147694112272
0.00000000000000000000 0.01345262248500975547
0.00000000000000000000 0.01351508153072782624
0.00000000000000000000 0.01354306542563445646
0.00000000000000000000 0.01355861541774088484
0.00000000000000000000 0.01355961870942913074
0.00000000000000000000 0.01357778965806235444
0.00000000000000000000 0.01360506311236208375
0.00000000000000000000 0.01361850106572531395
0.00000000000000000000 0.01369038377637827111
0.00000000000000000000 0.01371843075863920375
0.00000000000000000000 0.01373260814230451050
0.00000000000000000000 0.01376210802178385283
0.00000000000000000000 0.01378547350280314755
0.00000000000000000000 0.01390969682397222469
0.00000000000000000000 0.01408839550378768526
0.00000000000000000000 0.01425273253792565253
0.00000000000000000000 0.01428365647505950263
0.00000000000000000000 0.01434744454657869116
0.00000000000000000000 0.01457581236902791635
0.00000000000000000000 0.01462087883056663318
0.00000000000000000000 0.01464381875751179403
0.00000000000000000000 0.01484049313455517403
0.00000000000000000000 0.01487826661690331773
0.00000000000000000000 0.01528844540172433035
0.00000000000000000000 0.01533681870210223605
0.00000000000000000000 0.01553414981929366473
0.00000000000000000000 0.01565771145333279615
0.00000000000000000000 0.01573498132283423709
0.00000000000000000000 0.01587853452127678880
0.00000000000000000000 0.01598090963816938687
0.00000000000000000000 0.01603547185590665711
0.00000000000000000000 0.01604458718898715483
0.00000000000000000000 0.01612965508733337633
0.00000000000000000000 0.01632934624987349148
0.00000000000000000000 0.01636342343151438866
0.00000000000000000000 0.01646548651444342329
0.00000000000000000000 0.01654116563136576526
0.00000000000000000000 0.01654419139132554117
0.00000000000000000000 0.01658015314912790125
0.00000000000000000000 0.01673906705019713448
0.00000000000000000000 0.01684689958007962174
0.00000000000000000000 0.01699844740610983659
0.00000000000000000000 0.01700774400845374290
0.00000000000000000000 0.01701417973968295111
0.00000000000000000000 0.01704623894855127053
0.00000000000000000000 0.01707270524584124025
0.00000000000000000000 0.01709550376625497414
0.00000000000000000000 0.01723597619551843485
0.00000000000000000000 0.01723964585630994098
0.00000000000000000000 0.01730335228847734719
0.00000000000000000000 0.01731805608659292561
0.00000000000000000000 0.01732032179231100116
0.00000000000000000000 0.01744845728310224012
0.00000000000000000000 0.01795813156032199237
0.00000000000000000000 0.01820472228886754057
0.00000000000000000000 0.01824190649247493454
0.00000000000000000000 0.01826222430930652535
0.00000000000000000000 0.01832676351778309357
0.00000000000000000000 0.01833350742153753640
0.00000000000000000000 0.01844815511826465929
0.00000000000000000000 0.01847384155908028680
0.00000000000000000000 0.01849414668957889002
0.00000000000000000000 0.01851944193740536274
0.00000000000000000000 0.01862610241305382580
0.00000000000000000000 0.01864239577165550249
0.00000000000000000000 0.01881076898209646520
0.00000000000000000000 0.01886109780472981431
0.00000000000000000000 0.01886430050366365643
0.00000000000000000000 0.01891510223926067685
0.00000000000000000000 0.01891552902245522902
0.00000000000000000000 0.01896015291851863363
0.00000000000000000000 0.01899234238753147799
0.00000000000000000000 0.01926493592174695346
0.00000000000000000000 0.01929740597172023217
0.00000000000000000000 0.01930615100536258247
0.00000000000000000000 0.01938693278096571479
0.00000000000000000000 0.01951743681781340292
0.00000000000000000000 0.01952694795394572386
0.00000000000000000000 0.01961442075332648846
0.00000000000000000000 0.01969221810377267193
0.00000000000000000000 0.01979032895890201274
0.00000000000000000000 0.01984051359792194866
0.00000000000000000000 0.01986491464234757531
0.00000000000000000000 0.01987399920393441780
0.00000000000000000000 0.01989935349184198538
0.00000000000000000000 0.01992325923230072945
0.00000000000000000000 0.01995397719992449137
0.00000000000000000000 0.02010121519124796058
0.00000000000000000000 0.02010506098213961715
0.00000000000000000000 0.02012172075795282816
0.00000000000000000000 0.02013487487337327006
0.00000000000000000000 0.02015403363921574806
0.00000000000000000000 0.02028178604003755617
0.00000000000000000000 0.02037013359733575238
0.00000000000000000000 0.02042393076126183468
0.00000000000000000000 0.02045614262147962825
0.00000000000000000000 0.02049122753580841227
0.00000000000000000000 0.02053111695458390007
0.00000000000000000000 0.02057128015161257401
0.00000000000000000000 0.02062549454718010447
0.00000000000000000000 0.02086004017596832308
0.00000000000000000000 0.02086258434432231024
0.00000000000000000000 0.02088247409433233864
0.00000000000000000000 0.02089128547780831971
0.00000000000000000000 0.02090167815700130424
0.00000000000000000000 0.02094653529905996653
0.00000000000000000000 0.02096361636579606100
0.00000000000000000000 0.02100529285689464731
0.00000000000000000000 0.02104881237697242558
0.00000000000000000000 0.02125327601780543224
0.00000000000000000000 0.02126094335491256204
0.00000000000000000000 0.02133067475129396193
0.00000000000000000000 0.02135317360025231967
0.00000000000000000000 0.02135901593451465519
0.00000000000000000000 0.02139853414348151170
0.00000000000000000000 0.02145034889190905805
0.00000000000000000000 0.02148446687575958705
0.00000000000000000000 0.02153581183325356183
0.00000000000000000000 0.02156764830665553259
0.00000000000000000000 0.02157012882410366122
0.00000000000000000000 0.02162818531396403302
0.00000000000000000000 0.02165855316565772071
0.00000000000000000000 0.02172916681789165486
0.00000000000000000000 0.02177917223671620162
0.00000000000000000000 0.02183703495848257625
0.00000000000000000000 0.02200050099996068639
0.00000000000000000000 0.02210706342469251351
0.00000000000000000000 0.02214500156515313359
0.00000000000000000000 0.02217487875515938844
0.00000000000000000000 0.02218352946794187666
0.00000000000000000000 0.02219364755694928568
0.00000000000000000000 0.02221532330445457823
0.00000000000000000000 0.02228433736343465171
0.00000000000000000000 0.02229659318458671394
0.00000000000000000000 0.02230364097505925167
0.00000000000000000000 0.02234773898282290880
0.00000000000000000000 0.02235921961298839578
0.00000000000000000000 0.02256171541082512000
0.00000000000000000000 0.02263303741057325763
0.00000000000000000000 0.02269753134188032609
0.00000000000000000000 0.02277825614762752152
0.00000000000000000000 0.02282792993261524225
0.00000000000000000000 0.02284049327088359671
0.00000000000000000000 0.02284764002374235770
0.00000000000000000000 0.02290190183859285369
0.00000000000000000000 0.02291601587067383650
0.00000000000000000000 0.02293269673653310428
0.00000000000000000000 0.02297479181164121045
0.00000000000000000000 0.02303679934538108848
0.00000000000000000000 0.02306188073531724447
0.00000000000000000000 0.02322505555971837721
0.00000000000000000000 0.02326197390319628688
0.00000000000000000000 0.02332646176354484166
0.00000000000000000000 0.02332928217541006127
0.00000000000000000000 0.02338236555788874085
0.00000000000000000000 0.02346676629598561450
0.00000000000000000000 0.02351936589365545907
0.00000000000000000000 0.02352577609854978810
0.00000000000000000000 0.02352935694035326875
0.00000000000000000000 0.02359808735862407858
0.00000000000000000000 0.02363452971485509313
0.00000000000000000000 0.02370875215290680141
0.00000000000000000000 0.02374519469951398912
0.00000000000000000000 0.02382840368089592792
0.00000000000000000000 0.02386807649310609611
0.00000000000000000000 0.02389365828780398021
0.00000000000000000000 0.02395487499085042354
0.00000000000000000000 0.02399135280584300395
0.00000000000000000000 0.02400477783715032273
0.00000000000000000000 0.02409873657729285495
0.00000000000000000000 0.02410342883204882880
0.00000000000000000000 0.02411564703862932244
0.00000000000000000000 0.02412684085128087574
0.00000000000000000000 0.02413583179601464998
0.00000000000000000000 0.02416097050545300967
0.00000000000000000000 0.02418719800415880181
0.00000000000000000000 0.02432664064146283431
0.00000000000000000000 0.02434281004406659010
0.00000000000000000000 0.02457815613250415726
0.00000000000000000000 0.02458440959162744646
0.00000000000000000000 0.02460008176672359714
0.00000000000000000000 0.02460379857756677530
0.00000000000000000000 0.02480319104205729389
0.00000000000000000000 0.02480406589932975664
0.00000000000000000000 0.02496220783442004709
0.00000000000000000000 0.02499979052148376679
0.00000000000000000000 0.02501806512411891906
0.00000000000000000000 0.02502823753512711455
0.00000000000000000000 0.02506121439948035684
0.00000000000000000000 0.02508365862671272858
0.00000000000000000000 0.02513895888622575889
0.00000000000000000000 0.02525328496746473764
0.00000000000000000000 0.02526556771450578012
0.00000000000000000000 0.02535442548692548592
0.00000000000000000000 0.02536372276596410638
0.00000000000000000000 0.02539615534138249878
0.00000000000000000000 0.02540759903911193537
0.00000000000000000000 0.02546416232077786806
0.00000000000000000000 0.02547453326725377873
0.00000000000000000000 0.02555503205198062303
0.00000000000000000000 0.02561949077772857422
0.00000000000000000000 0.02564614195403653110
0.00000000000000000000 0.02589167781366140050
0.00000000000000000000 0.02593922443597844810
0.00000000000000000000 0.02595494771437049930
0.00000000000000000000 0.02625915437865523200
0.00000000000000000000 0.02635223131891047121
0.00000000000000000000 0.02644803118358517516
0.00000000000000000000 0.02648969922803630708
0.00000000000000000000 0.02649591308136086537
0.00000000000000000000 0.02658513398891717769
0.00000000000000000000 0.02669384390231339596
0.00000000000000000000 0.02678099443492909168
0.00000000000000000000 0.02680927361175708748
0.00000000000000000000 0.02688712275481471362
0.00000000000000000000 0.02689792419937203638
0.00000000000000000000 0.02692100790239528724
0.00000000000000000000 0.02693539879360684619
0.00000000000000000000 0.02694676747055720425
0.00000000000000000000 0.02701420452361957478
0.00000000000000000000 0.02703643593110461457
0.00000000000000000000 0.02715723598784974130
0.00000000000000000000 0.02719286082707246879
0.00000000000000000000 0.02724609145059859322
0.00000000000000000000 0.02728684776885693594
0.00000000000000000000 0.02728800889162989740
0.00000000000000000000 0.02730071362734280693
0.00000000000000000000 0.02766940780858258286
0.00000000000000000000 0.02775709002576949580
0.00000000000000000000 0.02784365324461254843
0.00000000000000000000 0.02784721500367921473
0.00000000000000000000 0.02808941983137278400
0.00000000000000000000 0.02809176235774191871
0.00000000000000000000 0.02816026253228053750
0.00000000000000000000 0.02817532520285142422
0.00000000000000000000 0.02819697835642930722
0.00000000000000000000 0.02820857910594704032
0.00000000000000000000 0.02836358470391579095
0.00000000000000000000 0.02839837663484221300
0.00000000000000000000 0.02852396559703709519
0.00000000000000000000 0.02854425125644615563
0.00000000000000000000 0.02857752620324027770
0.00000000000000000000 0.02864727455981085774
0.00000000000000000000 0.02882245294153785997
0.00000000000000000000 0.02882716343920370752
0.00000000000000000000 0.02894314026015334246
0.00000000000000000000 0.02900709704147023602
0.00000000000000000000 0.02904251365134277035
0.00000000000000000000 0.02911646866856432148
0.00000000000000000000 0.02921894781519794940
0.00000000000000000000 0.02933278375921273898
0.00000000000000000000 0.02962394111581234668
0.00000000000000000000 0.02963970308220519739
0.00000000000000000000 0.02974156216763929050
0.00000000000000000000 0.02976312337837377919
0.00000000000000000000 0.02976450716370029892
0.00000000000000000000 0.02976922831641398356
0.00000000000000000000 0.02986542886916897580
0.00000000000000000000 0.02987520158953941782
0.00000000000000000000 0.03009667318890319951
0.00000000000000000000 0.03013145459278500707
0.00000000000000000000 0.03021928122597459729
0.00000000000000000000 0.03054405755476655507
0.00000000000000000000 0.03061301276963720314
0.00000000000000000000 0.03065653235723934597
0.00000000000000000000 0.03134003657671115273
0.00000000000000000000 0.03149706146728798589
0.00000000000000000000 0.03168980223132707164
0.00000000000000000000 0.03169268138227480242
0.00000000000000000000 0.03173189092551477464
0.00000000000000000000 0.03180954221164309509
0.00000000000000000000 0.03199585376950823262
0.00000000000000000000 0.03227247738652842812
0.00000000000000000000 0.03230942594052710337
0.00000000000000000000 0.03232334415546810752
0.00000000000000000000 0.03234230859957748505
0.00000000000000000000 0.03235093617387461984
0.00000000000000000000 0.03295993977007875136
0.00000000000000000000 0.03323669557233922822
0.00000000000000000000 0.03344382709981665730
0.00000000000000000000 0.03348599437044531835
0.00000000000000000000 0.03353666237657264293
0.00000000000000000000 0.03365162449805958467
0.00000000000000000000 0.03391168536685475882
0.00000000000000000000 0.03395525569052699338
0.00000000000000000000 0.03400916500384526531
0.00000000000000000000 0.03419272824961450824
0.00000000000000000000 0.03422925249723735019
0.00000000000000000000 0.03437300243110838482
0.00000000000000000000 0.03455487893614660189
0.00000000000000000000 0.03455917606247636831
0.00000000000000000000 0.03470432566610632402
0.00000000000000000000 0.03470833972105270837
0.00000000000000000000 0.03471581824331397559
0.00000000000000000000 0.03475963827702156089
0.00000000000000000000 0.03478892636891703360
0.00000000000000000000 0.03481300008376868316
0.00000000000000000000 0.03532229929095685728
0.00000000000000000000 0.03542817381398413734
0.00000000000000000000 0.03544895693633744183
0.00000000000000000000 0.03544896362149818625
0.00000000000000000000 0.03597012282848730674
0.00000000000000000000 0.03612134918096194386
0.00000000000000000000 0.03613203549739364695
0.00000000000000000000 0.03658481657231246048
0.00000000000000000000 0.03677779224786085349
0.00000000000000000000 0.03705758061626822364
0.00000000000000000000 0.03711787371048139161
0.00000000000000000000 0.03756798765138920360
0.00000000000000000000 0.03768437974469144441
0.00000000000000000000 0.03776685412786222329
0.00000000000000000000 0.03791222053904956535
0.00000000000000000000 0.03791505376578314934
0.00000000000000000000 0.03799296146872237906
0.00000000000000000000 0.03807185635465398094
0.00000000000000000000 0.03832968868204288115
0.00000000000000000000 0.03834445725663014615
0.00000000000000000000 0.03842069956650030066
0.00000000000000000000 0.03842227688516976214
0.00000000000000000000 0.03890917945789895693
0.00000000000000000000 0.03909889549750373422
0.00000000000000000000 0.03914728362139016649
0.00000000000000000000 0.03958173473525909009
0.00000000000000000000 0.03961365208842435731
0.00000000000000000000 0.04000013686893081483
0.00000000000000000000 0.04006121435125721553
0.00000000000000000000 0.04019909895708047992
0.00000000000000000000 0.04059188254499340731
0.00000000000000000000 0.04098579503127309370
0.00000000000000000000 0.04134538213910145255
0.00000000000000000000 0.04144807841464774600
0.00000000000000000000 0.04157732858584095581
0.00000000000000000000 0.04159386119672754678
0.00000000000000000000 0.04175042850574380016
0.00000000000000000000 0.04194415287846420953
0.00000000000000000000 0.04209879731271394532
0.00000000000000000000 0.04218028495194290489
0.00000000000000000000 0.04230396207613894982
0.00000000000000000000 0.04235209318290898001
0.00000000000000000000 0.04292527071904036345
0.00000000000000000000 0.04317258511922709985
0.00000000000000000000 0.04322154235049021492
0.00000000000000000000 0.04345908286048572738
0.00000000000000000000 0.04366380962674155236
0.00000000000000000000 0.04376163065438680444
0.00000000000000000000 0.04382053640166598540
0.00000000000000000000 0.04410680341267165377
0.00000000000000000000 0.04412881353004997897
0.00000000000000000000 0.04462748283930701582
0.00000000000000000000 0.04531644689527806330
0.00000000000000000000 0.04563391229493583834
0.00000000000000000000 0.04601206120991679915
0.00000000000000000000 0.04606475514844751012
0.00000000000000000000 0.04626212767428498907
0.00000000000000000000 0.04633166261485621717
0.00000000000000000000 0.04667767552871982667
0.00000000000000000000 0.04704274562076322247
0.00000000000000000000 0.04760092407198205505
0.00000000000000000000 0.04772674862504593107
0.00000000000000000000 0.04886185967472411046
0.00000000000000000000 0.04964733106171594773
0.00000000000000000000 0.04974817509063647614
0.00000000000000000000 0.04991628760958350536
0.00000000000000000000 0.04992805796296968801
0.00000000000000000000 0.05014659966822861137
0.00000000000000000000 0.05062110201634934664
0.00000000000000000000 0.05169881763306648226
0.00000000000000000000 0.05189934409369195006
0.00000000000000000000 0.05222577937188541131
0.00000000000000000000 0.05277468871685565138
0.00000000000000000000 0.05555362755244350192
0.00000000000000000000 0.05907002691069965922
0.00000000000000000000 0.05980635029485174836
0.00000000000000000000 0.06277753765960737697
0.00000000000000000000 0.08090158838760780347
0.00000000000000000000 0.08518736333763467228
0.00000000000000000000 0.08558965542583170383
0.00000000000000000000 0.08730701992043356230
0.00000000000000000000 1.73205080756887719318
