0.02135093455503736179 0.02180014110290250107
0.01893015528216427518 0.02194678105935740989
0.01944687693897222472 0.02404700144235992140
0.02049472812208064446 0.02427045505786061194
0.02371265902254300617 0.02443011079046757822
0.02391092402190049537 0.02512198953698457915
0.02380363803968909078 0.02566914866045843374
0.02549103732552646107 0.02617324171983863301
0.02484489325994293854 0.02669753270908691370
0.01960825604806697153 0.02698665174273827058
0.02459789035560315182 0.02728073366688699153
0.02531252602781280600 0.02734927349956331813
0.02665408028831488252 0.02739351539805585586
0.02765859084579701255 0.02790627539189220394
0.02660624840810146136 0.02857763011951569565
0.02719967750033836645 0.02894401846766785774
0.02391025270257662524 0.02937388459052048262
0.02914156978679770249 0.02998163122889059215
0.02574340262933804205 0.03023927048925411157
0.02175254892109565810 0.03039231586885707617
0.02838800469959734327 0.03062210703428780087
0.02454045929449368696 0.03101230022152555096
0.02988599031329290320 0.03106059740012533099
0.02799164404152181332 0.03116130823156940469
0.02895250368151333284 0.03140898656693746210
0.03014789461528078265 0.03141993136912122481
0.03095585038589009769 0.03143876615538294950
0.02983835527520393993 0.03159583734042265696
0.03009132714426403579 0.03165621796723522979
0.03147810894533464160 0.03175441165337513499
0.03015108417913951039 0.03175568477764195707
0.02554168732565306396 0.03186139480561141907
0.03226636216435835314 0.03256534028207276610
0.02796679744246215182 0.03266680553315722685
0.02880679346913629993 0.03319514099588963957
0.03128174870211920117 0.03324990650495751598
0.03098881643012272799 0.03336585708297263447
0.02937888035884859278 0.03363591170665919394
0.03211407547831646170 0.03376309078810103836
0.03157602220760744732 0.03379005928028466776
0.03211968139576018566 0.03400290111926450309
0.02828049580828703724 0.03431330453585908213
0.02810628981676992211 0.03431394790722457067
0.03324793775832429743 0.03437015205953827118
0.03496850024322369771 0.03497574058797386920
0.03490801906499725604 0.03513340352827984403
0.03415119934244083277 0.03520228957552301585
0.03375396771322534961 0.03520273540835289205
0.03106653103596480198 0.03527136071045088028
0.03408781087640814361 0.03533984252120556113
0.03538076935073949936 0.03543918125707092720
0.03459587721662937126 0.03554242668927656140
0.03219676515869700911 0.03556191754032055063
0.03249700065579584629 0.03569266370709105879
0.03110327823859420845 0.03572456158704521989
0.03351082168415811524 0.03592070950546988328
0.03003331264703495984 0.03602984854925036368
0.02679698820011101532 0.03613517981244562111
0.02984821417638579624 0.03624513788896228245
0.03548840620611692920 0.03629473739507325936
0.02863323689225025573 0.03636358358929776130
0.02474758282412211838 0.03646249839668020548
0.03456601994374979697 0.03649329405145982502
0.03267378591462909154 0.03652183428239899610
0.03614982958943229602 0.03655133533485554337
0.03617456793538893073 0.03670487201162202923
0.03194093283978784864 0.03670531481810543339
0.03478719780511010939 0.03672218026212587666
0.02738889402941961995 0.03699476550898324334
0.03611595833978877707 0.03724560166057741539
0.02694574307532361310 0.03731867348288920444
0.03411449964937383200 0.03741625210945206947
0.02943145345421717407 0.03761273630277850444
0.03497403251026163368 0.03765360890889464518
0.03195338342483626526 0.03767484333552325454
0.03481901565286320971 0.03797984473935818450
0.03604955518459351804 0.03839310073759788500
0.03461894422206385907 0.03847055701955228585
0.03013344486013851478 0.03855402356120135599
0.03211256215652927293 0.03867614677115981808
0.03245839302237163437 0.03896869697436758373
0.03895767328467181906 0.03908181998668523727
0.03192675835468990198 0.03930033770798872783
0.03906936955390503258 0.03970603306153368262
0.02829764659558901829 0.03979626082491362349
0.03629915939279695913 0.03989473373620992108
0.03364897004029269306 0.03990009088429494893
0.03738134497683238966 0.03993732772880147913
0.03860133539976964151 0.04001222318476072015
0.03053172880606478887 0.04031824703226764145
0.03505839687763061957 0.04034018315658385867
0.03871400769024778421 0.04037335594132367839
0.03410262091406915386 0.04038304708148996586
0.03075773114929445523 0.04053917275213329841
0.03993644787036969290 0.04057927024142924527
0.03232388530227423701 0.04068975767719045650
0.03615963211033072083 0.04071823466970159178
0.03225615394888799864 0.04072080203685292388
0.03750283133640671535 0.04081893221840810632
0.03359840055835479344 0.04089723919913951927
0.04048226720859054995 0.04093035485846227561
0.03200973991067989494 0.04114066645759870133
0.03923029007090484549 0.04118514302079481770
0.04073869398422805960 0.04120154044816492361
0.03856789832058825362 0.04124670217972865177
0.02705208501324479070 0.04133068659558084695
0.03705664055062107831 0.04151716895954980086
0.03492433290418794217 0.04181602468025673314
0.02981783633821277410 0.04188651845654244033
0.03349952096718275540 0.04200435781630462023
0.04106131981980538220 0.04205071896589503838
0.03999717348844889636 0.04212805647627800021
0.03290372528284045417 0.04284335101509976346
0.03210263613760386964 0.04286142981502093913
0.03325377354158459697 0.04287651958167999766
0.03496862715812795730 0.04292485767152039861
0.03618969289989108773 0.04329236577877735442
0.03414338750217037199 0.04360643021506958178
0.03866882441468823955 0.04364578165958951650
0.03548306617621235087 0.04367937825970010651
0.04324399309673506581 0.04383178281800131915
0.04271484722568271580 0.04389409790826433871
0.03362196529269264461 0.04404025146812965558
0.04065182301284789301 0.04404432740039617572
0.04348387266904663734 0.04420673736614042643
0.04374390460799715968 0.04425538197527575934
0.03951924072073609295 0.04444218943492312529
0.02939018454702673963 0.04456922128559465124
0.02882993821186732517 0.04497707737404613854
0.04060374091468245406 0.04525692856447168649
0.04346528626752773489 0.04531664142709494053
0.04110665015502486253 0.04573914220287746135
0.04471611413237014387 0.04579258287355540691
0.04200766170679069711 0.04598798436366764025
0.04320658304232791874 0.04619114089420767177
0.03687232386849736282 0.04637214436348163077
0.03842482036156905784 0.04671490542091739223
0.04480916619849317079 0.04693915622866871168
0.04751782088134482579 0.04764691016877448809
0.03846986375357118459 0.04851837378981307958
0.04291276448678361249 0.04867399099154012809
0.04867246432455857308 0.04918930707309692590
0.04665174792768216061 0.04923921582572148015
0.03873349141938508405 0.04924318977960384647
0.04813785701769330433 0.04926997754156912934
0.04215184549781531009 0.04998477488021142723
0.04472080342388039254 0.05005765644246251700
0.04103286022044827508 0.05026469949180240038
0.05005483881411331576 0.05051693351404525772
0.04589860166569880578 0.05075839161106316527
0.03425597463024269984 0.05075839161106316527
0.03912400918420686630 0.05113988771149774459
0.04967132243869018526 0.05126441793253803947
0.04407952450420952323 0.05165087675931200745
0.04045216694900226340 0.05176910790699377346
0.05129972200763430884 0.05246631118972959473
0.04738944533303589279 0.05249092550828426962
0.04641384233552314775 0.05262573013953458084
0.04211606586153136822 0.05273901111314578671
0.05016099164677827182 0.05312657001178344024
0.04230163598250550466 0.05409500599930235076
0.04855655142326358031 0.05450182740816184729
0.05423474815585018621 0.05503083380955547943
0.04572046202261066672 0.05524354708433352329
0.04989093857702865675 0.05535258194926424846
0.05003050224720213823 0.05599215345617062495
0.05387325370051437162 0.05633293712754772198
0.04846662683109951436 0.05651483661148884452
0.05178023748420491901 0.05656098612705949547
0.04927550071012238436 0.05682776445704691010
0.05002287444897753760 0.05731972023089395435
0.05569871227704862454 0.05742748637409973711
0.04560308264380402016 0.05779782976331355321
0.04806218643861710771 0.05826387169066675475
0.04199450876196241661 0.05920553455512533175
0.05137977829351043219 0.05946778178727083614
0.05377215081907463223 0.05950989832937890467
0.05270881493482306585 0.05968152462323902258
0.06300437610370279717 0.06332180558941194470
0.05103350435233598714 0.06343323582078419509
0.06441448416230491358 0.06471592449640518885
0.04791668227247862510 0.06534181985845738394
0.06280838849550533787 0.06550997032601638126
0.06259555312356809842 0.06674589090654069190
0.05835112002549085186 0.06744008976373899733
0.06356819506924622776 0.06892282487429651772
0.06981275624336572005 0.06987134943631374828
0.04682522967551478593 0.07214722365751721767
0.06850477001834844037 0.07443205776058282874
0.07385279877865434661 0.07685775557686318205
0.08683931893392364543 0.09181749985527210001
0.08656288258507517652 0.10096498739222475871
0.11709302438560068027 0.12084118149012226806
0.43073366357815429106 0.45656675091941384403
