0.01108079605602060175 0.01325159524849939437
0.01958679763996967055 0.02060129927015241433
0.01857375500382937167 0.02096257536906091096
0.01849206325582285898 0.02120996763365394500
0.02908365829660210580 0.02971500559253874643
0.03001163151507265162 0.03199158768929696861
0.02847630613280000694 0.03449895694672607677
0.03840626846026925362 0.04190872248284051305
0.03687455262507748077 0.04320266469502596907
0.04606101687897744962 0.04640647184577710582
0.04688162245283852142 0.04737317634521952953
0.04256846544995154802 0.04746207842712973912
0.04345258407494526770 0.04757382339126967064
0.04498951344975623406 0.04843936264623260185
0.04669305885038130266 0.04875918346795306973
0.04706655530123032838 0.04927742549974780534
0.04929166421089137967 0.04957513164295049291
0.05165267216680803630 0.05171443855411891888
0.04942963836231459990 0.05241415452938957831
0.04917384258183893353 0.05281668633671910557
0.05315573003738278957 0.05384717184723131905
0.05678080981567219104 0.05792084815256334090
0.04293585604364046071 0.05832229308563088854
0.04413648196968081305 0.05872246170983767138
0.05387187763856169515 0.05884842530006683531
0.06125867429416505944 0.06188557545486432498
0.05929047439100394723 0.06233723427241179282
0.04582199438684503995 0.06397736538655077188
0.06224515741077270986 0.06417502045271432365
0.05615965794383691312 0.06497374361227710449
0.05998372693058813543 0.06508055717574599830
0.04175615531215098875 0.06548841437522334719
0.06265258836138516696 0.06657056100742950178
0.06239746768345037775 0.06658153934178998035
0.04786010294617992766 0.06710514598799732777
0.06160941469969664214 0.06837356816401032877
0.05688663938440224888 0.06877088317497484504
0.05054321478327562789 0.06881952144680446304
0.06635519288970734286 0.07028405646381129246
0.06968325397254999942 0.07037464706909105083
0.06725347047114901833 0.07064304492523748591
0.05299275471965718409 0.07072679869352498094
0.06065295793025246573 0.07095050275543360319
0.05695471848835757800 0.07164880548952656802
0.04479617666409013016 0.07205824827578727332
0.04427513751146488347 0.07423860593899773985
0.05898689505366439684 0.07447758028822852594
0.06080151879286786742 0.07619824134539773808
0.06679257603112634389 0.07701813952781612349
0.06725160520153576627 0.07711999243979451857
0.06919696615632202341 0.07715967660164838038
0.07382582338912842268 0.07739764140328152242
0.05526973725241624696 0.07795144749769333803
0.06197212806916061606 0.07863303933589305128
0.06818864718352476983 0.07892377382433107824
0.05372172930000820162 0.07897947908141671192
0.07415888975857498622 0.07927179047362044317
0.07384573726728732579 0.07971340011663143044
0.05830432336533316467 0.08094575091237145303
0.07581580067514553933 0.08104548330784643040
0.07978299945836153650 0.08117973329022726281
0.05374998270634112618 0.08126080635131500973
0.07657749576396412350 0.08138813677553773107
0.05567794201014644034 0.08172428086346240905
0.07439868102618013568 0.08306602253389985813
0.06308489367198905073 0.08369281322351901364
0.06771378745404256494 0.08395686832801201038
0.05816779651242694194 0.08431799245834453727
0.07149449164977188242 0.08485996427008833665
0.07583232379290748282 0.08516689287806776532
0.07366418868427729305 0.08665200016601097566
0.08307866284916685939 0.08912481187124160487
0.07644098190403113280 0.08915748425286333656
0.06256619857050094158 0.08950187854873958848
0.07862013537725338896 0.08959994841286716971
0.06759231104286814173 0.08987380785434408159
0.08886518200475582163 0.09189396601401084164
0.09052652097802761644 0.09283996184107511096
0.08392668213811506350 0.09613147925951918971
0.08710106312867248179 0.09631039961868170796
0.07993600036734459235 0.09689481095465320160
0.08945872223353378005 0.09705012558569066361
0.06751307548544761838 0.09836860199565806984
0.09147393189049478346 0.10025301607515033075
0.09084937983399087036 0.10107927661211056625
0.07583532024240582925 0.10294256221685960107
0.08704468955652516771 0.10437548215093481185
0.08689029440301075657 0.10455659056177948885
0.09259739119070861668 0.10577230109462702756
0.06835987490024658664 0.10738739978806120801
0.07234183379136829850 0.10806701388186049084
0.08071557902065235046 0.11109697927450079558
0.07469054626411293640 0.11118216545631483261
0.07210631448424824341 0.11293885393710914600
0.09492509197775705898 0.11339192672045632360
0.10100509288760470272 0.11703964862915326728
0.09246556428452849807 0.11839492973283007038
0.06932147721768096293 0.11894640175048654118
0.09518782756649606103 0.12379369687989463800
0.12372842550699836295 0.12431178375101466227
0.12290704044295026887 0.12653858594419167827
0.09386483936831506447 0.12725354130750449189
0.10736210751183070111 0.12917903239659939141
0.12369701514091230310 0.13147943910566312065
0.12401479622261077362 0.13157253552829625831
0.12655652562454722254 0.14611465131418965857
0.14632511559597000117 0.14953105714490641520
0.12162306167087945374 0.15262548094135489074
0.07129087534891122291 0.43229405587365471453
