0.00984352794284180585 0.01003098597315803947
0.01073565893134624354 0.01190281670590693196
0.01186658976976922263 0.01228008551912197939
0.01113168433490530421 0.01256135315894173557
0.01156829647499241914 0.01283269903589000747
0.01141664259650996237 0.01287759842978828534
0.01267617238261994211 0.01314579046408224927
0.01287571571105816312 0.01321086833353288595
0.01265711707026399326 0.01325230049269241275
0.01185367842122279740 0.01346946219315302284
0.01318411949334805273 0.01351986538104787451
0.01344756526443088331 0.01369423781911353021
0.01311955346181457524 0.01393880122052615182
0.01340323517810337872 0.01408066489130257656
0.01419047785328093197 0.01439689775506349662
0.01378379928348661375 0.01441769485293208607
0.01373408171755293762 0.01452375333261940807
0.01324044064727105535 0.01454504711243258773
0.01178541392822946357 0.01457436828548463667
0.01212295372684216860 0.01485442936946095374
0.01238639311657477489 0.01491647412709838465
0.01400430713635904441 0.01501470607898146986
0.01440136307195132200 0.01507449870869338737
0.01208186886830745106 0.01541730244881870347
0.01368922129784548754 0.01549102537989537065
0.01348554456643465300 0.01556877768328363519
0.01518329729133006088 0.01565081452980525076
0.01377559734916320409 0.01576463991683483071
0.01324071249101213196 0.01588935073356356753
0.01460836631278481131 0.01597576200218114167
0.01605339722741667974 0.01605971872822988325
0.01440815596153770077 0.01612185409180507886
0.01435616001566979161 0.01618420032754077850
0.01037623886280652705 0.01625210440535509657
0.01599363522367167403 0.01634762443208672214
0.01457427565350092116 0.01634866158731857963
0.01416940069744815518 0.01645011596214766489
0.01609646430979025031 0.01646266893550553737
0.01412300795946562666 0.01648022701564911749
0.01652993513077815821 0.01664571621448697122
0.01302088918722882696 0.01666605390712627005
0.01415917661954942293 0.01687914939732062039
0.01640664540910939315 0.01697355532855994095
0.01573181034971730258 0.01700742131739772095
0.01508979048142051679 0.01724666370514126371
0.01224117736726635514 0.01746439687475535851
0.01682451283480863521 0.01755656436268397680
0.01653465270957111405 0.01761551648400452516
0.01782077633540492603 0.01787284775395936443
0.01730609426266277451 0.01792661506910828498
0.01790075533458279633 0.01796018330138511934
0.01747739291083965502 0.01805298076428055870
0.01637671343067602370 0.01808241725068121183
0.01726416946996644358 0.01823230877175108927
0.01782725481633771342 0.01823294999000201616
0.01486003673757462645 0.01849188867905175032
0.01655460714885898660 0.01859456149659245716
0.01432152942397916899 0.01863689706975070123
0.01253750838654557435 0.01864660689757569739
0.01662349598112186633 0.01882872314414989895
0.01666266913244694031 0.01886822399921914833
0.01866377711459831640 0.01891386910704452931
0.01455199094962886935 0.01899216356770389372
0.01887002743566369017 0.01899216356770389372
0.01758107788447224942 0.01900026469234378582
0.01799199836832209368 0.01902997935174456645
0.01897698773384492305 0.01904334226214319734
0.01842598182180478841 0.01916264023992611878
0.01889687971195344596 0.01916762389156475080
0.01491220949487932941 0.01923668016433131150
0.01901625111666907855 0.01931453682929986163
0.01760202729300836336 0.01938178313822248866
0.01883845721800250783 0.01938828087972958511
0.01866164408315862736 0.01942839753485606225
0.01519993236919723115 0.01945368044888102013
0.01247861034913632684 0.01952130976732841319
0.01799225381319449757 0.01953125814140134128
0.01384809168544205889 0.01959528614647356587
0.01836713033749263341 0.01985112353405143679
0.01834368903461038730 0.01998934324302242826
0.01943513251753288887 0.02008466849077005650
0.01876638279040596449 0.02008466849077005650
0.01761988588886691937 0.02046649814561803463
0.01767251578671500886 0.02047882224143977858
0.01850691929951381320 0.02048565454820107032
0.01923982688650741762 0.02048565454820107032
0.01716723906264302352 0.02055654572624236731
0.01860088183119660427 0.02075556642790135284
0.01875692981756464303 0.02078593549602762713
0.01691340763512859391 0.02081063034963558447
0.02088736424951756487 0.02089050952068106232
0.01633105686102707260 0.02102558360830612816
0.01762664298994319478 0.02126142031886537123
0.02059590017099359113 0.02129536982102407661
0.01828851436538334735 0.02153390713707930768
0.02124803305193869937 0.02159902025406661499
0.02080518913242690102 0.02163963969496628809
0.01901599470466904668 0.02172476163013683376
0.01828880249415850215 0.02181117465496454008
0.02010908465945205129 0.02213695403369134174
0.01756245765168704120 0.02230597857329226150
0.02195612338633697383 0.02244501233103292706
0.02097911398431277427 0.02250064843188260416
0.01658472279000335406 0.02252235959083236788
0.02081107826667184801 0.02256045419905278876
0.02166836605894648798 0.02261425846063800163
0.02192290001469189564 0.02265154335978853545
0.02126564106958033981 0.02287396535493613214
0.02258010727889802130 0.02289767524173159582
0.02031389022640359490 0.02290027207715325877
0.02270660660249202226 0.02293502805547843401
0.02070331962586234587 0.02325772542709326693
0.02152002587565133435 0.02351218972671526367
0.02175579535770748654 0.02383125906972703364
0.02374289619566526469 0.02384230140751182961
0.02227123489411335713 0.02386522065878026941
0.01781524361168539822 0.02398707895003725568
0.02404298772255828581 0.02410912719431538426
0.02237432107893781372 0.02415235089051550460
0.02057292832901457327 0.02441452639647670106
0.02177118910396920806 0.02449790184428073114
0.02322747985445013791 0.02449854767070616321
0.01944034754904442122 0.02452882449220334174
0.02135794302411821513 0.02453691579220712224
0.01924578106486763904 0.02461114963538040337
0.02453157533718897110 0.02461481276249955635
0.02309834403350749521 0.02467416951656671575
0.02235777144117158735 0.02485932457295569886
0.02414518080692629187 0.02492010616660646910
0.01741178308027140423 0.02499989452853911345
0.02316154576592232769 0.02506342493818799338
0.02378786056871255716 0.02514604509899216050
0.02392990421775572155 0.02548224603175442901
0.02343556287309724040 0.02549913790303007244
0.02137893913889562375 0.02577048057574493622
0.02388805777056532756 0.02581812286717181590
0.02401108458875136908 0.02582164207264129804
0.02422211026272436465 0.02609223370622381147
0.02500214673945120106 0.02617888794407706790
0.02356666641614084054 0.02618359100345578339
0.02401035831015433178 0.02630798816062471582
0.02613219834010153952 0.02642260216088393454
0.02174077588716593831 0.02642698288506122734
0.02568755394426384953 0.02644049199684481155
0.02182269495477777779 0.02654527601118808824
0.02518674221796752752 0.02659249516348067416
0.02260204131180406154 0.02665489605071831927
0.02027677420964866736 0.02676069469406283999
0.02148425813172458870 0.02680805368052900997
0.02701125681630399400 0.02704748160106308988
0.02601502685282103960 0.02729658516225645301
0.02310543222772600686 0.02742595484046050219
0.02677179564793589692 0.02760694130720052139
0.02213294415984618305 0.02798763823646535295
0.02155490234397022462 0.02800456357214848799
0.02761225096978808802 0.02806322570575973605
0.02805597640069305496 0.02847167185038008627
0.02654751298144559721 0.02855216437196337817
0.02860432837398937597 0.02871521782708038109
0.02690225184996792099 0.02889538110525198197
0.02662801165191797798 0.02897707379490733690
0.02590676723280109506 0.02904219102451791393
0.02392177882719202092 0.02926935319856442327
0.02483833495328835461 0.02941708394839110188
0.02359332468504780900 0.02956960454219711987
0.02621385008449674328 0.02958662294461321396
0.02405243496534873598 0.02973296492285127518
0.02809745767000798242 0.03061000413386179980
0.02239631033062215032 0.03073027193806975033
0.02598585789010432121 0.03107095167947050013
0.02626312447216572199 0.03132751774714222226
0.02810963109028985496 0.03142772557189346672
0.02323453240847578316 0.03199052017568453088
0.03195025172133722502 0.03279845331520073182
0.03254926941979892352 0.03315232347538574903
0.02520880300996588760 0.03367434329451735042
0.03219975672181100979 0.03401655300428253065
0.03331427429710927257 0.03420700778997838587
0.02991138104854542193 0.03748760792332267444
0.03741466596770423592 0.03924979272273454445
0.03568563428858850806 0.04168021461808913558
0.05140908577663880902 0.05270141068429706060
0.55646392725776505639 0.55978902987698164750
