0.07131172302232570426 0.07471499804554425361
0.08079392450510207435 0.08790390906558120943
0.08767415925911908881 0.08937262739516740884
0.09537063031482188868 0.10579078231944814836
0.10073299268471848367 0.10657070428731980904
0.10208559870365907507 0.11373826520638002924
0.11407848296080651262 0.11538066751101073992
0.10397753575350716926 0.11606228441527625950
0.11471286402950353622 0.11788603507433845219
0.11310919265156312019 0.11888076479327228108
0.11362988399736369260 0.12037005764565207599
0.12715832110632505070 0.12744913395140580747
0.12369726026963802357 0.12786064444247191574
0.11850177924715031563 0.12836170581684658298
0.12915271521532542542 0.12994549667708346630
0.12476491582524774915 0.13203929094877694950
0.11209866609439136931 0.13256765074957255202
0.11846566272494471472 0.13570855680012411382
0.11669958371726808777 0.13897587258455665338
0.12452431961081358858 0.13968971899874133014
0.12348408460990167868 0.14103036420494416414
0.12558184342726949612 0.14140878641352155887
0.13471255032276638341 0.14208570790082702961
0.14090666950846972294 0.14385925713960204253
0.12374256964430910277 0.14399733332900255256
0.13945915313596995988 0.14513475106039722129
0.13080611370212796851 0.14571848007350099441
0.13804632229856117487 0.14573423309867966635
0.14237545127498396624 0.14607403935468019074
0.13512089996165316252 0.14635037045191970351
0.13975368097154861058 0.14853555181547312136
0.13289764407555293424 0.15096338311049795067
0.12772265300710061720 0.15162346407724172637
0.12934652190744744260 0.15357867139017736258
0.15120796592511415168 0.15584875994641805841
0.14092258532421222950 0.15786799127670553267
0.14203699082634618778 0.15950902720629284159
0.15052082451645082406 0.16206424813831493692
0.11818907857242048898 0.16248416754655167771
0.13587262829230528638 0.16304729296222639223
0.15689452192730549140 0.16358590326002331317
0.14521538933264990789 0.16548713951876758976
0.14347459968656933738 0.16934122233796336521
0.14895238941894053952 0.17169888243271133610
0.17144252556445360725 0.17289485322096759257
0.17239272862624555049 0.17391607079200793740
0.15170313504217450284 0.17693976393757215870
0.15984195273358056677 0.17704109612700635878
0.17251449267804891408 0.17831655500328968955
0.16060906331177832174 0.17939895491454124765
0.14654343054862761786 0.17989116714023939414
0.15077008591883880873 0.18056024368555703696
0.16949723777199110497 0.18070878170635765181
0.14925841229821240619 0.18144459931324033453
0.16156229748032263638 0.18414330264307932072
0.17312137017725823251 0.18549570262687073430
0.15096597057491217830 0.18597370654749509344
0.13325082439913024657 0.18783593290837752310
0.16432987254985292891 0.18790503783270617877
0.16846370286650455550 0.18810474817612682363
0.16539381096708441476 0.18975345912139504612
0.17799758942831275799 0.19159787006670811471
0.16584620248723286329 0.19191716705318112579
0.18531293542254401174 0.19230204635437495031
0.16945876665450035348 0.19305877623258879683
0.19166242759165702525 0.19382382609052653533
0.17625164488702557697 0.19390142154862641255
0.16546841470291273613 0.19409380174573420685
0.18654714200264990720 0.19527738370500719034
0.17714439147000415886 0.19587613539912371308
0.14906846877511276128 0.19627199354670901710
0.19253236422218486523 0.19672898418391332465
0.15393605425779616214 0.19673231124880943832
0.13137800585879061410 0.19673680907273383145
0.14434926482262511183 0.19891871289673299095
0.15854261906569894203 0.19949230424674710416
0.17844922439470023434 0.20018870817682266061
0.14306450623587776971 0.20059650654105762313
0.19304130402656263787 0.20100014426799281408
0.19714903217863055662 0.20131914082027302371
0.17933843193671328287 0.20136710271555396945
0.17673496418104478467 0.20683651173846376303
0.20474893625616250037 0.20758326835752868855
0.17353300071235885915 0.20765595329511782330
0.20892591984360472934 0.20999311306134552102
0.19487891457046555010 0.21108887841704340738
0.19967156013493658762 0.21129071059662213328
0.15780583470363293563 0.21172197462288699921
0.20523287903317458114 0.21563463432092336292
0.19605018931997555964 0.21680298180371351813
0.20476006096044765958 0.21915120954612835047
0.19015966419451529879 0.21961259649621611700
0.16299257545249767887 0.21976600990519978840
0.19439740941980696021 0.22121025346576742021
0.21778127976378336417 0.22148584269194468432
0.16041692556330572339 0.22229189627351128578
0.20469574759679728948 0.22281227541632483979
0.18860140623992638353 0.22349043357962833367
0.21623710595334480478 0.22476251410133160635
0.18340610527652345674 0.22536026025373412374
0.19061147532789760040 0.22594772977241806000
0.21555938948386796361 0.22680853556579438912
0.19254317166566140007 0.22704688705205108845
0.22198068836844611629 0.22970773996326118715
0.19604339379389387754 0.23019302278333009237
0.20808420909792477160 0.23075879540139840329
0.18416617291769973863 0.23261497609627609928
0.21502669962258769143 0.23264745030791422753
0.18971817950324121327 0.23548213597069059255
0.23543471131606136248 0.23564399775869399045
0.20335644229190694143 0.23674992379750944838
0.20907241619506705677 0.23714700036305297326
0.23765554530250174170 0.23858227762291073226
0.22190495330806500607 0.23883136429844809001
0.19400664444868020997 0.24022844230022080692
0.18750597649927475130 0.24382308374520078598
0.16486311297685274369 0.24621253984076144072
0.23122557224935666453 0.24640216462355771232
0.14406004603643568496 0.24810176728692714954
0.18285741150734904914 0.24818038845556636418
0.22417304884413885580 0.25146569077191582853
0.24588376297727579378 0.25181653873177717307
0.16626378429605392917 0.25225219965898337815
0.21865851151002652086 0.25404627477011582082
0.24397595865802784720 0.25743597103540011295
0.21751456618469733328 0.25747088899992859323
0.18158792530649939256 0.25753524069408095798
0.21215636857532907400 0.25997503100665153575
0.23003324926944651585 0.26306183696250806658
0.23716084417381075311 0.26465544865517004469
0.22203700174558890779 0.26696966655183362871
0.25482841154665347716 0.26766211212714169365
0.20934372722108876563 0.26831357081621792782
0.15919058753760842451 0.26893186774357924484
0.24609191868128235670 0.26949724134423985733
0.20831633215819958527 0.27105338433678133336
0.22730383695946509981 0.27163843843295926161
0.19167729010153844449 0.27733389100992605902
0.20491463358331971079 0.27915110015638128216
0.26274594826230557310 0.27934965454975035914
0.23545518778283144878 0.28097983020343764160
0.21247161671535153005 0.28462728980503393394
0.19074903759397818237 0.28694928688578291709
0.22150112557142256908 0.28886755055380808344
0.28635358742159866541 0.29151799874594747086
0.28565778130287000636 0.29199633300732968921
0.21488513519261226437 0.29214967479073528089
0.24053119518907722929 0.29355317720155627015
0.20900553098653437689 0.29651898111322105844
0.21885783022921348473 0.29785194493694761020
0.27657236739456686481 0.29826082792667629739
0.26890734712607111678 0.29849640849373693108
0.23903192483955898462 0.29860142732200989357
0.29270385626884204422 0.29877191821764914614
0.29627882586727255498 0.29877191821764914614
0.24189520132752290182 0.30060010623666522100
0.14637032150272588638 0.30246091611753661565
0.22046170643431889369 0.30280655313476684265
0.21601588507374322456 0.30909025003201756610
0.23081034426373919777 0.31118703088126636880
0.29005853848699736375 0.31318322078279881016
0.21543520587270875710 0.31368937769393356874
0.26545378441291467286 0.31409748920647240222
0.16899711581901127877 0.31498444795181962386
0.21194125746269912303 0.31501788779035938548
0.15133363864667354060 0.31540914473858050471
0.30226369810645709046 0.31546474457527240443
0.30683909137946024925 0.31579189285261727305
0.31250887822092349166 0.31784756563394878093
0.17078126000527688033 0.31971379409288747109
0.21250370368070620186 0.32168218475653287403
0.31402115772481842271 0.32226147322938142326
0.23705778933746271542 0.32231196714282356330
0.28870711268750726131 0.32505349189990279113
0.16770674783126565677 0.32904454580191816460
0.24100408301799558508 0.33229376701867457955
0.22330976563253379652 0.33345226720951531840
0.21160004875798005264 0.34133320074245665499
0.19202164394914594814 0.34231816356970123927
0.20213515358562131330 0.35413840772700438952
