0.00000000000000000000 0.00829201328932548630
0.00000000000000000000 0.01562900645233045518
0.00000000000000000000 0.01576484762443399260
0.00000000000000000000 0.01589398434302180876
0.00000000000000000000 0.01740018054979567547
0.00000000000000000000 0.01773662730686176303
0.00000000000000000000 0.02028654361413670740
0.00000000000000000000 0.02135954792730909366
0.00000000000000000000 0.02270397127611190752
0.00000000000000000000 0.02380168776778455314
0.00000000000000000000 0.02754608946388583182
0.00000000000000000000 0.02833144083778559030
0.00000000000000000000 0.02845583839217992114
0.00000000000000000000 0.03287369215956654350
0.00000000000000000000 0.03319322360035335123
0.00000000000000000000 0.03344136074638540818
0.00000000000000000000 0.03386347179919860229
0.00000000000000000000 0.03439725246683458804
0.00000000000000000000 0.03480685284995887335
0.00000000000000000000 0.03500433108568112850
0.00000000000000000000 0.03519128492590781199
0.00000000000000000000 0.03567479300526223834
0.00000000000000000000 0.03637680430345107546
0.00000000000000000000 0.03719039535790678863
0.00000000000000000000 0.03808922030461250885
0.00000000000000000000 0.03839283811754920506
0.00000000000000000000 0.03863729853182211460
0.00000000000000000000 0.03914465545401737273
0.00000000000000000000 0.04028885014777464774
0.00000000000000000000 0.04041704694680534754
0.00000000000000000000 0.04045119467973407046
0.00000000000000000000 0.04105268559136522610
0.00000000000000000000 0.04163525487634858746
0.00000000000000000000 0.04218248361257496970
0.00000000000000000000 0.04286260721455156797
0.00000000000000000000 0.04289909245210830890
0.00000000000000000000 0.04303374166774158460
0.00000000000000000000 0.04319164328756178867
0.00000000000000000000 0.04397290291400692691
0.00000000000000000000 0.04429319759476523649
0.00000000000000000000 0.04456895997558218275
0.00000000000000000000 0.04461655711346040193
0.00000000000000000000 0.04494831610374929592
0.00000000000000000000 0.04498172200000037646
0.00000000000000000000 0.04544749350760038387
0.00000000000000000000 0.04579898421737195469
0.00000000000000000000 0.04671435229516065352
0.00000000000000000000 0.04693698681035789189
0.00000000000000000000 0.04724358315299864025
0.00000000000000000000 0.04747124082957042412
0.00000000000000000000 0.04830989946327090417
0.00000000000000000000 0.04850219074578522582
0.00000000000000000000 0.04857189021936102191
0.00000000000000000000 0.04934789398652621173
0.00000000000000000000 0.04978630248200485026
0.00000000000000000000 0.05011651634153579948
0.00000000000000000000 0.05046598390124557715
0.00000000000000000000 0.05107948096708943286
0.00000000000000000000 0.05200612230009270254
0.00000000000000000000 0.05266261593750877490
0.00000000000000000000 0.05282396477965591031
0.00000000000000000000 0.05285186695868544782
0.00000000000000000000 0.05286262755890877574
0.00000000000000000000 0.05292577467052430457
0.00000000000000000000 0.05301311154118695107
0.00000000000000000000 0.05318412730983255315
0.00000000000000000000 0.05321662948781322872
0.00000000000000000000 0.05346671996559194950
0.00000000000000000000 0.05385789003235854494
0.00000000000000000000 0.05470272951333165351
0.00000000000000000000 0.05476365296044852227
0.00000000000000000000 0.05509202190239560065
0.00000000000000000000 0.05535111150481835524
0.00000000000000000000 0.05545173851305199714
0.00000000000000000000 0.05606372701402425468
0.00000000000000000000 0.05606410454959481066
0.00000000000000000000 0.05623303467744694001
0.00000000000000000000 0.05627717308409117825
0.00000000000000000000 0.05641217044962731908
0.00000000000000000000 0.05679702512717233615
0.00000000000000000000 0.05685269781244647880
0.00000000000000000000 0.05703806990247261427
0.00000000000000000000 0.05722702423345659567
0.00000000000000000000 0.05726371122358345916
0.00000000000000000000 0.05784945762346544590
0.00000000000000000000 0.05797266396641298503
0.00000000000000000000 0.05841947671192634223
0.00000000000000000000 0.05867348121692014112
0.00000000000000000000 0.05896528893047499331
0.00000000000000000000 0.05910111553582534510
0.00000000000000000000 0.05921853492817912706
0.00000000000000000000 0.05938210425478107624
0.00000000000000000000 0.05986155496576863605
0.00000000000000000000 0.06019109088754988346
0.00000000000000000000 0.06065455117687178210
0.00000000000000000000 0.06065766624933788959
0.00000000000000000000 0.06069970233968278311
0.00000000000000000000 0.06077167089880722989
0.00000000000000000000 0.06150811203725783938
0.00000000000000000000 0.06183151593634145238
0.00000000000000000000 0.06190434822128931813
0.00000000000000000000 0.06217145067477446857
0.00000000000000000000 0.06226647829524744465
0.00000000000000000000 0.06329390593838692125
0.00000000000000000000 0.06333257150263128799
0.00000000000000000000 0.06355856961621442203
0.00000000000000000000 0.06366815180488880066
0.00000000000000000000 0.06376132209094410863
0.00000000000000000000 0.06379811178800523508
0.00000000000000000000 0.06393766650048719746
0.00000000000000000000 0.06419448255259511960
0.00000000000000000000 0.06430889150714516611
0.00000000000000000000 0.06430894894484130708
0.00000000000000000000 0.06445976089651236918
0.00000000000000000000 0.06452174186100047282
0.00000000000000000000 0.06455112738149690332
0.00000000000000000000 0.06479243469625667329
0.00000000000000000000 0.06484008392947004928
0.00000000000000000000 0.06502731769195324585
0.00000000000000000000 0.06504085700943551540
0.00000000000000000000 0.06543554170933994774
0.00000000000000000000 0.06568695837249348413
0.00000000000000000000 0.06575749494538589424
0.00000000000000000000 0.06601162839509160107
0.00000000000000000000 0.06618862835122636679
0.00000000000000000000 0.06622886264673212564
0.00000000000000000000 0.06651066439950945042
0.00000000000000000000 0.06660933964845924815
0.00000000000000000000 0.06674565871625871838
0.00000000000000000000 0.06681393692193425549
0.00000000000000000000 0.06710164842382349004
0.00000000000000000000 0.06714882502917837725
0.00000000000000000000 0.06720514889059817087
0.00000000000000000000 0.06737471339443693030
0.00000000000000000000 0.06756400415200464193
0.00000000000000000000 0.06768077786729553846
0.00000000000000000000 0.06799711892374188382
0.00000000000000000000 0.06800284413899919389
0.00000000000000000000 0.06884204167142866926
0.00000000000000000000 0.06905725331553058677
0.00000000000000000000 0.06918413619747879051
0.00000000000000000000 0.06920894768960091092
0.00000000000000000000 0.06938085843441041400
0.00000000000000000000 0.06941842630246401746
0.00000000000000000000 0.06976117952250247833
0.00000000000000000000 0.06998766762939392927
0.00000000000000000000 0.07003005399123508889
0.00000000000000000000 0.07005002093276131714
0.00000000000000000000 0.07013190037793340381
0.00000000000000000000 0.07036256508793542475
0.00000000000000000000 0.07046682460325680297
0.00000000000000000000 0.07056701342591398252
0.00000000000000000000 0.07075119763307581577
0.00000000000000000000 0.07079835142225281153
0.00000000000000000000 0.07081539624991617377
0.00000000000000000000 0.07085738537114009972
0.00000000000000000000 0.07086495658666160102
0.00000000000000000000 0.07111644750605222720
0.00000000000000000000 0.07139508154465250278
0.00000000000000000000 0.07140707342836759286
0.00000000000000000000 0.07154845378505050868
0.00000000000000000000 0.07155635418564890160
0.00000000000000000000 0.07167967851761236631
0.00000000000000000000 0.07205845658942204579
0.00000000000000000000 0.07211927085393571302
0.00000000000000000000 0.07292170457489111079
0.00000000000000000000 0.07320524085367534350
0.00000000000000000000 0.07360407133546477410
0.00000000000000000000 0.07364969832679245376
0.00000000000000000000 0.07372411336675588345
0.00000000000000000000 0.07376056762210961293
0.00000000000000000000 0.07380655399894907320
0.00000000000000000000 0.07383927848233710900
0.00000000000000000000 0.07390135801561822926
0.00000000000000000000 0.07399136094856009760
0.00000000000000000000 0.07403315077770133978
0.00000000000000000000 0.07420508335438141811
0.00000000000000000000 0.07465171006935666931
0.00000000000000000000 0.07467037400513569512
0.00000000000000000000 0.07484310131524277154
0.00000000000000000000 0.07487634222076619550
0.00000000000000000000 0.07493610888461679775
0.00000000000000000000 0.07497299037088353546
0.00000000000000000000 0.07515857297443838403
0.00000000000000000000 0.07580600978367453557
0.00000000000000000000 0.07592729160040632974
0.00000000000000000000 0.07619451178001301894
0.00000000000000000000 0.07625947714455959259
0.00000000000000000000 0.07697072238338267813
0.00000000000000000000 0.07697659274116874784
0.00000000000000000000 0.07697876289525697191
0.00000000000000000000 0.07707104859245479667
0.00000000000000000000 0.07715448897089498270
0.00000000000000000000 0.07727240022540453335
0.00000000000000000000 0.07729149871954404949
0.00000000000000000000 0.07738711808542446391
0.00000000000000000000 0.07741630038206852304
0.00000000000000000000 0.07791288684205396886
0.00000000000000000000 0.07793908668472011858
0.00000000000000000000 0.07843003089925272564
0.00000000000000000000 0.07857825990141731332
0.00000000000000000000 0.07883925731728773367
0.00000000000000000000 0.07900803242756629374
0.00000000000000000000 0.07913408584320379136
0.00000000000000000000 0.07997946977496503407
0.00000000000000000000 0.08019688976909443434
0.00000000000000000000 0.08025149096122634329
0.00000000000000000000 0.08044548462791302479
0.00000000000000000000 0.08053782978998796915
0.00000000000000000000 0.08066925235553884521
0.00000000000000000000 0.08069488846435002305
0.00000000000000000000 0.08090477803429799164
0.00000000000000000000 0.08091658477932445193
0.00000000000000000000 0.08107232610633260950
0.00000000000000000000 0.08108334131552284718
0.00000000000000000000 0.08203458492808114733
0.00000000000000000000 0.08219005889957985145
0.00000000000000000000 0.08219321432578652331
0.00000000000000000000 0.08246214140111195190
0.00000000000000000000 0.08247307510324033974
0.00000000000000000000 0.08256463252613012449
0.00000000000000000000 0.08265473543093153352
0.00000000000000000000 0.08283438875492425690
0.00000000000000000000 0.08288925604759202204
0.00000000000000000000 0.08321043112039705480
0.00000000000000000000 0.08353594109382678212
0.00000000000000000000 0.08354246020694375274
0.00000000000000000000 0.08374037316893789828
0.00000000000000000000 0.08376502751493661303
0.00000000000000000000 0.08393676941066081920
0.00000000000000000000 0.08426178655190005862
0.00000000000000000000 0.08450521305082697721
0.00000000000000000000 0.08450897573037961796
0.00000000000000000000 0.08460282155763378109
0.00000000000000000000 0.08477563455204913112
0.00000000000000000000 0.08488181419460562316
0.00000000000000000000 0.08493239019158427272
0.00000000000000000000 0.08503384190088564276
0.00000000000000000000 0.08511241089236862289
0.00000000000000000000 0.08523159135344850201
0.00000000000000000000 0.08525486031532607256
0.00000000000000000000 0.08530541851710540802
0.00000000000000000000 0.08607416949220191016
0.00000000000000000000 0.08625448625216890208
0.00000000000000000000 0.08636906892316330298
0.00000000000000000000 0.08654412966891568415
0.00000000000000000000 0.08664340845191277618
0.00000000000000000000 0.08688671874510367488
0.00000000000000000000 0.08710927240752461276
0.00000000000000000000 0.08720257549962433241
0.00000000000000000000 0.08741419553040373491
0.00000000000000000000 0.08748673996400560537
0.00000000000000000000 0.08770750642880539849
0.00000000000000000000 0.08779394680494888303
0.00000000000000000000 0.08791547965128777842
0.00000000000000000000 0.08794147336293771378
0.00000000000000000000 0.08805300721341809134
0.00000000000000000000 0.08809471100666242671
0.00000000000000000000 0.08819607847600317851
0.00000000000000000000 0.08868437654616775911
0.00000000000000000000 0.08882517282995326668
0.00000000000000000000 0.08915149354739550225
0.00000000000000000000 0.08915618303287016488
0.00000000000000000000 0.08916297241119891526
0.00000000000000000000 0.08926235234083496062
0.00000000000000000000 0.08926970145556172020
0.00000000000000000000 0.08927967170047124146
0.00000000000000000000 0.08932854541194185094
0.00000000000000000000 0.08937525369747313653
0.00000000000000000000 0.08939754438540942205
0.00000000000000000000 0.08969003013556701986
0.00000000000000000000 0.08971464827681066567
0.00000000000000000000 0.08993984793685169676
0.00000000000000000000 0.09003776313292782829
0.00000000000000000000 0.09025310323733494455
0.00000000000000000000 0.09036779710028747248
0.00000000000000000000 0.09065816612995267199
0.00000000000000000000 0.09067636431218700777
0.00000000000000000000 0.09106863816630733632
0.00000000000000000000 0.09200072627810011727
0.00000000000000000000 0.09218449966893996206
0.00000000000000000000 0.09226446784115958921
0.00000000000000000000 0.09242367107049762054
0.00000000000000000000 0.09262669918589541695
0.00000000000000000000 0.09296575024908880491
0.00000000000000000000 0.09300723357398596458
0.00000000000000000000 0.09305932044889329846
0.00000000000000000000 0.09318019617612847971
0.00000000000000000000 0.09329577192900775917
0.00000000000000000000 0.09339659364207705816
0.00000000000000000000 0.09346822865988786699
0.00000000000000000000 0.09363754681497342414
0.00000000000000000000 0.09365710805128577010
0.00000000000000000000 0.09392482633942954295
0.00000000000000000000 0.09393048621224182881
0.00000000000000000000 0.09401106356719109158
0.00000000000000000000 0.09416984708261078030
0.00000000000000000000 0.09417669585750096384
0.00000000000000000000 0.09442055353878371637
0.00000000000000000000 0.09480585166828363330
0.00000000000000000000 0.09484610776473081928
0.00000000000000000000 0.09532346974543685902
0.00000000000000000000 0.09572957696025070906
0.00000000000000000000 0.09584166765759789819
0.00000000000000000000 0.09587546163740785776
0.00000000000000000000 0.09588676374786375689
0.00000000000000000000 0.09592562964877987541
0.00000000000000000000 0.09607789705918308443
0.00000000000000000000 0.09641631459418825711
0.00000000000000000000 0.09645915968707058363
0.00000000000000000000 0.09661716577011979223
0.00000000000000000000 0.09679980971258884959
0.00000000000000000000 0.09686207755338478720
0.00000000000000000000 0.09716126980250409939
0.00000000000000000000 0.09719283252296334608
0.00000000000000000000 0.09734938518532988694
0.00000000000000000000 0.09738602550431312010
0.00000000000000000000 0.09747904949639077388
0.00000000000000000000 0.09827011832994921037
0.00000000000000000000 0.09828155790340464826
0.00000000000000000000 0.09832112321174885095
0.00000000000000000000 0.09833261995819470025
0.00000000000000000000 0.09836287144439037622
0.00000000000000000000 0.09841903921658831655
0.00000000000000000000 0.09844770242513783964
0.00000000000000000000 0.09854960381136801395
0.00000000000000000000 0.09900145804180009168
0.00000000000000000000 0.09917262207807789332
0.00000000000000000000 0.09934812851009902634
0.00000000000000000000 0.09958640020952734540
0.00000000000000000000 0.09962857004287330176
0.00000000000000000000 0.09965764003469095023
0.00000000000000000000 0.09975101960737456364
0.00000000000000000000 0.09982577054096314351
0.00000000000000000000 0.10013609741935766695
0.00000000000000000000 0.10019633113850731632
0.00000000000000000000 0.10052445855464600677
0.00000000000000000000 0.10059376828189758868
0.00000000000000000000 0.10077614387725003509
0.00000000000000000000 0.10082702635314846895
0.00000000000000000000 0.10161580846753484608
0.00000000000000000000 0.10168896403964951258
0.00000000000000000000 0.10177929268559451903
0.00000000000000000000 0.10181948136505324098
0.00000000000000000000 0.10188938736188470069
0.00000000000000000000 0.10204741265921650484
0.00000000000000000000 0.10207692738946032296
0.00000000000000000000 0.10222058334973492533
0.00000000000000000000 0.10243320648539241957
0.00000000000000000000 0.10248833048167572957
0.00000000000000000000 0.10257108557746633104
0.00000000000000000000 0.10260084726761427298
0.00000000000000000000 0.10264108991896281342
0.00000000000000000000 0.10265530002893877293
0.00000000000000000000 0.10274147105077534314
0.00000000000000000000 0.10290605740166303139
0.00000000000000000000 0.10304520755975296598
0.00000000000000000000 0.10378849963427669301
0.00000000000000000000 0.10406864116751844695
0.00000000000000000000 0.10408239073463493307
0.00000000000000000000 0.10412012210210987162
0.00000000000000000000 0.10423273886742233374
0.00000000000000000000 0.10482970683503783915
0.00000000000000000000 0.10492355985041396105
0.00000000000000000000 0.10513484622506592825
0.00000000000000000000 0.10521837079642153145
0.00000000000000000000 0.10522715086361104919
0.00000000000000000000 0.10553800200040833190
0.00000000000000000000 0.10578013992263990417
0.00000000000000000000 0.10581184265476652195
0.00000000000000000000 0.10607510408473165564
0.00000000000000000000 0.10631335103396612196
0.00000000000000000000 0.10643711285057563809
0.00000000000000000000 0.10651911803261565614
0.00000000000000000000 0.10733481264183307446
0.00000000000000000000 0.10754032002607263885
0.00000000000000000000 0.10781691619074056099
0.00000000000000000000 0.10804685103447493610
0.00000000000000000000 0.10827664690854760243
0.00000000000000000000 0.10843628271512360806
0.00000000000000000000 0.10869164541321602035
0.00000000000000000000 0.10908056929528872625
0.00000000000000000000 0.10923780528274186497
0.00000000000000000000 0.10929476060078573141
0.00000000000000000000 0.10944208256490871312
0.00000000000000000000 0.10966600830138631406
0.00000000000000000000 0.10983230493305044806
0.00000000000000000000 0.11026697492333908945
0.00000000000000000000 0.11072446600079129120
0.00000000000000000000 0.11093475380404443920
0.00000000000000000000 0.11143732338443847196
0.00000000000000000000 0.11159932629105963342
0.00000000000000000000 0.11162041891697560558
0.00000000000000000000 0.11173878991554053730
0.00000000000000000000 0.11184193599488136128
0.00000000000000000000 0.11211706084341140077
0.00000000000000000000 0.11221850177806019788
0.00000000000000000000 0.11225924133846341968
0.00000000000000000000 0.11238289987600791342
0.00000000000000000000 0.11243217467893765193
0.00000000000000000000 0.11243364733810909395
0.00000000000000000000 0.11258188311078907995
0.00000000000000000000 0.11288150050411972780
0.00000000000000000000 0.11302338350035576187
0.00000000000000000000 0.11304123016787388789
0.00000000000000000000 0.11341279182260119440
0.00000000000000000000 0.11393891831353260280
0.00000000000000000000 0.11538537501288306797
0.00000000000000000000 0.11544427190583647636
0.00000000000000000000 0.11552265039562605031
0.00000000000000000000 0.11571364619114062056
0.00000000000000000000 0.11585235581499526980
0.00000000000000000000 0.11595861595111150999
0.00000000000000000000 0.11612069171820386948
0.00000000000000000000 0.11631569183799173040
0.00000000000000000000 0.11634731752549345996
0.00000000000000000000 0.11641151971201740833
0.00000000000000000000 0.11688215938182382192
0.00000000000000000000 0.11693043581572284961
0.00000000000000000000 0.11696246642043960084
0.00000000000000000000 0.11700513338432487476
0.00000000000000000000 0.11720948157547952939
0.00000000000000000000 0.11761195785427762395
0.00000000000000000000 0.11790923309412981723
0.00000000000000000000 0.11792251083865103178
0.00000000000000000000 0.11836306888822467620
0.00000000000000000000 0.11837674609533253844
0.00000000000000000000 0.11852143530657643922
0.00000000000000000000 0.11878791779182644450
0.00000000000000000000 0.11926503315595396448
0.00000000000000000000 0.11933904757535118701
0.00000000000000000000 0.11962242956705050612
0.00000000000000000000 0.11977964628691620264
0.00000000000000000000 0.11996413371556648164
0.00000000000000000000 0.11999927070562775577
0.00000000000000000000 0.12016777296451951196
0.00000000000000000000 0.12021756839243312454
0.00000000000000000000 0.12034431922717246655
0.00000000000000000000 0.12050556128785083754
0.00000000000000000000 0.12082425645924460555
0.00000000000000000000 0.12129725682121057784
0.00000000000000000000 0.12154167341864959007
0.00000000000000000000 0.12172469099955818272
0.00000000000000000000 0.12175256456633760938
0.00000000000000000000 0.12226980259572642340
0.00000000000000000000 0.12256499201943758803
0.00000000000000000000 0.12258176831589813471
0.00000000000000000000 0.12295895693730202192
0.00000000000000000000 0.12300890247558765589
0.00000000000000000000 0.12335156306203309828
0.00000000000000000000 0.12350785737358047078
0.00000000000000000000 0.12354930176213983761
0.00000000000000000000 0.12360401082325761513
0.00000000000000000000 0.12363655087651992392
0.00000000000000000000 0.12443540182690562834
0.00000000000000000000 0.12446690345513405918
0.00000000000000000000 0.12473793172383242089
0.00000000000000000000 0.12483405013109692694
0.00000000000000000000 0.12492637914371647334
0.00000000000000000000 0.12496990752121900359
0.00000000000000000000 0.12498019091642549594
0.00000000000000000000 0.12499362136443077642
0.00000000000000000000 0.12565161025168528064
0.00000000000000000000 0.12599329126401442869
0.00000000000000000000 0.12657889904365349221
0.00000000000000000000 0.12685836142289363959
0.00000000000000000000 0.12699946483564680810
0.00000000000000000000 0.12749688808338965895
0.00000000000000000000 0.12753258253260674193
0.00000000000000000000 0.12757506689845402037
0.00000000000000000000 0.12766039677670501518
0.00000000000000000000 0.12833018358837905426
0.00000000000000000000 0.13048717793280822930
0.00000000000000000000 0.13057995639555472489
0.00000000000000000000 0.13076756960176677547
0.00000000000000000000 0.13106784055922315879
0.00000000000000000000 0.13124380729846704674
0.00000000000000000000 0.13194117484955911190
0.00000000000000000000 0.13214832123344738557
0.00000000000000000000 0.13258831891799058300
0.00000000000000000000 0.13279381834425843523
0.00000000000000000000 0.13388260146149291718
0.00000000000000000000 0.13412101654795116623
0.00000000000000000000 0.13548736432308475242
0.00000000000000000000 0.13561180752550336392
0.00000000000000000000 0.13576342060797116917
0.00000000000000000000 0.13765155753530025629
0.00000000000000000000 0.13834308620610508145
0.00000000000000000000 0.13866142143884352400
0.00000000000000000000 0.13881987804370549133
0.00000000000000000000 0.13904132022646645273
0.00000000000000000000 0.13914852932320551093
0.00000000000000000000 0.13960911587635149722
0.00000000000000000000 0.14018648171016293014
0.00000000000000000000 0.14437370815625266696
0.00000000000000000000 0.14536238331341599928
0.00000000000000000000 0.14825923286356132436
0.00000000000000000000 0.15490944836154985076
0.00000000000000000000 0.18384090728020496819
0.00000000000000000000 1.73205080756887719318
