0.00000000000000000000 0.00784169697338132562
0.00000000000000000000 0.01044889606404154729
0.00000000000000000000 0.01513151818590716124
0.00000000000000000000 0.01882676026595252877
0.00000000000000000000 0.02092842409636722772
0.00000000000000000000 0.02136491576011634308
0.00000000000000000000 0.02245939745823727351
0.00000000000000000000 0.02247882654714669984
0.00000000000000000000 0.02427290712650304050
0.00000000000000000000 0.02461812111944170281
0.00000000000000000000 0.02463058899521296946
0.00000000000000000000 0.02489194415423871820
0.00000000000000000000 0.02565896230942709549
0.00000000000000000000 0.02577057230173112820
0.00000000000000000000 0.02615775888810916230
0.00000000000000000000 0.02686579070132938743
0.00000000000000000000 0.02797582630391400385
0.00000000000000000000 0.02932180829953319121
0.00000000000000000000 0.02934155591441492059
0.00000000000000000000 0.02971164405810533191
0.00000000000000000000 0.03012792152414270341
0.00000000000000000000 0.03077054552141251023
0.00000000000000000000 0.03110843470121626292
0.00000000000000000000 0.03124180704064751304
0.00000000000000000000 0.03160890057941233983
0.00000000000000000000 0.03184880209445598714
0.00000000000000000000 0.03235262850712678634
0.00000000000000000000 0.03260461278261232027
0.00000000000000000000 0.03272155440673971821
0.00000000000000000000 0.03276302088849232519
0.00000000000000000000 0.03366308732872255738
0.00000000000000000000 0.03375047140676247504
0.00000000000000000000 0.03541106545438334890
0.00000000000000000000 0.03546522819229723511
0.00000000000000000000 0.03560048352954517381
0.00000000000000000000 0.03667564245425723041
0.00000000000000000000 0.03672672270847485154
0.00000000000000000000 0.03746625322713621059
0.00000000000000000000 0.03777378776918548231
0.00000000000000000000 0.03779557758972125481
0.00000000000000000000 0.03803403505584106170
0.00000000000000000000 0.03805843988091032332
0.00000000000000000000 0.03842210612379029500
0.00000000000000000000 0.03872382254151819636
0.00000000000000000000 0.03886002054240784986
0.00000000000000000000 0.03889799577299170308
0.00000000000000000000 0.03992884319172615437
0.00000000000000000000 0.04020513115763003908
0.00000000000000000000 0.04111030862365680494
0.00000000000000000000 0.04112331521361053954
0.00000000000000000000 0.04113562401600385360
0.00000000000000000000 0.04115098693877098507
0.00000000000000000000 0.04158311570488043563
0.00000000000000000000 0.04163012322690180095
0.00000000000000000000 0.04224733426234286715
0.00000000000000000000 0.04247234050094648994
0.00000000000000000000 0.04269813233085890253
0.00000000000000000000 0.04278586110687031957
0.00000000000000000000 0.04283900998602667431
0.00000000000000000000 0.04301778210123559376
0.00000000000000000000 0.04303637833803757029
0.00000000000000000000 0.04312579192199336026
0.00000000000000000000 0.04320220037246545047
0.00000000000000000000 0.04372184105817004951
0.00000000000000000000 0.04399065317186146018
0.00000000000000000000 0.04427130165942443768
0.00000000000000000000 0.04433658333598759077
0.00000000000000000000 0.04444655726305252880
0.00000000000000000000 0.04465129528686512250
0.00000000000000000000 0.04491500852034834707
0.00000000000000000000 0.04526717353338330363
0.00000000000000000000 0.04604492411818075087
0.00000000000000000000 0.04629874851692118015
0.00000000000000000000 0.04632149912023549726
0.00000000000000000000 0.04637033564795391138
0.00000000000000000000 0.04640629383404991370
0.00000000000000000000 0.04671239297607569091
0.00000000000000000000 0.04679685735915104644
0.00000000000000000000 0.04708864724815556291
0.00000000000000000000 0.04708902444939581239
0.00000000000000000000 0.04748986139275362950
0.00000000000000000000 0.04760989792660919040
0.00000000000000000000 0.04763369371341853037
0.00000000000000000000 0.04777806196399563693
0.00000000000000000000 0.04782413175377790704
0.00000000000000000000 0.04785010857844586296
0.00000000000000000000 0.04809328737444101831
0.00000000000000000000 0.04812667190924087290
0.00000000000000000000 0.04841561177844139890
0.00000000000000000000 0.04863167523986654250
0.00000000000000000000 0.04874283019248282223
0.00000000000000000000 0.04879538356848158592
0.00000000000000000000 0.04891956624417981292
0.00000000000000000000 0.04898567779664942529
0.00000000000000000000 0.04924633380919193198
0.00000000000000000000 0.04993595921822449601
0.00000000000000000000 0.05034263001594568160
0.00000000000000000000 0.05035569094787456512
0.00000000000000000000 0.05051287140452561525
0.00000000000000000000 0.05058411694408875003
0.00000000000000000000 0.05059118238551896934
0.00000000000000000000 0.05074548057707990723
0.00000000000000000000 0.05115434513294365992
0.00000000000000000000 0.05135447660903354888
0.00000000000000000000 0.05152913905480468321
0.00000000000000000000 0.05210727605859027944
0.00000000000000000000 0.05217197372729979327
0.00000000000000000000 0.05235152733422222815
0.00000000000000000000 0.05251240945839870389
0.00000000000000000000 0.05253582148127247664
0.00000000000000000000 0.05254018611050519788
0.00000000000000000000 0.05334915795327776350
0.00000000000000000000 0.05335385650171527855
0.00000000000000000000 0.05382061465565706609
0.00000000000000000000 0.05401337153555777620
0.00000000000000000000 0.05403779786527784096
0.00000000000000000000 0.05430893606558259007
0.00000000000000000000 0.05452946938439216795
0.00000000000000000000 0.05465548864276562752
0.00000000000000000000 0.05465761247161360359
0.00000000000000000000 0.05474360221356962958
0.00000000000000000000 0.05478153441823752773
0.00000000000000000000 0.05503357026383908640
0.00000000000000000000 0.05530747522035631830
0.00000000000000000000 0.05581008914006073407
0.00000000000000000000 0.05591683811660691505
0.00000000000000000000 0.05597283038417335405
0.00000000000000000000 0.05598625436070663042
0.00000000000000000000 0.05604524756204345981
0.00000000000000000000 0.05619389785678597510
0.00000000000000000000 0.05624756302040727352
0.00000000000000000000 0.05636357433527361405
0.00000000000000000000 0.05687987932796900736
0.00000000000000000000 0.05691920086292009962
0.00000000000000000000 0.05706787833502123541
0.00000000000000000000 0.05733710468972896129
0.00000000000000000000 0.05751681675290532675
0.00000000000000000000 0.05777353324917949146
0.00000000000000000000 0.05792304245341550056
0.00000000000000000000 0.05799130465793746886
0.00000000000000000000 0.05815644642921490026
0.00000000000000000000 0.05823794554759568337
0.00000000000000000000 0.05829404949540635539
0.00000000000000000000 0.05862127194713624700
0.00000000000000000000 0.05872234885189379222
0.00000000000000000000 0.05897256228148259338
0.00000000000000000000 0.05914178187269017450
0.00000000000000000000 0.05918278392974805902
0.00000000000000000000 0.05946858876734407301
0.00000000000000000000 0.05957543380395596833
0.00000000000000000000 0.05957867967801423748
0.00000000000000000000 0.05983808292962725789
0.00000000000000000000 0.05990763931997802882
0.00000000000000000000 0.06007590440879622545
0.00000000000000000000 0.06018008641461040226
0.00000000000000000000 0.06018522279598277624
0.00000000000000000000 0.06028476116101606774
0.00000000000000000000 0.06041110935503685858
0.00000000000000000000 0.06050147087148554509
0.00000000000000000000 0.06051263015492048397
0.00000000000000000000 0.06056372012016473377
0.00000000000000000000 0.06056694930657544051
0.00000000000000000000 0.06074941901525677396
0.00000000000000000000 0.06086739714471932350
0.00000000000000000000 0.06106669777489469320
0.00000000000000000000 0.06114804968476733604
0.00000000000000000000 0.06127732929951665297
0.00000000000000000000 0.06172757201371113778
0.00000000000000000000 0.06222503196922353486
0.00000000000000000000 0.06231828568544668656
0.00000000000000000000 0.06232136636546921349
0.00000000000000000000 0.06239215094905870701
0.00000000000000000000 0.06243729910974196023
0.00000000000000000000 0.06246338601675412855
0.00000000000000000000 0.06284537904897306848
0.00000000000000000000 0.06299390166409918335
0.00000000000000000000 0.06303542055734394356
0.00000000000000000000 0.06324894295236846431
0.00000000000000000000 0.06338342260340137924
0.00000000000000000000 0.06339768369956721994
0.00000000000000000000 0.06358305175151368616
0.00000000000000000000 0.06367957381856337307
0.00000000000000000000 0.06369264944817218388
0.00000000000000000000 0.06370989034116567029
0.00000000000000000000 0.06403260980811459335
0.00000000000000000000 0.06403724237491914550
0.00000000000000000000 0.06425747800985126545
0.00000000000000000000 0.06431105005649211115
0.00000000000000000000 0.06435389624317400248
0.00000000000000000000 0.06438231508901062772
0.00000000000000000000 0.06458535718257474301
0.00000000000000000000 0.06467322394875929525
0.00000000000000000000 0.06495243484526076749
0.00000000000000000000 0.06496081100559117361
0.00000000000000000000 0.06499684836040997560
0.00000000000000000000 0.06503891560191901733
0.00000000000000000000 0.06514481567910818116
0.00000000000000000000 0.06518557294357141263
0.00000000000000000000 0.06533741546025516322
0.00000000000000000000 0.06560920396060400395
0.00000000000000000000 0.06570175277461579033
0.00000000000000000000 0.06622620673589543761
0.00000000000000000000 0.06655091253254698247
0.00000000000000000000 0.06677691471392666056
0.00000000000000000000 0.06690400274365491951
0.00000000000000000000 0.06705734340809324512
0.00000000000000000000 0.06755193365571171560
0.00000000000000000000 0.06765250427275633360
0.00000000000000000000 0.06780561304471278972
0.00000000000000000000 0.06782945814301810650
0.00000000000000000000 0.06798355906000250193
0.00000000000000000000 0.06814550573063263283
0.00000000000000000000 0.06828914878515614240
0.00000000000000000000 0.06832775263817686406
0.00000000000000000000 0.06845392413031947676
0.00000000000000000000 0.06853935965864688118
0.00000000000000000000 0.06856396814630261183
0.00000000000000000000 0.06857510587844917183
0.00000000000000000000 0.06862807620480464166
0.00000000000000000000 0.06900791711585368970
0.00000000000000000000 0.06914625528816774336
0.00000000000000000000 0.06921848896866748813
0.00000000000000000000 0.06941590308415059030
0.00000000000000000000 0.06950329515820795334
0.00000000000000000000 0.06950357426429464025
0.00000000000000000000 0.06985880752610966471
0.00000000000000000000 0.07016080501359793498
0.00000000000000000000 0.07050087036414953712
0.00000000000000000000 0.07055284712177460615
0.00000000000000000000 0.07077785829753778513
0.00000000000000000000 0.07082333600677283292
0.00000000000000000000 0.07087351334941047187
0.00000000000000000000 0.07094093364195434848
0.00000000000000000000 0.07127187475961455077
0.00000000000000000000 0.07134231789603773244
0.00000000000000000000 0.07135933988909368142
0.00000000000000000000 0.07140813920030278372
0.00000000000000000000 0.07142103122110927960
0.00000000000000000000 0.07162914479249747612
0.00000000000000000000 0.07193734964965704803
0.00000000000000000000 0.07199156826388790342
0.00000000000000000000 0.07206879204056886035
0.00000000000000000000 0.07229353950689430819
0.00000000000000000000 0.07239211359069824825
0.00000000000000000000 0.07263177163251599566
0.00000000000000000000 0.07275241217893331502
0.00000000000000000000 0.07281733236572326962
0.00000000000000000000 0.07286538015688399927
0.00000000000000000000 0.07302076489264820724
0.00000000000000000000 0.07360776184256220822
0.00000000000000000000 0.07377560600674133717
0.00000000000000000000 0.07389040326061062369
0.00000000000000000000 0.07404050124624997342
0.00000000000000000000 0.07406879155594266184
0.00000000000000000000 0.07420915753231448198
0.00000000000000000000 0.07428324353485615816
0.00000000000000000000 0.07455884722068535642
0.00000000000000000000 0.07467121799279440031
0.00000000000000000000 0.07471714228444849282
0.00000000000000000000 0.07482635667339565533
0.00000000000000000000 0.07510702163446443536
0.00000000000000000000 0.07514174590392749820
0.00000000000000000000 0.07516679899817063637
0.00000000000000000000 0.07536366736338130645
0.00000000000000000000 0.07539426610874393198
0.00000000000000000000 0.07540448958380151223
0.00000000000000000000 0.07541974310925347869
0.00000000000000000000 0.07551910351764104523
0.00000000000000000000 0.07566839210764216006
0.00000000000000000000 0.07567573513721939649
0.00000000000000000000 0.07571118207068325279
0.00000000000000000000 0.07588391191562919580
0.00000000000000000000 0.07600293717957228024
0.00000000000000000000 0.07605377422852303837
0.00000000000000000000 0.07625146441360435012
0.00000000000000000000 0.07640098438955231219
0.00000000000000000000 0.07641192806959122563
0.00000000000000000000 0.07682380542367975296
0.00000000000000000000 0.07683086127318786152
0.00000000000000000000 0.07686096156596604334
0.00000000000000000000 0.07694348060425763858
0.00000000000000000000 0.07699457870665993298
0.00000000000000000000 0.07720370774702556282
0.00000000000000000000 0.07726684689858898114
0.00000000000000000000 0.07727142929357060097
0.00000000000000000000 0.07751719299490715531
0.00000000000000000000 0.07767273392277877775
0.00000000000000000000 0.07772073273749434408
0.00000000000000000000 0.07772899313831634072
0.00000000000000000000 0.07779924578283739511
0.00000000000000000000 0.07823254859080000512
0.00000000000000000000 0.07823438400818910621
0.00000000000000000000 0.07833201061607049376
0.00000000000000000000 0.07849293328878700904
0.00000000000000000000 0.07858184660116904197
0.00000000000000000000 0.07861816920183778423
0.00000000000000000000 0.07864549066485965190
0.00000000000000000000 0.07872754968830467104
0.00000000000000000000 0.07880677386112626415
0.00000000000000000000 0.07896613942109544093
0.00000000000000000000 0.07927891630539207757
0.00000000000000000000 0.07959101048910205423
0.00000000000000000000 0.07974633830238644916
0.00000000000000000000 0.07993590509955834922
0.00000000000000000000 0.08000205347031780212
0.00000000000000000000 0.08000759602985324515
0.00000000000000000000 0.08006815134224141983
0.00000000000000000000 0.08007257917354999865
0.00000000000000000000 0.08007839433222778414
0.00000000000000000000 0.08020031311230238491
0.00000000000000000000 0.08035384364327825824
0.00000000000000000000 0.08047740964529759289
0.00000000000000000000 0.08056054965942388568
0.00000000000000000000 0.08065378423811496444
0.00000000000000000000 0.08070927358476091829
0.00000000000000000000 0.08073152404801071935
0.00000000000000000000 0.08074866711078940162
0.00000000000000000000 0.08085540921695730243
0.00000000000000000000 0.08113571010942914608
0.00000000000000000000 0.08114499584198324456
0.00000000000000000000 0.08115814568747482805
0.00000000000000000000 0.08120600539282925301
0.00000000000000000000 0.08153912125078377482
0.00000000000000000000 0.08169893038800095375
0.00000000000000000000 0.08186370848636466413
0.00000000000000000000 0.08210454663665801844
0.00000000000000000000 0.08216000808857838733
0.00000000000000000000 0.08223031419395371300
0.00000000000000000000 0.08227824542036017708
0.00000000000000000000 0.08238269824108976347
0.00000000000000000000 0.08244492971309425045
0.00000000000000000000 0.08254807357296731207
0.00000000000000000000 0.08259050255627403692
0.00000000000000000000 0.08259124457118525997
0.00000000000000000000 0.08259201853006861715
0.00000000000000000000 0.08263266020784308663
0.00000000000000000000 0.08265255563445264575
0.00000000000000000000 0.08265285151688016307
0.00000000000000000000 0.08273983450802090134
0.00000000000000000000 0.08296964745118458329
0.00000000000000000000 0.08299272269572069427
0.00000000000000000000 0.08301195172309235037
0.00000000000000000000 0.08302318221624259420
0.00000000000000000000 0.08312123843831464853
0.00000000000000000000 0.08324103784806843875
0.00000000000000000000 0.08338938743058071923
0.00000000000000000000 0.08341745169265780968
0.00000000000000000000 0.08343811815620422179
0.00000000000000000000 0.08365656835492113474
0.00000000000000000000 0.08369555553861908470
0.00000000000000000000 0.08374221711238781507
0.00000000000000000000 0.08374536705632333600
0.00000000000000000000 0.08385592569667013607
0.00000000000000000000 0.08393438739077387079
0.00000000000000000000 0.08419410352253370311
0.00000000000000000000 0.08452293530778763608
0.00000000000000000000 0.08467345849452515005
0.00000000000000000000 0.08470147127795349395
0.00000000000000000000 0.08487547229990549669
0.00000000000000000000 0.08525553754494724634
0.00000000000000000000 0.08553371837207590644
0.00000000000000000000 0.08571747384162400896
0.00000000000000000000 0.08575049315925660498
0.00000000000000000000 0.08579201382743821547
0.00000000000000000000 0.08617754573976800503
0.00000000000000000000 0.08618570655413532178
0.00000000000000000000 0.08619330911082895286
0.00000000000000000000 0.08625539554559115418
0.00000000000000000000 0.08626970745489175030
0.00000000000000000000 0.08652202099794877033
0.00000000000000000000 0.08662652896112280065
0.00000000000000000000 0.08668267774358051625
0.00000000000000000000 0.08687848390348691663
0.00000000000000000000 0.08692660293030315954
0.00000000000000000000 0.08693205041137956612
0.00000000000000000000 0.08696084077909460586
0.00000000000000000000 0.08761475663458843932
0.00000000000000000000 0.08770041095206747295
0.00000000000000000000 0.08774640785243077723
0.00000000000000000000 0.08786708441459838148
0.00000000000000000000 0.08790626198470274932
0.00000000000000000000 0.08792441344421722538
0.00000000000000000000 0.08833538020373492283
0.00000000000000000000 0.08850145988145967368
0.00000000000000000000 0.08860365328628749815
0.00000000000000000000 0.08860915918562747851
0.00000000000000000000 0.08874086278364787250
0.00000000000000000000 0.08879638783481241804
0.00000000000000000000 0.09001309338993185305
0.00000000000000000000 0.09012252709154561225
0.00000000000000000000 0.09046929186178340188
0.00000000000000000000 0.09053239806560370306
0.00000000000000000000 0.09064097169198481740
0.00000000000000000000 0.09067767237485456489
0.00000000000000000000 0.09087549776361061871
0.00000000000000000000 0.09101787124197771583
0.00000000000000000000 0.09102514668657424313
0.00000000000000000000 0.09113902554178426874
0.00000000000000000000 0.09117002302348402309
0.00000000000000000000 0.09117082685825850241
0.00000000000000000000 0.09142587632249217500
0.00000000000000000000 0.09146489392597575985
0.00000000000000000000 0.09157801718228167354
0.00000000000000000000 0.09179772011789115449
0.00000000000000000000 0.09180273739113434250
0.00000000000000000000 0.09214666313521931162
0.00000000000000000000 0.09260342352308593983
0.00000000000000000000 0.09299870121882139462
0.00000000000000000000 0.09342049766401387678
0.00000000000000000000 0.09379593204711259014
0.00000000000000000000 0.09394747786936445688
0.00000000000000000000 0.09408980675083401801
0.00000000000000000000 0.09418344003695326705
0.00000000000000000000 0.09434936798351861720
0.00000000000000000000 0.09436756007752039599
0.00000000000000000000 0.09451602315915283437
0.00000000000000000000 0.09454473141163796668
0.00000000000000000000 0.09481751937943638797
0.00000000000000000000 0.09488717779099302418
0.00000000000000000000 0.09505496983582023551
0.00000000000000000000 0.09518222945851743944
0.00000000000000000000 0.09561970985157619563
0.00000000000000000000 0.09595496868816361102
0.00000000000000000000 0.09603910078774118009
0.00000000000000000000 0.09608152707870060150
0.00000000000000000000 0.09650136368881348514
0.00000000000000000000 0.09678562292389211730
0.00000000000000000000 0.09688530586350617424
0.00000000000000000000 0.09695366271066580000
0.00000000000000000000 0.09698975808004452193
0.00000000000000000000 0.09740990930510383394
0.00000000000000000000 0.09747622592642066208
0.00000000000000000000 0.09770155615791560610
0.00000000000000000000 0.09787907521199008809
0.00000000000000000000 0.09793493014735384083
0.00000000000000000000 0.09831656646993508497
0.00000000000000000000 0.09834734603945165243
0.00000000000000000000 0.09836352723415121846
0.00000000000000000000 0.09859685899682814336
0.00000000000000000000 0.09921559931975129643
0.00000000000000000000 0.09949083680099883586
0.00000000000000000000 0.09951879643435437850
0.00000000000000000000 0.09963405707969262559
0.00000000000000000000 0.09966804798092808448
0.00000000000000000000 0.09991895896558865287
0.00000000000000000000 0.10004328078641148980
0.00000000000000000000 0.10039246025802291140
0.00000000000000000000 0.10039388847928526483
0.00000000000000000000 0.10051702283772839808
0.00000000000000000000 0.10054718330566664308
0.00000000000000000000 0.10070448890446670465
0.00000000000000000000 0.10093320427864177491
0.00000000000000000000 0.10118813623877970231
0.00000000000000000000 0.10207709273466900046
0.00000000000000000000 0.10213866032122755068
0.00000000000000000000 0.10221421456322583865
0.00000000000000000000 0.10238825401038433027
0.00000000000000000000 0.10270178025592420490
0.00000000000000000000 0.10289505176608440551
0.00000000000000000000 0.10407607720069576851
0.00000000000000000000 0.10462301351026448426
0.00000000000000000000 0.10473470103531737352
0.00000000000000000000 0.10474447268922122689
0.00000000000000000000 0.10498908680018044504
0.00000000000000000000 0.10548359711532252769
0.00000000000000000000 0.10565533870193392907
0.00000000000000000000 0.10628269642172942511
0.00000000000000000000 0.10654323177820590463
0.00000000000000000000 0.10740039815872005902
0.00000000000000000000 0.10767150974596018109
0.00000000000000000000 0.10795895131595552308
0.00000000000000000000 0.10881231267075124058
0.00000000000000000000 0.10896134601421432475
0.00000000000000000000 0.10950657290152984724
0.00000000000000000000 0.10997677470237715580
0.00000000000000000000 0.11044628195763309120
0.00000000000000000000 0.11052677354345329108
0.00000000000000000000 0.11145859065033172919
0.00000000000000000000 0.11176394417355284272
0.00000000000000000000 0.11228525388662646822
0.00000000000000000000 0.11230718006357942595
0.00000000000000000000 0.11348507651855929690
0.00000000000000000000 0.11560778192084450455
0.00000000000000000000 0.11781000586398972241
0.00000000000000000000 0.11846015607619220233
0.00000000000000000000 0.11867173599349475910
0.00000000000000000000 0.11954013268003851889
0.00000000000000000000 0.12029175326987470718
0.00000000000000000000 0.12246924005462131446
0.00000000000000000000 0.12487533755763058352
0.00000000000000000000 0.12629938271535962047
0.00000000000000000000 0.12681695465938383482
0.00000000000000000000 0.13822802728750041568
0.00000000000000000000 0.13907125674684783778
0.00000000000000000000 0.14497217391451161506
0.00000000000000000000 0.14499032769965372602
0.00000000000000000000 0.14574811894088007813
0.00000000000000000000 0.14699242002116738592
0.00000000000000000000 0.14933933040975000406
0.00000000000000000000 1.73205080756887719318
