0.02907812515139711340 0.02920460359747375362
0.02713460166162808690 0.03152037590168570158
0.03048829121946465895 0.03232202408071197658
0.03316757647411943538 0.03317154707283735682
0.02743062327062036759 0.03590003419440692539
0.03408140170271915792 0.03741188253801933095
0.03709397143464305407 0.03923030808921518231
0.03780940714864045732 0.03934966605375028043
0.03670278382460395034 0.04047441996752502297
0.03420950487678134366 0.04079416586455807125
0.04054761273375456776 0.04151861335333013187
0.03769720706849872399 0.04208746529554233812
0.04306048696116587110 0.04323134009002072703
0.03913479154359919554 0.04339040872860948361
0.04330955318322573383 0.04522905361617445691
0.04001239942639332053 0.04580343611618940131
0.04782546124643633628 0.04799369499616268353
0.03813693238703448618 0.04904299936094191903
0.04405344437770399024 0.05079612545825554215
0.04517928705185220856 0.05177821167701437965
0.03941855064595949781 0.05215252921202402636
0.05244298672509216386 0.05352856484286994815
0.05286712126385197802 0.05397628235919824796
0.05534630214242941548 0.05543517540999288312
0.05037959955399543693 0.05543624360454754707
0.05636561193075220050 0.05667183801530542575
0.05273197723902720707 0.05672759511510491737
0.04782761539882827290 0.05686269652717775014
0.04894991975765830561 0.05749909708621354226
0.05264868887041461443 0.05842810041071974658
0.05954375178661640289 0.06025955791719587312
0.05922910914561729107 0.06147441410372116860
0.06227280210131176663 0.06228129256789333851
0.05358067060379641255 0.06260001291263272982
0.06240638365081571659 0.06307779881382677423
0.06253760427199860084 0.06325183711816639853
0.05342958371260057154 0.06332369661444088582
0.05183760882100322404 0.06377397541554812033
0.04492161509310354378 0.06386073610694627256
0.04536979766197562353 0.06421001862505693047
0.06145417281258017811 0.06444815797122999124
0.06258436409513964960 0.06460897691423472811
0.06129130196207965842 0.06492812303148141895
0.05771380781294718765 0.06500187367806269101
0.04955217205428460309 0.06586987251634437990
0.04657523997563314810 0.06588496084658225505
0.06394734137328342283 0.06605346031257296191
0.06110899762931844975 0.06822118532516027734
0.05280343531182139089 0.06848951327428649816
0.06887598878127917934 0.06908636383666610925
0.06281424024362902703 0.06975567563332084331
0.06121950084208668125 0.06982640198905810947
0.06913938542372981277 0.07000460512331013740
0.06109792924231501055 0.07324269958146541193
0.07140090089142776819 0.07383910182783769149
0.06323112195356864196 0.07387357911450181946
0.07191243197448461688 0.07433976216783698410
0.06292090137206973743 0.07467658929563386616
0.07118342924026686835 0.07620111329264027400
0.05290202161875983550 0.07661303798166652079
0.06779883335683138668 0.07673003680745067723
0.07343856911188380299 0.07705374057516724273
0.06654896553899508627 0.07779719498250575738
0.05580346416534265330 0.07954766096799140151
0.05579177221412524867 0.07978186191941968874
0.07882839705090595450 0.08020426160693688855
0.07107764176082891072 0.08027892618637054445
0.07991737703828637185 0.08051957817950713969
0.06990116790996661611 0.08057250874098127735
0.06341300683768283375 0.08211005335822542384
0.07820753756002073176 0.08362420695488821665
0.07810557249342268971 0.08366215031427533255
0.07347842440050705859 0.08465134276893401810
0.06701992409179800825 0.08547123758450454745
0.07649172055802147541 0.08588281554020080200
0.07538639949170097831 0.08605900857646857360
0.07087407943206606997 0.08618923229498744176
0.07796437473876774438 0.08710649289608526913
0.05765425390769125108 0.08915025251598297784
0.08925573851115044255 0.08968658170882889968
0.05620608005749282848 0.09026039009053031525
0.06531764606092838044 0.09057446019967799189
0.06878445255029909389 0.09114318392194496743
0.08310202509088296385 0.09149818263038200783
0.08084719800987327787 0.09212074833229319526
0.05455970660722228582 0.09314978350507498173
0.08782534944975410596 0.09415540273848585495
0.06375561844973255676 0.09520168054471324359
0.09423638314965117335 0.09597935200946555723
0.07311464878970495851 0.09619485328002846947
0.08027654120704745544 0.09714842878534782344
0.06207762596317961679 0.09771629818858308669
0.09247136930569840874 0.09936685581563928227
0.09895322103039400075 0.10289748418278189812
0.08551345587908873447 0.10290631360705118635
0.07010549176674930882 0.10654074405687970206
0.08729126041356864707 0.10669093030902784824
0.07395571888032365093 0.10749638541820227822
0.08849325938275459658 0.10891365651871470765
0.08181206839300715628 0.10933724264065082521
0.10619797454541204940 0.11140081708472310273
0.06805321521650521677 0.11144549232909099767
0.11063468019526821740 0.11665585619505568216
0.10431470237916103116 0.12094077655086185596
0.11897887895827796712 0.12137658765961682750
0.08066246177215161128 0.12328966930202890639
0.08236859650943588462 0.12366168743482372494
0.08830455720132131259 0.12880701375594763580
0.09613961918051300293 0.13767758300390511850
0.16144807668341684681 0.16172469791608817813
0.16318290918172720372 0.16348402858440758134
0.18409523530703178484 0.20052352334002251921
0.08352079214704899446 0.47347541581805563382
