0.00000000000000000000 0.01279456665803571994
0.00000000000000000000 0.01359281606483717965
0.00000000000000000000 0.01544910382233626034
0.00000000000000000000 0.01760594009742821875
0.00000000000000000000 0.02096920866469418471
0.00000000000000000000 0.02159223890262106094
0.00000000000000000000 0.02192969209945299855
0.00000000000000000000 0.02214171692540801983
0.00000000000000000000 0.02443085921211299999
0.00000000000000000000 0.02445479256220534428
0.00000000000000000000 0.02640441937661314187
0.00000000000000000000 0.02726517188556615290
0.00000000000000000000 0.02893434445614641651
0.00000000000000000000 0.02991448004960124002
0.00000000000000000000 0.03005615073838549881
0.00000000000000000000 0.03089181285578609937
0.00000000000000000000 0.03172033812400209402
0.00000000000000000000 0.03209580863833109282
0.00000000000000000000 0.03244560324833548060
0.00000000000000000000 0.03342020947851410267
0.00000000000000000000 0.03394102235436805004
0.00000000000000000000 0.03451049857938082166
0.00000000000000000000 0.03451809005404644221
0.00000000000000000000 0.03481123573759566797
0.00000000000000000000 0.03500764360859661556
0.00000000000000000000 0.03505494328532026554
0.00000000000000000000 0.03578597565331395614
0.00000000000000000000 0.03589804359843637438
0.00000000000000000000 0.03835514209488456727
0.00000000000000000000 0.03891739439068656048
0.00000000000000000000 0.03895851598282640965
0.00000000000000000000 0.03975953162236108007
0.00000000000000000000 0.04000620764572017374
0.00000000000000000000 0.04027857281961119001
0.00000000000000000000 0.04052800813202503405
0.00000000000000000000 0.04062935548142262293
0.00000000000000000000 0.04067422247817983894
0.00000000000000000000 0.04072294375805234068
0.00000000000000000000 0.04118619651237011986
0.00000000000000000000 0.04203201266094840766
0.00000000000000000000 0.04247490107405525045
0.00000000000000000000 0.04255360978378108089
0.00000000000000000000 0.04293226766058454852
0.00000000000000000000 0.04316621154935083859
0.00000000000000000000 0.04366836082857348394
0.00000000000000000000 0.04379440181011829553
0.00000000000000000000 0.04419512741242535153
0.00000000000000000000 0.04486438951983890561
0.00000000000000000000 0.04505675571974768895
0.00000000000000000000 0.04517235824522933957
0.00000000000000000000 0.04519363761249534789
0.00000000000000000000 0.04605315239592586152
0.00000000000000000000 0.04608082823458645172
0.00000000000000000000 0.04638246832142405018
0.00000000000000000000 0.04672015676320347144
0.00000000000000000000 0.04711661242029860364
0.00000000000000000000 0.04719630387658822063
0.00000000000000000000 0.04740169802593396930
0.00000000000000000000 0.04754530328445561588
0.00000000000000000000 0.04821031979608161877
0.00000000000000000000 0.04840292802658303223
0.00000000000000000000 0.04926464228889486374
0.00000000000000000000 0.04940575536675095164
0.00000000000000000000 0.04955199459735729756
0.00000000000000000000 0.04980336966563356921
0.00000000000000000000 0.04987774948427961541
0.00000000000000000000 0.05000218040028549943
0.00000000000000000000 0.05005637141620612046
0.00000000000000000000 0.05012599374079820119
0.00000000000000000000 0.05019775692985052606
0.00000000000000000000 0.05034144563638206366
0.00000000000000000000 0.05053459218353622412
0.00000000000000000000 0.05104219816880575106
0.00000000000000000000 0.05104314130537578043
0.00000000000000000000 0.05111393818607112838
0.00000000000000000000 0.05114265340402994464
0.00000000000000000000 0.05146526572408791772
0.00000000000000000000 0.05186789361890396105
0.00000000000000000000 0.05218952109656524452
0.00000000000000000000 0.05263785560191487634
0.00000000000000000000 0.05296107794149566145
0.00000000000000000000 0.05301413812766819084
0.00000000000000000000 0.05412625840663878862
0.00000000000000000000 0.05431983605887604621
0.00000000000000000000 0.05437932954213536146
0.00000000000000000000 0.05459850548407384208
0.00000000000000000000 0.05465178044517600420
0.00000000000000000000 0.05537902163972896474
0.00000000000000000000 0.05587112968213507613
0.00000000000000000000 0.05619458707212446336
0.00000000000000000000 0.05697042503317751444
0.00000000000000000000 0.05719513846188026968
0.00000000000000000000 0.05730014795197332922
0.00000000000000000000 0.05741393990442467121
0.00000000000000000000 0.05749145256063879078
0.00000000000000000000 0.05756678577508179268
0.00000000000000000000 0.05784325477552063055
0.00000000000000000000 0.05801464601569088914
0.00000000000000000000 0.05823189403217750304
0.00000000000000000000 0.05855805372567536582
0.00000000000000000000 0.05855984462646297156
0.00000000000000000000 0.05885129345882894603
0.00000000000000000000 0.05889671280333155096
0.00000000000000000000 0.05901552067103425087
0.00000000000000000000 0.05903150281734004939
0.00000000000000000000 0.05926195923214543082
0.00000000000000000000 0.05931509991188320396
0.00000000000000000000 0.05984777467078788993
0.00000000000000000000 0.06004561890578032773
0.00000000000000000000 0.06032071414603629861
0.00000000000000000000 0.06038587433048481223
0.00000000000000000000 0.06080548094305263107
0.00000000000000000000 0.06084171336497382759
0.00000000000000000000 0.06113395141764846330
0.00000000000000000000 0.06155680262485541121
0.00000000000000000000 0.06181704856899963157
0.00000000000000000000 0.06198427906573971552
0.00000000000000000000 0.06219773059218764583
0.00000000000000000000 0.06247731773586595594
0.00000000000000000000 0.06269219388585602071
0.00000000000000000000 0.06275644169450787790
0.00000000000000000000 0.06308099918256197813
0.00000000000000000000 0.06310865023940101515
0.00000000000000000000 0.06346155993158394959
0.00000000000000000000 0.06348383692832261505
0.00000000000000000000 0.06349806064627683266
0.00000000000000000000 0.06407715871757803383
0.00000000000000000000 0.06416580456984007086
0.00000000000000000000 0.06443401802832016134
0.00000000000000000000 0.06469201946130327674
0.00000000000000000000 0.06482490336311923229
0.00000000000000000000 0.06505329054369607400
0.00000000000000000000 0.06510519005164584760
0.00000000000000000000 0.06521071457076436928
0.00000000000000000000 0.06523381727515548123
0.00000000000000000000 0.06543093303273024575
0.00000000000000000000 0.06606548077398123608
0.00000000000000000000 0.06612216841148244040
0.00000000000000000000 0.06663977083312612459
0.00000000000000000000 0.06676272791367288129
0.00000000000000000000 0.06679924277183429959
0.00000000000000000000 0.06742781249724963399
0.00000000000000000000 0.06784368453039858748
0.00000000000000000000 0.06791837877348816388
0.00000000000000000000 0.06819860601040800274
0.00000000000000000000 0.06851448867726725456
0.00000000000000000000 0.06860158923878700854
0.00000000000000000000 0.06880539378066123646
0.00000000000000000000 0.06881211218436271426
0.00000000000000000000 0.06892368318653183112
0.00000000000000000000 0.06968092913061814386
0.00000000000000000000 0.07009882108611649454
0.00000000000000000000 0.07022306270777443904
0.00000000000000000000 0.07028017958355650685
0.00000000000000000000 0.07076688661792826518
0.00000000000000000000 0.07085351045552562566
0.00000000000000000000 0.07101890685024807304
0.00000000000000000000 0.07111950333182120998
0.00000000000000000000 0.07112562956397680547
0.00000000000000000000 0.07122014510326044046
0.00000000000000000000 0.07145115413954167272
0.00000000000000000000 0.07146719491130668067
0.00000000000000000000 0.07149714064094296606
0.00000000000000000000 0.07166785838964020994
0.00000000000000000000 0.07188063705540122250
0.00000000000000000000 0.07191395955078835889
0.00000000000000000000 0.07192645040089529207
0.00000000000000000000 0.07200592397742071327
0.00000000000000000000 0.07205165573603555806
0.00000000000000000000 0.07213356601766927889
0.00000000000000000000 0.07216686904506212918
0.00000000000000000000 0.07238006164563676181
0.00000000000000000000 0.07267911280259448104
0.00000000000000000000 0.07281383475920964743
0.00000000000000000000 0.07287955293939096801
0.00000000000000000000 0.07302558965564613647
0.00000000000000000000 0.07321464243131468874
0.00000000000000000000 0.07352533730789495570
0.00000000000000000000 0.07374909473466588483
0.00000000000000000000 0.07383597851796415423
0.00000000000000000000 0.07394989636287196966
0.00000000000000000000 0.07445849111166351342
0.00000000000000000000 0.07491816974688288167
0.00000000000000000000 0.07506543842631119290
0.00000000000000000000 0.07524529780068506257
0.00000000000000000000 0.07525096926688230881
0.00000000000000000000 0.07544745173249614578
0.00000000000000000000 0.07568817480626943706
0.00000000000000000000 0.07603644192718800321
0.00000000000000000000 0.07617816535568504299
0.00000000000000000000 0.07631497104001098986
0.00000000000000000000 0.07679511067262319302
0.00000000000000000000 0.07706405413744042698
0.00000000000000000000 0.07708893406162273254
0.00000000000000000000 0.07722481875885868485
0.00000000000000000000 0.07742646210280862418
0.00000000000000000000 0.07751283780573989257
0.00000000000000000000 0.07756580482811177568
0.00000000000000000000 0.07757230860672210959
0.00000000000000000000 0.07761726386604984873
0.00000000000000000000 0.07773081233427335535
0.00000000000000000000 0.07773560082282957029
0.00000000000000000000 0.07783244267994895993
0.00000000000000000000 0.07783447001567889156
0.00000000000000000000 0.07789213096940506009
0.00000000000000000000 0.07793425378279343618
0.00000000000000000000 0.07798701177057745793
0.00000000000000000000 0.07799694841878403173
0.00000000000000000000 0.07801660358020742758
0.00000000000000000000 0.07804893567251416919
0.00000000000000000000 0.07816847992981942883
0.00000000000000000000 0.07816994411457978131
0.00000000000000000000 0.07820094720131345878
0.00000000000000000000 0.07846085772932108460
0.00000000000000000000 0.07920108768586503478
0.00000000000000000000 0.07942799278721873746
0.00000000000000000000 0.07966225968343905450
0.00000000000000000000 0.07981370396816293844
0.00000000000000000000 0.07992701766736345914
0.00000000000000000000 0.08013517949643812754
0.00000000000000000000 0.08018930075290689463
0.00000000000000000000 0.08061133212475951604
0.00000000000000000000 0.08078235883445564203
0.00000000000000000000 0.08086461492288880837
0.00000000000000000000 0.08090906647755302661
0.00000000000000000000 0.08112905169883387335
0.00000000000000000000 0.08158476978109061029
0.00000000000000000000 0.08180641920851373927
0.00000000000000000000 0.08185835692353442272
0.00000000000000000000 0.08200025208354810857
0.00000000000000000000 0.08200579431120308405
0.00000000000000000000 0.08212969327227313820
0.00000000000000000000 0.08215010956126610198
0.00000000000000000000 0.08246438095975988647
0.00000000000000000000 0.08260865056914266924
0.00000000000000000000 0.08274390157319880257
0.00000000000000000000 0.08288730624597903662
0.00000000000000000000 0.08305935712432815921
0.00000000000000000000 0.08309329788320025945
0.00000000000000000000 0.08401639305832628302
0.00000000000000000000 0.08414938777877066511
0.00000000000000000000 0.08437599891766835170
0.00000000000000000000 0.08442992243200195257
0.00000000000000000000 0.08514784996195640110
0.00000000000000000000 0.08518922722929428426
0.00000000000000000000 0.08576433722085854972
0.00000000000000000000 0.08599430268098591512
0.00000000000000000000 0.08631427991204139449
0.00000000000000000000 0.08634561284546811433
0.00000000000000000000 0.08649357972633393843
0.00000000000000000000 0.08662168659298498385
0.00000000000000000000 0.08680055661334501460
0.00000000000000000000 0.08681027042227586199
0.00000000000000000000 0.08716582647224026259
0.00000000000000000000 0.08757493711631321454
0.00000000000000000000 0.08778838240724941289
0.00000000000000000000 0.08784404756629428379
0.00000000000000000000 0.08785685261625311715
0.00000000000000000000 0.08792087200894344035
0.00000000000000000000 0.08793654908515308177
0.00000000000000000000 0.08813052826681848362
0.00000000000000000000 0.08840340189932444082
0.00000000000000000000 0.08863728359565335724
0.00000000000000000000 0.08873853896758214510
0.00000000000000000000 0.08875173170456367167
0.00000000000000000000 0.08886626841822142797
0.00000000000000000000 0.08891759440501674494
0.00000000000000000000 0.08893207590051971367
0.00000000000000000000 0.08899562913950102849
0.00000000000000000000 0.08902714685798884808
0.00000000000000000000 0.08907967359845686550
0.00000000000000000000 0.08928491835359929352
0.00000000000000000000 0.08968135527250152561
0.00000000000000000000 0.08968500402542912975
0.00000000000000000000 0.09001617387808150128
0.00000000000000000000 0.09002847626129281688
0.00000000000000000000 0.09024628043790836052
0.00000000000000000000 0.09050151672629234978
0.00000000000000000000 0.09058164483466371597
0.00000000000000000000 0.09058796757185502702
0.00000000000000000000 0.09088071860830439219
0.00000000000000000000 0.09109242379496343411
0.00000000000000000000 0.09149433930265511716
0.00000000000000000000 0.09168159398548653138
0.00000000000000000000 0.09194647280834705727
0.00000000000000000000 0.09227940720865446256
0.00000000000000000000 0.09246124892318249855
0.00000000000000000000 0.09264245290806125133
0.00000000000000000000 0.09287494724100635313
0.00000000000000000000 0.09292702493652990614
0.00000000000000000000 0.09295802268004109414
0.00000000000000000000 0.09299597228606223953
0.00000000000000000000 0.09299762544364340022
0.00000000000000000000 0.09303181845124541827
0.00000000000000000000 0.09337277440732326406
0.00000000000000000000 0.09349269787108252516
0.00000000000000000000 0.09353492604466789873
0.00000000000000000000 0.09369049633882396699
0.00000000000000000000 0.09373209691001536947
0.00000000000000000000 0.09387084654100538716
0.00000000000000000000 0.09397052833247480919
0.00000000000000000000 0.09402420336549600910
0.00000000000000000000 0.09423930626797778765
0.00000000000000000000 0.09427879382049626777
0.00000000000000000000 0.09472637087479385265
0.00000000000000000000 0.09485538692335489241
0.00000000000000000000 0.09523598620053065622
0.00000000000000000000 0.09583924387120294763
0.00000000000000000000 0.09585149216256012850
0.00000000000000000000 0.09591151954679494329
0.00000000000000000000 0.09620419235845317774
0.00000000000000000000 0.09631240898209339485
0.00000000000000000000 0.09637349212425432021
0.00000000000000000000 0.09645126340566839707
0.00000000000000000000 0.09703228459541986262
0.00000000000000000000 0.09740725514581886901
0.00000000000000000000 0.09746637623968487651
0.00000000000000000000 0.09769353402517329255
0.00000000000000000000 0.09770942968276032092
0.00000000000000000000 0.09803229186923266558
0.00000000000000000000 0.09840992179339248802
0.00000000000000000000 0.09841405918109646933
0.00000000000000000000 0.09856284511572932505
0.00000000000000000000 0.09869638838856777119
0.00000000000000000000 0.09871708484174948617
0.00000000000000000000 0.09875268021448675715
0.00000000000000000000 0.09880308244246353844
0.00000000000000000000 0.09915902547351672369
0.00000000000000000000 0.09916841059273241721
0.00000000000000000000 0.09920849518691413071
0.00000000000000000000 0.09950731211237483220
0.00000000000000000000 0.09960265645987254057
0.00000000000000000000 0.09965671104433690419
0.00000000000000000000 0.09981251278734164234
0.00000000000000000000 0.10004807076533779597
0.00000000000000000000 0.10006599481532281459
0.00000000000000000000 0.10032299946344544472
0.00000000000000000000 0.10044231324351916845
0.00000000000000000000 0.10059096820975382824
0.00000000000000000000 0.10059561824613498515
0.00000000000000000000 0.10072804454603503932
0.00000000000000000000 0.10159766080069160266
0.00000000000000000000 0.10176236413369059430
0.00000000000000000000 0.10188687723023856502
0.00000000000000000000 0.10231918919900666320
0.00000000000000000000 0.10238792112040430438
0.00000000000000000000 0.10268179580423411612
0.00000000000000000000 0.10294455090195483993
0.00000000000000000000 0.10323246431341540075
0.00000000000000000000 0.10328970209577384431
0.00000000000000000000 0.10412311169746915618
0.00000000000000000000 0.10413556530236829645
0.00000000000000000000 0.10432023646658492022
0.00000000000000000000 0.10443555309692285904
0.00000000000000000000 0.10485424413687359502
0.00000000000000000000 0.10487150715267887224
0.00000000000000000000 0.10496368600752688238
0.00000000000000000000 0.10526201591382167155
0.00000000000000000000 0.10556772546280912550
0.00000000000000000000 0.10559180765076067732
0.00000000000000000000 0.10565916926128374187
0.00000000000000000000 0.10581024214504369807
0.00000000000000000000 0.10581598946557026208
0.00000000000000000000 0.10598739745381338673
0.00000000000000000000 0.10607864522602489243
0.00000000000000000000 0.10654955338415203481
0.00000000000000000000 0.10679623535996705941
0.00000000000000000000 0.10692379430705374610
0.00000000000000000000 0.10713712896734460533
0.00000000000000000000 0.10714452781299813044
0.00000000000000000000 0.10720395203121829697
0.00000000000000000000 0.10730883190639177449
0.00000000000000000000 0.10754519233383610932
0.00000000000000000000 0.10778550475733100766
0.00000000000000000000 0.10793265387504503983
0.00000000000000000000 0.10867457792546746098
0.00000000000000000000 0.10874597260057621007
0.00000000000000000000 0.10887685137509084399
0.00000000000000000000 0.10904401494533035033
0.00000000000000000000 0.10944628919324361771
0.00000000000000000000 0.10957417512804877580
0.00000000000000000000 0.10963582561143739302
0.00000000000000000000 0.10965373485466473058
0.00000000000000000000 0.10979987065038067373
0.00000000000000000000 0.10981161858826381239
0.00000000000000000000 0.10997746868690932986
0.00000000000000000000 0.11010945319462933645
0.00000000000000000000 0.11028139931155836462
0.00000000000000000000 0.11029610156313369995
0.00000000000000000000 0.11034696582745731619
0.00000000000000000000 0.11055485041950607883
0.00000000000000000000 0.11070038767440298910
0.00000000000000000000 0.11075775451379274439
0.00000000000000000000 0.11082570539640382301
0.00000000000000000000 0.11174889453085953828
0.00000000000000000000 0.11178444426061152905
0.00000000000000000000 0.11247856085279776817
0.00000000000000000000 0.11247859515723732104
0.00000000000000000000 0.11259773037455891864
0.00000000000000000000 0.11282044926108023009
0.00000000000000000000 0.11301074162846386217
0.00000000000000000000 0.11315449068135335908
0.00000000000000000000 0.11316126345337007564
0.00000000000000000000 0.11329370683954978483
0.00000000000000000000 0.11356134572185591636
0.00000000000000000000 0.11441889310254491074
0.00000000000000000000 0.11443140438473425879
0.00000000000000000000 0.11447150632100042134
0.00000000000000000000 0.11458978146983357649
0.00000000000000000000 0.11462710111404657287
0.00000000000000000000 0.11468692534805710603
0.00000000000000000000 0.11478473230350796919
0.00000000000000000000 0.11480206658088476512
0.00000000000000000000 0.11507470407157820158
0.00000000000000000000 0.11533347885270701927
0.00000000000000000000 0.11553225835816829936
0.00000000000000000000 0.11594735641888737065
0.00000000000000000000 0.11615884222605141196
0.00000000000000000000 0.11634626237805473226
0.00000000000000000000 0.11640359775365784201
0.00000000000000000000 0.11697848884514279455
0.00000000000000000000 0.11727701821525422787
0.00000000000000000000 0.11764918323627900076
0.00000000000000000000 0.11766431070655666846
0.00000000000000000000 0.11785738639359935598
0.00000000000000000000 0.11818753518362747068
0.00000000000000000000 0.11831110845304969315
0.00000000000000000000 0.11838111477939562699
0.00000000000000000000 0.11847995638061614709
0.00000000000000000000 0.11848272923123448486
0.00000000000000000000 0.11906042581019107840
0.00000000000000000000 0.11941813712313549545
0.00000000000000000000 0.11979188307315408180
0.00000000000000000000 0.11990814342315253560
0.00000000000000000000 0.11996102769901101359
0.00000000000000000000 0.12006635919598007689
0.00000000000000000000 0.12011952130485505086
0.00000000000000000000 0.12026746990070870391
0.00000000000000000000 0.12037498392941661796
0.00000000000000000000 0.12051573399332446423
0.00000000000000000000 0.12052567678477228708
0.00000000000000000000 0.12066623134023825303
0.00000000000000000000 0.12111489512525952517
0.00000000000000000000 0.12131529914026700778
0.00000000000000000000 0.12167947827204052269
0.00000000000000000000 0.12199279281932286223
0.00000000000000000000 0.12240742250449121453
0.00000000000000000000 0.12261814013509919619
0.00000000000000000000 0.12283432788692279225
0.00000000000000000000 0.12338655758570842014
0.00000000000000000000 0.12353170827615848892
0.00000000000000000000 0.12484304979403881841
0.00000000000000000000 0.12486166418044859772
0.00000000000000000000 0.12532325722427259396
0.00000000000000000000 0.12536027807637437070
0.00000000000000000000 0.12545916310694082973
0.00000000000000000000 0.12556038104135991418
0.00000000000000000000 0.12577549443962368625
0.00000000000000000000 0.12582557962111637351
0.00000000000000000000 0.12647604898867731427
0.00000000000000000000 0.12692815563876622131
0.00000000000000000000 0.12718586580947643938
0.00000000000000000000 0.12752520282814186481
0.00000000000000000000 0.12832186076188473178
0.00000000000000000000 0.12874595193673490923
0.00000000000000000000 0.12932989017774365603
0.00000000000000000000 0.12936030801980485938
0.00000000000000000000 0.12971253645450170344
0.00000000000000000000 0.13003017082475593069
0.00000000000000000000 0.13004749747168320440
0.00000000000000000000 0.13049876323522857646
0.00000000000000000000 0.13191424392362116613
0.00000000000000000000 0.13225141037429330448
0.00000000000000000000 0.13334489703998178567
0.00000000000000000000 0.13384753423005585349
0.00000000000000000000 0.13409037063534470779
0.00000000000000000000 0.13523158626395484494
0.00000000000000000000 0.13720022624839675607
0.00000000000000000000 0.13904451341424450828
0.00000000000000000000 0.14028479802672938481
0.00000000000000000000 0.14293032232345334598
0.00000000000000000000 0.14512503621936823084
0.00000000000000000000 0.14612516228204727731
0.00000000000000000000 0.14768598005452959754
0.00000000000000000000 0.14841934391106106905
0.00000000000000000000 0.14911779486283815999
0.00000000000000000000 0.14988443284028479807
0.00000000000000000000 0.15396874640235425069
0.00000000000000000000 0.15470652859857922379
0.00000000000000000000 0.15654620898121326955
0.00000000000000000000 0.15661604825535224705
0.00000000000000000000 0.17043405194348720810
0.00000000000000000000 0.17362119758839106298
0.00000000000000000000 0.17562130612380577599
0.00000000000000000000 0.17618856537186253219
0.00000000000000000000 0.17938951790564580668
0.00000000000000000000 0.17973534965911658334
0.00000000000000000000 0.18636038063412199706
0.00000000000000000000 0.20578373183651155198
0.00000000000000000000 1.73205080756887719318
