0.07821044288702340419 0.08311793845905700306
0.08195197680651628014 0.09056670974237759908
0.09220346757967663731 0.09280388322435617621
0.10034499007258468328 0.10368261689265052816
0.09821369415492321731 0.10543940284321225154
0.07972633149265394292 0.10713333372270225641
0.10885608088791846881 0.10927078877304147175
0.10437438200326890070 0.11080194729160953993
0.10112962319710032399 0.11135759837543204864
0.10773521448936496103 0.11235107905684471596
0.10925015218603578715 0.11339801861376706815
0.11187221529988833346 0.11582686880989175038
0.11019010083243879761 0.11619935242294855693
0.11464573360831616100 0.11667302618069941289
0.11583500150514221272 0.11751041541916926181
0.10660195540860539776 0.11758694069274969185
0.09412474399391497493 0.11758694069274969185
0.10301788237396734826 0.11784158708874412080
0.11400595027537846482 0.11868541102435339885
0.11356982873603278794 0.11927556400701821993
0.10283455059950225019 0.12196856212467924174
0.10414902669498751764 0.12251334801644661598
0.12154771336030345541 0.12299511899350913657
0.12182082847655509306 0.12384761077219866299
0.12363440448378500147 0.12449808206339714467
0.12311181853252030349 0.12469384816740446131
0.11724360436037488398 0.12583474416130011053
0.12071728371858467255 0.12624872549722404580
0.12602415167594036016 0.12627118874275064520
0.12291235356291083103 0.12667211008770462577
0.09504586120601320187 0.12903672025529033807
0.12613147879871369761 0.13094583539609064293
0.12524844578251431715 0.13141315509736353762
0.11759355366324568404 0.13210611822904508306
0.13111978931425208317 0.13210694781240833739
0.10590469606568742034 0.13249981610852393232
0.11080543989662891557 0.13280257786218216398
0.12497017997974366188 0.13306837342172761485
0.12383588704899824162 0.13307655555866701458
0.12768596436309367914 0.13377788284283903542
0.13261197719986611565 0.13547648499209216655
0.13162015709127158902 0.13682881974552998927
0.10729642588673150849 0.13741352692449293471
0.13099802606097521451 0.13888056815661808940
0.12629650426562508136 0.13888522059347946369
0.12799777133471507140 0.13901628332602763982
0.12971868565928157402 0.14060072877627882715
0.10337980897377892220 0.14115796666965627071
0.13784253174935440223 0.14118232251130063970
0.12685818188589878530 0.14220482606598125463
0.13779834452892439356 0.14240473806680464808
0.13833868768007367978 0.14243322565594204732
0.13607975936150726315 0.14294598264430924406
0.13265198506133069056 0.14352042237326714802
0.11177443190541069828 0.14393251635439882619
0.12684815340247015958 0.14410698694223150751
0.13313425037442033760 0.14558651342188694278
0.12600195401767069758 0.14595120695589608451
0.12614802599342897493 0.14680066767751800971
0.11995572227082393346 0.14772544730569822646
0.12518355092444471977 0.14831222853624437263
0.14316488794036411059 0.14843648015383770211
0.14038538144871065549 0.14860360384299847736
0.12362590042450442851 0.14887220824970742727
0.14792980557137011544 0.14897110867398985490
0.12343543271832034536 0.14929652796376874369
0.13177298917053287264 0.14934873335255563487
0.14042418176635862448 0.14943162821127900508
0.11398425492623870392 0.14965702937290026320
0.11829625373144939116 0.14991006869297204829
0.13014247019617186663 0.15003960760853171652
0.13174457644711368154 0.15038431390356368778
0.13338982832838464088 0.15040429763231819016
0.12310429396990378581 0.15046018531191263090
0.14236999324566962377 0.15051563545780205500
0.11230025386766161188 0.15140309901532969517
0.13994229111322797898 0.15244745626052538801
0.14958290491865447458 0.15278872580354818655
0.15038247359638046152 0.15308260183022298628
0.14801835629735260458 0.15315272247033553943
0.13588481496650334224 0.15317089739316561148
0.13172773851273728019 0.15418056749125721994
0.14027240623251338580 0.15419204443550424410
0.12978079634402095444 0.15477402871500370307
0.11126532493946121594 0.15483336152533774821
0.15462788807634900157 0.15518594534394522522
0.14507445536315657919 0.15596117890362826142
0.15499967722017957139 0.15612263499824360902
0.14926898999497018039 0.15618932231516202691
0.13607281323474373913 0.15699831274082620691
0.14127531488959402250 0.15761990175154907967
0.12157556122864827952 0.15783538201418015334
0.15407742964330881086 0.15802884334682001932
0.12673934914252216188 0.15806888746716551974
0.12229842897423866266 0.15820317746788273294
0.12475659202746935961 0.15869075472382926373
0.14345981140263444620 0.15873311743225732018
0.11830093149117071327 0.15921727738460828006
0.14700774506214442372 0.15945927997203174220
0.13843555409668278910 0.16069428231452723144
0.13624122380069844662 0.16078613148207573924
0.15902359946253458167 0.16142087201720065059
0.13797374767998973888 0.16165076938693312414
0.12770516470332463066 0.16202061856796784456
0.16140771465522665840 0.16209607894903882430
0.13025638793213681343 0.16319280779003167425
0.13790032109759225998 0.16388317877008659607
0.15056569910480965824 0.16401137505972332442
0.16186749622737017784 0.16418078674158120833
0.14545358635729102592 0.16463296910193306322
0.15059187009220958986 0.16467207142562265143
0.16000638333736288965 0.16490960950481159397
0.13259319322499921179 0.16512225188730006442
0.14886853428218713158 0.16608187756276199254
0.15939342729506150720 0.16661760439111292231
0.15631584573386947401 0.16703918413462884307
0.16550841850521746945 0.16782769255307966594
0.16674215887510318579 0.16881068062063550594
0.14112038297522411234 0.16911053106789653011
0.14823278070201764689 0.16922620592038839504
0.14614555751129704175 0.16989140954496614877
0.16071574476339117732 0.17011617682862312240
0.13719464463034444779 0.17015590615434367239
0.16668635778064899711 0.17034534154487243618
0.14917101747108887921 0.17052853579913448967
0.15953144086531267920 0.17112743431796650917
0.15783069089774126592 0.17131526821308976083
0.12711531166059400477 0.17138738194688707406
0.16558581740789268810 0.17165927211151435494
0.16486515526937667309 0.17205468292526562846
0.12924072984204756920 0.17229616381660878277
0.11926553726408332945 0.17248117633985629582
0.14940738516518725643 0.17266561539531399827
0.16074343640452520843 0.17273512658875986303
0.14538445422308868271 0.17274160214318767803
0.16596984823717092494 0.17295082877149395295
0.12530946795552355688 0.17348567235758025062
0.16797848085115657524 0.17356831985727388945
0.12062557543224526613 0.17367585556839698624
0.15936324213055552690 0.17374400400777487152
0.16582638381391406890 0.17467970924207465444
0.14547781064400994167 0.17535187947381541962
0.14341164962303082353 0.17580935725458976537
0.17305159781163437227 0.17616682739438535577
0.13882283260598371477 0.17691819764962235517
0.15661798982192884355 0.17720916674111436562
0.17569676417276638980 0.17783158894220951751
0.15095467004950993695 0.17844639810706791616
0.14592350759155650608 0.17858026577399965795
0.15033686623382322423 0.17885727809036755520
0.15502218301488410179 0.18168367586480010933
0.11353362602875079201 0.18185616691869435635
0.15668433750926419323 0.18193268792278446955
0.14220795682503972746 0.18241391497018408230
0.16366844703973212893 0.18268022515224444091
0.17485844197652439247 0.18269962859223778939
0.15614646910463256257 0.18302077062845553690
0.13972826196805598897 0.18319614896206928845
0.16850916491713016643 0.18333249180852159710
0.18322965961422155168 0.18364753384007567738
0.17150027863237007897 0.18385039211651396651
0.11794236418617477791 0.18424613051891400306
0.16982972912189508996 0.18529539434749808802
0.14906573947135437486 0.18530680958155532068
0.14239332073707550164 0.18530719527874583985
0.12040848032231836473 0.18648376278608241874
0.16826884319496587805 0.18654654827735525635
0.11943337259086159174 0.18663776785568100824
0.13861060251477502758 0.18825714599148393735
0.15327780537656385262 0.18849581245775159921
0.18084235558707040248 0.18860342024960297103
0.15955947320879509954 0.18877571049550592730
0.13232414579625836892 0.18904642021571124721
0.13116009309294510143 0.18924578379694240171
0.11477662075198843961 0.19017963849213240235
0.15046319049774450893 0.19063869144180684012
0.10993863160279829239 0.19114588893059264452
0.18401420118080535904 0.19172586567141883251
0.13097990827009037273 0.19200494854847019455
0.18020488910251625247 0.19224519934769412899
0.18593221049005401180 0.19326400241763283527
0.17011993837532077278 0.19382768196181879294
0.11678349627855334758 0.19428883946934091820
0.15946688029390465591 0.19439576963539936805
0.17708965249548708210 0.19444215371489717570
0.13239670256871341469 0.19508167071287887961
0.12303623522537969481 0.19580399361660610902
0.16895405503547816783 0.19587344782751101024
0.16720140580211845238 0.19615514237745992898
0.16605005224941590813 0.19640577123444497021
0.11434152592812141247 0.19671440544239621184
0.16978201612925386543 0.19677161570448967187
0.13211451436322066422 0.19846084681126574534
0.14034108033462502907 0.19900286003152561909
0.17478093323439927720 0.19994043401101646573
0.13000684376053747715 0.20050269703237860730
0.14805277692015067492 0.20102972910583843946
0.19545251273328220765 0.20129289427260563250
0.20113372047409566745 0.20192376965206879080
0.11079811368218185630 0.20201339892400813070
0.18170063430217611722 0.20250830571083799914
0.17291315991805891739 0.20269554875362952306
0.12276657869800647327 0.20303256679346171065
0.12446297412538993854 0.20311820123504961688
0.16866369843827816455 0.20363331899246778223
0.17317390517700403940 0.20373338257489759240
0.18369079323991077679 0.20384452068096081678
0.15176498756764139619 0.20421756821366093826
0.11379471830932061382 0.20465566858678641005
0.16624544360536919196 0.20541545616583550826
0.13041793537393475688 0.20663321596535894065
0.16700711004348611777 0.20685019227719131374
0.14006834528615016988 0.20738325870804347195
0.12192431332627387541 0.20753148975993185310
0.14973421138600981339 0.20824349808287628827
0.17884767538895188221 0.20858437579197494638
0.12645991878012421972 0.20875556194376904129
0.19762215582956213500 0.20900477139903755885
0.13966603946452890717 0.20939951101908824138
0.16575739112536316822 0.20974627172980311873
0.12767575243488779591 0.21014272305091136195
0.13478218774322620055 0.21285179925231406672
0.15113600762114670628 0.21311551836681147387
0.20856926675078943378 0.21764635432380957658
0.12152446490627988318 0.21944766474790150523
0.19994144433053315235 0.22184139982028544535
0.22054033815077778158 0.22659292530953306644
0.18409864967559413929 0.22781099251490932733
0.19066771687038730487 0.22883976160026908708
0.16761394876492766159 0.22941484368346798384
0.15069342273767738494 0.23144290574428336149
0.19089477863412668279 0.23144590646256479882
0.16507516773578564950 0.23159781123926040380
0.13578753744655960856 0.23565539049280270767
0.23966168425300632405 0.24031727783141815236
0.25612985585035169533 0.27450460812771210195
0.25165779527081155731 0.27645275487665355030
