0.01866714653437439447 0.01932907891712382781
0.02016369040611922306 0.02100917885190272186
0.02149860002495935021 0.02314334860264744692
0.02529991230353948600 0.02560100706647326640
0.02589646241778693556 0.02763133676509669373
0.02991068897026109841 0.03109431180210180112
0.03018675793884312286 0.03173067256277598697
0.03164711801075065223 0.03212047166510779983
0.02541591333992510721 0.03348189301171799331
0.02916962947956693031 0.03416139969524829151
0.03399217514002153551 0.03429674955534790098
0.03198332219508633056 0.03430180185713010282
0.02777439551784931585 0.03451800361673957457
0.03588720141890577170 0.03706723485737480062
0.03693620757300144358 0.03732828645479722984
0.03506971240223897418 0.03746585547580826708
0.03779547792928962535 0.03865038772566931069
0.03154692571449625726 0.04000207865304423321
0.03418858349368809196 0.04022055257478642648
0.03828318904800148692 0.04100614957046984366
0.03974299033161930728 0.04130432842876958360
0.02889943966906257516 0.04204876002646742300
0.04192325329404984757 0.04212946738031692062
0.04238860789533388518 0.04276678551727785410
0.04217336145650353585 0.04280059494284945559
0.03413381811140195343 0.04293803716159603351
0.03688293890814772769 0.04383573510665066814
0.03203250652578113616 0.04384373330699647964
0.03579250348696101647 0.04386384927184053262
0.04629765386713151354 0.04686566607927392797
0.04735500373065892193 0.04754646397758024307
0.04728916646689537706 0.04759798279493236695
0.04321341950592099551 0.04764431545823887004
0.03774425618232381263 0.04807657682355276352
0.04136217516893377077 0.04888958530373028327
0.03716599887949109671 0.04897541041061287403
0.03858649491579482088 0.05176207048774002922
0.04824692453043488705 0.05209205452054301716
0.04772698272558827115 0.05237228081560899029
0.04247664915801399599 0.05276296836946137853
0.04304100340004188285 0.05344415807846703698
0.04953537479700655805 0.05353007824077644222
0.04715401271825415269 0.05357182846408601457
0.04430352882828494931 0.05432375714851527676
0.05368185094192840651 0.05437554851591723526
0.03428298451791048085 0.05462293432255292680
0.05166372850861235266 0.05571058336789631860
0.05581380280786853165 0.05587601422219456992
0.05557679056637874343 0.05678900753527719308
0.05375076436761101750 0.05680083706316713804
0.04842740576955278237 0.05716697833609676177
0.05732280215146286217 0.05801129453734178709
0.04582969136874452676 0.05850520300779043364
0.05786360399440380886 0.05878905530489522691
0.04992445362765382533 0.05911362991756943103
0.05269245922423069356 0.06094303416008414742
0.03861920270121222548 0.06117484102358616144
0.04934149019191542973 0.06170304710750595251
0.05281319785947984069 0.06170850124548514504
0.04684404944905334878 0.06186611222307106250
0.04939485427279946550 0.06218759270873847750
0.05786282848080406133 0.06275692824635373257
0.05264209903525129269 0.06328550406041452692
0.06163506676948385388 0.06382277825802121218
0.05182574802703610733 0.06439205169328920952
0.03481838742975960216 0.06482539512177934449
0.05169062199518504458 0.06526074638547392504
0.04456707843564793742 0.06533094056093440016
0.06163451081117257702 0.06577390396226710789
0.06473911439045466898 0.06581160704540073292
0.06120148860461242096 0.06650459305261167964
0.04829121442717282386 0.06686800718613117311
0.04363011593388688159 0.06694361422606064094
0.05662968607275624400 0.06696617923517093895
0.04747267918266668413 0.06783306988238577140
0.06020428728388045603 0.06877407162509854843
0.06823839258009650743 0.06908178568876961745
0.05615760940104753268 0.07062165412457253877
0.06691711902121852407 0.07415478361867135215
0.07128913484082520513 0.07535065203820635882
0.07536038601752442778 0.07624737108701809540
0.07277834021425443056 0.07626330060101632613
0.07401557435025545029 0.07689078526275985870
0.07380456449619936243 0.07924533956449872352
0.07749322319392205893 0.07992780361405280032
0.07725954247635116734 0.08047440727114693604
0.07084167396744846246 0.08454616922409895208
0.07972384672514734594 0.09544251566608984161
0.08822572035459363970 0.09726455546027194810
0.09708139514036565054 0.09820302039315720322
0.07159503022584771947 0.09854550153847713156
0.08812170719093383175 0.09883124307054451385
0.09128341728383541909 0.09901050977440956080
0.06673211198489426010 0.09910619994213708261
0.07406066660442744976 0.09970653543143344344
0.10171515929965060931 0.11707230152013360647
0.09268036300559856500 0.11894663689442892818
0.12586228624634981932 0.13314463728264663844
0.06798867127281499334 0.66880607419221682619
