0.02455530651007072421 0.02491934452840224509
0.02735153565845302101 0.02844012687254437316
0.02739281995257849753 0.02972834645844509363
0.03316828844694316714 0.03638110575710686023
0.03605683765856523837 0.03674868513960926480
0.03255496329887448692 0.03745290630274914628
0.03822196832177059134 0.04078021795622777806
0.03759317316684563509 0.04078027235477196810
0.03594687358123910964 0.04178665282580741602
0.04030642547062673192 0.04236639098186865959
0.03034225356751991606 0.04288743000910767017
0.04384047577903108645 0.04495995864923159335
0.03768372309238921664 0.04608464013257677211
0.04518502395916884629 0.04657679170236961319
0.04063015303827943736 0.04676849865044948457
0.04626739424070287071 0.04689846772624945564
0.04292428802509225261 0.04694246779461636737
0.04150147065816314762 0.04817426770856769735
0.03990565869921662567 0.05056810403730465503
0.05134807338437650387 0.05283281815300039375
0.04813329202011899094 0.05286416435531154923
0.04940455588246158575 0.05330137236708364784
0.05283259408957206166 0.05355168958009081520
0.05023020436538220418 0.05472798441236062517
0.05139738125533729884 0.05514875965884440123
0.05424826980277035193 0.05645697727351356443
0.05295245518259020928 0.05702430311862541346
0.05499301969949962898 0.05759964224312135589
0.04923070819091548284 0.05764671184858777275
0.05245203785464067070 0.05884415449657143249
0.04982414130186971213 0.05916264865606488121
0.04324346212203279000 0.05947875243255181660
0.05602829004185286288 0.06050033094872947492
0.05093807214311344561 0.06061168536765058207
0.05388832106745703593 0.06063457893749133604
0.05360296849643957084 0.06070850655420845926
0.06001106867779002624 0.06094538741085098882
0.05283502436199781493 0.06094870941212632287
0.05635466219671918936 0.06141172319049241490
0.04441461250540256617 0.06203672276355991222
0.05393099352741961838 0.06267531026609658718
0.05489048096295158496 0.06292869747214134557
0.04467960656736787162 0.06379107563638990175
0.04972208346011778440 0.06383600067164918457
0.06301349329010762224 0.06436978666430295815
0.06457961397046162177 0.06467889951759764333
0.06331576231322019743 0.06571018611178836011
0.04489486299801630914 0.06823671815996880385
0.05272436709304485769 0.06850336657173140831
0.06373475827412090899 0.06888543525472826112
0.06481869312174751152 0.06909125690908381190
0.05108699859076477195 0.06928552351528158293
0.05900765129115882746 0.06932144367642456562
0.05991440136945501427 0.06953388055859537065
0.06015504496700276038 0.06988173329911805121
0.06149269138054040684 0.07004022962441767974
0.05835560140181120237 0.07017781623520452650
0.06836993207714223142 0.07020451662964842521
0.06956165260262860139 0.07053914509716252557
0.03883234113327287823 0.07067950238934107843
0.05640019935065726520 0.07098733800269679817
0.06818725229964363310 0.07120932417606182230
0.04957126661823218344 0.07137254158674749549
0.06648989467951671450 0.07242943068585658284
0.06707327672794972939 0.07299032032418686922
0.06886785760914249099 0.07316815135593884856
0.07134918312416169139 0.07339788030051658252
0.05499365170221249405 0.07417151179840859865
0.06161629665964821201 0.07486734419678771346
0.06712043267412239056 0.07512126311499224551
0.05946156427700300534 0.07518541822379348760
0.07329051091635031823 0.07549597320603335104
0.07353411530774313365 0.07793157432389817563
0.06812366947417496099 0.07874508385494194407
0.07270502663583404412 0.07936767445227525808
0.06011368652662072570 0.08014924827523869921
0.06752886854781291193 0.08137653992176729911
0.07627505313071587800 0.08346416039460473335
0.05090563801845910535 0.08389140933307455417
0.07235726050745062976 0.08523154797662496618
0.08050536449856122989 0.08587449944827391102
0.06225933382247926529 0.08638489816822055023
0.08355684310645997148 0.08766291205987035429
0.07439152172814515740 0.08962278218097911864
0.08744552985044459770 0.09026042316621842032
0.07222045205526318734 0.09184537790898163190
0.07223922806309078515 0.09196749339626512920
0.08234931563395790632 0.09304866127235217332
0.09318158532941674121 0.09336390639985238382
0.09418179085206854206 0.09491972038554896685
0.08635132357022756722 0.09569221053159578105
0.07863768706493810823 0.09607562486630515097
0.05653375637818841559 0.09653686974600107773
0.06460095345679767176 0.09721662303114515791
0.10025243912923646750 0.10033221575330016073
0.06105876047278567531 0.10073035893638511429
0.06249048917801409281 0.10143128858206613974
0.08029963679986940051 0.10197728198720301673
0.07785014111362702216 0.10244075872531849258
0.07989728135076101800 0.10432064416234733406
0.10519650332240346180 0.10603870043443942850
0.09568940729792807520 0.10951379652975345991
0.10931485932174334064 0.11015597990244990756
0.09974988963642807127 0.11134118346070512318
0.09187377778122096661 0.11318406008248678429
0.11118556278684967042 0.11698424964466541676
0.08684906589847585234 0.11937066823393759074
0.08684227076997232120 0.12084288179716719258
0.08243004426403870155 0.12161978241443405224
0.10341284400706678148 0.12189118608263652122
0.08650864983857771418 0.12276070202775926643
0.07955482248405990053 0.12474013603375394554
0.09949797944164825991 0.12988534315269062436
0.13919579020375746903 0.13956938187686540598
0.12923807941717946335 0.13957372702074863358
0.09567513340557849688 0.13993615694885069844
0.12984771878149931057 0.15147563226279525672
0.13122563321999763941 0.15331594937998008210
0.07516033686245907064 0.44569441202442294792
