0.08854216787973395730 0.10055015276521983569
0.08714009325928498417 0.10374619559643775968
0.10584686473304442955 0.11096924898085434863
0.10879881733475060823 0.11742590797844268402
0.09894522783518255871 0.11929361980276761979
0.11689546004921279321 0.11963297981688039706
0.12002130220943890704 0.12033770854312500487
0.09904276756860545816 0.12120704204138794957
0.10622000056424166226 0.12191727147458467084
0.10928150948983672563 0.12216876134202178661
0.10287326940454878665 0.12345917075214048186
0.11948540080027451882 0.12369332585265109536
0.09650307581658158773 0.12422776776589532222
0.11618489147501639969 0.12502070104717374899
0.12439222286104065218 0.12520703786309200778
0.11305152419299240030 0.12611121400710806340
0.09475348118249882212 0.12657498649865731033
0.12321525439759772880 0.12720957239159375041
0.11968857400246385447 0.12799793238595263967
0.11503621317249444755 0.12836588251946487449
0.12845867417157222357 0.12933980261202387974
0.12717595709687143368 0.12969633806628722006
0.12617161177034605379 0.13059406858875011181
0.12893810184553075593 0.13104404324540294691
0.11491125538657370742 0.13379166741260892226
0.10363125383169324856 0.13453026478798743581
0.11779017817995705852 0.13469994734820528448
0.11771274127501192563 0.13476892831617617863
0.12032347051818262362 0.13491223264574733753
0.12225147139713715694 0.13606342711889737873
0.13354528823185934927 0.13715576785140906613
0.12434926155710128437 0.13717637065908314109
0.13357991831139012784 0.13751579906279651211
0.12241374362831888845 0.13811515458031259351
0.13014484596268646732 0.13928621107245922617
0.12236837064767261407 0.14107487380111785602
0.11626480039156288082 0.14111098526828738664
0.12978579917945778921 0.14206746940569039972
0.12579857707510913589 0.14206746940569039972
0.14294075795623698011 0.14326224753631883191
0.12599610437676642127 0.14420443827859308339
0.12845165807721559137 0.14424478030469811696
0.11996223472683643918 0.14454069066378857911
0.13739545980031822592 0.14595952050586735727
0.14180241518830583036 0.14652557967723836563
0.14030766878277503573 0.14658097436018285853
0.14231408935053771470 0.14666967366640668025
0.13546606132838240333 0.14811811134448313321
0.13784320041377023935 0.14867172194955982634
0.10434102431771152819 0.14898453659985419484
0.11783098522448895440 0.14925771697092907186
0.14809660628378429337 0.14925771697092907186
0.13209813082000543272 0.14942654977477445866
0.14120319260751748591 0.15100079396668583676
0.12582057112461073056 0.15211264101864435672
0.13012272749268036232 0.15214989070923737313
0.14636200278721334112 0.15241755909376583644
0.13935876255931856083 0.15439707413914990908
0.13181623110274207078 0.15578518895497156516
0.14286263393009845935 0.15604020716971545024
0.13753033043409090830 0.15624349764470243929
0.11733294893055942754 0.15626998050844287391
0.14043975619846210678 0.15650870465632377160
0.14101906553289519919 0.15671046232055554914
0.13798871052380359825 0.15770608040285480356
0.12113908297101032285 0.15776960479026261308
0.15539685250550661078 0.15842545574178515388
0.13028980531317407854 0.15921621131340418787
0.14340473220080879324 0.16056658492694761420
0.15034059529639751118 0.16077635513354215924
0.14765004886384300309 0.16128165009662412399
0.13155894188006611589 0.16208250591887052305
0.14985751607564692933 0.16233886208767167592
0.15244322745929422824 0.16240015439983887524
0.13589829778118728276 0.16278567020827008904
0.13168658858216297780 0.16287342042907151929
0.15810549134498419477 0.16288306566799018449
0.14311497108767462505 0.16325719526864432285
0.13295238623346322671 0.16329772997308328319
0.13811980962061981559 0.16368930348851520873
0.13428652356104786580 0.16390009023766596852
0.13702398765929305058 0.16393119887629331588
0.13147381855000958573 0.16511555129424643207
0.14174104764700093395 0.16541927527562735878
0.13748314906631473042 0.16608293682595967611
0.14773178594312083578 0.16619785720914168059
0.16360696896722157212 0.16668517441637240029
0.11355729717129575684 0.16668517441637240029
0.15934520001612753615 0.16696129973242448963
0.15167773725983182964 0.16751363466771873600
0.15057493493650242478 0.16755659528145894210
0.15195786145326123373 0.16952302848230366150
0.15331596661632776457 0.17011840273373243781
0.16280519549233754550 0.17080374502839332229
0.13753439510745188445 0.17082868366970763163
0.11615878886199565434 0.17106564935872473066
0.12358303981942513061 0.17229630583801847088
0.16793622601441690612 0.17276648130569896566
0.12990989593272656011 0.17279294849947055002
0.17088475126078056521 0.17299755614965886541
0.15660414908070593998 0.17302505920679911444
0.12699257136748792751 0.17327677437943911354
0.12453522728587501645 0.17344897615287677151
0.17052180476027933853 0.17367317647202981656
0.14330905224873202730 0.17385797937199562457
0.11877747494439597209 0.17391262027507325971
0.15750362767159481470 0.17408776850783966306
0.15137826384881389319 0.17414827575866254072
0.16678451062722374210 0.17429781958900672501
0.11602273687159653237 0.17434168246770379018
0.16537741142233652880 0.17445967041514964802
0.17024728088626767120 0.17447183957743597760
0.14648290438235508915 0.17490667662508121993
0.16345074618139265876 0.17499554117775642514
0.15547114126245517585 0.17508926866050864013
0.14646643164581382712 0.17534835392264580545
0.12888605300333405568 0.17543064340013891922
0.11539356462872274456 0.17563212147094281468
0.16126223541237433290 0.17635665447154433294
0.13056638821499222392 0.17666403434743505052
0.11019692052623687728 0.17667039829185982036
0.11890339368300116563 0.17684495192688634568
0.16732811598354224714 0.17685552037070342846
0.17552831912631849942 0.17850046787074935750
0.15080141073092084847 0.17929698495474857833
0.16536972280505599087 0.17956737461278432511
0.15067162503628214743 0.17995976403915320274
0.17168376462914963776 0.18103548484671680430
0.12958687155052961426 0.18236364732323792626
0.16602930205129920460 0.18309338759719018253
0.16842366481266130007 0.18317664004268377487
0.16080301237172561768 0.18340386627168331346
0.14102857178499261792 0.18343992054452193385
0.17199411091323243972 0.18393050885015824192
0.11273801321088111616 0.18510938136089891137
0.17075083626854936636 0.18555944660916576239
0.18559985358161909530 0.18562397729575846883
0.14325593875511347108 0.18717412584824666411
0.17016798413368117160 0.18758145401692155607
0.17108481170480932532 0.18880367634292968826
0.12699993358658639986 0.18939069063687080652
0.17976045801191034568 0.19015112711442899718
0.17802869386898517723 0.19021052949200306648
0.11876300803866188249 0.19029366411116566127
0.18490980528761619128 0.19042184767485961783
0.16400742607210341828 0.19091455121200109901
0.18667892581149572728 0.19172264594868385079
0.13671801648354764414 0.19236235581304131359
0.16799588821576283415 0.19261592473137734149
0.13943540059752743132 0.19296932142507308705
0.14109443831147755466 0.19298733563553316372
0.12760898495289008103 0.19329505567390789511
0.13398231825411946461 0.19422027059948657191
0.15831223148707490589 0.19436496020726745648
0.15539954303933514734 0.19439077248286304456
0.15386665937098265022 0.19473220761377257881
0.16988487074652855457 0.19483932787239591211
0.18670288311392768676 0.19556075585104951142
0.17932377967811741204 0.19569534457790077608
0.16505000615332557357 0.19656614984880033115
0.15680142513450801012 0.19758617420508936546
0.13106146791118278294 0.19981508971454225998
0.16135745198390596955 0.20149782910920482903
0.15070369771241781676 0.20215224393610323195
0.19066638312572214975 0.20251720019559471542
0.14980307636277323535 0.20347413754829382637
0.18119531569498453782 0.20386085752465740728
0.15618482891581117467 0.20421869218948168756
0.19354202082965088483 0.20432164762228308130
0.15807146650408931965 0.20482460681400974090
0.17893196081551288046 0.20512706394688851042
0.18534820176724675633 0.20520749840044139045
0.13333202093030441238 0.20531187086210372916
0.13348831307019826120 0.20594582877009767752
0.13542922188829289998 0.20657997436791561419
0.17455009846660471395 0.20712718951630304520
0.13920022366355905286 0.20745042321956802533
0.13514975519486441269 0.20773135849489515747
0.19095829904302372149 0.20889593187065633173
0.13112086505020850713 0.20910934646454848451
0.19406691537831571859 0.21361949559612669614
0.16616468840303899590 0.21454679216493405258
0.21410070744486356387 0.21674698080350238150
0.19827144972908877785 0.21767614494934264813
0.17019117193689325962 0.22009425867792722920
0.12412836006723421134 0.22147006303818653206
0.18168759893945810036 0.22183340106151694382
0.12962037996716549437 0.22356486325733440634
0.13029786369210905050 0.22552072490182883957
0.12717801713428172894 0.22585383479618167946
0.21637978588248021894 0.22659536054274209693
0.12171921380778548405 0.22847799147358116567
0.13830146950845570442 0.23071063938962399487
0.20573054697307463501 0.23086638358945596461
0.21614815523349931170 0.23123268934443019784
0.20206290340683846773 0.23129800824181698249
0.12486898217316337589 0.23247106031403269588
0.23146201899378640587 0.23271287817244687424
0.23344066040277280938 0.23398922556523682470
0.17558513371681097603 0.23929602338435540521
0.23100234856281012807 0.24264711196139890359
0.23278804390984766948 0.24602615921502893337
0.23583480004347251446 0.24926299818476793657
0.21394037288025588572 0.25514779088627542736
0.23987289428815580794 0.25978908858123461734
0.27304037007505338464 0.27725884826159857832
0.28457258802452012336 0.29326355896077671570
