0.00000000000000000000 0.00335530822431386001
0.00000000000000000000 0.01730600821364459280
0.00000000000000000000 0.01909573328246495089
0.00000000000000000000 0.02043975043266752639
0.00000000000000000000 0.02271813714337604651
0.00000000000000000000 0.02380131560221814338
0.00000000000000000000 0.02486605068190627862
0.00000000000000000000 0.02801301913170155949
0.00000000000000000000 0.02900366266197845766
0.00000000000000000000 0.02910449795419486549
0.00000000000000000000 0.03011320183823840840
0.00000000000000000000 0.03025436413122057147
0.00000000000000000000 0.03076048586769684554
0.00000000000000000000 0.03175359211734027354
0.00000000000000000000 0.03224272459530090618
0.00000000000000000000 0.03375039516280765872
0.00000000000000000000 0.03383786617821360476
0.00000000000000000000 0.03400561181861175286
0.00000000000000000000 0.03425912618126242259
0.00000000000000000000 0.03504210717861034469
0.00000000000000000000 0.03517758669920141579
0.00000000000000000000 0.03579070783848783271
0.00000000000000000000 0.03606107604720302368
0.00000000000000000000 0.03626724214045297379
0.00000000000000000000 0.03647769170907422254
0.00000000000000000000 0.03715670353495900691
0.00000000000000000000 0.03759400117639018907
0.00000000000000000000 0.03865514152479095772
0.00000000000000000000 0.03928195017977644671
0.00000000000000000000 0.03946510284446455574
0.00000000000000000000 0.03950277213214658384
0.00000000000000000000 0.03954425671048801549
0.00000000000000000000 0.03964214841445758836
0.00000000000000000000 0.03992665049201163385
0.00000000000000000000 0.04006874021760870042
0.00000000000000000000 0.04010367729509504986
0.00000000000000000000 0.04025012114635043159
0.00000000000000000000 0.04047931457378849129
0.00000000000000000000 0.04049044185777810057
0.00000000000000000000 0.04123613838695201067
0.00000000000000000000 0.04123688331172112309
0.00000000000000000000 0.04160787266864287431
0.00000000000000000000 0.04195758253948349281
0.00000000000000000000 0.04203886536450851530
0.00000000000000000000 0.04361726108045779760
0.00000000000000000000 0.04367824309974334407
0.00000000000000000000 0.04374187524000366228
0.00000000000000000000 0.04398210303968801832
0.00000000000000000000 0.04398675357965819988
0.00000000000000000000 0.04505009353856881393
0.00000000000000000000 0.04564709230608688523
0.00000000000000000000 0.04572337264971730597
0.00000000000000000000 0.04579976872034745988
0.00000000000000000000 0.04659655368670095887
0.00000000000000000000 0.04714429978389992476
0.00000000000000000000 0.04718475371687466668
0.00000000000000000000 0.04768703619251619258
0.00000000000000000000 0.04877919473060550459
0.00000000000000000000 0.04895271500279553545
0.00000000000000000000 0.04916210487623162012
0.00000000000000000000 0.04921875144665337209
0.00000000000000000000 0.04938702020766601308
0.00000000000000000000 0.04942825664875566405
0.00000000000000000000 0.04961898031515550589
0.00000000000000000000 0.04965094248666749449
0.00000000000000000000 0.04970364883034005671
0.00000000000000000000 0.04989929871736886041
0.00000000000000000000 0.04993462318217949114
0.00000000000000000000 0.05137100928297711616
0.00000000000000000000 0.05169061431423272596
0.00000000000000000000 0.05190747311847403872
0.00000000000000000000 0.05198078726976335801
0.00000000000000000000 0.05222201509020257121
0.00000000000000000000 0.05225327202942996879
0.00000000000000000000 0.05261786295344295095
0.00000000000000000000 0.05276229122773438973
0.00000000000000000000 0.05279133550618271553
0.00000000000000000000 0.05287831954280677177
0.00000000000000000000 0.05290683988145516298
0.00000000000000000000 0.05297986520520220344
0.00000000000000000000 0.05339569945735365974
0.00000000000000000000 0.05345513389456697795
0.00000000000000000000 0.05356516033049928821
0.00000000000000000000 0.05398437081817064609
0.00000000000000000000 0.05462215261908096031
0.00000000000000000000 0.05477163511120208828
0.00000000000000000000 0.05491967788991691801
0.00000000000000000000 0.05499579307564343711
0.00000000000000000000 0.05521366484100363736
0.00000000000000000000 0.05524397321583293663
0.00000000000000000000 0.05535211115769132773
0.00000000000000000000 0.05541106015078015729
0.00000000000000000000 0.05558462100035260062
0.00000000000000000000 0.05579923125950132096
0.00000000000000000000 0.05590182775784573177
0.00000000000000000000 0.05599292833588649654
0.00000000000000000000 0.05630925277099304432
0.00000000000000000000 0.05657757201605369962
0.00000000000000000000 0.05662736041024019756
0.00000000000000000000 0.05675714595596841050
0.00000000000000000000 0.05715735451555032515
0.00000000000000000000 0.05741506569163343232
0.00000000000000000000 0.05742566642904817220
0.00000000000000000000 0.05803053477362284107
0.00000000000000000000 0.05821523911800609297
0.00000000000000000000 0.05827209160542119043
0.00000000000000000000 0.05863779522076446177
0.00000000000000000000 0.05888461319520171822
0.00000000000000000000 0.05910454630011925670
0.00000000000000000000 0.05921944036430432795
0.00000000000000000000 0.05932608782730223324
0.00000000000000000000 0.05950347307705613348
0.00000000000000000000 0.05961520187542325433
0.00000000000000000000 0.05988267033797458477
0.00000000000000000000 0.06014456474978052691
0.00000000000000000000 0.06017492552586031773
0.00000000000000000000 0.06018333006425542059
0.00000000000000000000 0.06059802182081113625
0.00000000000000000000 0.06077864957951218533
0.00000000000000000000 0.06083633847111074439
0.00000000000000000000 0.06086625409366962919
0.00000000000000000000 0.06126744070752448978
0.00000000000000000000 0.06178132860433798584
0.00000000000000000000 0.06180890309458346443
0.00000000000000000000 0.06187093242237857310
0.00000000000000000000 0.06190659299445324532
0.00000000000000000000 0.06193061702216727527
0.00000000000000000000 0.06198283560586673874
0.00000000000000000000 0.06203599064378192973
0.00000000000000000000 0.06224852360653952699
0.00000000000000000000 0.06304384315848376996
0.00000000000000000000 0.06316358473021722875
0.00000000000000000000 0.06318918895092749677
0.00000000000000000000 0.06380067448488138671
0.00000000000000000000 0.06391775829395464348
0.00000000000000000000 0.06392487566185078851
0.00000000000000000000 0.06393964729096474064
0.00000000000000000000 0.06395631597622086773
0.00000000000000000000 0.06402301530819956565
0.00000000000000000000 0.06413213173175431880
0.00000000000000000000 0.06420656642302172146
0.00000000000000000000 0.06421889842579375784
0.00000000000000000000 0.06476522951749293100
0.00000000000000000000 0.06488726550560991457
0.00000000000000000000 0.06519560403465467224
0.00000000000000000000 0.06521484029455178189
0.00000000000000000000 0.06590367843500560818
0.00000000000000000000 0.06598021561576075666
0.00000000000000000000 0.06603762834998481990
0.00000000000000000000 0.06653364617573176432
0.00000000000000000000 0.06674392215221947033
0.00000000000000000000 0.06675101127717640581
0.00000000000000000000 0.06686165455022988202
0.00000000000000000000 0.06752475292616992586
0.00000000000000000000 0.06767777107759068156
0.00000000000000000000 0.06788115666590900654
0.00000000000000000000 0.06788708297703746619
0.00000000000000000000 0.06843174175081247201
0.00000000000000000000 0.06859088930552953434
0.00000000000000000000 0.06864516726910745159
0.00000000000000000000 0.06889684606972125425
0.00000000000000000000 0.06929312780872630417
0.00000000000000000000 0.06936806946126704287
0.00000000000000000000 0.06945137073176310682
0.00000000000000000000 0.06999603348714664164
0.00000000000000000000 0.07037184171033615543
0.00000000000000000000 0.07044137981137668647
0.00000000000000000000 0.07065355929946166846
0.00000000000000000000 0.07072374393799345238
0.00000000000000000000 0.07083761341778006815
0.00000000000000000000 0.07095037985589615348
0.00000000000000000000 0.07120103105976960389
0.00000000000000000000 0.07121342416563385125
0.00000000000000000000 0.07123243269447282477
0.00000000000000000000 0.07145123957420368432
0.00000000000000000000 0.07179565409539040433
0.00000000000000000000 0.07180516510377174533
0.00000000000000000000 0.07189810577696854887
0.00000000000000000000 0.07195478638363350665
0.00000000000000000000 0.07197638371944470315
0.00000000000000000000 0.07234936548904712106
0.00000000000000000000 0.07248798506704894062
0.00000000000000000000 0.07274077078569891885
0.00000000000000000000 0.07296039011626073711
0.00000000000000000000 0.07326001700981935039
0.00000000000000000000 0.07330349734342972434
0.00000000000000000000 0.07336583439183247402
0.00000000000000000000 0.07350081123546889361
0.00000000000000000000 0.07368320796178549903
0.00000000000000000000 0.07372557619677984342
0.00000000000000000000 0.07418545843640331205
0.00000000000000000000 0.07424208996643216762
0.00000000000000000000 0.07439357469497208386
0.00000000000000000000 0.07440236917454703947
0.00000000000000000000 0.07481875216672324858
0.00000000000000000000 0.07483227846537868211
0.00000000000000000000 0.07497406495251374148
0.00000000000000000000 0.07537615755911579452
0.00000000000000000000 0.07549943933727989998
0.00000000000000000000 0.07559388182634060871
0.00000000000000000000 0.07641798141511962905
0.00000000000000000000 0.07655699507590379982
0.00000000000000000000 0.07659791494575377002
0.00000000000000000000 0.07669762652780222345
0.00000000000000000000 0.07685785210467106776
0.00000000000000000000 0.07698859380345994541
0.00000000000000000000 0.07728968874442668224
0.00000000000000000000 0.07805997129732127060
0.00000000000000000000 0.07826483635271219708
0.00000000000000000000 0.07847723034791158347
0.00000000000000000000 0.07868563815351531376
0.00000000000000000000 0.07879698610716373564
0.00000000000000000000 0.07887486107954462533
0.00000000000000000000 0.07888301327740145086
0.00000000000000000000 0.07903139278279282254
0.00000000000000000000 0.07906808587896763107
0.00000000000000000000 0.07913225543275052842
0.00000000000000000000 0.07915522904590846509
0.00000000000000000000 0.07935044755673036077
0.00000000000000000000 0.07954980380688858599
0.00000000000000000000 0.07956402504859866331
0.00000000000000000000 0.07969803564385440076
0.00000000000000000000 0.07970072886278567470
0.00000000000000000000 0.07976579573974590387
0.00000000000000000000 0.07991060088241304371
0.00000000000000000000 0.08015505336378404844
0.00000000000000000000 0.08052208208782116183
0.00000000000000000000 0.08100437467848094208
0.00000000000000000000 0.08157446271303614438
0.00000000000000000000 0.08162963331013815826
0.00000000000000000000 0.08163312146586154672
0.00000000000000000000 0.08176065520390717045
0.00000000000000000000 0.08198494704326808602
0.00000000000000000000 0.08201006699771111463
0.00000000000000000000 0.08217225877207366691
0.00000000000000000000 0.08217501875201865813
0.00000000000000000000 0.08258510868594776122
0.00000000000000000000 0.08266545883344075807
0.00000000000000000000 0.08281684024784199960
0.00000000000000000000 0.08307665672968059245
0.00000000000000000000 0.08337062540085847517
0.00000000000000000000 0.08357536550000677078
0.00000000000000000000 0.08378765163069561150
0.00000000000000000000 0.08395262458278389406
0.00000000000000000000 0.08437910102646356547
0.00000000000000000000 0.08455270275688382686
0.00000000000000000000 0.08463554315267257655
0.00000000000000000000 0.08467314044797952244
0.00000000000000000000 0.08468220361797343387
0.00000000000000000000 0.08486683955741265717
0.00000000000000000000 0.08487270241129077353
0.00000000000000000000 0.08543464182101120907
0.00000000000000000000 0.08556411226731365505
0.00000000000000000000 0.08588112267000845568
0.00000000000000000000 0.08594874421711606871
0.00000000000000000000 0.08596187133619159759
0.00000000000000000000 0.08616755736018984202
0.00000000000000000000 0.08645152551721550782
0.00000000000000000000 0.08671634374428513481
0.00000000000000000000 0.08683845048219906992
0.00000000000000000000 0.08705868716627589154
0.00000000000000000000 0.08710096401432204649
0.00000000000000000000 0.08763252626891446240
0.00000000000000000000 0.08778932250052529085
0.00000000000000000000 0.08784181173724921188
0.00000000000000000000 0.08787514723628861435
0.00000000000000000000 0.08821198440214672587
0.00000000000000000000 0.08838771458900961109
0.00000000000000000000 0.08857783108104223813
0.00000000000000000000 0.08871442361755636774
0.00000000000000000000 0.08895184086589144612
0.00000000000000000000 0.08923465223659313161
0.00000000000000000000 0.08930563891510774621
0.00000000000000000000 0.08950880529743197866
0.00000000000000000000 0.09003710482650752189
0.00000000000000000000 0.09031790529769483100
0.00000000000000000000 0.09032042290270869689
0.00000000000000000000 0.09048803556606423160
0.00000000000000000000 0.09058295724865199350
0.00000000000000000000 0.09063276658327842905
0.00000000000000000000 0.09073120987691174477
0.00000000000000000000 0.09090871776219512646
0.00000000000000000000 0.09093589827110706847
0.00000000000000000000 0.09096392899258592957
0.00000000000000000000 0.09101902838874710577
0.00000000000000000000 0.09107081990867268995
0.00000000000000000000 0.09111550220990193016
0.00000000000000000000 0.09114188921522446696
0.00000000000000000000 0.09134073835233888494
0.00000000000000000000 0.09154036034639100039
0.00000000000000000000 0.09215649447672388805
0.00000000000000000000 0.09239152034103137456
0.00000000000000000000 0.09240451284617336170
0.00000000000000000000 0.09241300482230963009
0.00000000000000000000 0.09259635740737935661
0.00000000000000000000 0.09323242755715253904
0.00000000000000000000 0.09336009502421405148
0.00000000000000000000 0.09352885612910237512
0.00000000000000000000 0.09359602192409786914
0.00000000000000000000 0.09373272447239101857
0.00000000000000000000 0.09383290550852960155
0.00000000000000000000 0.09385279770023294277
0.00000000000000000000 0.09389019194634774801
0.00000000000000000000 0.09416180618819068593
0.00000000000000000000 0.09431004142636674470
0.00000000000000000000 0.09438149409525492528
0.00000000000000000000 0.09448727799717562825
0.00000000000000000000 0.09451497332958769260
0.00000000000000000000 0.09478194830730107823
0.00000000000000000000 0.09484366629562956952
0.00000000000000000000 0.09491172370862635543
0.00000000000000000000 0.09498539414380896551
0.00000000000000000000 0.09501041370286139598
0.00000000000000000000 0.09526030971730879704
0.00000000000000000000 0.09528095188909868618
0.00000000000000000000 0.09531260572073574355
0.00000000000000000000 0.09555359131723129007
0.00000000000000000000 0.09560815265926034257
0.00000000000000000000 0.09565899187776961965
0.00000000000000000000 0.09570602526539556676
0.00000000000000000000 0.09574201669390595970
0.00000000000000000000 0.09587572636875349441
0.00000000000000000000 0.09596138676240978382
0.00000000000000000000 0.09618033270791416511
0.00000000000000000000 0.09628051420029755392
0.00000000000000000000 0.09644468973401609801
0.00000000000000000000 0.09658143991500262038
0.00000000000000000000 0.09658689114051950686
0.00000000000000000000 0.09676625426199754465
0.00000000000000000000 0.09682359320296717031
0.00000000000000000000 0.09714278050968276623
0.00000000000000000000 0.09728465363739546845
0.00000000000000000000 0.09729874486423177593
0.00000000000000000000 0.09754459453017000348
0.00000000000000000000 0.09754606598015912178
0.00000000000000000000 0.09756164932693113523
0.00000000000000000000 0.09783613180289747746
0.00000000000000000000 0.09786561131200995078
0.00000000000000000000 0.09845483867276029477
0.00000000000000000000 0.09847296828987199546
0.00000000000000000000 0.09920412754841681502
0.00000000000000000000 0.09927213437530418849
0.00000000000000000000 0.09946086050549633739
0.00000000000000000000 0.09967267979348284901
0.00000000000000000000 0.09984773702114398131
0.00000000000000000000 0.09986176687715873912
0.00000000000000000000 0.10008095923187426690
0.00000000000000000000 0.10036087704184787350
0.00000000000000000000 0.10044401356648112456
0.00000000000000000000 0.10050243109584908185
0.00000000000000000000 0.10084387208824169280
0.00000000000000000000 0.10119541648960604652
0.00000000000000000000 0.10136138196415069024
0.00000000000000000000 0.10139656018930010006
0.00000000000000000000 0.10193590630287080456
0.00000000000000000000 0.10199783590819742896
0.00000000000000000000 0.10214190770910923367
0.00000000000000000000 0.10278189632294981726
0.00000000000000000000 0.10285654569335277164
0.00000000000000000000 0.10308728873772617096
0.00000000000000000000 0.10357366588625953330
0.00000000000000000000 0.10384991770873890082
0.00000000000000000000 0.10386914117580696437
0.00000000000000000000 0.10397377747971218998
0.00000000000000000000 0.10403982965309015174
0.00000000000000000000 0.10412222587061169266
0.00000000000000000000 0.10430722333838214622
0.00000000000000000000 0.10462821995863626212
0.00000000000000000000 0.10488186960463957709
0.00000000000000000000 0.10541646514391529721
0.00000000000000000000 0.10561867619402703911
0.00000000000000000000 0.10573412181206752469
0.00000000000000000000 0.10574179753622707512
0.00000000000000000000 0.10577552724385887173
0.00000000000000000000 0.10624156954125901775
0.00000000000000000000 0.10630961307650695080
0.00000000000000000000 0.10722715287632361703
0.00000000000000000000 0.10746836063292031227
0.00000000000000000000 0.10747276657704792069
0.00000000000000000000 0.10754594260267315298
0.00000000000000000000 0.10779548851883515026
0.00000000000000000000 0.10804725728270832275
0.00000000000000000000 0.10816353145606226460
0.00000000000000000000 0.10842455352020978487
0.00000000000000000000 0.10843770488761939053
0.00000000000000000000 0.10864472477512687743
0.00000000000000000000 0.10895498524821858877
0.00000000000000000000 0.10905795070712917538
0.00000000000000000000 0.10936463430872996050
0.00000000000000000000 0.10937019225165227343
0.00000000000000000000 0.10941589213761226951
0.00000000000000000000 0.10942135051369576704
0.00000000000000000000 0.11002507156868564231
0.00000000000000000000 0.11027821514982381890
0.00000000000000000000 0.11033183595710595315
0.00000000000000000000 0.11042591738451895678
0.00000000000000000000 0.11044763693190326470
0.00000000000000000000 0.11067742041762557159
0.00000000000000000000 0.11122582101658191889
0.00000000000000000000 0.11131705437461300590
0.00000000000000000000 0.11166402678244412294
0.00000000000000000000 0.11189286376380998267
0.00000000000000000000 0.11245604135392617273
0.00000000000000000000 0.11250578564765037481
0.00000000000000000000 0.11261455984879774339
0.00000000000000000000 0.11265745242003849524
0.00000000000000000000 0.11267357827745640153
0.00000000000000000000 0.11268983965838462458
0.00000000000000000000 0.11320330936618203110
0.00000000000000000000 0.11328025045012654615
0.00000000000000000000 0.11328399906312246193
0.00000000000000000000 0.11347366496281963144
0.00000000000000000000 0.11384688823753819076
0.00000000000000000000 0.11400450417031045280
0.00000000000000000000 0.11409104309905869490
0.00000000000000000000 0.11417629878105754748
0.00000000000000000000 0.11428664053450218741
0.00000000000000000000 0.11454937069561973995
0.00000000000000000000 0.11478819099414749871
0.00000000000000000000 0.11482947350612249249
0.00000000000000000000 0.11520104020167008796
0.00000000000000000000 0.11520319878716071826
0.00000000000000000000 0.11591796093863029893
0.00000000000000000000 0.11594988773675579674
0.00000000000000000000 0.11608548708614634115
0.00000000000000000000 0.11630434576550048587
0.00000000000000000000 0.11682432038322054790
0.00000000000000000000 0.11739437752719682206
0.00000000000000000000 0.11748090320402547471
0.00000000000000000000 0.11812126957369550873
0.00000000000000000000 0.11826611187514107781
0.00000000000000000000 0.11848542702824547967
0.00000000000000000000 0.11858705408153387417
0.00000000000000000000 0.11867073424401280990
0.00000000000000000000 0.11885048820805443892
0.00000000000000000000 0.11891689990123446852
0.00000000000000000000 0.11892172678512542838
0.00000000000000000000 0.11896063832403573624
0.00000000000000000000 0.11897857817589417573
0.00000000000000000000 0.11903662822906703467
0.00000000000000000000 0.11911676029419181189
0.00000000000000000000 0.11932996875016414762
0.00000000000000000000 0.11950196555983985669
0.00000000000000000000 0.11972441627166592604
0.00000000000000000000 0.11979808203340079620
0.00000000000000000000 0.11997961076577864925
0.00000000000000000000 0.11999710345529171485
0.00000000000000000000 0.12036092263023291660
0.00000000000000000000 0.12064231916187015403
0.00000000000000000000 0.12093145485482292845
0.00000000000000000000 0.12093166827884749281
0.00000000000000000000 0.12100779412825994619
0.00000000000000000000 0.12109707992244843344
0.00000000000000000000 0.12119540337381841388
0.00000000000000000000 0.12138959347283237444
0.00000000000000000000 0.12150880322974029479
0.00000000000000000000 0.12235568435703264578
0.00000000000000000000 0.12278672531713133442
0.00000000000000000000 0.12286356636984836765
0.00000000000000000000 0.12342996934877567550
0.00000000000000000000 0.12347109756626710453
0.00000000000000000000 0.12368967421277531071
0.00000000000000000000 0.12404436764573711915
0.00000000000000000000 0.12416116039725152986
0.00000000000000000000 0.12438328549539803825
0.00000000000000000000 0.12445959965631148147
0.00000000000000000000 0.12528197836804200183
0.00000000000000000000 0.12553100956734736249
0.00000000000000000000 0.12568873404203481647
0.00000000000000000000 0.12612948427721470956
0.00000000000000000000 0.12691506815586800494
0.00000000000000000000 0.12720523842535672032
0.00000000000000000000 0.12738532765296620153
0.00000000000000000000 0.13063829135292079342
0.00000000000000000000 0.13081100471534201635
0.00000000000000000000 0.13107795885317508056
0.00000000000000000000 0.13131468587366310063
0.00000000000000000000 0.13298177107255940155
0.00000000000000000000 0.13549973110259924680
0.00000000000000000000 0.13569002423418680126
0.00000000000000000000 0.13616536103636231458
0.00000000000000000000 0.13739052865187942332
0.00000000000000000000 0.13767709715671339055
0.00000000000000000000 0.13851863318456036911
0.00000000000000000000 0.13854005098002375451
0.00000000000000000000 0.14177125245597052561
0.00000000000000000000 0.14185135745583807299
0.00000000000000000000 0.14253183094327093183
0.00000000000000000000 0.14259516712653902415
0.00000000000000000000 0.14826196538311386952
0.00000000000000000000 0.14847962780567719454
0.00000000000000000000 0.14909418626041537337
0.00000000000000000000 0.15251089408419177262
0.00000000000000000000 0.15297784547964207724
0.00000000000000000000 0.17093885345858894631
0.00000000000000000000 0.17841895231371546204
0.00000000000000000000 0.19140078665274942726
0.00000000000000000000 0.21293918996005786748
0.00000000000000000000 0.22846184534610256001
0.00000000000000000000 1.73205080756887719318
