0.01389163635909418729 0.01419978418037146604
0.01523654440403111009 0.01663117156751214853
0.01767260693438135050 0.01768253257261123354
0.01828644276923850620 0.01839071161762911855
0.01899674305563565577 0.02106266716092144650
0.01932134462933016855 0.02121007275299383391
0.02159364573316084959 0.02166846183559406960
0.02006872521466535747 0.02190252388888455637
0.02110998841445628146 0.02226049392580296132
0.01981800885054918471 0.02259275769182586546
0.02072081414448987205 0.02292356611636873001
0.02257811999047517823 0.02310505133451089960
0.02311602823263072745 0.02426678727124419524
0.02380889935600445997 0.02443513861573709881
0.02047877757885647673 0.02450627311172548853
0.02335069932821378161 0.02456798335180926385
0.02249737959614051680 0.02469016193434948186
0.02105054291771258149 0.02489744777645453225
0.02493757529507037787 0.02568099017880657448
0.02522722631649413141 0.02568893992859592329
0.02466813087564677376 0.02594977113182958192
0.02369299571194619786 0.02611369430925384108
0.02590963507341683195 0.02645875479495879423
0.02603012542462240092 0.02654164999476431308
0.02544717438471360768 0.02664325939929200124
0.02401988000239724252 0.02668526960120804967
0.01938129677462490166 0.02668695752682707922
0.02377644451717232307 0.02672202790512666348
0.02080965183194716586 0.02677289661012512492
0.02241538047076948453 0.02686666413712683610
0.02623095339184464830 0.02697784631881349621
0.02474967677499234284 0.02705823735986300979
0.02597821818491745718 0.02710903401399090626
0.02489389706337778382 0.02711146467703739668
0.01920216241549410272 0.02711587518536902330
0.02679649592290070034 0.02783152086304020376
0.02065970877994943375 0.02788288220989343369
0.02666247386253392873 0.02792282459647066686
0.02760294741642577848 0.02811392402840702173
0.02563947234344851264 0.02843959424876508699
0.02397398722258385975 0.02845865350887030742
0.02481366243059923704 0.02871981556465823607
0.02840441757886225452 0.02881543497395463310
0.02385743183445870191 0.02906340708145449883
0.02803518598143099616 0.02912735878304818782
0.02597150310301797951 0.02921994782000240237
0.02615437803463339927 0.02926635098247463984
0.02767759854850139131 0.02950018492075218851
0.02418593719695883229 0.02965249965568721169
0.02934978746693556878 0.02996895219908297589
0.02191329910399843206 0.03003569134072175961
0.02098415587633890855 0.03013633823522580968
0.02730153976794015905 0.03029991413552476226
0.02337303379468348360 0.03042497151842508615
0.02471427947703053879 0.03060118089332759805
0.02957190244203860077 0.03079664038273850421
0.02352733590826656604 0.03089482888424665424
0.02987515560909198564 0.03093609902083816268
0.02679273777285480843 0.03097507930567344747
0.02207065878617461840 0.03102270783509191582
0.03080436020054708179 0.03114412499404528578
0.02092505315277312650 0.03125614173951171693
0.02592009904795770578 0.03130863164896014600
0.03057511843449998989 0.03132203938786441016
0.02898804772123264942 0.03136485441503850113
0.02480807733821776759 0.03147500712173025017
0.02977258276141811141 0.03150783152869827269
0.03036076014103195053 0.03210957114682391755
0.02324272015447693268 0.03212353609175386260
0.03008080851924351679 0.03230938417439230270
0.03081304534854098845 0.03235123582931098696
0.03241697112112084528 0.03244829698245971228
0.02740839359066305977 0.03294698805194622854
0.02089614271553115118 0.03349375181818840114
0.03146838372022848357 0.03352823744499834613
0.02775567137557142725 0.03387281210762983080
0.02294677497423464052 0.03390130581139167570
0.02711911840129015497 0.03409645661109531045
0.03046784200696432340 0.03421293312730849107
0.03328736106361578073 0.03425500396732646807
0.03101754102259087972 0.03427671414742307354
0.03286285121071051002 0.03433494675246637901
0.03357321930924394432 0.03442264800280559617
0.02806960217833392307 0.03454337987702564561
0.02678592095286112806 0.03489625372327272157
0.02764249434585964310 0.03506344620131691958
0.03133039867127607181 0.03512985065264528917
0.03356885726639447648 0.03521720277799866156
0.03134552030837860215 0.03546021824676472839
0.03027054943204690943 0.03585448023817755514
0.03223363261587634115 0.03590369610020998498
0.03162914666482996573 0.03597562608896576197
0.02608376523689756935 0.03597800552595151191
0.02975302208920005062 0.03619974837966370707
0.02896250693684760194 0.03622319195894634775
0.03410093709088583835 0.03642080473894863946
0.02757742468857887763 0.03666806780855161318
0.03348312474906168373 0.03691930251032372184
0.03304654241848145602 0.03704607887837146202
0.03569268742323997851 0.03726787175875622554
0.02651959895251536706 0.03738953715060343297
0.03118535390908143759 0.03797165009367320376
0.02940527501641243546 0.03806860170496302598
0.03787838230086878338 0.03819716125064195195
0.03603707139047820918 0.03831278331298301060
0.02687823728809543219 0.03860199436287221203
0.03064348634501302612 0.03863263907076450870
0.03635685146805697765 0.03875914601401298648
0.03770144576427691963 0.03913231614120189078
0.03602712160063044344 0.03915510569731814328
0.03195692762593256575 0.03936697184945557593
0.02669418417202824856 0.03957498656448937141
0.03385881210150518128 0.03961183909084500798
0.03785901972003967442 0.03964025108279274623
0.03981495099308181296 0.03994857799919450392
0.03850697538499642247 0.04006377827217367377
0.03676268486093865751 0.04022143124737609376
0.03786223272252992045 0.04032162895464945496
0.03980671950880720900 0.04041444113257252474
0.03414146419694906454 0.04042121789604111171
0.03115510866951134300 0.04047451406440933513
0.03521992067772428125 0.04048409383922590282
0.04049412620100471816 0.04072824118038143038
0.03410050321967410258 0.04091737803888260278
0.02435346970591119320 0.04100968881866771942
0.04012296002220991364 0.04107896714000248278
0.03744655122916524387 0.04124360683072866157
0.02647798227731268730 0.04138010138388702880
0.03856068906718097128 0.04141820670455903519
0.02664732657197666638 0.04177551504743052396
0.03819831235915100570 0.04186238761165132077
0.03931111761285450285 0.04189585519947497394
0.03730546036222360390 0.04232493361179112679
0.03676694708481268586 0.04244071852445453763
0.04099691532735173782 0.04263114743279231011
0.03442832506462758374 0.04282141111480204654
0.04221520823915390214 0.04291486257048147956
0.04163463923002227313 0.04295571406811664328
0.03722835901808173309 0.04316393058924788279
0.03800968728548479586 0.04329370711544035938
0.03866450279437067677 0.04330590994672828958
0.03678257851858540706 0.04331055764532298902
0.03551806492739115195 0.04344014830376041053
0.03994425442126643688 0.04354343438893898410
0.04069131918913500984 0.04416505754069569717
0.03409078482674843258 0.04446955736327886516
0.03008751200022594455 0.04447268927166873193
0.03329959412853098627 0.04489277798525138224
0.04258901602187278868 0.04499851899683428996
0.04315110776186767416 0.04535285614831116585
0.03503670422812611707 0.04537298674531402981
0.04339858694174154874 0.04587029406740576049
0.03650785461269959870 0.04591968570247649539
0.04179820548514098788 0.04603045167656835690
0.04120500187400313874 0.04633227237669357290
0.04428222994513288796 0.04643568597461864011
0.04346525532282913967 0.04699786291961555174
0.03692624055847922721 0.04704448315125426411
0.04163158774988807986 0.04715089224976466015
0.03451398075706110791 0.04724835173221747509
0.04475359178099271029 0.04783238758913541805
0.04387048132532551242 0.04815523991795503389
0.03928536974180153046 0.04846131668178579183
0.03627954183521223813 0.04854043412776100352
0.03727007621433264112 0.04863831900067607655
0.04879897491909269275 0.04891121288907041009
0.04898633299927374757 0.04904977494078895106
0.04872827705134093190 0.05000839498413568729
0.02883335567300489635 0.05006960755095235527
0.04431721774933875674 0.05038037989837280961
0.05063341460271417876 0.05135263543165168726
0.03605361130913075501 0.05254308030589668888
0.05234702995066921327 0.05261257969243293697
0.05036228387358724495 0.05290369779871381684
0.05125553121365208215 0.05350235410463851510
0.05084428569077626553 0.05448896596663523745
0.04666186302129878005 0.05504494949612370736
0.05005864975874226019 0.05521807243808131427
0.04389821739466214651 0.05553403370257289917
0.05775224266015776403 0.05861694607147251157
0.05187145067798985126 0.05937474636860630428
0.05878359740326664917 0.06052027683252936968
0.04498110758654130098 0.06057717214957218654
0.05273346571837270180 0.06175384343720783514
0.05260513814707049041 0.06223469103350532522
0.04498756584240874018 0.06482777219963342663
0.05219731950462500741 0.06633924158557606698
0.06888198225632298499 0.06955464913528103255
0.06681683020495331193 0.06975331610197360588
0.06726196677901916110 0.06991356229954898138
0.06719393049527466744 0.06998805925687387464
0.06476846204216905878 0.07000393898784770808
0.06089050152113925640 0.07192628492153030351
0.06087245305483580254 0.07254794273391139414
0.07029584137722220960 0.07284083123872360510
0.06575643702601127738 0.07590121401438382209
0.07596247306014539125 0.07677464093340047313
0.07330689326631230351 0.08317723372914309632
0.07795640665506053946 0.08595463148316116742
