0.00000000000000000000 0.00074789164071850048
0.00000000000000000000 0.00292061089196999453
0.00000000000000000000 0.00305685150227478965
0.00000000000000000000 0.00306261030768111139
0.00000000000000000000 0.00306923031372357017
0.00000000000000000000 0.00330963405704157816
0.00000000000000000000 0.00331318272352872263
0.00000000000000000000 0.00349565363306019632
0.00000000000000000000 0.00399547510783057093
0.00000000000000000000 0.00422162846659446776
0.00000000000000000000 0.00430786567800361432
0.00000000000000000000 0.00459465107093664886
0.00000000000000000000 0.00466648920095013176
0.00000000000000000000 0.00468261667254378598
0.00000000000000000000 0.00470117934754655555
0.00000000000000000000 0.00492515308565502890
0.00000000000000000000 0.00494631808626279281
0.00000000000000000000 0.00513522039064172754
0.00000000000000000000 0.00518902062890694207
0.00000000000000000000 0.00528003379816453962
0.00000000000000000000 0.00544777958369405558
0.00000000000000000000 0.00554935891563496965
0.00000000000000000000 0.00557758076289652932
0.00000000000000000000 0.00575658195279406346
0.00000000000000000000 0.00580795235081630473
0.00000000000000000000 0.00585910834809048962
0.00000000000000000000 0.00590840976806632657
0.00000000000000000000 0.00595996930901328357
0.00000000000000000000 0.00622540778977197489
0.00000000000000000000 0.00624486074612215589
0.00000000000000000000 0.00628841241647870326
0.00000000000000000000 0.00649614330924605261
0.00000000000000000000 0.00655387517506299602
0.00000000000000000000 0.00660886489274874287
0.00000000000000000000 0.00672079684249910110
0.00000000000000000000 0.00694694064388172005
0.00000000000000000000 0.00709683218759258900
0.00000000000000000000 0.00729638587967562473
0.00000000000000000000 0.00731367847899166024
0.00000000000000000000 0.00735688696941363528
0.00000000000000000000 0.00744268703999955740
0.00000000000000000000 0.00748272588913469292
0.00000000000000000000 0.00762744976627018588
0.00000000000000000000 0.00766158037891719306
0.00000000000000000000 0.00768031580835870815
0.00000000000000000000 0.00775988968040685224
0.00000000000000000000 0.00778186211747275772
0.00000000000000000000 0.00780292260434242019
0.00000000000000000000 0.00783759561365502365
0.00000000000000000000 0.00789183539114770606
0.00000000000000000000 0.00790005052933956918
0.00000000000000000000 0.00803405650994366664
0.00000000000000000000 0.00804587313461400597
0.00000000000000000000 0.00815624254155350101
0.00000000000000000000 0.00818928954145115018
0.00000000000000000000 0.00825491692306751582
0.00000000000000000000 0.00841712602846032658
0.00000000000000000000 0.00853914061304815106
0.00000000000000000000 0.00856430997466227709
0.00000000000000000000 0.00858512833048782550
0.00000000000000000000 0.00859489507471762788
0.00000000000000000000 0.00861215698422202608
0.00000000000000000000 0.00861867580257237066
0.00000000000000000000 0.00880889059126149093
0.00000000000000000000 0.00880899714883796349
0.00000000000000000000 0.00889024926441576296
0.00000000000000000000 0.00894829251460808883
0.00000000000000000000 0.00895736297752833775
0.00000000000000000000 0.00910723852630260580
0.00000000000000000000 0.00913454253358288865
0.00000000000000000000 0.00932241686856925995
0.00000000000000000000 0.00937101684302802176
0.00000000000000000000 0.00943218638534520058
0.00000000000000000000 0.00960329203231907909
0.00000000000000000000 0.00966850158956879605
0.00000000000000000000 0.00968092651584917877
0.00000000000000000000 0.00980214430089209818
0.00000000000000000000 0.00981051615477229050
0.00000000000000000000 0.00982550189871250410
0.00000000000000000000 0.00990487280811463457
0.00000000000000000000 0.00991345351796351498
0.00000000000000000000 0.00997830992827064903
0.00000000000000000000 0.00998281742727148529
0.00000000000000000000 0.00999727227283344136
0.00000000000000000000 0.01004732737973214503
0.00000000000000000000 0.01007479616968672345
0.00000000000000000000 0.01036116847595089201
0.00000000000000000000 0.01050622096104837470
0.00000000000000000000 0.01058448691886267057
0.00000000000000000000 0.01061055385887452705
0.00000000000000000000 0.01093432242149806020
0.00000000000000000000 0.01095269823120783616
0.00000000000000000000 0.01108198354313020759
0.00000000000000000000 0.01109427592876232466
0.00000000000000000000 0.01116007483129811614
0.00000000000000000000 0.01140305556002632788
0.00000000000000000000 0.01149558812826286837
0.00000000000000000000 0.01152875495481891013
0.00000000000000000000 0.01155335464479276958
0.00000000000000000000 0.01155818356228538631
0.00000000000000000000 0.01155949461467240674
0.00000000000000000000 0.01172377890784101657
0.00000000000000000000 0.01189814416805522364
0.00000000000000000000 0.01198900868576484660
0.00000000000000000000 0.01201291523261431397
0.00000000000000000000 0.01203826059648616456
0.00000000000000000000 0.01221486982648346820
0.00000000000000000000 0.01226954945895666546
0.00000000000000000000 0.01229100440928307045
0.00000000000000000000 0.01232174007423101660
0.00000000000000000000 0.01235548140106798413
0.00000000000000000000 0.01237068369198896650
0.00000000000000000000 0.01241946502109260962
0.00000000000000000000 0.01247915821705201066
0.00000000000000000000 0.01254348972140200726
0.00000000000000000000 0.01256608722849161808
0.00000000000000000000 0.01258305786128480208
0.00000000000000000000 0.01259467832749115897
0.00000000000000000000 0.01264180245287488055
0.00000000000000000000 0.01266510942619535583
0.00000000000000000000 0.01269353950207448636
0.00000000000000000000 0.01273929433209614222
0.00000000000000000000 0.01275180491439629853
0.00000000000000000000 0.01291369773116948436
0.00000000000000000000 0.01291952320305306268
0.00000000000000000000 0.01293024467114780099
0.00000000000000000000 0.01294502469363992617
0.00000000000000000000 0.01295464704174427786
0.00000000000000000000 0.01314426026929799672
0.00000000000000000000 0.01320118524736155208
0.00000000000000000000 0.01329009479351557325
0.00000000000000000000 0.01329529357583701318
0.00000000000000000000 0.01330278222996370517
0.00000000000000000000 0.01331655966446667304
0.00000000000000000000 0.01335753432164959661
0.00000000000000000000 0.01335973823004900536
0.00000000000000000000 0.01340338684465817651
0.00000000000000000000 0.01347851940675894034
0.00000000000000000000 0.01360948916763002337
0.00000000000000000000 0.01365539360089647498
0.00000000000000000000 0.01375117637199422919
0.00000000000000000000 0.01375824306568053899
0.00000000000000000000 0.01375843651155210685
0.00000000000000000000 0.01381734233757077844
0.00000000000000000000 0.01384702677344060509
0.00000000000000000000 0.01386294198641535060
0.00000000000000000000 0.01386582135553599861
0.00000000000000000000 0.01387498106699640819
0.00000000000000000000 0.01395210374968459781
0.00000000000000000000 0.01402465719976834536
0.00000000000000000000 0.01411508668145196842
0.00000000000000000000 0.01422869982052033314
0.00000000000000000000 0.01430536788314906368
0.00000000000000000000 0.01454952637569364299
0.00000000000000000000 0.01455545735395304997
0.00000000000000000000 0.01469300605252693223
0.00000000000000000000 0.01469444775819529585
0.00000000000000000000 0.01479949762519854745
0.00000000000000000000 0.01480503682053095280
0.00000000000000000000 0.01491675879904854132
0.00000000000000000000 0.01492282986058756505
0.00000000000000000000 0.01514381246380169452
0.00000000000000000000 0.01519998180820939480
0.00000000000000000000 0.01527348980666984497
0.00000000000000000000 0.01531899111867448919
0.00000000000000000000 0.01532810987217948090
0.00000000000000000000 0.01538055855126203506
0.00000000000000000000 0.01550555624209730074
0.00000000000000000000 0.01550801423567214725
0.00000000000000000000 0.01553602350398562183
0.00000000000000000000 0.01556216133282705034
0.00000000000000000000 0.01559444843106833241
0.00000000000000000000 0.01563339225634519450
0.00000000000000000000 0.01588120261519201243
0.00000000000000000000 0.01591116636185698971
0.00000000000000000000 0.01593118332017507896
0.00000000000000000000 0.01595922849629390072
0.00000000000000000000 0.01600034504553722939
0.00000000000000000000 0.01612514959432489320
0.00000000000000000000 0.01613993444470596464
0.00000000000000000000 0.01629114062132500443
0.00000000000000000000 0.01629121163553737955
0.00000000000000000000 0.01632823626146498799
0.00000000000000000000 0.01634022324118659594
0.00000000000000000000 0.01634166215547303361
0.00000000000000000000 0.01639490315358957395
0.00000000000000000000 0.01655015870575713907
0.00000000000000000000 0.01660487959260126961
0.00000000000000000000 0.01661662196512080775
0.00000000000000000000 0.01670584202772627119
0.00000000000000000000 0.01671574014672944086
0.00000000000000000000 0.01673101173743774331
0.00000000000000000000 0.01680453945869721244
0.00000000000000000000 0.01680861982302397917
0.00000000000000000000 0.01683616917290964993
0.00000000000000000000 0.01684082400562005380
0.00000000000000000000 0.01686731907985908677
0.00000000000000000000 0.01694672304747307096
0.00000000000000000000 0.01699030002456097810
0.00000000000000000000 0.01709488021237698038
0.00000000000000000000 0.01716032218788031069
0.00000000000000000000 0.01721328160610926042
0.00000000000000000000 0.01721927971577329880
0.00000000000000000000 0.01741415930190686953
0.00000000000000000000 0.01741783979565037985
0.00000000000000000000 0.01742974990983590933
0.00000000000000000000 0.01785601198843488752
0.00000000000000000000 0.01788803791751487210
0.00000000000000000000 0.01801503612164173304
0.00000000000000000000 0.01806406550594812088
0.00000000000000000000 0.01809147703244713343
0.00000000000000000000 0.01834172724784185332
0.00000000000000000000 0.01835673610801592803
0.00000000000000000000 0.01838639644932888242
0.00000000000000000000 0.01842591031562288220
0.00000000000000000000 0.01844873191307265167
0.00000000000000000000 0.01854243321103943992
0.00000000000000000000 0.01860995094178623244
0.00000000000000000000 0.01862348179339464588
0.00000000000000000000 0.01863661816688350070
0.00000000000000000000 0.01864435585195338071
0.00000000000000000000 0.01866054989538026149
0.00000000000000000000 0.01872156153404357093
0.00000000000000000000 0.01888755710012486599
0.00000000000000000000 0.01894132351178046125
0.00000000000000000000 0.01896507960241245599
0.00000000000000000000 0.01904193073465590413
0.00000000000000000000 0.01914071252724216035
0.00000000000000000000 0.01914748054016724224
0.00000000000000000000 0.01922511885616718166
0.00000000000000000000 0.01938570954002913002
0.00000000000000000000 0.01942147029552077769
0.00000000000000000000 0.01943806708917245399
0.00000000000000000000 0.01948180692197404307
0.00000000000000000000 0.01962236606970594807
0.00000000000000000000 0.01979515682806919086
0.00000000000000000000 0.01979842243367544927
0.00000000000000000000 0.01987597299245045385
0.00000000000000000000 0.01987597863806805573
0.00000000000000000000 0.01987649602864488205
0.00000000000000000000 0.01991048534334208253
0.00000000000000000000 0.02006682804665757547
0.00000000000000000000 0.02008893317723699223
0.00000000000000000000 0.02010753462632052305
0.00000000000000000000 0.02018937421891395245
0.00000000000000000000 0.02035564440932795954
0.00000000000000000000 0.02035821627310627213
0.00000000000000000000 0.02046090197064555707
0.00000000000000000000 0.02062024483739219316
0.00000000000000000000 0.02069413938422009699
0.00000000000000000000 0.02086780866328494244
0.00000000000000000000 0.02114036326454667158
0.00000000000000000000 0.02151487364886291859
0.00000000000000000000 0.02153016416677695430
0.00000000000000000000 0.02154745037836433563
0.00000000000000000000 0.02163211374636301448
0.00000000000000000000 0.02164471132221057123
0.00000000000000000000 0.02171887080629857081
0.00000000000000000000 0.02171935380314210517
0.00000000000000000000 0.02179384995281855378
0.00000000000000000000 0.02182135494234778081
0.00000000000000000000 0.02198115965733892646
0.00000000000000000000 0.02211117910422035274
0.00000000000000000000 0.02220693180844967099
0.00000000000000000000 0.02230197634909675611
0.00000000000000000000 0.02232367520968316435
0.00000000000000000000 0.02234429112878107831
0.00000000000000000000 0.02242107605960881947
0.00000000000000000000 0.02244852920188243964
0.00000000000000000000 0.02248380046044870517
0.00000000000000000000 0.02260729295792722818
0.00000000000000000000 0.02268133329057553382
0.00000000000000000000 0.02279985767765162555
0.00000000000000000000 0.02281075394429545045
0.00000000000000000000 0.02285412049172783414
0.00000000000000000000 0.02286642441064615922
0.00000000000000000000 0.02300857773944058396
0.00000000000000000000 0.02301220749397940232
0.00000000000000000000 0.02317451444717312167
0.00000000000000000000 0.02325487351566458277
0.00000000000000000000 0.02338865534712634975
0.00000000000000000000 0.02339732446214869144
0.00000000000000000000 0.02361742250205657243
0.00000000000000000000 0.02362968633324574047
0.00000000000000000000 0.02365781064786906182
0.00000000000000000000 0.02379247669683947491
0.00000000000000000000 0.02379629206314249484
0.00000000000000000000 0.02385488602728012483
0.00000000000000000000 0.02409689925437281943
0.00000000000000000000 0.02412259641359094237
0.00000000000000000000 0.02414419330692922985
0.00000000000000000000 0.02418416324544452392
0.00000000000000000000 0.02419143741563900898
0.00000000000000000000 0.02451795875386878626
0.00000000000000000000 0.02452050036030532440
0.00000000000000000000 0.02453209044514772369
0.00000000000000000000 0.02461443420649283079
0.00000000000000000000 0.02469512443015903572
0.00000000000000000000 0.02475713422721604814
0.00000000000000000000 0.02485253698223980137
0.00000000000000000000 0.02497408998709494884
0.00000000000000000000 0.02500077330554788604
0.00000000000000000000 0.02509588214726150845
0.00000000000000000000 0.02519017156627912160
0.00000000000000000000 0.02521830341937428624
0.00000000000000000000 0.02531490736454801438
0.00000000000000000000 0.02540699120871909439
0.00000000000000000000 0.02552105697368610773
0.00000000000000000000 0.02555352813895997444
0.00000000000000000000 0.02562534831607089086
0.00000000000000000000 0.02579857742366017948
0.00000000000000000000 0.02581857018172728155
0.00000000000000000000 0.02583500546917760418
0.00000000000000000000 0.02598038241155136568
0.00000000000000000000 0.02598947956146198737
0.00000000000000000000 0.02601838223438977804
0.00000000000000000000 0.02628804917110174125
0.00000000000000000000 0.02630600999788805863
0.00000000000000000000 0.02641679105263878072
0.00000000000000000000 0.02646525980498749125
0.00000000000000000000 0.02652546462482542264
0.00000000000000000000 0.02653978879184418216
0.00000000000000000000 0.02674668779228388249
0.00000000000000000000 0.02679897047336514404
0.00000000000000000000 0.02680737669797260067
0.00000000000000000000 0.02692522768283646742
0.00000000000000000000 0.02699176903097123478
0.00000000000000000000 0.02701899993772817823
0.00000000000000000000 0.02702127306746532343
0.00000000000000000000 0.02710395845051501509
0.00000000000000000000 0.02720760343475981530
0.00000000000000000000 0.02726570460213383756
0.00000000000000000000 0.02748642896182565062
0.00000000000000000000 0.02749017768367874315
0.00000000000000000000 0.02763053870403276921
0.00000000000000000000 0.02770121424070932925
0.00000000000000000000 0.02776041936511296562
0.00000000000000000000 0.02777985530036840636
0.00000000000000000000 0.02778712539525745109
0.00000000000000000000 0.02783788845829400505
0.00000000000000000000 0.02789187280372086228
0.00000000000000000000 0.02792350062124012919
0.00000000000000000000 0.02796668317023692785
0.00000000000000000000 0.02803943959319521798
0.00000000000000000000 0.02806007936066231417
0.00000000000000000000 0.02817807991028727782
0.00000000000000000000 0.02818085446618677839
0.00000000000000000000 0.02822839661646516299
0.00000000000000000000 0.02838611223210192255
0.00000000000000000000 0.02844072433604936251
0.00000000000000000000 0.02847040535720793408
0.00000000000000000000 0.02854266311456820152
0.00000000000000000000 0.02860326328148207406
0.00000000000000000000 0.02868942626961028253
0.00000000000000000000 0.02871609806030667178
0.00000000000000000000 0.02888486767379044168
0.00000000000000000000 0.02889998548817661328
0.00000000000000000000 0.02893292922205695228
0.00000000000000000000 0.02898819121585094125
0.00000000000000000000 0.02908946409158861407
0.00000000000000000000 0.02916482885144911288
0.00000000000000000000 0.02922014351727455703
0.00000000000000000000 0.02944905552175759722
0.00000000000000000000 0.02947523379833577595
0.00000000000000000000 0.02949280137146239808
0.00000000000000000000 0.02962375225081563881
0.00000000000000000000 0.02972909989441340980
0.00000000000000000000 0.02976787990490981084
0.00000000000000000000 0.02981303639783281292
0.00000000000000000000 0.03002905037006653802
0.00000000000000000000 0.03005464741446342916
0.00000000000000000000 0.03013980163474036175
0.00000000000000000000 0.03020874240309124464
0.00000000000000000000 0.03039210090183613530
0.00000000000000000000 0.03039833933474594962
0.00000000000000000000 0.03040509071822242171
0.00000000000000000000 0.03048004231671438274
0.00000000000000000000 0.03048912402983714950
0.00000000000000000000 0.03054608567528063409
0.00000000000000000000 0.03061274326970951989
0.00000000000000000000 0.03089287742320690616
0.00000000000000000000 0.03094830954601834536
0.00000000000000000000 0.03098164578563030597
0.00000000000000000000 0.03099359502462863125
0.00000000000000000000 0.03101059710867018482
0.00000000000000000000 0.03108282862502249541
0.00000000000000000000 0.03143258879413800971
0.00000000000000000000 0.03145496400136633952
0.00000000000000000000 0.03147958760643064513
0.00000000000000000000 0.03152163163335679197
0.00000000000000000000 0.03172525371496193181
0.00000000000000000000 0.03172978079068478063
0.00000000000000000000 0.03182266598542780878
0.00000000000000000000 0.03200387153080925390
0.00000000000000000000 0.03214712046444066773
0.00000000000000000000 0.03220606394698593417
0.00000000000000000000 0.03221647496527526439
0.00000000000000000000 0.03231289775130422731
0.00000000000000000000 0.03236995346533447226
0.00000000000000000000 0.03247994486293708655
0.00000000000000000000 0.03260319410192073081
0.00000000000000000000 0.03298646511886470928
0.00000000000000000000 0.03300652355711711922
0.00000000000000000000 0.03301527205433634621
0.00000000000000000000 0.03302218951772014494
0.00000000000000000000 0.03302255252234013311
0.00000000000000000000 0.03317764286162873388
0.00000000000000000000 0.03348765037194325472
0.00000000000000000000 0.03359888232620843185
0.00000000000000000000 0.03371225221765992291
0.00000000000000000000 0.03388156681084074362
0.00000000000000000000 0.03388742641440112280
0.00000000000000000000 0.03388956205646576070
0.00000000000000000000 0.03391849986023109942
0.00000000000000000000 0.03402494165110139801
0.00000000000000000000 0.03439491157487241380
0.00000000000000000000 0.03475374730432820997
0.00000000000000000000 0.03533914121722288304
0.00000000000000000000 0.03547558357604974066
0.00000000000000000000 0.03571469527181036357
0.00000000000000000000 0.03575401495730427121
0.00000000000000000000 0.03608577860174060764
0.00000000000000000000 0.03616574979333520012
0.00000000000000000000 0.03620794468881834149
0.00000000000000000000 0.03666654656171892263
0.00000000000000000000 0.03671600524242762953
0.00000000000000000000 0.03672651646522419322
0.00000000000000000000 0.03676873052968321343
0.00000000000000000000 0.03723197097382306697
0.00000000000000000000 0.03731746301548258260
0.00000000000000000000 0.03755979984529335403
0.00000000000000000000 0.03767384348376517228
0.00000000000000000000 0.03797003488364280449
0.00000000000000000000 0.03810878575555865649
0.00000000000000000000 0.03812517118359720625
0.00000000000000000000 0.03822177730440746296
0.00000000000000000000 0.03826287689143479526
0.00000000000000000000 0.03827872340210142915
0.00000000000000000000 0.03828572418570046210
0.00000000000000000000 0.03856840673328496005
0.00000000000000000000 0.03857583534444324058
0.00000000000000000000 0.03875394005520828300
0.00000000000000000000 0.03882860070220426479
0.00000000000000000000 0.03901918141411295227
0.00000000000000000000 0.03904233195342458190
0.00000000000000000000 0.03911131768025230548
0.00000000000000000000 0.03915726457720909021
0.00000000000000000000 0.03917780588177105505
0.00000000000000000000 0.03920185006984124726
0.00000000000000000000 0.03926442449457330508
0.00000000000000000000 0.03946330634899766071
0.00000000000000000000 0.03988125758528289488
0.00000000000000000000 0.03991803220744632313
0.00000000000000000000 0.03993121023085739740
0.00000000000000000000 0.03997282569970125182
0.00000000000000000000 0.04172697193710940555
0.00000000000000000000 0.04215782409534783032
0.00000000000000000000 0.04225066057795022478
0.00000000000000000000 0.04289365343655293650
0.00000000000000000000 0.04293652319836782638
0.00000000000000000000 0.04303785935805326535
0.00000000000000000000 0.04395683793386949423
0.00000000000000000000 0.04421367198967356138
0.00000000000000000000 0.04440209157583056149
0.00000000000000000000 0.04452349659181346203
0.00000000000000000000 0.04515640464652059122
0.00000000000000000000 0.04522493711076198963
0.00000000000000000000 0.04543533217160976301
0.00000000000000000000 0.04582463502454301590
0.00000000000000000000 0.04666153643602613532
0.00000000000000000000 0.04733516290936598536
0.00000000000000000000 0.04753069243291883211
0.00000000000000000000 0.04796072817273317607
0.00000000000000000000 0.04834722015451719396
0.00000000000000000000 0.04853420983598391580
0.00000000000000000000 0.04873232966766453955
0.00000000000000000000 0.04892444726842648528
0.00000000000000000000 0.04908816687168293669
0.00000000000000000000 0.04942665590440070700
0.00000000000000000000 0.05058417684697555372
0.00000000000000000000 0.05069872448295986711
0.00000000000000000000 0.05118453729721494233
0.00000000000000000000 0.05173655592261992842
0.00000000000000000000 0.05341143604368224496
0.00000000000000000000 0.05342733782277846871
0.00000000000000000000 0.05466524647451521252
0.00000000000000000000 0.05523884382420836403
0.00000000000000000000 0.05634905148719327600
0.00000000000000000000 0.05642730666100161108
0.00000000000000000000 0.05719046998742089577
0.00000000000000000000 0.06099566491758977999
0.00000000000000000000 0.06181889456576353248
0.00000000000000000000 0.06445527111914761687
0.00000000000000000000 0.06554134335615575957
0.00000000000000000000 0.06650242776018602808
0.00000000000000000000 0.06856036693176222052
0.00000000000000000000 0.07365721218969424611
0.00000000000000000000 0.08291960252721054803
0.00000000000000000000 0.09815926280432415996
0.00000000000000000000 1.73205080756887719318
