0.00000000000000000000 0.00303647454244323827
0.00000000000000000000 0.00487237961275060506
0.00000000000000000000 0.00554493996482265192
0.00000000000000000000 0.00568443135819947116
0.00000000000000000000 0.00585725341206608935
0.00000000000000000000 0.00631634563860799560
0.00000000000000000000 0.00640319499268917919
0.00000000000000000000 0.00663802843604127061
0.00000000000000000000 0.00704431077491285244
0.00000000000000000000 0.00706795233856042857
0.00000000000000000000 0.00708451035172161323
0.00000000000000000000 0.00717754147551512289
0.00000000000000000000 0.00734014337072125093
0.00000000000000000000 0.00736995078026008842
0.00000000000000000000 0.00815519288196369339
0.00000000000000000000 0.00839475536090683594
0.00000000000000000000 0.00865470537920137901
0.00000000000000000000 0.00866428126321318673
0.00000000000000000000 0.00867393700797122573
0.00000000000000000000 0.00917529923686022722
0.00000000000000000000 0.00926755147416330818
0.00000000000000000000 0.00928983156625895132
0.00000000000000000000 0.00930336184239343410
0.00000000000000000000 0.00933683415258020587
0.00000000000000000000 0.00936224426979000504
0.00000000000000000000 0.00956041167957628890
0.00000000000000000000 0.00957686941322394465
0.00000000000000000000 0.00958379837090658597
0.00000000000000000000 0.00972557813102141802
0.00000000000000000000 0.00983508499854648076
0.00000000000000000000 0.00987480866645636807
0.00000000000000000000 0.00998032967630103213
0.00000000000000000000 0.01002901494746975646
0.00000000000000000000 0.01023244911921508682
0.00000000000000000000 0.01037914651925227368
0.00000000000000000000 0.01043326507752579714
0.00000000000000000000 0.01044825031634029518
0.00000000000000000000 0.01048292148179833655
0.00000000000000000000 0.01050683525364696884
0.00000000000000000000 0.01051100086344780582
0.00000000000000000000 0.01089477092106523777
0.00000000000000000000 0.01116307988218340208
0.00000000000000000000 0.01118847668541049674
0.00000000000000000000 0.01125435297904962655
0.00000000000000000000 0.01125928836738769069
0.00000000000000000000 0.01145215360341509010
0.00000000000000000000 0.01146324915748242641
0.00000000000000000000 0.01174042555713326885
0.00000000000000000000 0.01192131529562964233
0.00000000000000000000 0.01196872899972836052
0.00000000000000000000 0.01205091605438126344
0.00000000000000000000 0.01210268973397426139
0.00000000000000000000 0.01211637702615727188
0.00000000000000000000 0.01217196868211907826
0.00000000000000000000 0.01219628971280881449
0.00000000000000000000 0.01219921689826644270
0.00000000000000000000 0.01221594639492116358
0.00000000000000000000 0.01224415722688475608
0.00000000000000000000 0.01225410015333738140
0.00000000000000000000 0.01228096188684780175
0.00000000000000000000 0.01234637184831694282
0.00000000000000000000 0.01240837471360264725
0.00000000000000000000 0.01243442241097752858
0.00000000000000000000 0.01251526672188068949
0.00000000000000000000 0.01254287396667679022
0.00000000000000000000 0.01256588071128293509
0.00000000000000000000 0.01262675051927441248
0.00000000000000000000 0.01269694643221633452
0.00000000000000000000 0.01273764888665758488
0.00000000000000000000 0.01274405467300549107
0.00000000000000000000 0.01278116581703292627
0.00000000000000000000 0.01282496009308885590
0.00000000000000000000 0.01293611509234023592
0.00000000000000000000 0.01296395088242377654
0.00000000000000000000 0.01302846113472083504
0.00000000000000000000 0.01304950861628358452
0.00000000000000000000 0.01308483933968704847
0.00000000000000000000 0.01324967137119672719
0.00000000000000000000 0.01326943467934639867
0.00000000000000000000 0.01332106184585213002
0.00000000000000000000 0.01337872756976900106
0.00000000000000000000 0.01341596457432754283
0.00000000000000000000 0.01342039799738475349
0.00000000000000000000 0.01358828236162023043
0.00000000000000000000 0.01380164865702123399
0.00000000000000000000 0.01386335205532927654
0.00000000000000000000 0.01397757349341407357
0.00000000000000000000 0.01402122374750435288
0.00000000000000000000 0.01404113530714999440
0.00000000000000000000 0.01446350897111538941
0.00000000000000000000 0.01452635512409254474
0.00000000000000000000 0.01461605060055110560
0.00000000000000000000 0.01464980159051778273
0.00000000000000000000 0.01471314424958519718
0.00000000000000000000 0.01475162768438262502
0.00000000000000000000 0.01477932924708538764
0.00000000000000000000 0.01488853444659870955
0.00000000000000000000 0.01493627400941617729
0.00000000000000000000 0.01498971421297462872
0.00000000000000000000 0.01504970284304753964
0.00000000000000000000 0.01516579540986256330
0.00000000000000000000 0.01518549585637024926
0.00000000000000000000 0.01519014387074275885
0.00000000000000000000 0.01519991004184586755
0.00000000000000000000 0.01520185511259371756
0.00000000000000000000 0.01523025984028122774
0.00000000000000000000 0.01523331833068925813
0.00000000000000000000 0.01531930698978266163
0.00000000000000000000 0.01532750934161279319
0.00000000000000000000 0.01534212522632316666
0.00000000000000000000 0.01541828914399948590
0.00000000000000000000 0.01544008625126353125
0.00000000000000000000 0.01548367636508529883
0.00000000000000000000 0.01557235292113560120
0.00000000000000000000 0.01560570040646906340
0.00000000000000000000 0.01565380957559405969
0.00000000000000000000 0.01567668001490462454
0.00000000000000000000 0.01568259486276037118
0.00000000000000000000 0.01574574112047458924
0.00000000000000000000 0.01578504649894013623
0.00000000000000000000 0.01578719131386607452
0.00000000000000000000 0.01584211778472277912
0.00000000000000000000 0.01586221718589058902
0.00000000000000000000 0.01596119401216130815
0.00000000000000000000 0.01597276948020716347
0.00000000000000000000 0.01602290076644883113
0.00000000000000000000 0.01603572693905942759
0.00000000000000000000 0.01611695920614642299
0.00000000000000000000 0.01612354640158531610
0.00000000000000000000 0.01616108089545804927
0.00000000000000000000 0.01616885293482054134
0.00000000000000000000 0.01618311777871824647
0.00000000000000000000 0.01622609630918052034
0.00000000000000000000 0.01625492698667162228
0.00000000000000000000 0.01625803434422971872
0.00000000000000000000 0.01628021040871835065
0.00000000000000000000 0.01634891937508822085
0.00000000000000000000 0.01638194652396419287
0.00000000000000000000 0.01655396271879832487
0.00000000000000000000 0.01663713916023405737
0.00000000000000000000 0.01674198041623844307
0.00000000000000000000 0.01675023956461109062
0.00000000000000000000 0.01679722984020093346
0.00000000000000000000 0.01682699672632425453
0.00000000000000000000 0.01683210199679367747
0.00000000000000000000 0.01685386653655494144
0.00000000000000000000 0.01688835312118728421
0.00000000000000000000 0.01688904880924592053
0.00000000000000000000 0.01718573123973695868
0.00000000000000000000 0.01724649195448990993
0.00000000000000000000 0.01730645063357668517
0.00000000000000000000 0.01733169816919776993
0.00000000000000000000 0.01734685550731654771
0.00000000000000000000 0.01739223417782753689
0.00000000000000000000 0.01739568291346959075
0.00000000000000000000 0.01745716798775772197
0.00000000000000000000 0.01747890170732792001
0.00000000000000000000 0.01748629266572017740
0.00000000000000000000 0.01748800911544196729
0.00000000000000000000 0.01749529514813135886
0.00000000000000000000 0.01758292126716051729
0.00000000000000000000 0.01760062417679800900
0.00000000000000000000 0.01765214384959136115
0.00000000000000000000 0.01766890408634853166
0.00000000000000000000 0.01771604078032195523
0.00000000000000000000 0.01773551521319189500
0.00000000000000000000 0.01776608584941294020
0.00000000000000000000 0.01779917788600841183
0.00000000000000000000 0.01782183712334062253
0.00000000000000000000 0.01789798090316710097
0.00000000000000000000 0.01798721092049916995
0.00000000000000000000 0.01799364557079317570
0.00000000000000000000 0.01802736372524746389
0.00000000000000000000 0.01803111344862620008
0.00000000000000000000 0.01806904204129014188
0.00000000000000000000 0.01808299262375756208
0.00000000000000000000 0.01809991676262105373
0.00000000000000000000 0.01815907882125645384
0.00000000000000000000 0.01817721465897475033
0.00000000000000000000 0.01818984585746668409
0.00000000000000000000 0.01821244727905029295
0.00000000000000000000 0.01824674390734043472
0.00000000000000000000 0.01825682528872268201
0.00000000000000000000 0.01829074985630107369
0.00000000000000000000 0.01831280158514130008
0.00000000000000000000 0.01840106394388506261
0.00000000000000000000 0.01841024041468249453
0.00000000000000000000 0.01841123570258002343
0.00000000000000000000 0.01842313348212453600
0.00000000000000000000 0.01847702516845521267
0.00000000000000000000 0.01847939531423106740
0.00000000000000000000 0.01851049738892301261
0.00000000000000000000 0.01851837837768495823
0.00000000000000000000 0.01853857097492806957
0.00000000000000000000 0.01853973934057051576
0.00000000000000000000 0.01856728560407392217
0.00000000000000000000 0.01864758586000798274
0.00000000000000000000 0.01875564970192791781
0.00000000000000000000 0.01878539045301020477
0.00000000000000000000 0.01882820347192816143
0.00000000000000000000 0.01885619706683074395
0.00000000000000000000 0.01892797568138097214
0.00000000000000000000 0.01893617094808808243
0.00000000000000000000 0.01899785382690568833
0.00000000000000000000 0.01900139015497722544
0.00000000000000000000 0.01903938654795206756
0.00000000000000000000 0.01904541960525328939
0.00000000000000000000 0.01908899812416097255
0.00000000000000000000 0.01912278988090975601
0.00000000000000000000 0.01922847758306319224
0.00000000000000000000 0.01923341513287602639
0.00000000000000000000 0.01923696434161592875
0.00000000000000000000 0.01925734975175973779
0.00000000000000000000 0.01930939745695871637
0.00000000000000000000 0.01937086167867744721
0.00000000000000000000 0.01938780929440528725
0.00000000000000000000 0.01953061957501495485
0.00000000000000000000 0.01953317362698747672
0.00000000000000000000 0.01959311137731360383
0.00000000000000000000 0.01971261911429740901
0.00000000000000000000 0.01975809778853801837
0.00000000000000000000 0.01978856906176876609
0.00000000000000000000 0.01983456258193317875
0.00000000000000000000 0.01984764049127675511
0.00000000000000000000 0.01990822646899543039
0.00000000000000000000 0.01996962837902068952
0.00000000000000000000 0.01997754215217210569
0.00000000000000000000 0.01997887043713328023
0.00000000000000000000 0.01998488957045812392
0.00000000000000000000 0.02008953787576445507
0.00000000000000000000 0.02013814441563484270
0.00000000000000000000 0.02019239672214142092
0.00000000000000000000 0.02026176643155131601
0.00000000000000000000 0.02030128889571716430
0.00000000000000000000 0.02030353989048654453
0.00000000000000000000 0.02033668246119722453
0.00000000000000000000 0.02039840188240605104
0.00000000000000000000 0.02040775469807257214
0.00000000000000000000 0.02041045377000682073
0.00000000000000000000 0.02044986944331133455
0.00000000000000000000 0.02047662390856247114
0.00000000000000000000 0.02048202148112273496
0.00000000000000000000 0.02054034287367888928
0.00000000000000000000 0.02067923663217847985
0.00000000000000000000 0.02072553095452755664
0.00000000000000000000 0.02073401854146744369
0.00000000000000000000 0.02079662980923812840
0.00000000000000000000 0.02084850647467452120
0.00000000000000000000 0.02098160000089592525
0.00000000000000000000 0.02101297370303928033
0.00000000000000000000 0.02110205359732446675
0.00000000000000000000 0.02113152185611413131
0.00000000000000000000 0.02114333713097912154
0.00000000000000000000 0.02115331693257292353
0.00000000000000000000 0.02116166103762181713
0.00000000000000000000 0.02121413494385742879
0.00000000000000000000 0.02135796397247685663
0.00000000000000000000 0.02141219444707299219
0.00000000000000000000 0.02154288415367775281
0.00000000000000000000 0.02158424839599474773
0.00000000000000000000 0.02159018178307673536
0.00000000000000000000 0.02159505817298165362
0.00000000000000000000 0.02166046380598327104
0.00000000000000000000 0.02168181328678269598
0.00000000000000000000 0.02168678664793665875
0.00000000000000000000 0.02192097298439574585
0.00000000000000000000 0.02194623837511683676
0.00000000000000000000 0.02202058753397578839
0.00000000000000000000 0.02206094810320148591
0.00000000000000000000 0.02220359066101820419
0.00000000000000000000 0.02241630823102056663
0.00000000000000000000 0.02244659167181291964
0.00000000000000000000 0.02250915817154543891
0.00000000000000000000 0.02254317183984422962
0.00000000000000000000 0.02254969253291582570
0.00000000000000000000 0.02259163650008958260
0.00000000000000000000 0.02261760694945301811
0.00000000000000000000 0.02265017770505070582
0.00000000000000000000 0.02268435404062270344
0.00000000000000000000 0.02272830143354355459
0.00000000000000000000 0.02274279972344297671
0.00000000000000000000 0.02279272021502003892
0.00000000000000000000 0.02279328663469026503
0.00000000000000000000 0.02280827704059758265
0.00000000000000000000 0.02280984906942461199
0.00000000000000000000 0.02286595752434992385
0.00000000000000000000 0.02300862083470529146
0.00000000000000000000 0.02303884418276782101
0.00000000000000000000 0.02304023536367901318
0.00000000000000000000 0.02306000672780623290
0.00000000000000000000 0.02307751867385732583
0.00000000000000000000 0.02307840731529122585
0.00000000000000000000 0.02309021268127767201
0.00000000000000000000 0.02310793204128037959
0.00000000000000000000 0.02313356899228976096
0.00000000000000000000 0.02315412746435321911
0.00000000000000000000 0.02319306833654737748
0.00000000000000000000 0.02322312591013872898
0.00000000000000000000 0.02328705176431253646
0.00000000000000000000 0.02340025075728712281
0.00000000000000000000 0.02352327833517746380
0.00000000000000000000 0.02366908431119529171
0.00000000000000000000 0.02367111022671831294
0.00000000000000000000 0.02389536169515581523
0.00000000000000000000 0.02391088998140210309
0.00000000000000000000 0.02411446880621089320
0.00000000000000000000 0.02413573917535241989
0.00000000000000000000 0.02416670808567087519
0.00000000000000000000 0.02424000762934018852
0.00000000000000000000 0.02435962175148670764
0.00000000000000000000 0.02436658019028651104
0.00000000000000000000 0.02447080655986919040
0.00000000000000000000 0.02456658048975920647
0.00000000000000000000 0.02461269098064967215
0.00000000000000000000 0.02467767080474027666
0.00000000000000000000 0.02468157895271659921
0.00000000000000000000 0.02487382318033107623
0.00000000000000000000 0.02493207510488881437
0.00000000000000000000 0.02496487881491257776
0.00000000000000000000 0.02501416413879753095
0.00000000000000000000 0.02510769044343073852
0.00000000000000000000 0.02523556614995835570
0.00000000000000000000 0.02530261717799888593
0.00000000000000000000 0.02531677225467780790
0.00000000000000000000 0.02534920779372222890
0.00000000000000000000 0.02535653389483269807
0.00000000000000000000 0.02536797921824084784
0.00000000000000000000 0.02539821176927669483
0.00000000000000000000 0.02539876769076634955
0.00000000000000000000 0.02540867692029055366
0.00000000000000000000 0.02546771921655999887
0.00000000000000000000 0.02548364920890366925
0.00000000000000000000 0.02551387518562310899
0.00000000000000000000 0.02551591720544267236
0.00000000000000000000 0.02566468330526904679
0.00000000000000000000 0.02572542092876950806
0.00000000000000000000 0.02578729932996111709
0.00000000000000000000 0.02582943040937464921
0.00000000000000000000 0.02588181258128594703
0.00000000000000000000 0.02590134010078358126
0.00000000000000000000 0.02612082813565504494
0.00000000000000000000 0.02621080801214467973
0.00000000000000000000 0.02639231610205210188
0.00000000000000000000 0.02656793735658033104
0.00000000000000000000 0.02658180179803083451
0.00000000000000000000 0.02665529663373122568
0.00000000000000000000 0.02674672355592731116
0.00000000000000000000 0.02681421116526511508
0.00000000000000000000 0.02704332001853138392
0.00000000000000000000 0.02723998908537051192
0.00000000000000000000 0.02729108871229776398
0.00000000000000000000 0.02733071290574341783
0.00000000000000000000 0.02739334899978428453
0.00000000000000000000 0.02761092101757705794
0.00000000000000000000 0.02763128708436969616
0.00000000000000000000 0.02765891921667404038
0.00000000000000000000 0.02790677008669609216
0.00000000000000000000 0.02792436525641676590
0.00000000000000000000 0.02828049147913247463
0.00000000000000000000 0.02828376954809222465
0.00000000000000000000 0.02831754076203849696
0.00000000000000000000 0.02839058355882786294
0.00000000000000000000 0.02852054589530431117
0.00000000000000000000 0.02856474554870244015
0.00000000000000000000 0.02858850657075020715
0.00000000000000000000 0.02865299151808558750
0.00000000000000000000 0.02880295319984065364
0.00000000000000000000 0.02899571443521237538
0.00000000000000000000 0.02899695885947470297
0.00000000000000000000 0.02906836465913828146
0.00000000000000000000 0.02935897838994810244
0.00000000000000000000 0.02947130293875203227
0.00000000000000000000 0.02949176986316043650
0.00000000000000000000 0.02962471031200254734
0.00000000000000000000 0.02962958550512961517
0.00000000000000000000 0.02969032670899486581
0.00000000000000000000 0.02971675947694566236
0.00000000000000000000 0.02989183805772958891
0.00000000000000000000 0.03012226754194619396
0.00000000000000000000 0.03022864451308862263
0.00000000000000000000 0.03042399467824665263
0.00000000000000000000 0.03044741010311234966
0.00000000000000000000 0.03052937468093570167
0.00000000000000000000 0.03055323849405042549
0.00000000000000000000 0.03064396541962621096
0.00000000000000000000 0.03068333344879934158
0.00000000000000000000 0.03078966121556502011
0.00000000000000000000 0.03114051782798265763
0.00000000000000000000 0.03133331219190498007
0.00000000000000000000 0.03145959392216177847
0.00000000000000000000 0.03152089074201955277
0.00000000000000000000 0.03156770498504809369
0.00000000000000000000 0.03170605385304951784
0.00000000000000000000 0.03189011783316836324
0.00000000000000000000 0.03209368177727828231
0.00000000000000000000 0.03209588542658324550
0.00000000000000000000 0.03213812520055566585
0.00000000000000000000 0.03215727425163571879
0.00000000000000000000 0.03216399247823101964
0.00000000000000000000 0.03218659553388031336
0.00000000000000000000 0.03240839946868379062
0.00000000000000000000 0.03259363186706265569
0.00000000000000000000 0.03276426463980082471
0.00000000000000000000 0.03288224603756138148
0.00000000000000000000 0.03291605250696088419
0.00000000000000000000 0.03297450851110010628
0.00000000000000000000 0.03329294996569391596
0.00000000000000000000 0.03342859799724594988
0.00000000000000000000 0.03343457780705317434
0.00000000000000000000 0.03387400253596920680
0.00000000000000000000 0.03396252902271802016
0.00000000000000000000 0.03397616132434000402
0.00000000000000000000 0.03399101387794850604
0.00000000000000000000 0.03410183481880044859
0.00000000000000000000 0.03411851065434784447
0.00000000000000000000 0.03430728268610171855
0.00000000000000000000 0.03435801664719409509
0.00000000000000000000 0.03454751794270791154
0.00000000000000000000 0.03459226679212054623
0.00000000000000000000 0.03464615546148071962
0.00000000000000000000 0.03467505356541966677
0.00000000000000000000 0.03503580452530220823
0.00000000000000000000 0.03517550172367343159
0.00000000000000000000 0.03524117219729416134
0.00000000000000000000 0.03545834656238892185
0.00000000000000000000 0.03584816351247369082
0.00000000000000000000 0.03588079461262469461
0.00000000000000000000 0.03594701273716251200
0.00000000000000000000 0.03604432239069953886
0.00000000000000000000 0.03619461890276041982
0.00000000000000000000 0.03634165238907454548
0.00000000000000000000 0.03701048597038082699
0.00000000000000000000 0.03707507401053219270
0.00000000000000000000 0.03712960146959903840
0.00000000000000000000 0.03722211231444795543
0.00000000000000000000 0.03729689993997173381
0.00000000000000000000 0.03730828950198201988
0.00000000000000000000 0.03734513829397131945
0.00000000000000000000 0.03811936874074783876
0.00000000000000000000 0.03819986103381848436
0.00000000000000000000 0.03879785608258893431
0.00000000000000000000 0.03894904338846497810
0.00000000000000000000 0.03899016741476735159
0.00000000000000000000 0.03945683462726596452
0.00000000000000000000 0.03964590059206377082
0.00000000000000000000 0.04001463712058569988
0.00000000000000000000 0.04013609544296293380
0.00000000000000000000 0.04025384665096338327
0.00000000000000000000 0.04041435707346330980
0.00000000000000000000 0.04070903525886585689
0.00000000000000000000 0.04072907010833860114
0.00000000000000000000 0.04073615937016127064
0.00000000000000000000 0.04133730438223204989
0.00000000000000000000 0.04172295851555578305
0.00000000000000000000 0.04172342498557866930
0.00000000000000000000 0.04173454124403995491
0.00000000000000000000 0.04174530400264708091
0.00000000000000000000 0.04239215262688034169
0.00000000000000000000 0.04244380622332289549
0.00000000000000000000 0.04262296107995584143
0.00000000000000000000 0.04319563816974066051
0.00000000000000000000 0.04373232343718632537
0.00000000000000000000 0.04522802591665925354
0.00000000000000000000 0.04527150988497136153
0.00000000000000000000 0.04533361976007965755
0.00000000000000000000 0.04563585617382778792
0.00000000000000000000 0.04706626619384559479
0.00000000000000000000 0.04756099178435566760
0.00000000000000000000 0.04787272762520756314
0.00000000000000000000 0.04863592349267797238
0.00000000000000000000 0.04871880920693565792
0.00000000000000000000 0.04881225279217247387
0.00000000000000000000 0.04888929534819189127
0.00000000000000000000 0.04911834060801013174
0.00000000000000000000 0.04988301460896360506
0.00000000000000000000 0.04993439923986783130
0.00000000000000000000 0.05082924445547600673
0.00000000000000000000 0.05173787026252352900
0.00000000000000000000 0.05247083594918511285
0.00000000000000000000 0.05279876548010781906
0.00000000000000000000 0.05344582022360993417
0.00000000000000000000 0.05349237229334893179
0.00000000000000000000 0.05463044344832980459
0.00000000000000000000 0.05474192747352494420
0.00000000000000000000 0.05585467889192462232
0.00000000000000000000 0.05638540310658803761
0.00000000000000000000 0.05715556862821367934
0.00000000000000000000 0.05719565357625557706
0.00000000000000000000 0.05777408293504596171
0.00000000000000000000 0.05809110555910385748
0.00000000000000000000 0.05924779463926180961
0.00000000000000000000 0.06066479784650494894
0.00000000000000000000 0.06081767383417883283
0.00000000000000000000 0.06754210979914497537
0.00000000000000000000 0.06957036231149898997
0.00000000000000000000 0.07238643909724029601
0.00000000000000000000 0.07479839423652860642
0.00000000000000000000 0.47389934325670690640
0.00000000000000000000 0.51070271731364480505
0.00000000000000000000 1.73205080756887719318
