0.00000000000000000000 0.01294991281199408921
0.00000000000000000000 0.01452256894724619947
0.00000000000000000000 0.01933596322814983004
0.00000000000000000000 0.02078817739156400488
0.00000000000000000000 0.02248591138218278621
0.00000000000000000000 0.02270803005244757117
0.00000000000000000000 0.02521693962797340316
0.00000000000000000000 0.02619449651001667587
0.00000000000000000000 0.02758031574581579562
0.00000000000000000000 0.02994228350632067298
0.00000000000000000000 0.03009798961728738301
0.00000000000000000000 0.03017479492692193982
0.00000000000000000000 0.03046198258567305722
0.00000000000000000000 0.03143055467916020668
0.00000000000000000000 0.03238540736482594523
0.00000000000000000000 0.03326121819420727738
0.00000000000000000000 0.03342115515756288041
0.00000000000000000000 0.03410198134400642400
0.00000000000000000000 0.03412255841686902269
0.00000000000000000000 0.03413185346038367929
0.00000000000000000000 0.03418930189679104947
0.00000000000000000000 0.03437956891901624429
0.00000000000000000000 0.03480350826870128034
0.00000000000000000000 0.03484262539735964032
0.00000000000000000000 0.03506059494206762578
0.00000000000000000000 0.03582277115607245682
0.00000000000000000000 0.03583621620448066564
0.00000000000000000000 0.03619353464134914683
0.00000000000000000000 0.03711539098219162475
0.00000000000000000000 0.03763536179763346534
0.00000000000000000000 0.03763954315061539962
0.00000000000000000000 0.03794322249000395969
0.00000000000000000000 0.03926960193739422594
0.00000000000000000000 0.03949063547584308331
0.00000000000000000000 0.03949720919463713120
0.00000000000000000000 0.03990713122676260716
0.00000000000000000000 0.04017133468081598990
0.00000000000000000000 0.04051258069970167797
0.00000000000000000000 0.04078078336136201770
0.00000000000000000000 0.04103418005265279528
0.00000000000000000000 0.04140929482930563038
0.00000000000000000000 0.04171827443565887666
0.00000000000000000000 0.04321689680834414626
0.00000000000000000000 0.04375722513946124492
0.00000000000000000000 0.04456852846298660353
0.00000000000000000000 0.04475284532024779993
0.00000000000000000000 0.04531012436403348415
0.00000000000000000000 0.04557942425546453874
0.00000000000000000000 0.04600982107937268140
0.00000000000000000000 0.04641348351189743954
0.00000000000000000000 0.04676868155893715295
0.00000000000000000000 0.04722647111527410874
0.00000000000000000000 0.04757089070866351438
0.00000000000000000000 0.04887544412611075778
0.00000000000000000000 0.04903414487873363620
0.00000000000000000000 0.04908918449634323833
0.00000000000000000000 0.04944569231510555218
0.00000000000000000000 0.04945872760538817803
0.00000000000000000000 0.04982183851444308559
0.00000000000000000000 0.05036655087628200134
0.00000000000000000000 0.05073880044615420443
0.00000000000000000000 0.05086352484251931150
0.00000000000000000000 0.05195326536062095518
0.00000000000000000000 0.05215877695448550150
0.00000000000000000000 0.05266578439121578914
0.00000000000000000000 0.05266888217021221258
0.00000000000000000000 0.05268296478643699765
0.00000000000000000000 0.05278425807666344699
0.00000000000000000000 0.05296004481186392804
0.00000000000000000000 0.05302733919991072659
0.00000000000000000000 0.05315782983880495277
0.00000000000000000000 0.05316746619905603904
0.00000000000000000000 0.05340162974389409123
0.00000000000000000000 0.05365060746533910352
0.00000000000000000000 0.05392556514945719831
0.00000000000000000000 0.05442977598109922238
0.00000000000000000000 0.05459902470764797788
0.00000000000000000000 0.05475350196004887676
0.00000000000000000000 0.05560210320374346649
0.00000000000000000000 0.05565142299319576075
0.00000000000000000000 0.05603322434658674495
0.00000000000000000000 0.05604999394006397739
0.00000000000000000000 0.05609721556035621171
0.00000000000000000000 0.05613979213425578096
0.00000000000000000000 0.05632708477803114594
0.00000000000000000000 0.05706398626283695763
0.00000000000000000000 0.05748271009638742518
0.00000000000000000000 0.05751959429749758240
0.00000000000000000000 0.05761785267111854680
0.00000000000000000000 0.05798079389866198780
0.00000000000000000000 0.05805036408840537343
0.00000000000000000000 0.05807491957424255891
0.00000000000000000000 0.05824684645982042275
0.00000000000000000000 0.05838285131776583398
0.00000000000000000000 0.05893138872322362803
0.00000000000000000000 0.06009089249750124151
0.00000000000000000000 0.06012033018771616166
0.00000000000000000000 0.06040266411670010271
0.00000000000000000000 0.06057517091151005256
0.00000000000000000000 0.06059394661155641931
0.00000000000000000000 0.06067706385582251338
0.00000000000000000000 0.06076684863464650727
0.00000000000000000000 0.06094473286446584065
0.00000000000000000000 0.06137890523448613633
0.00000000000000000000 0.06178368497326976877
0.00000000000000000000 0.06185285010389243027
0.00000000000000000000 0.06204366843464034775
0.00000000000000000000 0.06217532359910397932
0.00000000000000000000 0.06247413633886314543
0.00000000000000000000 0.06289845956189099585
0.00000000000000000000 0.06322015588392355945
0.00000000000000000000 0.06327409182586514469
0.00000000000000000000 0.06334542047883880145
0.00000000000000000000 0.06342321740069485625
0.00000000000000000000 0.06384771196353161704
0.00000000000000000000 0.06415942427870634235
0.00000000000000000000 0.06451599985030644080
0.00000000000000000000 0.06452826825521237875
0.00000000000000000000 0.06454923238728356438
0.00000000000000000000 0.06465051940745071557
0.00000000000000000000 0.06496550435095525822
0.00000000000000000000 0.06504078681729548450
0.00000000000000000000 0.06564348844452529141
0.00000000000000000000 0.06597628812008685117
0.00000000000000000000 0.06604929420133093254
0.00000000000000000000 0.06609473758495593154
0.00000000000000000000 0.06624312554605982228
0.00000000000000000000 0.06669848268852977824
0.00000000000000000000 0.06711932424601939340
0.00000000000000000000 0.06712695442272502422
0.00000000000000000000 0.06725963128494581722
0.00000000000000000000 0.06797824490966332400
0.00000000000000000000 0.06801665741673948440
0.00000000000000000000 0.06812468079544088673
0.00000000000000000000 0.06821955166130402870
0.00000000000000000000 0.06833514500919239676
0.00000000000000000000 0.06841126108811439177
0.00000000000000000000 0.06842107113324148726
0.00000000000000000000 0.06860068627625751092
0.00000000000000000000 0.06862661786820321852
0.00000000000000000000 0.06872433176106421127
0.00000000000000000000 0.06908779943213762265
0.00000000000000000000 0.06938519901840442539
0.00000000000000000000 0.06943223636980788704
0.00000000000000000000 0.06980121830058115540
0.00000000000000000000 0.07002683390008378195
0.00000000000000000000 0.07010698088958665364
0.00000000000000000000 0.07040023030778867763
0.00000000000000000000 0.07061048878600363621
0.00000000000000000000 0.07075557741810815926
0.00000000000000000000 0.07086040864782132409
0.00000000000000000000 0.07086475289207207207
0.00000000000000000000 0.07103836971824457891
0.00000000000000000000 0.07120117693205009479
0.00000000000000000000 0.07123464597498463391
0.00000000000000000000 0.07171798338463661326
0.00000000000000000000 0.07190409459710653262
0.00000000000000000000 0.07198837232056995439
0.00000000000000000000 0.07218195081907562149
0.00000000000000000000 0.07231630627616437990
0.00000000000000000000 0.07235108138696402791
0.00000000000000000000 0.07235820421262001423
0.00000000000000000000 0.07241212384041756378
0.00000000000000000000 0.07268158432265441060
0.00000000000000000000 0.07274001311162263395
0.00000000000000000000 0.07277906765270056311
0.00000000000000000000 0.07278437918892641245
0.00000000000000000000 0.07307112125524729829
0.00000000000000000000 0.07322808665141916640
0.00000000000000000000 0.07323954152205536250
0.00000000000000000000 0.07334082741037911690
0.00000000000000000000 0.07378889208296109115
0.00000000000000000000 0.07396635459068541529
0.00000000000000000000 0.07403236373562813166
0.00000000000000000000 0.07410434366654357341
0.00000000000000000000 0.07441609935327826719
0.00000000000000000000 0.07451140375995889131
0.00000000000000000000 0.07530817201993345034
0.00000000000000000000 0.07639955466054702826
0.00000000000000000000 0.07647646226220278232
0.00000000000000000000 0.07669815650790112738
0.00000000000000000000 0.07689792333687585357
0.00000000000000000000 0.07709501797378873200
0.00000000000000000000 0.07712524238018762801
0.00000000000000000000 0.07715101702257276539
0.00000000000000000000 0.07719489102992581342
0.00000000000000000000 0.07749118968969564980
0.00000000000000000000 0.07757999206228698152
0.00000000000000000000 0.07769234929046625604
0.00000000000000000000 0.07782406993095460079
0.00000000000000000000 0.07784455695822198318
0.00000000000000000000 0.07798125282014170545
0.00000000000000000000 0.07812286549420532911
0.00000000000000000000 0.07822595883199423561
0.00000000000000000000 0.07822681615503525310
0.00000000000000000000 0.07824801710216974793
0.00000000000000000000 0.07828996423491385581
0.00000000000000000000 0.07877175146916104431
0.00000000000000000000 0.07896824434544438831
0.00000000000000000000 0.07917293941853222050
0.00000000000000000000 0.07919761866973512587
0.00000000000000000000 0.07960300497304743927
0.00000000000000000000 0.07962263793970279779
0.00000000000000000000 0.07966596645868577464
0.00000000000000000000 0.07977512262245302355
0.00000000000000000000 0.07995836553799461066
0.00000000000000000000 0.08020462747730294772
0.00000000000000000000 0.08071328073410569126
0.00000000000000000000 0.08089296782945067099
0.00000000000000000000 0.08118631989933745852
0.00000000000000000000 0.08119417213300081371
0.00000000000000000000 0.08182645582710396104
0.00000000000000000000 0.08191267893643867926
0.00000000000000000000 0.08206275913855061444
0.00000000000000000000 0.08208199109717985442
0.00000000000000000000 0.08210655910473653452
0.00000000000000000000 0.08221837998645013801
0.00000000000000000000 0.08253742659561290329
0.00000000000000000000 0.08255505959889798684
0.00000000000000000000 0.08270137108899427991
0.00000000000000000000 0.08270953264234123803
0.00000000000000000000 0.08271962308839869715
0.00000000000000000000 0.08289885608249408788
0.00000000000000000000 0.08297598149355549235
0.00000000000000000000 0.08319094349348241102
0.00000000000000000000 0.08340276785951536431
0.00000000000000000000 0.08359172835290566705
0.00000000000000000000 0.08412315298979704259
0.00000000000000000000 0.08424169103367956657
0.00000000000000000000 0.08433568577443281700
0.00000000000000000000 0.08457912805117832888
0.00000000000000000000 0.08552356891051074439
0.00000000000000000000 0.08562648856049781543
0.00000000000000000000 0.08566333789038867164
0.00000000000000000000 0.08578728359260893999
0.00000000000000000000 0.08583792045024020434
0.00000000000000000000 0.08614495932778405696
0.00000000000000000000 0.08614946688004714026
0.00000000000000000000 0.08621881429058098067
0.00000000000000000000 0.08647938084857689778
0.00000000000000000000 0.08663508607104040971
0.00000000000000000000 0.08674902465367632931
0.00000000000000000000 0.08677447175670571777
0.00000000000000000000 0.08684469473627505487
0.00000000000000000000 0.08702969229193768808
0.00000000000000000000 0.08705109813981885825
0.00000000000000000000 0.08707235079966403613
0.00000000000000000000 0.08717570390484982723
0.00000000000000000000 0.08720964000457723242
0.00000000000000000000 0.08725621422440242581
0.00000000000000000000 0.08734333190666711266
0.00000000000000000000 0.08735380853767012177
0.00000000000000000000 0.08744205424895795664
0.00000000000000000000 0.08745306382774617471
0.00000000000000000000 0.08750625610166526402
0.00000000000000000000 0.08754095898521220553
0.00000000000000000000 0.08762218228725145164
0.00000000000000000000 0.08772828739188102964
0.00000000000000000000 0.08774364427657224685
0.00000000000000000000 0.08791053281894474491
0.00000000000000000000 0.08811121483114253694
0.00000000000000000000 0.08820088246003544852
0.00000000000000000000 0.08840851923017636893
0.00000000000000000000 0.08843572615649315793
0.00000000000000000000 0.08856069879955659474
0.00000000000000000000 0.08862676937882973949
0.00000000000000000000 0.08865795425518244177
0.00000000000000000000 0.08892267225538658115
0.00000000000000000000 0.08895768586426110180
0.00000000000000000000 0.08901867446504248271
0.00000000000000000000 0.08925708528961945332
0.00000000000000000000 0.08962899646507083151
0.00000000000000000000 0.08963508035872583268
0.00000000000000000000 0.08972734987235859994
0.00000000000000000000 0.08993004543663546402
0.00000000000000000000 0.09002804271144285164
0.00000000000000000000 0.09041762318592695691
0.00000000000000000000 0.09052842511885014765
0.00000000000000000000 0.09086122639176648363
0.00000000000000000000 0.09086194486085530375
0.00000000000000000000 0.09088566682118875972
0.00000000000000000000 0.09108917894354222333
0.00000000000000000000 0.09117370004252409177
0.00000000000000000000 0.09143893546474735068
0.00000000000000000000 0.09156316576913312022
0.00000000000000000000 0.09176942065035741114
0.00000000000000000000 0.09189704566623745075
0.00000000000000000000 0.09197590977495517794
0.00000000000000000000 0.09197678835518260931
0.00000000000000000000 0.09243429384334982124
0.00000000000000000000 0.09258662061392025633
0.00000000000000000000 0.09261778262961375963
0.00000000000000000000 0.09286251284796066818
0.00000000000000000000 0.09288287112665025158
0.00000000000000000000 0.09305355285649634378
0.00000000000000000000 0.09309534930906272765
0.00000000000000000000 0.09325998908410203236
0.00000000000000000000 0.09354948629930492920
0.00000000000000000000 0.09361106324047198390
0.00000000000000000000 0.09414564876610974353
0.00000000000000000000 0.09420884174380261822
0.00000000000000000000 0.09442979350896328616
0.00000000000000000000 0.09450261204919938041
0.00000000000000000000 0.09457645637908684844
0.00000000000000000000 0.09476141288036965538
0.00000000000000000000 0.09476606395867617771
0.00000000000000000000 0.09477748062983229471
0.00000000000000000000 0.09485893316523072438
0.00000000000000000000 0.09493413711369554087
0.00000000000000000000 0.09524877354989474965
0.00000000000000000000 0.09572545238423510461
0.00000000000000000000 0.09575748557179054876
0.00000000000000000000 0.09583896787413585805
0.00000000000000000000 0.09594549505686365831
0.00000000000000000000 0.09595608784701251115
0.00000000000000000000 0.09615030886374051344
0.00000000000000000000 0.09615797164766354266
0.00000000000000000000 0.09627826141126803738
0.00000000000000000000 0.09646158560328373099
0.00000000000000000000 0.09655399475000099596
0.00000000000000000000 0.09667010701023025232
0.00000000000000000000 0.09682040288932630689
0.00000000000000000000 0.09686759308014832037
0.00000000000000000000 0.09690087448922496405
0.00000000000000000000 0.09710843306236430217
0.00000000000000000000 0.09711269306394010314
0.00000000000000000000 0.09728714372421731760
0.00000000000000000000 0.09729914557625431171
0.00000000000000000000 0.09740372863997598385
0.00000000000000000000 0.09753732844596242624
0.00000000000000000000 0.09785742826393967198
0.00000000000000000000 0.09788678796871867760
0.00000000000000000000 0.09811320665931623497
0.00000000000000000000 0.09821190177557169443
0.00000000000000000000 0.09827692763859972869
0.00000000000000000000 0.09865204248438226575
0.00000000000000000000 0.09865591051062870542
0.00000000000000000000 0.09882029515612920922
0.00000000000000000000 0.09884671690511460940
0.00000000000000000000 0.09884998445254623844
0.00000000000000000000 0.09893545176974508082
0.00000000000000000000 0.09960971136624602318
0.00000000000000000000 0.09978177731516695015
0.00000000000000000000 0.09987241705206793829
0.00000000000000000000 0.10015316365908195906
0.00000000000000000000 0.10039217436160621788
0.00000000000000000000 0.10061821357012137867
0.00000000000000000000 0.10081298578893327367
0.00000000000000000000 0.10082461340809391326
0.00000000000000000000 0.10090135942920816503
0.00000000000000000000 0.10117032875946567472
0.00000000000000000000 0.10118590700482868461
0.00000000000000000000 0.10119948621783880771
0.00000000000000000000 0.10140256674928549430
0.00000000000000000000 0.10183577312046671048
0.00000000000000000000 0.10184889702913149656
0.00000000000000000000 0.10187511318572681218
0.00000000000000000000 0.10204014587532354852
0.00000000000000000000 0.10204837836400572348
0.00000000000000000000 0.10254158309907646096
0.00000000000000000000 0.10315581227098484518
0.00000000000000000000 0.10326343722243440382
0.00000000000000000000 0.10329889058540342450
0.00000000000000000000 0.10337699974688610571
0.00000000000000000000 0.10371872278082010232
0.00000000000000000000 0.10379701768613695811
0.00000000000000000000 0.10380538107212856913
0.00000000000000000000 0.10405625222083224324
0.00000000000000000000 0.10414175770111669395
0.00000000000000000000 0.10416424664840825964
0.00000000000000000000 0.10509329994899585525
0.00000000000000000000 0.10538664576035575160
0.00000000000000000000 0.10605594080147200120
0.00000000000000000000 0.10618846743080249950
0.00000000000000000000 0.10640870624512209497
0.00000000000000000000 0.10662855770202413208
0.00000000000000000000 0.10685844693375384784
0.00000000000000000000 0.10705840157298657234
0.00000000000000000000 0.10723887506615788212
0.00000000000000000000 0.10728645583415205578
0.00000000000000000000 0.10729316600282970406
0.00000000000000000000 0.10741116899916668126
0.00000000000000000000 0.10752071686909606130
0.00000000000000000000 0.10754974071428440030
0.00000000000000000000 0.10776268094624329164
0.00000000000000000000 0.10788248535532135586
0.00000000000000000000 0.10804515338553422055
0.00000000000000000000 0.10809818083400772604
0.00000000000000000000 0.10814862120356188990
0.00000000000000000000 0.10817338043783386592
0.00000000000000000000 0.10818851433388623762
0.00000000000000000000 0.10836704949995283609
0.00000000000000000000 0.10861509791055114216
0.00000000000000000000 0.10900122786843993716
0.00000000000000000000 0.10905489767172353577
0.00000000000000000000 0.10952466556036169476
0.00000000000000000000 0.10975172740263354487
0.00000000000000000000 0.10981526200332394905
0.00000000000000000000 0.11036885949245485439
0.00000000000000000000 0.11050651964382575410
0.00000000000000000000 0.11051670382842862517
0.00000000000000000000 0.11060008344572826167
0.00000000000000000000 0.11105245905365310199
0.00000000000000000000 0.11112454099661805973
0.00000000000000000000 0.11128937329964057323
0.00000000000000000000 0.11178606503622336155
0.00000000000000000000 0.11192163258162908523
0.00000000000000000000 0.11192482856426597126
0.00000000000000000000 0.11223678615550998494
0.00000000000000000000 0.11226812399787342023
0.00000000000000000000 0.11238410642250840077
0.00000000000000000000 0.11244068091748955773
0.00000000000000000000 0.11300470485147702526
0.00000000000000000000 0.11321498277726944892
0.00000000000000000000 0.11322189083478871596
0.00000000000000000000 0.11333574497334499009
0.00000000000000000000 0.11334912223341439552
0.00000000000000000000 0.11361619415514384590
0.00000000000000000000 0.11361711765594226242
0.00000000000000000000 0.11390611645522155659
0.00000000000000000000 0.11396640046095776744
0.00000000000000000000 0.11441076279256275072
0.00000000000000000000 0.11444888196006869352
0.00000000000000000000 0.11501001710906254283
0.00000000000000000000 0.11561862101167919015
0.00000000000000000000 0.11563066862897801446
0.00000000000000000000 0.11574614535528757187
0.00000000000000000000 0.11578107974628201737
0.00000000000000000000 0.11610950396260444339
0.00000000000000000000 0.11613227104967616121
0.00000000000000000000 0.11716833782971493305
0.00000000000000000000 0.11755637305205392240
0.00000000000000000000 0.11780235934718256974
0.00000000000000000000 0.11789291069624126262
0.00000000000000000000 0.11791825450373118189
0.00000000000000000000 0.11807164444071126252
0.00000000000000000000 0.11815579483135373040
0.00000000000000000000 0.11837295251279400521
0.00000000000000000000 0.11849584483208856767
0.00000000000000000000 0.11870608745443878007
0.00000000000000000000 0.11880674983537951872
0.00000000000000000000 0.11888972287263752103
0.00000000000000000000 0.11916438763320047478
0.00000000000000000000 0.11955505903458858719
0.00000000000000000000 0.11959974137508015690
0.00000000000000000000 0.11962506909398133714
0.00000000000000000000 0.11980840360243114051
0.00000000000000000000 0.11986533652735090194
0.00000000000000000000 0.12015212232590355423
0.00000000000000000000 0.12073328174494535325
0.00000000000000000000 0.12076801888390113759
0.00000000000000000000 0.12085894704817423673
0.00000000000000000000 0.12090274258652804196
0.00000000000000000000 0.12098500311895933612
0.00000000000000000000 0.12140206536308574548
0.00000000000000000000 0.12146140873798769166
0.00000000000000000000 0.12155832346779020525
0.00000000000000000000 0.12156513846443679772
0.00000000000000000000 0.12206383541292234463
0.00000000000000000000 0.12264179545611250677
0.00000000000000000000 0.12280058095410488483
0.00000000000000000000 0.12288454780891895635
0.00000000000000000000 0.12317249069231371583
0.00000000000000000000 0.12362362830128711955
0.00000000000000000000 0.12368842608729349597
0.00000000000000000000 0.12404610843703176015
0.00000000000000000000 0.12459803053570034370
0.00000000000000000000 0.12466716510847003496
0.00000000000000000000 0.12493959376423306729
0.00000000000000000000 0.12507190902517975606
0.00000000000000000000 0.12538320462481186701
0.00000000000000000000 0.12564869611216558654
0.00000000000000000000 0.12685783267839476074
0.00000000000000000000 0.12736044601214022154
0.00000000000000000000 0.12744311204839117724
0.00000000000000000000 0.12755815045228230398
0.00000000000000000000 0.13005809616116362215
0.00000000000000000000 0.13057960015395791986
0.00000000000000000000 0.13154552269802724518
0.00000000000000000000 0.13186160123060836069
0.00000000000000000000 0.13398578644039174645
0.00000000000000000000 0.13452559597724070284
0.00000000000000000000 0.13474500936593847289
0.00000000000000000000 0.13531755405477882692
0.00000000000000000000 0.13626371521814042986
0.00000000000000000000 0.13698941709129411337
0.00000000000000000000 0.13804854044924400047
0.00000000000000000000 0.13955199145891172829
0.00000000000000000000 0.14102973537365437462
0.00000000000000000000 0.14509064749896452562
0.00000000000000000000 0.14767018002279364008
0.00000000000000000000 0.14945475294243740216
0.00000000000000000000 0.15056759784307358063
0.00000000000000000000 0.15225412219649572809
0.00000000000000000000 0.15228520320403229893
0.00000000000000000000 0.15255960781294203299
0.00000000000000000000 0.15404761036642536376
0.00000000000000000000 0.15598473528338582805
0.00000000000000000000 0.18027095810101251283
0.00000000000000000000 1.73205080756887719318
