0.03023864303941381157 0.03129604975168534531
0.03266802856212730477 0.03313042352875295027
0.03197519032170324099 0.03343574313059628073
0.02754717242928137605 0.03347099318976023974
0.03608470470191342538 0.03679501253992094323
0.03443444728671299360 0.03700845376192606756
0.03892186977339263942 0.03989625992664123239
0.03394944131754906030 0.04003183887696691590
0.03642085946899459303 0.04335860985307553317
0.04080275163033048741 0.04508115430762881654
0.03972142901186767605 0.04647037582756390062
0.04430528954108899770 0.04847896256648768359
0.04007061973895358759 0.04879946073185999905
0.03892753498491958314 0.04897165925800707476
0.04820420825633796313 0.04936968335312101608
0.04627495753367672632 0.04961931540291768250
0.04992459999321952058 0.05047523517606365001
0.05082951525881904825 0.05084769213464498949
0.04509459119570130570 0.05152816735802687870
0.05083384072881481919 0.05244683523298770966
0.04242459647085893709 0.05312178915601782625
0.04719162350851664051 0.05509583512402348865
0.05252335110602181917 0.05510679210629077646
0.04359130453736114602 0.05519908473518787134
0.05101515313142018782 0.05580743859649184985
0.05602120154282449332 0.05643382877424499289
0.05219795399035823125 0.05650883924908364081
0.05627541450478224655 0.05723966617403487833
0.05239696366936110600 0.05778434758960500350
0.05741967180645544955 0.05780300145907967674
0.05543628554603769604 0.05804638683109832054
0.05328274236018076815 0.05809509631122854179
0.05662207527294153830 0.05851822467429543262
0.05492410117555071580 0.05897757088472074111
0.05635515093215850979 0.05906127242816425899
0.03893439804481060862 0.05909503449069197778
0.04802090914446888875 0.05946005467892874485
0.04537659395815393792 0.06021243071434565636
0.05649499097256507896 0.06147970340624780289
0.06002048073604146494 0.06169769023667358299
0.06257290285213640280 0.06278565024486718049
0.06107924256866373303 0.06422449649774074343
0.04673506973399378650 0.06423544416942593427
0.05515708930120470643 0.06440290378643862002
0.05511091125970048882 0.06516426944662347120
0.05497096688498524092 0.06531736750768875333
0.06371464138803835386 0.06543571209674600708
0.05913681765663010570 0.06684756867809453496
0.06134670511052964931 0.06699561124269244605
0.05828027992031773602 0.06739739574521913523
0.06692988861504653442 0.06746860398822177030
0.06781196113181341134 0.06944935605548921420
0.05362726903825276031 0.07028158827896353877
0.04083505444535313889 0.07098923108917527813
0.06452231750219994399 0.07113062650042142887
0.06294602263141556298 0.07222199721830897812
0.06121622055219588104 0.07269603723191202238
0.07053694336315635693 0.07313480342441119886
0.07128860859142834017 0.07491338664167361550
0.06885019087422727946 0.07546537493664327856
0.06884159605577983010 0.07575863251002735999
0.06357980400680449118 0.07615061477112015920
0.07406572141472309023 0.07636927873254613364
0.05744638510134479625 0.07710913609951743075
0.06865667572069182600 0.07730836412178827832
0.05975626332972574367 0.07951942161273113652
0.07145487516788130711 0.07979174811091103992
0.06978723163763389525 0.07994432060751724411
0.06091265555473904247 0.08108406258532115107
0.07949027458303983829 0.08218304123378201986
0.06725565476202034765 0.08332785575390586064
0.07398201600007116296 0.08534062005780955473
0.06182204265146251654 0.08554084418817405056
0.08318040150199144944 0.08911041745920555979
0.08604619659519335828 0.09005336377612864485
0.08696684444684001092 0.09203169272167846526
0.07714524333666829270 0.09214390615616925573
0.08872542652336755375 0.09249954114293981733
0.06963134701982641450 0.09287998520682434755
0.08832703456062400427 0.09289794785199828597
0.09533253049280536462 0.09569771297441595492
0.08346717340427736720 0.09612078525681859442
0.08308459785249044938 0.09772367359706120304
0.07858485088060622459 0.09841418946169262771
0.09149297142124587778 0.09908524638238841442
0.09561739133645388855 0.09999289689085326394
0.08742041055392131554 0.10409852118415359457
0.05858710675267918971 0.10441679898749116340
0.09962589088027992701 0.10519014394257711342
0.10533099162299616736 0.10634779790871588812
0.07831007229830953820 0.10830820108729959095
0.09696767234011681447 0.11080604723805517753
0.10201758112490393049 0.11378130735516739369
0.10178604719341764751 0.11429796034685338335
0.11285667146847919162 0.11645747858578217593
0.08418802584158571745 0.11863203647251087391
0.10461174583519491921 0.12008899359538527385
0.09854931434979535831 0.12484489994103582788
0.11787498072328739251 0.13057748570406965682
0.11029880962594512672 0.13558062621412195203
0.09738242515239937946 0.13889831701920257734
0.08966353640123447821 0.14874622027082351483
0.12671509860762808497 0.15612668228263912318
0.07708710132638298129 0.15693907371845675081
0.10541818051880688656 0.16003361068375182574
0.13151565051855618194 0.17529526033368084126
0.07840095251340400972 0.41940977789008038190
