0.01981016277383443672 0.01989212847389608060
0.02384197439188258730 0.02452932563262097410
0.02335469039593002574 0.02497956082542100373
0.02801968868878175131 0.02832533093296964177
0.02865418903189558691 0.02886602761753744376
0.02724323134127382140 0.02912077585016384015
0.02812021909411806589 0.02912443370165232123
0.02889597370163744100 0.03039076495111210294
0.02624318196534596026 0.03102725699992130853
0.02695104810973640228 0.03140020362166332651
0.02952011720902001160 0.03221871620472979703
0.03181364999526382215 0.03352323828138609185
0.02967046995128299128 0.03386176706076742676
0.02990521379980055558 0.03598861328075685789
0.03426129034228319464 0.03601856829165254320
0.03332274607813833639 0.03623703074417630038
0.03187383440843020999 0.03632625745593173749
0.03362377921491715993 0.03648113668519704228
0.03422818119791286307 0.03653318255818203963
0.03819853223169294987 0.03933811431644660545
0.03362154215103240612 0.03975100347608108431
0.03087911452665331388 0.03978952317107612574
0.03503417541701794868 0.04041801199786570348
0.03696855293914600576 0.04055089021016686918
0.03550215627774688104 0.04084238306482026321
0.03472147326111547222 0.04103939193216979420
0.02820966977383824320 0.04138484028355063349
0.03541440711957400539 0.04148427374862768968
0.03598760389522431824 0.04179666841766802032
0.04189515029067267249 0.04233743187337211944
0.04179465222534511915 0.04234643623789418471
0.03612250684496818437 0.04307252147309368479
0.04274802817781103020 0.04331556732457963327
0.04294774994134058915 0.04370558311752181790
0.04056438618394872520 0.04401829773837050153
0.04200826414218492705 0.04411220623868394169
0.04267316592998625369 0.04411804589212701272
0.04249354683301224261 0.04474961705694367048
0.04244324920262348977 0.04491560531583388416
0.03385326000540817698 0.04513466309782947217
0.04406291194499170616 0.04550806709805337025
0.04216348899323595079 0.04556385076357426928
0.04255931064185416307 0.04573154656214553637
0.04360148616216757977 0.04579760572685950826
0.04108822372680537988 0.04585591738087642366
0.03877483208094714695 0.04617258611513233579
0.04182216005769108513 0.04681260728137488780
0.04695779989807678800 0.04711416551203818220
0.04266816879552556147 0.04719376078176404365
0.04529893323578858266 0.04806848150049088803
0.04671940530492777605 0.04828363922151009818
0.04645163169106367174 0.04942691443848510474
0.04337958604254804618 0.05011141734416539595
0.03622126487541955236 0.05082495560009024638
0.04718542051281793270 0.05089249195986221552
0.03812285543670648758 0.05119088720318278746
0.04044963782329553253 0.05165261306343098269
0.04564720789821532371 0.05241503568782442113
0.04824100596014051917 0.05344143892310856264
0.03541255957192981918 0.05362836969757725503
0.04728124571276576954 0.05372503238995338104
0.05183626380345983387 0.05391991125399418078
0.04137661506341701323 0.05437940767043388662
0.05024539134393599116 0.05458703457203854803
0.04758896565669783890 0.05485383925368654545
0.04841459197056215830 0.05581987798778734189
0.04712583488790498404 0.05610777591203506415
0.03185864991773380839 0.05626083626194212234
0.05622063122101393640 0.05688457962320324357
0.05450880833089906397 0.05719743867311802982
0.05763093280019591230 0.05781791204191025907
0.04920140405399917038 0.05798112359536161664
0.04566804005576605846 0.05810458390603001622
0.03993946483696817623 0.05817822797951505837
0.04840344320212788820 0.05849026106689332594
0.04660675817221446304 0.05928514748282962682
0.04978580252044434440 0.05989646077092800058
0.04278563785377380996 0.06121611359182742990
0.04907025563984213079 0.06139362623336457048
0.06187845017721588237 0.06196376093838944915
0.04503829448602055668 0.06232868399953059302
0.05744084773226072055 0.06313586821256392256
0.06318654748313463909 0.06361089243380578517
0.06246453913809224545 0.06435381117391431038
0.06020908658734178825 0.06439343488154501693
0.06216739898243394541 0.06547267418399067840
0.05299034832586203142 0.06602962411593001069
0.05081580660614881673 0.06643509482755453888
0.04105143489840235721 0.06805983441587137861
0.05344565325509378906 0.06860663488949238220
0.05755879776130289061 0.07027470895260339023
0.05431626196664691292 0.07045467733703991708
0.06417801280917219409 0.07103118228311214311
0.05546532860029577267 0.07436014045166532138
0.06842647790755175541 0.07468568884310126943
0.05957273923802741677 0.07471122490847048603
0.06213583230822569692 0.07475121717665189625
0.06246288965777486296 0.07639545456316189365
0.06064753110451142487 0.07648177156820071265
0.05945006695513335021 0.07923654354507921049
0.05431981371103746653 0.08197502523988223211
0.07439596727769334783 0.08211260727040273211
0.08360656944553294945 0.08428313403379676660
0.07115106438684865031 0.08540180002718833485
0.08282552423324862634 0.08590515769424947323
0.06307084240453808555 0.08607367167889562465
0.07964922727684344006 0.10269582929175799513
0.06007265353550905046 0.69210009885801704321
