0.09597017761359057098 0.11139662775605023437
0.11155172117981920765 0.12038745822973581645
0.10071644069909192754 0.12095182337293021446
0.11558317030689702065 0.12150616337196268324
0.11377681007877571417 0.12215466463610455405
0.11984306721098735016 0.12603209343741367254
0.12050125094864333475 0.12775710262829512165
0.12310877333793845967 0.13304901647084635408
0.12404643020535827125 0.13535544514220848589
0.11550990851606146581 0.13557896081658479814
0.13215231709839198038 0.14137924825488062952
0.11727846347854455067 0.14189383597150195815
0.14397466811370687734 0.14418875033118874751
0.13369148205138906005 0.14646067724346706340
0.14177445444637248873 0.14975627250695985881
0.12587985385282499107 0.15049453546816840555
0.15047481819587946172 0.15344355981882099038
0.13615493985710463987 0.15422620290877855909
0.14432572235648624681 0.15429766077484094455
0.14360304146177796381 0.15524874472901653566
0.13187144907454192988 0.15552466925109018070
0.14167799819264742522 0.15974946626506147940
0.15611132111869757688 0.16065669233093593515
0.12385976533926150445 0.16135973772187592323
0.14154258516337431262 0.16479176056481059653
0.16332913640731180904 0.16515646428149424740
0.11506173769030385301 0.16536761871160882142
0.16425113225758145030 0.16547509460666709469
0.13343511216998243940 0.16708883722529793703
0.15277286791014094147 0.16811493175554084734
0.15891212387272179996 0.17313762163747037359
0.14258117723340579808 0.17647888497610092484
0.15289719207163821046 0.17654599478396962309
0.17421380919182805069 0.17682242765873287804
0.17109586599480294811 0.17978556369056297726
0.12295037441202530393 0.18001933191733734962
0.12327036072386042542 0.18033543383270808635
0.17391911916383631653 0.18039663781404055576
0.15424166275753772859 0.18137397860226633917
0.17706310082635537406 0.18233572616573345826
0.17048100259877432827 0.18268281924233928382
0.17837023735115969947 0.18306796458336860312
0.15703532457889915475 0.18369931366911232407
0.16410531002565947878 0.18438772542362941165
0.18013259314344895468 0.18475621574723258278
0.14429922167511058384 0.18531391652244327828
0.17082912462590493785 0.18856980762676089913
0.18701629178881185034 0.18867560548808109955
0.15980833581857070702 0.18937437493686656853
0.15529224952943215809 0.18952420957422302927
0.15569790482549245025 0.18984078280474678269
0.17507383765878051229 0.19013614675065693138
0.17701539398446408669 0.19309281024555793871
0.15489702397830673597 0.19510768060907218713
0.17796804233107238469 0.19531270568997902148
0.18650024943865145532 0.19591025138401119143
0.19045053443916726277 0.19644954192361707701
0.19340720726658486295 0.19676114499662980539
0.17252877032929614387 0.19680737939453904484
0.15333433959003203717 0.19989794881288688866
0.18147651542545142900 0.20032117917083244740
0.19151557586766615460 0.20063702692336066180
0.18790149742462824989 0.20077694842718513124
0.19482164125973594482 0.20109585151037312478
0.18180764414792155437 0.20109585151037312478
0.19422843401795020224 0.20244280464558092603
0.17811452533662272546 0.20326146756075011424
0.18783927944748388117 0.20441603212365430653
0.20233165981111461695 0.20459574277918593510
0.17932010948654197868 0.20478948839699012696
0.19700039669170021916 0.20544816965702844547
0.19620357954077993767 0.20801948037398831914
0.17265968520766244998 0.20894334639657388686
0.17301982008889688069 0.21052043358003363904
0.20093419274413359954 0.21172001205332632856
0.19127073057716950655 0.21297716484477219323
0.21085605491513254028 0.21317206500954682946
0.20827108121616577652 0.21397217230323456461
0.17863289098488527307 0.21422568251294374364
0.18870464517465859733 0.21545577120802134052
0.20893936417980105147 0.21597366896718864226
0.20658106596397926569 0.21647477396745995470
0.21558437888391995818 0.21651651425147702690
0.20080171797895335351 0.21674012111255350210
0.20779972364759019543 0.21731099656561128630
0.20050098972310323453 0.21731295880232545659
0.18172039700368761150 0.21828699672590703984
0.19144599634779582709 0.21854822229889009355
0.15747318678403768311 0.21946922084407596842
0.20110956957032735670 0.21976938778675239594
0.17938983631412466768 0.21993741977575800850
0.17836770671888846351 0.22032782290417513016
0.21311293309630122139 0.22143874344040800906
0.21499609136975550427 0.22212335311573525032
0.18939491762103893846 0.22244148854996340092
0.20129923998147547515 0.22314843354993119107
0.17055608961842691484 0.22415060178151777204
0.19442889955552136727 0.22453374596009575970
0.19777721281039384316 0.22565890016736750434
0.18861011182736911462 0.22644508226848072963
0.21214243630223833526 0.22737763255031284704
0.19706564827636274817 0.22782148895372669739
0.22602204635191930349 0.22878958829765594363
0.20363241528159906069 0.22891786106987138671
0.20670035200700492828 0.22998947135938885289
0.22986762833517748739 0.23069610491663988805
0.18337040539890558932 0.23179339653421837664
0.15511196038079994031 0.23211824763146901573
0.21036801974968510898 0.23213887600470561878
0.22685634765569243076 0.23216705582201513369
0.18172080664855475018 0.23253475786575597550
0.20120840959039770768 0.23301736638210290842
0.19553643991371469357 0.23521663587963556608
0.19769712519087692670 0.23564297830916489107
0.16136233696373197821 0.23587434728843484355
0.20935410624325795359 0.23590755698894275150
0.17011221985893787423 0.23624839269731909286
0.17668055127138398985 0.23645964046744089027
0.23487769178586395680 0.23646022693690268990
0.22377274259685367430 0.23750772548497617320
0.18729883779543723965 0.23836533152089933729
0.21187946664621895576 0.23934541245209670079
0.23188611647542151095 0.24121279877444790074
0.17313139653332129675 0.24213249273129880401
0.16816337768565692290 0.24268630458638129621
0.20140015746159478649 0.24271339985381037985
0.16840281349256053245 0.24357642560932121767
0.24014532039372440964 0.24513237620929781424
0.18239287882318275247 0.24601240792171052973
0.19908277484136929769 0.24629330768316148870
0.24030215100873220102 0.24736418779073721108
0.24621925043002573785 0.24768113036550576389
0.22318177675502415269 0.24802081497536038190
0.23068716243166448310 0.24977077981686862662
0.23748007616747293658 0.24977077981686862662
0.21836661043450181219 0.25028630190265543920
0.20039612940375151062 0.25183876231272017687
0.15484600342025847675 0.25248332945247758952
0.23869526761229564737 0.25283082318840510716
0.14835021485893346016 0.25290420640398397767
0.21065370912820435834 0.25353439072207445415
0.17829990751799543180 0.25381330735972207346
0.24659052848754575704 0.25406122959041332887
0.18001879998121703141 0.25424115288635651400
0.21387979601975040667 0.25907192333718370714
0.24984692724487445048 0.26172951987362019777
0.17609878916624285838 0.26239414377404723933
0.16692200469260634610 0.26550539036429310347
0.15737326518635638695 0.26641238712956050172
0.21122102308419415939 0.26839798603533965293
0.22878865138582429872 0.26863264330675573621
0.20261434542843520523 0.26933489550770933763
0.26379592241712418454 0.27034677838787735116
0.21860419840539710434 0.27237007188509804179
0.20900804897715347108 0.27325888959614058615
0.25961893951994352570 0.27370963769514516928
0.21527868644614472915 0.27477293606262070957
0.18873467430276610890 0.27552730933463537299
0.27576041012835716959 0.27656468674810386066
0.20214863426992668582 0.27723639170023256506
0.21468721263884660289 0.27868956298641706093
0.27553996089949117643 0.27922795684915591163
0.26834005465321891792 0.28190797548861212807
0.23842305297550384080 0.28217391180521961269
0.26500749118481703448 0.28546741161123223574
0.27908802456908882172 0.28658320635934858567
0.25201462530641438597 0.28658320635934858567
0.23243536298877498503 0.28708526277931978310
0.25766980599622069104 0.28755858023076896757
0.24108030936728219729 0.28826161623154783475
0.27343069163879119010 0.28846236998191743250
0.26623759449002654121 0.28878373283147951156
0.24276659900144600956 0.29069274927160804189
0.15756168704911888145 0.29461688894543391903
0.23967952523677082954 0.29679036133729319591
0.27847887699612877688 0.29773315290585383730
0.22905396868135199928 0.29874194692328820411
0.26861163685604350082 0.29970752247202692153
0.27003675709627639190 0.30315612602566899270
0.27203747244537351824 0.30445548472268235685
0.26598125794776478203 0.30668325893844955443
0.27532504198775759052 0.30702199416972125734
0.28137980911858034849 0.30774671379486190359
0.26252008779711250019 0.30793396079189855330
0.27254963597592551938 0.30832694185811854171
0.27150488622677071415 0.30863365695760730523
0.27971364120093089589 0.31248413074251618626
0.27880839404471752241 0.31426138057484365174
0.26187628805804152865 0.31474561507448323150
0.30999744121618316717 0.31513268856310866495
0.23665110989507198713 0.31834189421263858755
0.25536349167009153582 0.31869379061085623128
0.25757650936081288862 0.31918880634395924156
0.24978786614933196075 0.31933794592769643161
0.23430293650936059868 0.32002388275018589514
0.25912562278424677853 0.32115575386772432509
0.14541530147062831091 0.32393020311237613607
0.22082203508355677246 0.32393238305967481105
0.18732917332443083103 0.32442462498830648698
0.25914820074560696028 0.32607857639699744379
0.28849649129585369645 0.33215808686181824694
0.25643337437111535237 0.33353468444262568404
0.25179224775218156385 0.33463094609817511937
0.19640655830703812601 0.33749607235641609915
0.18609128188049073316 0.35134569986966746047
