0.00000000000000000000 0.00198964106594341165
0.00000000000000000000 0.00239387675971291245
0.00000000000000000000 0.00259118742576579675
0.00000000000000000000 0.00280909792195451966
0.00000000000000000000 0.00327932384366239234
0.00000000000000000000 0.00331317334198485362
0.00000000000000000000 0.00332877280630791087
0.00000000000000000000 0.00342526554802579340
0.00000000000000000000 0.00348160779665179169
0.00000000000000000000 0.00354768635218731445
0.00000000000000000000 0.00364120977802711871
0.00000000000000000000 0.00381839541045279288
0.00000000000000000000 0.00384787263413177575
0.00000000000000000000 0.00385728152635882214
0.00000000000000000000 0.00388240689239502737
0.00000000000000000000 0.00403274457184507346
0.00000000000000000000 0.00409683211725636338
0.00000000000000000000 0.00411794283426432720
0.00000000000000000000 0.00418594152153928343
0.00000000000000000000 0.00422189292022839488
0.00000000000000000000 0.00422904282706375659
0.00000000000000000000 0.00426505960541951820
0.00000000000000000000 0.00438759578971065038
0.00000000000000000000 0.00440897290952104153
0.00000000000000000000 0.00445304077150428679
0.00000000000000000000 0.00456104762674134755
0.00000000000000000000 0.00460352652379410372
0.00000000000000000000 0.00462868730944811582
0.00000000000000000000 0.00471245533140199867
0.00000000000000000000 0.00474393390250335209
0.00000000000000000000 0.00478108031506813570
0.00000000000000000000 0.00486757589424171525
0.00000000000000000000 0.00490790640453729610
0.00000000000000000000 0.00492185664719056379
0.00000000000000000000 0.00492277853584640289
0.00000000000000000000 0.00496074185704394825
0.00000000000000000000 0.00502329968498304875
0.00000000000000000000 0.00505617065834456769
0.00000000000000000000 0.00511070547453061977
0.00000000000000000000 0.00511307677457892816
0.00000000000000000000 0.00523570211825870498
0.00000000000000000000 0.00523636505308412627
0.00000000000000000000 0.00525893164057001511
0.00000000000000000000 0.00527899127890915469
0.00000000000000000000 0.00528582942760812222
0.00000000000000000000 0.00531332761463843180
0.00000000000000000000 0.00535993230837447047
0.00000000000000000000 0.00536076339281085865
0.00000000000000000000 0.00547633904294135814
0.00000000000000000000 0.00549955902983654751
0.00000000000000000000 0.00551994437557147208
0.00000000000000000000 0.00554813123078196860
0.00000000000000000000 0.00564078780557005204
0.00000000000000000000 0.00564839103143701705
0.00000000000000000000 0.00568323230281369413
0.00000000000000000000 0.00572335786364004673
0.00000000000000000000 0.00573993637224287385
0.00000000000000000000 0.00581560240007996526
0.00000000000000000000 0.00583576850509717662
0.00000000000000000000 0.00589193240856087427
0.00000000000000000000 0.00595760951634645951
0.00000000000000000000 0.00604170426914286789
0.00000000000000000000 0.00604303825308091791
0.00000000000000000000 0.00611839047344358775
0.00000000000000000000 0.00615112942967591374
0.00000000000000000000 0.00625094638246983126
0.00000000000000000000 0.00626830620802837444
0.00000000000000000000 0.00628283291378974214
0.00000000000000000000 0.00629592695336001450
0.00000000000000000000 0.00648353132789234940
0.00000000000000000000 0.00649521403732591495
0.00000000000000000000 0.00654411093195839295
0.00000000000000000000 0.00655997588014993818
0.00000000000000000000 0.00659694219824612845
0.00000000000000000000 0.00667075214858079985
0.00000000000000000000 0.00672107367411968731
0.00000000000000000000 0.00672458635047492800
0.00000000000000000000 0.00674167995169408854
0.00000000000000000000 0.00677820663729447777
0.00000000000000000000 0.00681398004898190347
0.00000000000000000000 0.00686259344720655667
0.00000000000000000000 0.00688276592048807194
0.00000000000000000000 0.00689767423951968914
0.00000000000000000000 0.00692861076014232580
0.00000000000000000000 0.00692949432641815424
0.00000000000000000000 0.00695131019943458217
0.00000000000000000000 0.00697399428991135866
0.00000000000000000000 0.00697815080771192840
0.00000000000000000000 0.00701786152074342605
0.00000000000000000000 0.00708280889618970524
0.00000000000000000000 0.00711778226604693840
0.00000000000000000000 0.00711876100770071022
0.00000000000000000000 0.00718081847007205707
0.00000000000000000000 0.00719964757978270708
0.00000000000000000000 0.00726749435220431280
0.00000000000000000000 0.00728034164192098432
0.00000000000000000000 0.00740532864842256573
0.00000000000000000000 0.00746612691971035216
0.00000000000000000000 0.00756193352597969454
0.00000000000000000000 0.00756732474378820404
0.00000000000000000000 0.00758828605479550371
0.00000000000000000000 0.00763511706422725228
0.00000000000000000000 0.00768767124513738010
0.00000000000000000000 0.00769120019592594000
0.00000000000000000000 0.00774386716825963602
0.00000000000000000000 0.00778323460396394048
0.00000000000000000000 0.00778461915031658340
0.00000000000000000000 0.00783115658667338059
0.00000000000000000000 0.00784823077460712268
0.00000000000000000000 0.00787284587079521356
0.00000000000000000000 0.00787555605288446994
0.00000000000000000000 0.00790152990903841661
0.00000000000000000000 0.00792413589962123917
0.00000000000000000000 0.00792884884503326955
0.00000000000000000000 0.00799656184856167157
0.00000000000000000000 0.00802818639104431811
0.00000000000000000000 0.00804642603740129622
0.00000000000000000000 0.00808722010147769343
0.00000000000000000000 0.00810052777816874098
0.00000000000000000000 0.00811925768281579995
0.00000000000000000000 0.00814409549082272498
0.00000000000000000000 0.00815479116724266567
0.00000000000000000000 0.00827250349246187559
0.00000000000000000000 0.00827895658109490361
0.00000000000000000000 0.00830559486128315885
0.00000000000000000000 0.00830798690338493614
0.00000000000000000000 0.00830914064780436355
0.00000000000000000000 0.00833267654648750002
0.00000000000000000000 0.00838325142403326638
0.00000000000000000000 0.00842366650116831844
0.00000000000000000000 0.00842580756070246059
0.00000000000000000000 0.00843922470784414132
0.00000000000000000000 0.00850018544164419729
0.00000000000000000000 0.00851032359070665566
0.00000000000000000000 0.00862013389048947067
0.00000000000000000000 0.00863942531132200903
0.00000000000000000000 0.00866382663177397983
0.00000000000000000000 0.00872660698093628839
0.00000000000000000000 0.00873287231099890114
0.00000000000000000000 0.00876232370826837692
0.00000000000000000000 0.00877187198882530862
0.00000000000000000000 0.00877797356021702523
0.00000000000000000000 0.00878326937579404325
0.00000000000000000000 0.00878398014359149139
0.00000000000000000000 0.00879807476581289868
0.00000000000000000000 0.00886340878647050127
0.00000000000000000000 0.00889091644701765424
0.00000000000000000000 0.00891038491926504118
0.00000000000000000000 0.00893712707626171353
0.00000000000000000000 0.00895154727948938023
0.00000000000000000000 0.00897562907015834154
0.00000000000000000000 0.00897843805304599993
0.00000000000000000000 0.00900143374523378753
0.00000000000000000000 0.00902750320587520326
0.00000000000000000000 0.00903519322623209595
0.00000000000000000000 0.00904838649123915033
0.00000000000000000000 0.00904942955684680424
0.00000000000000000000 0.00905502995985041012
0.00000000000000000000 0.00905623878562136428
0.00000000000000000000 0.00908344434241342875
0.00000000000000000000 0.00908583342550082877
0.00000000000000000000 0.00914219108784354757
0.00000000000000000000 0.00915735552813108818
0.00000000000000000000 0.00917948885688570776
0.00000000000000000000 0.00918954733215219394
0.00000000000000000000 0.00919891428505077366
0.00000000000000000000 0.00925300094859192283
0.00000000000000000000 0.00926355508481016728
0.00000000000000000000 0.00928202779340702756
0.00000000000000000000 0.00929316841225228708
0.00000000000000000000 0.00931148301025021274
0.00000000000000000000 0.00939378277385324346
0.00000000000000000000 0.00940584164523567030
0.00000000000000000000 0.00941156094945612247
0.00000000000000000000 0.00941204400910179186
0.00000000000000000000 0.00941754123013249962
0.00000000000000000000 0.00943240108150183651
0.00000000000000000000 0.00951908574706207718
0.00000000000000000000 0.00954029374259275469
0.00000000000000000000 0.00954128422999918867
0.00000000000000000000 0.00964032428035425763
0.00000000000000000000 0.00964527045067111767
0.00000000000000000000 0.00967877380585489486
0.00000000000000000000 0.00976268875976221522
0.00000000000000000000 0.00980359416664223875
0.00000000000000000000 0.00981546960605459741
0.00000000000000000000 0.00983380040564905099
0.00000000000000000000 0.00983583626692372849
0.00000000000000000000 0.00987470560584662212
0.00000000000000000000 0.00990665244706925158
0.00000000000000000000 0.00991550745685328659
0.00000000000000000000 0.00999736413798958147
0.00000000000000000000 0.00999972421935517095
0.00000000000000000000 0.01003988777645769062
0.00000000000000000000 0.01004949345154716733
0.00000000000000000000 0.01006944441355588256
0.00000000000000000000 0.01007607883940860038
0.00000000000000000000 0.01021686447870367824
0.00000000000000000000 0.01022525437224171274
0.00000000000000000000 0.01023877138708012557
0.00000000000000000000 0.01027090097794344792
0.00000000000000000000 0.01027195255473678341
0.00000000000000000000 0.01030042121002634238
0.00000000000000000000 0.01030715132377832237
0.00000000000000000000 0.01032425953874690529
0.00000000000000000000 0.01034168655097465229
0.00000000000000000000 0.01035802339382622603
0.00000000000000000000 0.01036950078749812078
0.00000000000000000000 0.01039405458922757625
0.00000000000000000000 0.01040318988067677128
0.00000000000000000000 0.01042549342344515836
0.00000000000000000000 0.01044769036123970735
0.00000000000000000000 0.01045263581077142227
0.00000000000000000000 0.01054198485547315142
0.00000000000000000000 0.01065123421332765316
0.00000000000000000000 0.01065772028727590345
0.00000000000000000000 0.01068795357924179693
0.00000000000000000000 0.01068799663885039442
0.00000000000000000000 0.01072358918562276581
0.00000000000000000000 0.01072503083502997917
0.00000000000000000000 0.01075183125738400636
0.00000000000000000000 0.01084986266588195726
0.00000000000000000000 0.01085210380181026585
0.00000000000000000000 0.01088386899572099664
0.00000000000000000000 0.01091254456669493896
0.00000000000000000000 0.01091335360062930214
0.00000000000000000000 0.01094386671228260617
0.00000000000000000000 0.01096003288239737194
0.00000000000000000000 0.01096828976043450789
0.00000000000000000000 0.01099454625317466266
0.00000000000000000000 0.01100715304270985344
0.00000000000000000000 0.01101987739247382511
0.00000000000000000000 0.01103218145366986584
0.00000000000000000000 0.01105417924142296573
0.00000000000000000000 0.01121351803843963733
0.00000000000000000000 0.01122717570208256292
0.00000000000000000000 0.01124274817242343523
0.00000000000000000000 0.01130916004386743091
0.00000000000000000000 0.01135261824011076989
0.00000000000000000000 0.01138475759648173262
0.00000000000000000000 0.01138829416292446578
0.00000000000000000000 0.01138967207077595627
0.00000000000000000000 0.01139472762961671846
0.00000000000000000000 0.01140666158108229536
0.00000000000000000000 0.01140821233354639974
0.00000000000000000000 0.01141828730068830504
0.00000000000000000000 0.01144567667296965754
0.00000000000000000000 0.01149987706721519731
0.00000000000000000000 0.01151102448777206050
0.00000000000000000000 0.01151502566285507630
0.00000000000000000000 0.01157595033623369518
0.00000000000000000000 0.01162262287606135279
0.00000000000000000000 0.01164702717510123289
0.00000000000000000000 0.01169869239707775274
0.00000000000000000000 0.01174859530025581036
0.00000000000000000000 0.01180720691229889506
0.00000000000000000000 0.01182845844842847320
0.00000000000000000000 0.01185144023378699105
0.00000000000000000000 0.01187968453372978926
0.00000000000000000000 0.01192999968400369065
0.00000000000000000000 0.01194601330709480630
0.00000000000000000000 0.01197053440449181300
0.00000000000000000000 0.01198473031209778238
0.00000000000000000000 0.01200953324123504688
0.00000000000000000000 0.01201594761612675803
0.00000000000000000000 0.01206092974978636469
0.00000000000000000000 0.01206129267336893997
0.00000000000000000000 0.01206505547233997604
0.00000000000000000000 0.01211058460834894997
0.00000000000000000000 0.01221305965234731165
0.00000000000000000000 0.01227108116796447185
0.00000000000000000000 0.01240894157802213335
0.00000000000000000000 0.01241792675785073977
0.00000000000000000000 0.01244045480491177275
0.00000000000000000000 0.01248964810354987430
0.00000000000000000000 0.01257209810466358019
0.00000000000000000000 0.01257811830782849111
0.00000000000000000000 0.01258485642472179436
0.00000000000000000000 0.01263719648143868043
0.00000000000000000000 0.01267019156003464271
0.00000000000000000000 0.01268159010989295017
0.00000000000000000000 0.01276352121458542051
0.00000000000000000000 0.01278004187040821492
0.00000000000000000000 0.01278447128679047542
0.00000000000000000000 0.01283839413919399264
0.00000000000000000000 0.01285311576108243668
0.00000000000000000000 0.01286943210710243812
0.00000000000000000000 0.01291163699236435453
0.00000000000000000000 0.01291559014663193339
0.00000000000000000000 0.01292887333653025377
0.00000000000000000000 0.01293090620757003824
0.00000000000000000000 0.01294077409249603204
0.00000000000000000000 0.01296623811495226618
0.00000000000000000000 0.01308411426587265287
0.00000000000000000000 0.01324925534501788550
0.00000000000000000000 0.01328563849931770589
0.00000000000000000000 0.01329430480327763175
0.00000000000000000000 0.01330042081303767047
0.00000000000000000000 0.01330224837070264655
0.00000000000000000000 0.01330909735270965379
0.00000000000000000000 0.01333011192366930636
0.00000000000000000000 0.01340140984128568649
0.00000000000000000000 0.01340573917563908472
0.00000000000000000000 0.01341726872034783823
0.00000000000000000000 0.01342208756504610981
0.00000000000000000000 0.01342882276731297009
0.00000000000000000000 0.01343223657416494667
0.00000000000000000000 0.01357417720158909068
0.00000000000000000000 0.01361422772668677110
0.00000000000000000000 0.01362264108496705553
0.00000000000000000000 0.01367023646897137790
0.00000000000000000000 0.01368227108277375939
0.00000000000000000000 0.01369587395475692533
0.00000000000000000000 0.01379274482419793127
0.00000000000000000000 0.01382340705255898430
0.00000000000000000000 0.01386675256994074866
0.00000000000000000000 0.01387172193383563561
0.00000000000000000000 0.01387973949088299082
0.00000000000000000000 0.01390888387206256314
0.00000000000000000000 0.01402851753607364631
0.00000000000000000000 0.01404658604008611478
0.00000000000000000000 0.01410918831557106748
0.00000000000000000000 0.01411099262882865336
0.00000000000000000000 0.01411510193253553459
0.00000000000000000000 0.01411725118729464414
0.00000000000000000000 0.01413508299280211329
0.00000000000000000000 0.01433499744056131696
0.00000000000000000000 0.01434125582630096235
0.00000000000000000000 0.01435992322827809968
0.00000000000000000000 0.01438987584650814992
0.00000000000000000000 0.01444080060974353708
0.00000000000000000000 0.01444375908636277503
0.00000000000000000000 0.01449620336111944428
0.00000000000000000000 0.01450576193913861826
0.00000000000000000000 0.01451033745199212417
0.00000000000000000000 0.01451517584785751505
0.00000000000000000000 0.01455105184754353076
0.00000000000000000000 0.01460959483414142265
0.00000000000000000000 0.01462706168519417767
0.00000000000000000000 0.01469782338807168465
0.00000000000000000000 0.01473661513971988649
0.00000000000000000000 0.01473931794754469900
0.00000000000000000000 0.01476085493566453750
0.00000000000000000000 0.01478915416916237215
0.00000000000000000000 0.01479902331665189884
0.00000000000000000000 0.01488659573500162106
0.00000000000000000000 0.01496686148633420699
0.00000000000000000000 0.01502121535111830206
0.00000000000000000000 0.01507656443061374148
0.00000000000000000000 0.01509174561467541489
0.00000000000000000000 0.01509595010076427053
0.00000000000000000000 0.01509924860598664716
0.00000000000000000000 0.01528572059560663783
0.00000000000000000000 0.01531140458240853874
0.00000000000000000000 0.01532315159579632560
0.00000000000000000000 0.01533449335495699548
0.00000000000000000000 0.01535208354174267403
0.00000000000000000000 0.01546550131567762942
0.00000000000000000000 0.01548914471909830157
0.00000000000000000000 0.01557184360331635362
0.00000000000000000000 0.01563691851291968901
0.00000000000000000000 0.01573811645176031657
0.00000000000000000000 0.01575704003028079864
0.00000000000000000000 0.01585014701410430646
0.00000000000000000000 0.01592377018123109292
0.00000000000000000000 0.01594212103849163703
0.00000000000000000000 0.01599223729062007604
0.00000000000000000000 0.01602453861646459601
0.00000000000000000000 0.01604965471698824656
0.00000000000000000000 0.01611167574409902437
0.00000000000000000000 0.01620383260173062848
0.00000000000000000000 0.01628078498168272770
0.00000000000000000000 0.01628377761628510903
0.00000000000000000000 0.01641625203356017818
0.00000000000000000000 0.01642720784689559455
0.00000000000000000000 0.01651961916843731198
0.00000000000000000000 0.01654420666398469242
0.00000000000000000000 0.01657556147711316749
0.00000000000000000000 0.01659392897191556276
0.00000000000000000000 0.01661908718545920816
0.00000000000000000000 0.01664788818477082669
0.00000000000000000000 0.01665870661062734959
0.00000000000000000000 0.01669397066080362257
0.00000000000000000000 0.01671826026241511262
0.00000000000000000000 0.01674881344134086444
0.00000000000000000000 0.01676370948192379071
0.00000000000000000000 0.01676480605562312431
0.00000000000000000000 0.01680325838691505702
0.00000000000000000000 0.01680348409232168896
0.00000000000000000000 0.01686299296608221795
0.00000000000000000000 0.01687395975342319970
0.00000000000000000000 0.01694293250542511231
0.00000000000000000000 0.01712243649853655014
0.00000000000000000000 0.01714055206871818032
0.00000000000000000000 0.01717906815755159897
0.00000000000000000000 0.01719113490800271496
0.00000000000000000000 0.01727553367089009959
0.00000000000000000000 0.01739960726545093997
0.00000000000000000000 0.01744346149046431191
0.00000000000000000000 0.01754668047451396137
0.00000000000000000000 0.01756939851485896792
0.00000000000000000000 0.01762946821974135242
0.00000000000000000000 0.01779189190567251680
0.00000000000000000000 0.01780448242398463554
0.00000000000000000000 0.01809238151816163279
0.00000000000000000000 0.01811973724621950346
0.00000000000000000000 0.01814185182118281670
0.00000000000000000000 0.01833241344907879725
0.00000000000000000000 0.01845872809037081910
0.00000000000000000000 0.01852369318982957300
0.00000000000000000000 0.01857175529037295020
0.00000000000000000000 0.01866828853094970944
0.00000000000000000000 0.01888101725318201696
0.00000000000000000000 0.01911760502011898566
0.00000000000000000000 0.01942738227376139548
0.00000000000000000000 0.01956247017626374859
0.00000000000000000000 0.01963595276017677041
0.00000000000000000000 0.01971973057337013044
0.00000000000000000000 0.01974730347618680257
0.00000000000000000000 0.02002452884578175343
0.00000000000000000000 0.02003442661998607044
0.00000000000000000000 0.02004103880750559771
0.00000000000000000000 0.02015842007916736345
0.00000000000000000000 0.02018798878698791974
0.00000000000000000000 0.02030492124583249333
0.00000000000000000000 0.02034935688498421338
0.00000000000000000000 0.02052119999419078911
0.00000000000000000000 0.02075327140854757793
0.00000000000000000000 0.02078400892862899280
0.00000000000000000000 0.02080288796953759511
0.00000000000000000000 0.02110433916283164027
0.00000000000000000000 0.02119918046485338992
0.00000000000000000000 0.02143868836843025247
0.00000000000000000000 0.02147424201982878200
0.00000000000000000000 0.02148961506791347703
0.00000000000000000000 0.02161118905266806028
0.00000000000000000000 0.02163210846505137300
0.00000000000000000000 0.02164548457878280249
0.00000000000000000000 0.02165786741333131094
0.00000000000000000000 0.02171338578539228764
0.00000000000000000000 0.02173957410659582007
0.00000000000000000000 0.02183991019511146922
0.00000000000000000000 0.02187296338811444904
0.00000000000000000000 0.02191337894267206612
0.00000000000000000000 0.02192996924968600159
0.00000000000000000000 0.02222903018112582646
0.00000000000000000000 0.02224293668626522655
0.00000000000000000000 0.02224313828177285762
0.00000000000000000000 0.02225524380279110884
0.00000000000000000000 0.02226951396946356965
0.00000000000000000000 0.02233954929355781716
0.00000000000000000000 0.02251059140321170354
0.00000000000000000000 0.02254125467768222993
0.00000000000000000000 0.02278730333283631934
0.00000000000000000000 0.02282003201311946436
0.00000000000000000000 0.02292012692495862952
0.00000000000000000000 0.02305849198599145555
0.00000000000000000000 0.02326368095041900577
0.00000000000000000000 0.02327805188851109208
0.00000000000000000000 0.02334360293099249292
0.00000000000000000000 0.02352002040995279999
0.00000000000000000000 0.02363867837810498460
0.00000000000000000000 0.02364455775509740482
0.00000000000000000000 0.02380536961358989054
0.00000000000000000000 0.02391073819365478401
0.00000000000000000000 0.02438718811253451357
0.00000000000000000000 0.02481890133663880796
0.00000000000000000000 0.02483671072040477198
0.00000000000000000000 0.02488915605079679294
0.00000000000000000000 0.02516434460124169353
0.00000000000000000000 0.02531892771976143597
0.00000000000000000000 0.02543109785681118423
0.00000000000000000000 0.02595529932419568531
0.00000000000000000000 0.02626231902370988400
0.00000000000000000000 0.02663252346436400728
0.00000000000000000000 0.02738599785571530984
0.00000000000000000000 0.02747931805439625744
0.00000000000000000000 0.02761381372433832290
0.00000000000000000000 0.02762662178766395193
0.00000000000000000000 0.02778935567652667665
0.00000000000000000000 0.02801867355559039402
0.00000000000000000000 0.02841459047804834742
0.00000000000000000000 0.02859727191751290989
0.00000000000000000000 0.02877804963071184732
0.00000000000000000000 0.02879563876715015777
0.00000000000000000000 0.02943064064163631102
0.00000000000000000000 0.03014483203294345340
0.00000000000000000000 0.03049037768909046778
0.00000000000000000000 0.03074914364864977587
0.00000000000000000000 0.03182245170986088695
0.00000000000000000000 0.03236650894520688715
0.00000000000000000000 0.03275852326429650602
0.00000000000000000000 0.03450356736570366067
0.00000000000000000000 0.03650519401775551009
0.00000000000000000000 0.03723734820653731153
0.00000000000000000000 0.03777822746602742254
0.00000000000000000000 0.03887439780718374843
0.00000000000000000000 0.37024228237292378108
0.00000000000000000000 0.47645081960162805057
0.00000000000000000000 1.73205080756887719318
