0.00670221300684720449 0.00673376349741131291
0.00701132520148239988 0.00714892154137366023
0.00640192542425529684 0.00726809893614880579
0.00705163724192993478 0.00754893557692041216
0.00740526064072526743 0.00765325625835972054
0.00718645233093096608 0.00771970453571455342
0.00734402273731974038 0.00786500701305605822
0.00823673628552546930 0.00823968677873786713
0.00805293128951390866 0.00853914058694200256
0.00824902022507938149 0.00876651303301552096
0.00645022443424907513 0.00887120116007937901
0.00884059854595607535 0.00888677035683959650
0.00815275522541065653 0.00919299983326808852
0.00823639878930551746 0.00931634196919431043
0.00853347693155554789 0.00933383196313685402
0.00688922258844188937 0.00935992713441140614
0.00921292703408818463 0.00949825276418918632
0.00908930838896673809 0.00950700241297933873
0.00953993160029638528 0.00957056683853361491
0.00667862362204465869 0.00967074396692069529
0.00943539933455749685 0.00995187982054757114
0.00856857702431650103 0.00999371760499976475
0.00985566099535203216 0.01008226020874803362
0.00995527123835341678 0.01019491073032068387
0.00864148036082356200 0.01031419405685879594
0.00921429039230748856 0.01034239744805329902
0.00976410078765784124 0.01044206255467644735
0.00843742349430760125 0.01052153854287242105
0.00955004026407576916 0.01052423107866631152
0.00969630790295483019 0.01053318761736270898
0.00953115458486688411 0.01055534960639597716
0.01003535236249380319 0.01058125931902637214
0.00842572773412281206 0.01059850394177867285
0.00804712570165061307 0.01061556198759795733
0.00730285794002954059 0.01067346116469141716
0.00873623034930999867 0.01071533742796886880
0.00777575291009936602 0.01074380530861455962
0.00994920900337598578 0.01082125159623745746
0.01103762708771541604 0.01110540287995213406
0.01050274897466517247 0.01115930548665024398
0.01071071940944809744 0.01120168813790668738
0.01070536237627467240 0.01129022652791824601
0.00985422850742929436 0.01133328031025048789
0.01010183821886080462 0.01133398873752929949
0.01103627514331045542 0.01147188520525426782
0.00924299774694106215 0.01152271772309136459
0.00818541695791156522 0.01155152782555700711
0.01144545080531987960 0.01155202083624670348
0.01064314143820036321 0.01161997987601033448
0.00875232935697229514 0.01170599341182409006
0.01021212993819385455 0.01175876351227205657
0.01047695080834614052 0.01183929307492751631
0.00803267026048072770 0.01191110280188138401
0.00937768774896128969 0.01194278426339659416
0.01065952911851338059 0.01196772024926265332
0.00856922254000733012 0.01199798157619182647
0.00876692898471946765 0.01201728405028227795
0.00926387842271863410 0.01202592468896423843
0.00964141939612995526 0.01211480816255380843
0.00989847078398468916 0.01222801534456285921
0.01228170634616546249 0.01231539736659837021
0.01061772004171198693 0.01232445410692423367
0.01056964406940560236 0.01244618013686552699
0.00848364387278648449 0.01250117739560675789
0.01148948695089063721 0.01257164091417908337
0.01066153275149724251 0.01266447711553227162
0.01101974650775535379 0.01271201131381421122
0.01119135101604654993 0.01271386310662055673
0.01259138045936307980 0.01272782436995329065
0.01249671709524111281 0.01275933150124075079
0.01174838572226864254 0.01282645004434551997
0.01097263656930242554 0.01292795484128606183
0.01249985608620629227 0.01302546869691673971
0.01243759446660533570 0.01304811679276979448
0.01223650710979955376 0.01326625374709584915
0.01186693400500474400 0.01327568722200499034
0.01185229761489654289 0.01339036421869940069
0.01179126749710830702 0.01341538847370634183
0.01339777700214510661 0.01341861846665126298
0.01089483840832730817 0.01342039117272698402
0.00970987726798036056 0.01356638088207917127
0.01275811282098050260 0.01365871169184613640
0.01382866947983714227 0.01386275182477630236
0.01239478768050915163 0.01388424172883267506
0.01150822529533431990 0.01392535743680503764
0.01155091657524651323 0.01393503364190402244
0.01247531419698163363 0.01394939657214915897
0.01369732738477544287 0.01398877801946219780
0.01329631760687669494 0.01401375453844916873
0.01092083748647282998 0.01404590123503730512
0.01082341510809013696 0.01409532750457524221
0.00979710928330577123 0.01421675476062880979
0.01190853358104046293 0.01427181339414908268
0.01387663475977900414 0.01427377546759433201
0.01334763850236393885 0.01438027281047159558
0.01073865244570199225 0.01438955414271378234
0.01258821165220769603 0.01442942820756024438
0.01031339034423389180 0.01444633973469464441
0.01128064360831017125 0.01449070165133143490
0.01382283806094538985 0.01452700634870707566
0.01448316297582440647 0.01457539942707219635
0.01287578845956952739 0.01457669261977934810
0.01433027218191080913 0.01479082837406880957
0.01461812377272569442 0.01491472045053883998
0.01486981459194336441 0.01492598564418224673
0.01308998449238047215 0.01503123966026097096
0.01495627171901288757 0.01505478801152837325
0.01406625024375202267 0.01507462809750773937
0.01344696182994413111 0.01513047587413064894
0.01069643140438074520 0.01521992878849752484
0.01501993328519000623 0.01532518175590634989
0.01427443961228396993 0.01555356500353907885
0.01433206767533982788 0.01561922594570394444
0.01254218396386480236 0.01570338909617075701
0.01502323593619283443 0.01576860732575810845
0.01538075905443078185 0.01583302919805749248
0.01548720226634227141 0.01590371256048183843
0.01418504215107885616 0.01597293791795811532
0.01494027187399160801 0.01597722979961306924
0.01492969622558504295 0.01598633928122374093
0.01314590317477624948 0.01604872121575791344
0.01169224412265384982 0.01605496306412233440
0.01591705677673779795 0.01621639397803783730
0.00969732214996902112 0.01625453685607407620
0.01584481093663187012 0.01662128028318862402
0.01366831634401539756 0.01680134012481037872
0.01628554749304359645 0.01698329034585059280
0.01364366077503887699 0.01738407823387435810
0.01450931308601254195 0.01755676059376174922
0.01598645923382898890 0.01769327085949584308
0.01458944574811738872 0.01778729133315500033
0.01635753866039165241 0.01802331107585259176
0.01546776226883870252 0.01816518199711735643
0.01604674343733077796 0.01821788014196720762
0.01786283098668478911 0.01864292588756161217
0.01830644015538556921 0.01875059115234898113
0.01664186869200081492 0.01886388615572429789
0.01774450186582899117 0.01906734614314247248
0.01705072385221328632 0.01910301802532782950
0.01705429613401538910 0.01934424549281259578
0.01749294599281831647 0.01940646503014848215
0.01753950333221581878 0.01995481984355853070
0.01768867520244472163 0.02002638894634060571
0.01500031839386381516 0.02003743876726441983
0.01587526840183236046 0.02032445590373780503
0.01652509069201215861 0.02091905020979199781
0.01517573122367721870 0.02116754826216700469
0.02113275656883767048 0.02153530631460091882
0.01894993709040510010 0.02213056114623703288
0.01927903944740247399 0.02246036920403466156
0.01946212525578122285 0.02250716088178044555
0.02191274932835302058 0.02285429849946391326
0.02107963902370220063 0.02379359448349033929
0.01957229536615614010 0.02418253718289246207
0.02142001918787994966 0.02428729371896461153
0.02262315388388096496 0.02457115448096349603
0.02421942986307907414 0.02465969771188677301
0.02499684587668005165 0.02532435369027656938
0.02398304575837818114 0.02542773403990141942
0.02288230226460315209 0.02554584148671295435
0.02262903752659876228 0.02681576668317405335
0.02250017844897314948 0.02723411417474596447
0.02468238025774411454 0.02798030279759498168
0.02069950958328462681 0.02805098270935778987
0.02666172945142549627 0.02862082046399277990
0.02557132866408795557 0.02937512862746066711
0.02110630456103862809 0.02995299921079385905
0.02834812362994845042 0.03025151948771818630
0.02590133739619943087 0.03055444399008705458
0.02973436098382841244 0.03113998704202762188
0.02822936857973398425 0.03198450375841981053
0.03351523779417808768 0.03393329228845683859
0.03460263313220793280 0.03509944215613185203
0.03025716833079185666 0.03533311961789076250
0.03525034958096785048 0.04271791847862287800
0.02574590242733979309 0.04333846544943324719
