0.00000000000000000000 0.00978054364986036956
0.00000000000000000000 0.01122240174958146451
0.00000000000000000000 0.01424050866404387786
0.00000000000000000000 0.01451546107482100216
0.00000000000000000000 0.01478472738006112765
0.00000000000000000000 0.01823772083917159226
0.00000000000000000000 0.02192130909365938227
0.00000000000000000000 0.02230136413483085542
0.00000000000000000000 0.02507715591705190691
0.00000000000000000000 0.02678393337441734717
0.00000000000000000000 0.02862283714354860523
0.00000000000000000000 0.02961853199048398652
0.00000000000000000000 0.02975073696909863799
0.00000000000000000000 0.03028184603997929880
0.00000000000000000000 0.03106682201509068653
0.00000000000000000000 0.03209602946327940604
0.00000000000000000000 0.03256338071035167619
0.00000000000000000000 0.03340183457284102986
0.00000000000000000000 0.03463199064202209659
0.00000000000000000000 0.03473114959289445164
0.00000000000000000000 0.03601260628981364786
0.00000000000000000000 0.03642216879261282736
0.00000000000000000000 0.03650894730259164611
0.00000000000000000000 0.03720637651350663239
0.00000000000000000000 0.03749685186584761354
0.00000000000000000000 0.03831364635670053698
0.00000000000000000000 0.03874510034444020312
0.00000000000000000000 0.03876938995365945828
0.00000000000000000000 0.03881666550696304813
0.00000000000000000000 0.03992992355474831584
0.00000000000000000000 0.04029268694063067174
0.00000000000000000000 0.04045518391714202772
0.00000000000000000000 0.04083383963353350715
0.00000000000000000000 0.04135260675872709513
0.00000000000000000000 0.04140999290122052146
0.00000000000000000000 0.04141876882590713599
0.00000000000000000000 0.04168591783895129327
0.00000000000000000000 0.04188474345578060976
0.00000000000000000000 0.04189910184950907529
0.00000000000000000000 0.04203165773417034956
0.00000000000000000000 0.04278435712910130806
0.00000000000000000000 0.04283938786666510734
0.00000000000000000000 0.04362519951410178537
0.00000000000000000000 0.04383546363187719452
0.00000000000000000000 0.04389057146758842953
0.00000000000000000000 0.04440006153789681498
0.00000000000000000000 0.04512298882875826617
0.00000000000000000000 0.04538795596344914751
0.00000000000000000000 0.04560759422400403884
0.00000000000000000000 0.04584071337157600429
0.00000000000000000000 0.04605752228063694775
0.00000000000000000000 0.04657968662997306886
0.00000000000000000000 0.04673178941371400330
0.00000000000000000000 0.04681319781315476658
0.00000000000000000000 0.04699035024883186501
0.00000000000000000000 0.04711863121695364365
0.00000000000000000000 0.04725372280776055089
0.00000000000000000000 0.04735744658671173224
0.00000000000000000000 0.04739584179542837006
0.00000000000000000000 0.04746157322301673004
0.00000000000000000000 0.04768224273018731307
0.00000000000000000000 0.04790326235976912622
0.00000000000000000000 0.04796531864705093351
0.00000000000000000000 0.04807895805362337460
0.00000000000000000000 0.04818851706630536413
0.00000000000000000000 0.04823835981212899054
0.00000000000000000000 0.04862855964339597714
0.00000000000000000000 0.04865337469014258120
0.00000000000000000000 0.04871553284614139889
0.00000000000000000000 0.04896824947873851946
0.00000000000000000000 0.04936415704123872650
0.00000000000000000000 0.04976299489642598689
0.00000000000000000000 0.04990752240788223770
0.00000000000000000000 0.05041915656941836632
0.00000000000000000000 0.05067244462813157158
0.00000000000000000000 0.05073329265232419394
0.00000000000000000000 0.05132358144478383483
0.00000000000000000000 0.05142367403155205519
0.00000000000000000000 0.05145911219011317650
0.00000000000000000000 0.05176787380714237274
0.00000000000000000000 0.05216785103074638580
0.00000000000000000000 0.05222377456390680378
0.00000000000000000000 0.05255709805089015668
0.00000000000000000000 0.05315521425818202361
0.00000000000000000000 0.05352382586039167861
0.00000000000000000000 0.05354388333517391685
0.00000000000000000000 0.05398602429303799022
0.00000000000000000000 0.05433905528713500743
0.00000000000000000000 0.05483516811967963089
0.00000000000000000000 0.05507128433669915973
0.00000000000000000000 0.05511234197158636910
0.00000000000000000000 0.05572970692826882677
0.00000000000000000000 0.05667363265869618250
0.00000000000000000000 0.05693869479532640693
0.00000000000000000000 0.05699610133440274201
0.00000000000000000000 0.05715636209960996833
0.00000000000000000000 0.05720344760105026266
0.00000000000000000000 0.05730431271698484263
0.00000000000000000000 0.05732513160633503219
0.00000000000000000000 0.05739755874957049031
0.00000000000000000000 0.05740718195360825643
0.00000000000000000000 0.05769676320805576519
0.00000000000000000000 0.05806155112837081689
0.00000000000000000000 0.05811807610681346548
0.00000000000000000000 0.05859862554389188433
0.00000000000000000000 0.05895228629603464776
0.00000000000000000000 0.05939845268004138867
0.00000000000000000000 0.05963132362914374401
0.00000000000000000000 0.05967226312425952250
0.00000000000000000000 0.05981050191821357664
0.00000000000000000000 0.05996538578355545268
0.00000000000000000000 0.06039957161733820745
0.00000000000000000000 0.06065006794781600125
0.00000000000000000000 0.06090839744086280066
0.00000000000000000000 0.06158597489016359033
0.00000000000000000000 0.06158734560320815871
0.00000000000000000000 0.06160503690455028381
0.00000000000000000000 0.06190525138516064785
0.00000000000000000000 0.06225480872637779994
0.00000000000000000000 0.06226392207154825276
0.00000000000000000000 0.06246090883632405416
0.00000000000000000000 0.06276870102299139664
0.00000000000000000000 0.06290062921079477010
0.00000000000000000000 0.06293252605397445243
0.00000000000000000000 0.06322640136257984267
0.00000000000000000000 0.06348692137511584288
0.00000000000000000000 0.06366113700481161597
0.00000000000000000000 0.06382274907730974001
0.00000000000000000000 0.06394092517323292368
0.00000000000000000000 0.06450927853375308663
0.00000000000000000000 0.06495045071363828026
0.00000000000000000000 0.06516801525514130666
0.00000000000000000000 0.06562030883085692712
0.00000000000000000000 0.06606761604313947378
0.00000000000000000000 0.06627199584309340086
0.00000000000000000000 0.06647332144438707069
0.00000000000000000000 0.06651597957464579214
0.00000000000000000000 0.06667534228968617638
0.00000000000000000000 0.06670018559098372934
0.00000000000000000000 0.06682484590742072961
0.00000000000000000000 0.06686499265029736960
0.00000000000000000000 0.06693143896334026455
0.00000000000000000000 0.06715057810782763814
0.00000000000000000000 0.06739983055876473672
0.00000000000000000000 0.06764011779798245749
0.00000000000000000000 0.06770856137791181339
0.00000000000000000000 0.06789608873164791614
0.00000000000000000000 0.06793023454859785371
0.00000000000000000000 0.06829733983314267842
0.00000000000000000000 0.06905343791440704537
0.00000000000000000000 0.06906714999859017712
0.00000000000000000000 0.06920455490456124681
0.00000000000000000000 0.06925199248257130069
0.00000000000000000000 0.06947885407886685016
0.00000000000000000000 0.06953770256113762926
0.00000000000000000000 0.06967739624098248652
0.00000000000000000000 0.06993568027096193351
0.00000000000000000000 0.07029415317288377485
0.00000000000000000000 0.07049125067178763082
0.00000000000000000000 0.07051322879605509408
0.00000000000000000000 0.07077102947423805079
0.00000000000000000000 0.07129360209985463603
0.00000000000000000000 0.07142681870432343594
0.00000000000000000000 0.07164084845260952628
0.00000000000000000000 0.07170320803971023949
0.00000000000000000000 0.07183018688252469641
0.00000000000000000000 0.07184042958323817729
0.00000000000000000000 0.07212768664341695501
0.00000000000000000000 0.07214103944956370973
0.00000000000000000000 0.07230683536732435135
0.00000000000000000000 0.07231292045151591075
0.00000000000000000000 0.07235985845367164104
0.00000000000000000000 0.07249779197017372501
0.00000000000000000000 0.07255968454694841641
0.00000000000000000000 0.07258908873510097615
0.00000000000000000000 0.07272479947955230728
0.00000000000000000000 0.07273191937981686450
0.00000000000000000000 0.07281665548998951520
0.00000000000000000000 0.07313376806928073570
0.00000000000000000000 0.07327396504732577864
0.00000000000000000000 0.07343169479517008824
0.00000000000000000000 0.07362890912714739611
0.00000000000000000000 0.07382791420249580627
0.00000000000000000000 0.07452202837602622809
0.00000000000000000000 0.07459041562305696038
0.00000000000000000000 0.07468840770050999556
0.00000000000000000000 0.07472614746909128636
0.00000000000000000000 0.07479164990216659314
0.00000000000000000000 0.07512481923907704529
0.00000000000000000000 0.07526756639044875075
0.00000000000000000000 0.07550819370184735924
0.00000000000000000000 0.07558853909788677827
0.00000000000000000000 0.07580876690079157987
0.00000000000000000000 0.07585456023140073334
0.00000000000000000000 0.07586769542483377815
0.00000000000000000000 0.07596224100580388494
0.00000000000000000000 0.07607980558676406824
0.00000000000000000000 0.07677367111332464300
0.00000000000000000000 0.07746997775559626154
0.00000000000000000000 0.07752273608988000109
0.00000000000000000000 0.07771657102308360265
0.00000000000000000000 0.07772169281218159476
0.00000000000000000000 0.07805976131831157683
0.00000000000000000000 0.07910757152166680850
0.00000000000000000000 0.07911360758173423269
0.00000000000000000000 0.07913022696309368609
0.00000000000000000000 0.07932843788948489017
0.00000000000000000000 0.07947761936465992660
0.00000000000000000000 0.07971216354538947224
0.00000000000000000000 0.07999685852873199277
0.00000000000000000000 0.08026651726141206811
0.00000000000000000000 0.08049522997203249763
0.00000000000000000000 0.08054049323017369033
0.00000000000000000000 0.08058709503335975688
0.00000000000000000000 0.08075732996121172402
0.00000000000000000000 0.08078513696528355492
0.00000000000000000000 0.08080524465409207047
0.00000000000000000000 0.08082083385697140521
0.00000000000000000000 0.08085591591379300003
0.00000000000000000000 0.08128559443160564280
0.00000000000000000000 0.08135832331105724569
0.00000000000000000000 0.08136185995602254750
0.00000000000000000000 0.08179164138435875142
0.00000000000000000000 0.08210583146928317200
0.00000000000000000000 0.08212056566361111698
0.00000000000000000000 0.08229777776515302679
0.00000000000000000000 0.08258562785631559655
0.00000000000000000000 0.08270906413020545633
0.00000000000000000000 0.08278218438821086100
0.00000000000000000000 0.08290722611962164645
0.00000000000000000000 0.08299009867476014879
0.00000000000000000000 0.08299483424246698049
0.00000000000000000000 0.08313294601951523588
0.00000000000000000000 0.08316128972167118050
0.00000000000000000000 0.08317504551557997061
0.00000000000000000000 0.08323043691898099339
0.00000000000000000000 0.08328206012570207872
0.00000000000000000000 0.08364257904095186158
0.00000000000000000000 0.08394763328168462768
0.00000000000000000000 0.08414380615523155138
0.00000000000000000000 0.08428006292717141190
0.00000000000000000000 0.08434881309252413584
0.00000000000000000000 0.08491564528053646699
0.00000000000000000000 0.08496416620712589352
0.00000000000000000000 0.08529736857706232689
0.00000000000000000000 0.08531306610190625417
0.00000000000000000000 0.08559629857600889458
0.00000000000000000000 0.08559782742274851808
0.00000000000000000000 0.08562199356066903244
0.00000000000000000000 0.08571716586788413750
0.00000000000000000000 0.08588143593308461554
0.00000000000000000000 0.08592675262519609836
0.00000000000000000000 0.08610852951307411407
0.00000000000000000000 0.08671884939083099320
0.00000000000000000000 0.08680336563233834180
0.00000000000000000000 0.08711715218088465773
0.00000000000000000000 0.08719746644760034693
0.00000000000000000000 0.08727010395422213351
0.00000000000000000000 0.08774453436808729578
0.00000000000000000000 0.08789053447277808684
0.00000000000000000000 0.08829765072709028217
0.00000000000000000000 0.08845546885016355998
0.00000000000000000000 0.08858295063796009505
0.00000000000000000000 0.08862988358458333271
0.00000000000000000000 0.08888908850109999982
0.00000000000000000000 0.08897943138567450394
0.00000000000000000000 0.08901477728448159432
0.00000000000000000000 0.08911233875023392981
0.00000000000000000000 0.08928045053660636776
0.00000000000000000000 0.08958235392979517486
0.00000000000000000000 0.08962746418688212480
0.00000000000000000000 0.08972363923829115850
0.00000000000000000000 0.08981005294855959331
0.00000000000000000000 0.08988502431575456919
0.00000000000000000000 0.09028755005903141284
0.00000000000000000000 0.09042218535610431485
0.00000000000000000000 0.09083206079231553876
0.00000000000000000000 0.09104431605453566778
0.00000000000000000000 0.09146578901574606291
0.00000000000000000000 0.09172205586577147907
0.00000000000000000000 0.09182438048058716440
0.00000000000000000000 0.09189874344919025939
0.00000000000000000000 0.09221574491368940418
0.00000000000000000000 0.09247165265965756609
0.00000000000000000000 0.09256837944430404419
0.00000000000000000000 0.09272130271015262271
0.00000000000000000000 0.09274728847824557920
0.00000000000000000000 0.09281399264136708238
0.00000000000000000000 0.09290589006449527509
0.00000000000000000000 0.09296489619547516903
0.00000000000000000000 0.09304323440442949233
0.00000000000000000000 0.09306583029045105426
0.00000000000000000000 0.09331341906991234836
0.00000000000000000000 0.09350171161672928000
0.00000000000000000000 0.09354871295396186004
0.00000000000000000000 0.09381788658990895813
0.00000000000000000000 0.09412838074349547113
0.00000000000000000000 0.09468118744220745120
0.00000000000000000000 0.09491053867892969287
0.00000000000000000000 0.09522654888279100116
0.00000000000000000000 0.09552752653592054555
0.00000000000000000000 0.09561449827951080949
0.00000000000000000000 0.09571492500772138534
0.00000000000000000000 0.09586259294212001736
0.00000000000000000000 0.09606111427547009418
0.00000000000000000000 0.09620694820939050540
0.00000000000000000000 0.09672846436395356184
0.00000000000000000000 0.09684385262537031913
0.00000000000000000000 0.09725570242409600774
0.00000000000000000000 0.09731181594994894879
0.00000000000000000000 0.09732642171989060176
0.00000000000000000000 0.09733531244384628633
0.00000000000000000000 0.09733916077259717470
0.00000000000000000000 0.09745464658539347569
0.00000000000000000000 0.09766911574170160371
0.00000000000000000000 0.09774963349378532063
0.00000000000000000000 0.09788119816393905936
0.00000000000000000000 0.09808028422724476836
0.00000000000000000000 0.09824440682854503060
0.00000000000000000000 0.09825582536880660134
0.00000000000000000000 0.09851014072349535688
0.00000000000000000000 0.09898824679716396180
0.00000000000000000000 0.09923807351255610476
0.00000000000000000000 0.09938025367900664431
0.00000000000000000000 0.09971986375145644454
0.00000000000000000000 0.09981347003058455014
0.00000000000000000000 0.09983157839147245582
0.00000000000000000000 0.10015215646029322627
0.00000000000000000000 0.10044213525749934313
0.00000000000000000000 0.10045766435984319898
0.00000000000000000000 0.10052785519997084474
0.00000000000000000000 0.10070998098397958287
0.00000000000000000000 0.10079599499835056875
0.00000000000000000000 0.10125927850136022534
0.00000000000000000000 0.10134587686236415371
0.00000000000000000000 0.10141370060178243884
0.00000000000000000000 0.10147192547704944610
0.00000000000000000000 0.10155606622662603777
0.00000000000000000000 0.10172653848828770717
0.00000000000000000000 0.10203116616847676679
0.00000000000000000000 0.10211181334389814179
0.00000000000000000000 0.10219552358359332289
0.00000000000000000000 0.10313566391048964443
0.00000000000000000000 0.10320341939256064134
0.00000000000000000000 0.10324609221656022573
0.00000000000000000000 0.10337443935260300087
0.00000000000000000000 0.10350780104037193841
0.00000000000000000000 0.10370930752347064241
0.00000000000000000000 0.10388142226766139409
0.00000000000000000000 0.10411718873817814301
0.00000000000000000000 0.10420377041693655584
0.00000000000000000000 0.10470958493522405930
0.00000000000000000000 0.10485007570750660977
0.00000000000000000000 0.10491077691077876910
0.00000000000000000000 0.10492379970902952768
0.00000000000000000000 0.10506254253715750779
0.00000000000000000000 0.10522504060711525276
0.00000000000000000000 0.10559557980118426668
0.00000000000000000000 0.10566814772471400108
0.00000000000000000000 0.10571062832535596532
0.00000000000000000000 0.10571111391507272137
0.00000000000000000000 0.10576596245359715098
0.00000000000000000000 0.10590765283129346952
0.00000000000000000000 0.10608605541077865964
0.00000000000000000000 0.10614860704605713626
0.00000000000000000000 0.10660306824864135278
0.00000000000000000000 0.10677005638370289098
0.00000000000000000000 0.10712140882249006346
0.00000000000000000000 0.10716763695732474393
0.00000000000000000000 0.10732673912257395532
0.00000000000000000000 0.10764405437024379686
0.00000000000000000000 0.10792694255354694233
0.00000000000000000000 0.10794105765540419617
0.00000000000000000000 0.10821081393558432127
0.00000000000000000000 0.10844472971484264701
0.00000000000000000000 0.10844848666553624783
0.00000000000000000000 0.10848168660897616888
0.00000000000000000000 0.10865488732293297758
0.00000000000000000000 0.10871070511417484095
0.00000000000000000000 0.10884514444693163537
0.00000000000000000000 0.10884948180428709319
0.00000000000000000000 0.10906817368376815758
0.00000000000000000000 0.10936816291921179489
0.00000000000000000000 0.10954942321096433622
0.00000000000000000000 0.10955297221625684423
0.00000000000000000000 0.10968438045135517345
0.00000000000000000000 0.10978964020399524515
0.00000000000000000000 0.11043451914136306891
0.00000000000000000000 0.11078690884537743810
0.00000000000000000000 0.11092313705327888629
0.00000000000000000000 0.11102090416503128389
0.00000000000000000000 0.11111624430166588962
0.00000000000000000000 0.11172983755297981323
0.00000000000000000000 0.11221075598206074753
0.00000000000000000000 0.11222841215090831324
0.00000000000000000000 0.11273040313479343322
0.00000000000000000000 0.11289510890131329579
0.00000000000000000000 0.11328675532041661278
0.00000000000000000000 0.11382011316674124635
0.00000000000000000000 0.11398622870055188927
0.00000000000000000000 0.11412560909993504921
0.00000000000000000000 0.11412623911030529700
0.00000000000000000000 0.11426488988252982149
0.00000000000000000000 0.11435410850644438241
0.00000000000000000000 0.11446401305547219962
0.00000000000000000000 0.11472062217866968448
0.00000000000000000000 0.11491306266848666517
0.00000000000000000000 0.11533726339523975302
0.00000000000000000000 0.11544791520051915501
0.00000000000000000000 0.11555507300212987387
0.00000000000000000000 0.11558439605723042076
0.00000000000000000000 0.11565152950539163423
0.00000000000000000000 0.11632854600611458595
0.00000000000000000000 0.11637289724360645737
0.00000000000000000000 0.11667322347735320509
0.00000000000000000000 0.11678054023592653043
0.00000000000000000000 0.11688127623290374413
0.00000000000000000000 0.11755785205912978875
0.00000000000000000000 0.11784901617126504469
0.00000000000000000000 0.11809525130601418452
0.00000000000000000000 0.11818869347883821652
0.00000000000000000000 0.11820795375577287933
0.00000000000000000000 0.11847136344848950562
0.00000000000000000000 0.11893460332108815591
0.00000000000000000000 0.11898797102639087353
0.00000000000000000000 0.11970286776502345183
0.00000000000000000000 0.11982968790176778962
0.00000000000000000000 0.11986400059051910416
0.00000000000000000000 0.12015487092016700899
0.00000000000000000000 0.12038787794633222517
0.00000000000000000000 0.12131238298860817781
0.00000000000000000000 0.12226121650211416170
0.00000000000000000000 0.12234819275608158073
0.00000000000000000000 0.12235004216478735650
0.00000000000000000000 0.12281441150998320677
0.00000000000000000000 0.12332548054185431263
0.00000000000000000000 0.12344422096573584580
0.00000000000000000000 0.12386507561826619328
0.00000000000000000000 0.12389672471234219886
0.00000000000000000000 0.12391539952561665683
0.00000000000000000000 0.12450460285149299311
0.00000000000000000000 0.12517373611025842117
0.00000000000000000000 0.12521072319843631893
0.00000000000000000000 0.12547391843335028994
0.00000000000000000000 0.12568634007803461405
0.00000000000000000000 0.12593543597474832207
0.00000000000000000000 0.12683683001442191962
0.00000000000000000000 0.12758757459628081166
0.00000000000000000000 0.12763118638601525512
0.00000000000000000000 0.12806156167781093669
0.00000000000000000000 0.12806448668557066095
0.00000000000000000000 0.12850120051276969768
0.00000000000000000000 0.12879937435423496894
0.00000000000000000000 0.12884579145638910824
0.00000000000000000000 0.12889828522587945536
0.00000000000000000000 0.12993936275208431419
0.00000000000000000000 0.13065434118756816262
0.00000000000000000000 0.13084455855793847290
0.00000000000000000000 0.13129595960299572655
0.00000000000000000000 0.13139881778802534051
0.00000000000000000000 0.13186760510438050309
0.00000000000000000000 0.13227004917940171635
0.00000000000000000000 0.13227656421006367404
0.00000000000000000000 0.13253940141299830335
0.00000000000000000000 0.13374687016729422395
0.00000000000000000000 0.13391534824631856626
0.00000000000000000000 0.13418520896569274825
0.00000000000000000000 0.13500214201114274504
0.00000000000000000000 0.13539897655189267467
0.00000000000000000000 0.13674979210381602024
0.00000000000000000000 0.13693116468314453504
0.00000000000000000000 0.13772057864289533047
0.00000000000000000000 0.13921917741867659291
0.00000000000000000000 0.13926962157633870909
0.00000000000000000000 0.14017911573185967700
0.00000000000000000000 0.14034766916187765839
0.00000000000000000000 0.14125324799443919610
0.00000000000000000000 0.14240164948832839675
0.00000000000000000000 0.14268192010551616900
0.00000000000000000000 0.14296807111292961223
0.00000000000000000000 0.14304358479702794504
0.00000000000000000000 0.14492340897216021700
0.00000000000000000000 0.14512120065371503230
0.00000000000000000000 0.14642470515594427360
0.00000000000000000000 0.14699569513429308620
0.00000000000000000000 0.14994264744666602196
0.00000000000000000000 0.15364845636059121237
0.00000000000000000000 0.15574619709150838709
0.00000000000000000000 0.15729397134277126047
0.00000000000000000000 0.16138362054589669436
0.00000000000000000000 0.16196887977377910639
0.00000000000000000000 0.17495357181552539938
0.00000000000000000000 0.17705223041370768411
0.00000000000000000000 0.18312567209313496130
0.00000000000000000000 0.18726758769755966205
0.00000000000000000000 0.19206222599713423937
0.00000000000000000000 0.19836347714254370933
0.00000000000000000000 0.21561311888027601125
0.00000000000000000000 0.21942006978238667858
0.00000000000000000000 1.73205080756887719318
