0.07901082025699077138 0.08160706435233544553
0.08009295851045247772 0.08332641785431819936
0.08353929992563362272 0.08639246777722131565
0.08645649777130011426 0.08773679497176042896
0.07912336104877291942 0.09268336847400714118
0.09429549367053324804 0.09702898133720851137
0.09494758228064573147 0.10269495493869103264
0.09556829844714145872 0.10449484017889881793
0.09959240189032829427 0.10970369283410696948
0.10877663646655348628 0.11034352263092739310
0.10315345944492404495 0.11174021754584513577
0.09060506338869017684 0.11190201327353151151
0.09404994037710059929 0.11344087379146565453
0.10716821046242405724 0.11514521247498339662
0.10902548611079537766 0.11937490638410193367
0.11834153679330776388 0.12027694470282945804
0.09242870684947726567 0.12114882098732911164
0.11191515238852295377 0.12275416563780028323
0.11841194275394467672 0.12322838106041344997
0.12254571186165240382 0.12343071949976823498
0.12226030727530177999 0.12374720391972514333
0.11969086567216899453 0.12431798359954605859
0.11562077251585643756 0.12458957399171861902
0.09726129981806500013 0.12481277602135341931
0.11147772047698943643 0.12868855634832915280
0.12834933709101181698 0.13000451431328693963
0.11375685030294506450 0.13048699567276034195
0.11309239237674668932 0.13093924154685521177
0.12740338506638640426 0.13201002251617657834
0.13085264640871860364 0.13217816669879048352
0.11822900099978618516 0.13235567203336365272
0.13269932406551110393 0.13283339946105765517
0.11354089573479647646 0.13284252739777699381
0.13097055883556271705 0.13297389600260731135
0.13211279200702721881 0.13333500664817596326
0.12583823815444467042 0.13344896527018101917
0.12495065821828754693 0.13348460521977736915
0.11997921974558765912 0.13356613961071164831
0.12478998072401689678 0.13479798147170937717
0.12420299007765936428 0.13547697975497016709
0.13050640506734340063 0.13625720204246422051
0.10660124107193812149 0.13626620000062428240
0.12896416535308130591 0.13657847920770177508
0.11435661602953887950 0.13737285833562118409
0.13236513050485340659 0.13765499572018891072
0.13791419351881334387 0.13922397545767675742
0.12344595708149593005 0.13942993959329091913
0.13948282304737807946 0.13996284410982193225
0.13408975964715191820 0.14014723148908178607
0.13148788377138143080 0.14029316970746646964
0.12621889449394713134 0.14079094584677362412
0.12614626548598936728 0.14084842308084150053
0.11794998777509586863 0.14145916026604452020
0.12595573855828570697 0.14216675409788148698
0.10939148356763435388 0.14335306323631344383
0.09364366879046286118 0.14348624190574299497
0.13711939795953678733 0.14378870532073773081
0.13099712912429647971 0.14404829227833543248
0.14138370202152825139 0.14419095664814365887
0.11712751714711676365 0.14423167090972560667
0.13937581618729405486 0.14432125446437135685
0.12255321220107490143 0.14442444368246909470
0.12288875786934912171 0.14603876062841245065
0.11862551915871709374 0.14629984473432916525
0.14122753647010871658 0.14656494629386593309
0.13296099551672263539 0.14733027111247959384
0.14406985161984467436 0.14733027111247959384
0.12505547099216618445 0.14851537895264765865
0.12349005982457654518 0.14867089624619356236
0.11651256880406875294 0.14873548707230513366
0.13749008337831292170 0.14875454320283992837
0.13732053538243635393 0.14925696592068413149
0.14217352525368401328 0.14975159343259947242
0.14382136309227008808 0.14981055283113270393
0.14252532448062721349 0.14989501969812479842
0.13852341896037137503 0.15075050835146208694
0.12788585990210871168 0.15225270587764719310
0.12675746475896901289 0.15256668911980558745
0.13653019061451279748 0.15288274579499516737
0.14799645747157205711 0.15388437929144030414
0.14023638825248796458 0.15450309165117243060
0.13991335959435716174 0.15581669315014851085
0.14604715425075706636 0.15707423805622780510
0.12894154891448769695 0.15731339081368014843
0.13583697972710193080 0.15738168809389835312
0.15275502590701017791 0.15816719225448125363
0.14158042986352512016 0.15834862747683109419
0.12124396352331433258 0.15844689487015164997
0.13731966482774979332 0.15903694813196331270
0.13565443914430502792 0.15975185979586425944
0.14626517963222607221 0.15975185979586425944
0.12857326836533530812 0.15984424072434424979
0.13512680073507810086 0.16166963678678161753
0.15785708782208279777 0.16186895050663388518
0.11075895684467770841 0.16195670307350548689
0.14547575771243717591 0.16304386189092712200
0.15747289906480790855 0.16358286877601996290
0.15716281890052241632 0.16382871887207944850
0.13113612741754401836 0.16392269213710383702
0.12709790881916493976 0.16505184666542227490
0.16358938011415402602 0.16606403160137150898
0.12428984290368640109 0.16627346800518649772
0.15463409634249819513 0.16643750199339513163
0.14716080442107268289 0.16648262998753890485
0.16465825102374687106 0.16661954629058881028
0.14381036063683588777 0.16677049592885867524
0.13667649209269547295 0.16723069360177844622
0.14800378306221215197 0.16737425650367251939
0.16099900989463378220 0.16768126629638460678
0.16004473102702646004 0.16845993238312245710
0.13746657915297597063 0.16902353336042724719
0.15717317497468002996 0.16965402157703646235
0.14521376683016817832 0.17012112613718699539
0.16370160041200818024 0.17024701194770569534
0.14348555551479566517 0.17123346428134200714
0.14013877943279298699 0.17168776162940524443
0.14348198420470389958 0.17284933862421589246
0.13385029664247971581 0.17304188605031706194
0.13502656070941052024 0.17319192817068715384
0.15990054328897659874 0.17336957812809639101
0.16938805459515382523 0.17418279497474212225
0.16325829579226044941 0.17424138172331196661
0.13077276515045521688 0.17442789961200477755
0.17089439384237947728 0.17458065690797980318
0.15817443341577316906 0.17542964309759448427
0.14908686060810039109 0.17631148160001999803
0.14684303570624004931 0.17650348138988175561
0.14804556299616200565 0.17731307740491486502
0.13952560679796432996 0.17733417791471078884
0.15527281289821262544 0.17862716257803507025
0.12626402078347093161 0.17881939438826530142
0.12948602208427922866 0.17930712470064646968
0.12697071720368219294 0.17933730062694877572
0.17362108600739523112 0.17947868419818535646
0.13777796798955610491 0.17967889084126309474
0.15596593563240651603 0.18131642500006378560
0.14856267429030226013 0.18279811060665915323
0.13929466887424904464 0.18393748238335955181
0.16374995188996038786 0.18393748238335955181
0.16979237674713468231 0.18411555146103358860
0.18233152216543421775 0.18421732635789628274
0.15136637449765760755 0.18435441326236279291
0.17199875998759028839 0.18453422438058575406
0.15335445262745511785 0.18595925352956857446
0.13463335043682056469 0.18604802912653495284
0.13782418435592400097 0.18664747109706897321
0.12844318336132964919 0.18760577679141141050
0.18014037638183752477 0.18788377568791653216
0.17639623191140019198 0.18790099723814202015
0.13035335640709311278 0.18793201798897180010
0.12645123251495940520 0.18834640050951825807
0.13505274730291111362 0.18851796117176344847
0.12612680825966562925 0.18886772575332091972
0.13613591167074889920 0.18888462096706035154
0.17437343575741320878 0.18902622790246781381
0.18673262940286947109 0.18904754641243901037
0.15912807956380486951 0.19030237401737093439
0.12954670479849880738 0.19041864260725849256
0.12751225842173774527 0.19091489531625965848
0.18094899514160689424 0.19118536121221077484
0.18249823065558173907 0.19149029377002499408
0.17505615523582515602 0.19368115711816669133
0.12781063541059861643 0.19462074228643941320
0.14486217106827550816 0.19608325193089096161
0.19167117887667031728 0.19621609522558744465
0.18050015168291438927 0.19631667346674697150
0.12331802546919318209 0.19756729123663199776
0.17985206100868311729 0.19794325416648581029
0.17109831646576673103 0.19896749792938525636
0.15470005904967787380 0.19933936757876027923
0.13093957726458932411 0.19941934049357679104
0.18963490742720826021 0.19951570971942422794
0.13743902527826545867 0.19965209938466604855
0.19104095241925830861 0.20030135362106202268
0.19962598597085109975 0.20110323745137920204
0.17275100215755115340 0.20130523678633618911
0.16305721943073195335 0.20205272071776189668
0.14400290226134371263 0.20328282086156820863
0.19822573551185021512 0.20641805878055427548
0.18012387074048680224 0.20777441118660974761
0.18996436495505455988 0.21059688984640043130
0.16201532703379481481 0.21184343176470007974
0.20686015938036772521 0.21242964949186532442
0.13198894694182178311 0.21273875923991222847
0.16699546559877057050 0.21285412069703288362
0.11163729849035430863 0.21306240531816345030
0.16545780599884493678 0.21585466676902481664
0.13931958820048728764 0.21883434522219638585
0.19452632730461741351 0.21924752342935779903
0.13037287719345466708 0.22167178868968487326
0.18791122844311172746 0.22642585155742087077
0.17368848232317393721 0.22899240593558961576
0.19697848432242034966 0.23099199493172256625
0.19933381477915479429 0.23116072479739988021
0.19207783878020101564 0.23206633107022103801
0.14677735393606422543 0.23714191467840445293
0.22838475977988129118 0.24155524310119000364
0.12639877038268920728 0.24595910990491454129
0.14819316753903366557 0.25254219919845866116
0.14870945449567488095 0.26002842330280034888
0.14581010052544085553 0.26254181870396969822
0.23131521263145024547 0.26422106449090249081
0.22564426019486641395 0.26908828311485855078
0.25118500095996371124 0.27622874697482169282
0.26189954983064511751 0.27622874697482169282
0.30333264557525091432 0.30391941438128566855
