0.01635922994596667249 0.01712267977390120530
0.01814058588716849912 0.01999899045077845744
0.02043611879212126753 0.02057073642606416231
0.02032728507593533143 0.02122980176796585364
0.02059127737448228704 0.02170817902770687952
0.02177714539285212705 0.02284867462817116376
0.02689553923224267604 0.02853898704172319611
0.03088007873338893122 0.03151454160521038189
0.02887152450384259869 0.03165538085119547901
0.03062926978072793086 0.03178748777479695892
0.02745229209824574454 0.03221999054461104073
0.03057403661195380595 0.03334094674491518834
0.03042858524647365850 0.03432121356715826799
0.03430023137557296903 0.03460270593475187062
0.02865847728642807388 0.03462541310563718028
0.03375870868357110782 0.03522097325859709777
0.03485650998697940178 0.03526444489309839975
0.03511826246077723312 0.03531729601111199823
0.03060502316578142881 0.03580579177340587754
0.03446772477991204980 0.03593817360635769009
0.03384007873772827690 0.03627067160738044888
0.03194260493936799256 0.03677777611726226054
0.03531030136701988897 0.03784848497934036049
0.03592392837830466618 0.03843278365483956266
0.03872448214985493159 0.03886102872312712647
0.03401999069615267018 0.03935631710185083509
0.02940181348254605753 0.03993273266361965779
0.03930491056893677115 0.04010133378463088399
0.03872527786575985509 0.04030352648094196605
0.03453970230109788125 0.04104703570433307358
0.04117708196521685515 0.04130814567229564027
0.04104616233236682565 0.04143809760376496176
0.03411329952473629579 0.04200916428793514956
0.03773830650110772400 0.04322121339833466525
0.04247178660718171905 0.04499924089706761748
0.04471659350723514864 0.04503361599231962831
0.03353512712541326796 0.04519992156195547228
0.03806728266173518838 0.04526124886907765404
0.04130201553840096018 0.04725272605320993830
0.04058976037379509461 0.04730608498200841033
0.03478420371228634761 0.04757211949174095650
0.04833328945873571758 0.04839189358769195592
0.04457834677500888132 0.04856133605914429718
0.04119381323797673133 0.04914055945927040675
0.04584550053450225926 0.05104708957247688222
0.04918547267311006860 0.05125885286885738940
0.04735550073659628573 0.05141227474499818206
0.04818731419495782264 0.05185419991203834428
0.03342437282046713254 0.05234894875208097320
0.04269754284720644888 0.05292616562275553882
0.05169935963055028588 0.05314126198015031721
0.04784039054128882279 0.05317106897048091974
0.05014037083947343182 0.05344832058428166527
0.04948094166708447150 0.05493193019853843950
0.04275013573232477188 0.05525699980355114338
0.05319043048314001099 0.05536417114947996682
0.03963287313887355751 0.05551083454835833986
0.04326171049680843650 0.05594115163995979495
0.05283492234402920734 0.05618141934967064294
0.04714670064289033791 0.05764659801046738419
0.05564682007093382093 0.05811206010798465604
0.05740505193320635108 0.05849875853167028211
0.04222889085133545856 0.05959171582374533926
0.05787006908855552023 0.06040976421350028464
0.05300613020423441263 0.06083173649920882442
0.04816938763647293092 0.06145892855433075785
0.05639281270632935661 0.06159613485085442541
0.06047205380758265830 0.06192512504577540877
0.05920790724468219524 0.06213711784437035701
0.05017566113437458425 0.06214050337045853856
0.05794668054873846480 0.06218378097249630670
0.04764243540907597135 0.06219060787284559633
0.05381689776983104856 0.06222997913237281881
0.03915409502929441399 0.06319997290006840185
0.05336013224328994831 0.06453874969836354003
0.05125050553908595125 0.06766266505423267075
0.04808351943378311177 0.06798442752504439690
0.04738006107676202144 0.06821460171582019449
0.05193283023103952012 0.07031807073414281239
0.06940981774539792259 0.07042260918228236688
0.06303578725986899722 0.07206846885367917954
0.05433473405599197753 0.07248734553773858447
0.06591793864886756615 0.07272416860309852127
0.05473999106065360193 0.07413988437640470219
0.05044153992006485815 0.07438703117411772647
0.05715127148575953331 0.07448299815398277957
0.04711007379965648917 0.07480120590874236863
0.06599361857282677601 0.07519975778024075297
0.05500848648001462060 0.07697530735066410168
0.05516274749917039061 0.07847921148786067558
0.07722641428738284686 0.08184493264236583632
0.04885842982303767457 0.08230606336795374955
0.07167198541006117307 0.08557206974687418810
0.06647109636727353832 0.08676501416606889616
0.06541913365610477205 0.09334897157343288732
0.09072959169576176597 0.09733442285388967108
0.10073298056421330082 0.11464068291753480577
0.11967792677461128181 0.12877220622092400149
0.05235091877558472467 0.65531309939581849910
