0.03922024808002842061 0.04229336096401570266
0.06268859521630566756 0.07505326652405530652
0.08364553756528170236 0.08408954667436369101
0.08261951031586410588 0.08552745894739301191
0.07351655556152447701 0.08572119907506142722
0.07730403390012534348 0.08618923975204101362
0.08320026154752158121 0.08733195412414707093
0.08542445309848825663 0.09126746196475835071
0.07817018809715908789 0.09715141620178001369
0.09288591534905228653 0.09750394657105881935
0.09609591804613848431 0.09828960319929014311
0.09841155859379818738 0.09957621068633673578
0.10111799305105396984 0.10252113118783690027
0.09388233107524227017 0.10286726051442293683
0.09846777856041430410 0.10400611386760993948
0.10462695671518763840 0.10485622667075018832
0.09353740310830077620 0.10522398561789751692
0.09856675094191356956 0.10582169355218734585
0.10532499165696050658 0.10853642452843587085
0.10439611004723035881 0.11026491201683995269
0.10905034230210579327 0.11117633930895089167
0.10602199096205595918 0.11117869356474092968
0.11099869136757892218 0.11241262274075719541
0.10573833491434568577 0.11245005201471515444
0.10271672743367769864 0.11268681072220147754
0.10815093501448448665 0.11353755500924693489
0.10842683688461832170 0.11411992407141412220
0.11205782241452647008 0.11438609968906789105
0.10840682795455824916 0.11513578434962543073
0.10179423573823784266 0.11554551751808188331
0.10436262070301596805 0.11648465470543026279
0.10184099395870845062 0.11929411030418783646
0.11613280347797171055 0.11941794502622449237
0.11505317207578516503 0.11972427190369017147
0.12142539589374527764 0.12238933884871988633
0.09662938172589755070 0.12285886790022783333
0.09212016205919242029 0.12344716073028461079
0.11170588288623346795 0.12499087497661831581
0.10925123634419445229 0.12611473439324413781
0.11551555808560406979 0.12650533534335478558
0.11625006071280147291 0.12652151408353301543
0.10438792641517026516 0.12675030153620400752
0.11903081663693806935 0.12684813493509705662
0.10336580978053273860 0.12717716831914505082
0.10850490539962347192 0.12754870277075905372
0.10007563185840367970 0.12781526903805054407
0.12182607171900300402 0.12815495585052225080
0.09187659670585188176 0.12860463221236967390
0.12841070560327294547 0.12960188831415767052
0.11091401098117302515 0.12987110934497414494
0.11575599766764384235 0.13076203853898432650
0.13098467162168597744 0.13103579929857483988
0.12707460298579742464 0.13210809252244637424
0.12361168338259378996 0.13211363883065671554
0.12895519480722503203 0.13244697310646763588
0.11541695361882603477 0.13327381390307127540
0.12754058098971954305 0.13411932784291782927
0.10106970325233097241 0.13483007591313642126
0.11081047794686822716 0.13534414205872952186
0.11958719574137113839 0.13637260464753606093
0.12631955644940570660 0.13772198725390955021
0.11013010453276873835 0.13779773896465641325
0.12595806974858533844 0.13928448681506080953
0.13782777039526994400 0.13950723900440406555
0.11811503174345476530 0.13976280942001648167
0.11426724444968833216 0.13993561283349140179
0.11880407303866806490 0.14077193211347913127
0.12839308989990577681 0.14084121797431659040
0.12482634658145323747 0.14106673821879894826
0.13700563866839474136 0.14187131798579327713
0.11816222434741470437 0.14197134515928447329
0.13961808458357219398 0.14209974811733366851
0.12323907186554119986 0.14215848692565857814
0.12664552744536142215 0.14251717152728837767
0.13104116235292098680 0.14326433174093286538
0.13259768439358346481 0.14337696159540486152
0.12886750196434995641 0.14512316857926885194
0.12697294014955548547 0.14535311248087418035
0.13742220441176217216 0.14546516259043584807
0.13713077973081180816 0.14613320534715815158
0.12133181001552649503 0.14645281351728559049
0.12468639799653885580 0.14647735989602519990
0.12676434898656718797 0.14647916459679327650
0.11227184173761635411 0.14680376466259292823
0.14390379419437737685 0.14772263365906398991
0.13009019623378278996 0.14859287434765292013
0.13610948865863634061 0.14871983350041306782
0.12719393564930137064 0.14892415500530073458
0.14377190759741770298 0.14895451043567223270
0.14649562642343708085 0.14936915535174660752
0.13271878992003632858 0.14978225094531438799
0.13519172107543511729 0.15126205774646112046
0.14075219289883139639 0.15144295025063167492
0.13297153775965064870 0.15144295025063167492
0.15253260000233159754 0.15389685491643850801
0.13941293761769613102 0.15400247266260044809
0.14874250033837582707 0.15403036542474801696
0.13098837297790599798 0.15420541023895273369
0.14416202371812475436 0.15606030007390647718
0.13527286124792034516 0.15705851709128168525
0.15707397580219212285 0.15803325871639956057
0.14054483502044393117 0.15833025832975228253
0.14534046107080231258 0.15842232525301797041
0.12624085597236203715 0.15869435975243706416
0.13807406290911705682 0.15878374596861305479
0.13635156008205523426 0.15929871387795249693
0.14117457582181236475 0.15931678920904790431
0.15796907433073006932 0.15974810195884356356
0.10965022220886548598 0.16000982757792267530
0.14968073899608869137 0.16032957287320917517
0.15471575975683832249 0.16070971974928871528
0.14377065046397186077 0.16123811496930970377
0.11612303216526284610 0.16434774052737768923
0.11092357123332607927 0.16531053344108567749
0.14851644828152230082 0.16552284791699728439
0.11848000557287755030 0.16632632824333168364
0.14069968573929594879 0.16651914236372333811
0.15646246458528967338 0.16726902825676515096
0.14304049056794296280 0.16745393044963410856
0.13703070515406132190 0.16808316909065956768
0.15034123653661760067 0.16824037203288999542
0.13456364576127061161 0.16850291270082951023
0.12322945000356240464 0.16920016775615071003
0.14743042344011039746 0.16930350726835141639
0.11882148340887796478 0.17077067474840132433
0.13796552033188977382 0.17103344416203178358
0.13275034481901595851 0.17176771488015593614
0.16822555810220349293 0.17198457641429346077
0.15566741558311608662 0.17333937402206303635
0.14761956962772723734 0.17359072628171828834
0.12240619568552901786 0.17435184180722881897
0.12343588573670567776 0.17516380903508549371
0.17217701659972381445 0.17590123195193627104
0.13974446150907057773 0.17652635271359412572
0.15962313564076302530 0.17709332379610398522
0.12569763764889549384 0.17745468656481963587
0.13914224675508868323 0.17795537137926500937
0.12478207735889444707 0.17798246049592372775
0.17932865755229043803 0.17970458231691166517
0.16242548356052216585 0.18008927327325785495
0.15490641148114522863 0.18251622071300030448
0.17292655734896153485 0.18299342460063211524
0.11613734181191497086 0.18349164191155853398
0.15413769117457354341 0.18423066987143393858
0.16411113252007175634 0.18464451435332865370
0.17676625241928523025 0.18557326260586240463
0.12042669446230525043 0.19005609033346859693
0.17187289101820157899 0.19049865973194191060
0.12269616812391875849 0.19056810734348653136
0.16506824461527139225 0.19721375198101892545
0.11016974788739974933 0.20059731379904874315
0.10523877763823107079 0.20256786546444313646
0.18634483129917625566 0.20324838840032530274
0.11470324065545817183 0.20353540410466564037
0.19311664209262532910 0.20428996110828734345
0.14189458043307248691 0.20449000971899569667
0.10984670143299754552 0.20485805974095119830
0.16394308917491878796 0.20490977346180885843
0.19837651666141076223 0.20502056529644197003
0.13272540498112195273 0.20560237699543160161
0.12705473712923634477 0.20563954528621108953
0.12611761712629487864 0.20947675145684008235
0.11566973684308144710 0.21028597705783577676
0.12891310018763044165 0.21328757963174674317
0.11049014613371373195 0.21562507670445260621
0.12325358232005215187 0.21630712539800328598
0.21054443280241438852 0.22035732889327369621
0.13667725515142334358 0.22306334139234043623
