0.07573393940579706274 0.07739378291396495357
0.08310826712047425513 0.08671474735964510017
0.08201843756559958065 0.09030204554597412447
0.08023209169124241591 0.09405402588883288173
0.08738008710831624004 0.09512368053690706260
0.08406467957354139819 0.10040999318694822373
0.09147134165663581284 0.10167641037045835328
0.09099716421483773632 0.10526494435103961322
0.09388458238993653560 0.10841829786997705942
0.10770026568293110392 0.10977742481657068452
0.10324122187942595674 0.10977742481657068452
0.08888406331921343273 0.11300189002889611534
0.10473432285449030266 0.11422932419328900300
0.10349519362325403093 0.11480824053329040380
0.10779091701648249590 0.11669549787644509231
0.11294275324800767679 0.11884285415659796847
0.10208135880423481467 0.11973252617456124625
0.11778928873603289329 0.12150638312939510133
0.11933124971216045596 0.12154531883806213299
0.11412670601880189891 0.12336920667148916497
0.09505070132159744445 0.12431887597170136750
0.11237091996061937538 0.12442598098862063527
0.10832744401730097505 0.12491352257603013931
0.11625170194158057635 0.12546572093037647311
0.10839253572100986112 0.12609737945745402854
0.12246340428774715736 0.12676519919547618587
0.11487004958532617827 0.13110987406365168240
0.12079092783617302598 0.13148855564748279656
0.13270302775931078210 0.13367865218248420334
0.13325552667389581329 0.13404439922258296058
0.11424395114121772832 0.13629832706940309128
0.12303628140899376675 0.13739586939942508015
0.11899294003598569203 0.13806442909304456057
0.12629571387321844589 0.13855695147580823767
0.13736771813603582126 0.13998218420581998167
0.13753203330811342164 0.14083817781107141331
0.13324449404879518122 0.14124225857343478130
0.11805236084261319651 0.14130640406775143991
0.13500673984708619346 0.14175543240291541003
0.12822513506185490018 0.14285537374367895946
0.10915970380202459633 0.14333345948370773693
0.11217103980262976837 0.14393437838580588894
0.13322750703610941603 0.14418581168370103729
0.12036078566611879692 0.14419195008020954663
0.13708255400892760401 0.14532150566808538228
0.14554649946611522560 0.14588774814987012785
0.13021498527272792889 0.14588930871859570604
0.14006854618924158284 0.14674640814018460877
0.14207209543633145254 0.14718426256245070727
0.11604699924227485086 0.14729534411021927287
0.14317879875702055337 0.14790680148481705203
0.12830970476955938508 0.14962299397160436221
0.12234417301218145080 0.15219347122018481167
0.13034434290927293665 0.15273004648183949317
0.11448641095510452004 0.15295034851272779064
0.14282686423190718572 0.15295140433173851080
0.14101014065040737289 0.15308051922242857379
0.12092454878953948216 0.15320732779302514981
0.14711449821765426593 0.15373494732026724008
0.12761084340510245316 0.15408329777573223640
0.13292900474386518117 0.15464971741270203132
0.15018773530072956901 0.15472015917594189593
0.14671306525352731387 0.15484946892117282258
0.13662652471491287809 0.15490255544309494695
0.12500436575892959201 0.15497351429691427760
0.13538094294993999189 0.15503464755411880405
0.15528934935594793099 0.15576669894929978666
0.13326735603357472981 0.15589082449759839033
0.14909603389527265049 0.15699383728538907068
0.15260499391844525863 0.15732588404699371365
0.13814024571405714159 0.15763783245773702046
0.15339742971826883511 0.15767268112341159547
0.14988801203904489334 0.15810205357839998697
0.13554583134979306114 0.15864218632847931767
0.15316255552180937927 0.15966551259784256267
0.14665777671118873648 0.15994380828582349663
0.13061745013893907852 0.15999117932004516818
0.13884545060958700113 0.16088868222275626296
0.14576028042741412394 0.16103276582289124952
0.13301551688408227991 0.16145088276627697632
0.13091197341361995865 0.16278849942751072444
0.11627991937504926490 0.16304179016993208817
0.15505453527567292227 0.16342014849114322450
0.14371222257739679762 0.16358046196627853974
0.15028108284486282886 0.16369276351037453932
0.12768192180442758388 0.16447732960862865292
0.15118318460522431335 0.16542840624645313574
0.14956926986718124817 0.16574686954162490271
0.15978292415374564794 0.16581557428348955852
0.16115557008621642088 0.16599653063087693727
0.15958170236166976941 0.16636711401715251202
0.14093618297421528496 0.16643138267502632921
0.11542306441674467232 0.16674111803191690728
0.15131782232022464307 0.16789011576431780992
0.16178263023914399299 0.16878701147164304475
0.14061926534986832205 0.16888444232681035229
0.14356333028716267153 0.16904704903284567541
0.16743930794030303932 0.16950766597860017493
0.16793699307850765146 0.16983408832421395540
0.13031708648492615343 0.17007961584159739243
0.14779313687159695290 0.17020208695877667160
0.15410183938082036570 0.17027864561818634170
0.12367101236581809487 0.17030894855392672560
0.15909979890205397379 0.17067244295460917702
0.16812371140207807430 0.17111950397778835642
0.15398916360492581612 0.17111950397778835642
0.14027190556462709736 0.17198176356126299025
0.14540587527359630227 0.17201088326368965675
0.16088613184907654685 0.17209077501802280685
0.15278103769621098618 0.17221941998691658871
0.15870869335603773886 0.17230472662029905351
0.15777303554485333503 0.17257387881508487459
0.12302243051864607259 0.17312677736071679924
0.15892935343959307959 0.17331140380339191132
0.16943324837506101854 0.17363329119582826543
0.12309987437027831991 0.17399449802662467213
0.13423365302915216124 0.17403491872488330294
0.13934953021075216495 0.17443031851671128574
0.13998315895750162996 0.17489229021776786510
0.14986991168655616757 0.17548559170286298636
0.12751855901112302272 0.17603248181777128578
0.12177609323175424272 0.17609160081943225906
0.17467291111644864254 0.17663883822402901003
0.15968466141573992023 0.17674710763373838174
0.14526958617131932594 0.17744417964402076082
0.14518619799818444083 0.17782490599984226987
0.16719706838550160710 0.17783112847681892266
0.14371933714909027047 0.17809572136628998296
0.15064461387108488144 0.17837045457686445671
0.11839370126352882773 0.17837936176733906746
0.12774762147652737876 0.17860021833258327151
0.11423898533352407070 0.17903501878327052199
0.14383064908255363545 0.17904981496570968047
0.17002772325850712409 0.17919592528285438471
0.16052286996341891268 0.17942908429112475188
0.17125375653724889125 0.17995569078890161219
0.13802810848852825609 0.18017248740272356899
0.16012601973288811963 0.18129644419824517132
0.17320102664801828585 0.18170120129989705826
0.17456163735580182417 0.18190790286201952153
0.15781648189854574627 0.18210890019449491040
0.14789043218238778765 0.18244402760584937928
0.16161171883990610443 0.18332567472043059809
0.15952576511938337811 0.18333898706252854671
0.13553454545206744530 0.18334811863589173253
0.12963757934390254811 0.18448342592115132832
0.15971290734486387475 0.18509276489581522052
0.14211770247810917578 0.18540482651914061418
0.15857976782160451701 0.18603880224066965399
0.13485864698049157551 0.18608630266259926223
0.14018752319861535471 0.18628271562237141978
0.12730283395027247595 0.18635594204424471565
0.17088707483132731246 0.18639999405544716016
0.15153185410089659024 0.18647574248687540099
0.14580343679944279822 0.18649849446665864305
0.14344511061841450084 0.18659682085663417683
0.18310939033315262736 0.18663001682568552964
0.17680909886759788030 0.18716569857542270094
0.11999912630711337402 0.18722633830518531362
0.17259387700537587307 0.18779658211808486490
0.13278189276903262783 0.18788832856107157143
0.14125746641003170123 0.18798488483407965743
0.18562619217504369717 0.18798488483407965743
0.16612633808765009391 0.18815858079405917147
0.18057432407313073197 0.18817546164380194451
0.17476515042952547874 0.18853073470546180546
0.15595890978750559519 0.18871459928879313894
0.13557493978638701648 0.18920599343232039069
0.14525505405788505242 0.18925517621037199478
0.18346883417947293382 0.18989885355026542291
0.12359929559473917249 0.19056402332264230082
0.13893987003076865849 0.19076632392717354780
0.14859790702179856425 0.19100572643915131321
0.15633982332943441307 0.19101291254669516828
0.17857287648242686773 0.19151013714361617146
0.12590572212074344072 0.19278009395582579311
0.14462658726443045065 0.19377720153270733272
0.14467432969398982823 0.19379866388010202893
0.13044945489506429293 0.19470805561495313496
0.13020706341542648277 0.19493594618062967672
0.14330047000715481764 0.19522195749791909636
0.18856595889258803700 0.19539916245141814022
0.19172112721751088937 0.19551827471464236496
0.18207525649472025564 0.19769105728086225349
0.15934426719725369725 0.19779177440079426242
0.17385865012637435889 0.19787939869343285082
0.13471828791727577523 0.19931565530022829491
0.12969420918677801446 0.19976979434524944068
0.18774299180781020557 0.19987079105630684017
0.11982596271152679002 0.20015837895208685171
0.14649458137596091389 0.20064331183504324763
0.18888079704229018829 0.20113964075740173310
0.17930083386564060755 0.20239833997199346838
0.12501822346183225076 0.20269463672799753473
0.16477087236438539564 0.20312328209548777269
0.13405069715292802779 0.20407571630234036530
0.19605591130211780238 0.20487971344469832480
0.20458478977120311826 0.20553039739785244899
0.15275045740439421871 0.20673187985729929439
0.12280978121932342728 0.20713221682121946143
0.12718434282309817873 0.20853179285079687100
0.16815513653044533715 0.20908623016555660801
0.14111526719815367659 0.20948733330417895759
0.15178096024688134125 0.20964756970693346205
0.15178890983622625455 0.21146291267020619897
0.14434817326058843601 0.21269911211158767927
0.16083305620564011806 0.21277611715809036097
0.15290323362138136254 0.21372347277586062342
0.11756734666942623979 0.21784374870636669108
0.12595731663352763285 0.21818762473579361716
0.21831094368462228283 0.21837677334778518579
0.19838864136777950575 0.22033954450865150809
0.16759154807666579168 0.22212560510588519325
0.17986660404270257696 0.22329108819253898344
0.14683088132188021335 0.22366520278220591855
0.15501944088635724595 0.22490680213169902957
0.22358741845313651053 0.22695884675372648975
0.13510676072205063392 0.23070111713141031040
0.19889644106124163003 0.23298947328959174197
0.18708534980953570037 0.24116831356359136329
0.14554112483284745161 0.24170798787955527498
0.19751027553409702953 0.24260986013763721769
0.15134374876793649234 0.24971309318411785694
0.19035273384814355158 0.25829804973734904472
0.16683288653519240397 0.25854693841860942882
