0.02238284858246343198 0.02370348039895551692
0.02227674884080686410 0.02618181887529529017
0.03113591019779358982 0.03144795629333379389
0.03535041548907578296 0.03780415463880218430
0.03856240180283591196 0.03973042866795549466
0.03527021404389830972 0.04060332334535067533
0.03964260988177973483 0.04160234414152434029
0.03671551079386031757 0.04268580729105186239
0.04514926046503894841 0.04556871686948953809
0.04398728766580315558 0.04620140627344587747
0.04151809006617926401 0.04837076930065049851
0.04315955311334712663 0.04858174879099871196
0.04367843170368872208 0.04865663868917699530
0.04327855122728877652 0.04986387851945250915
0.04744971606559297839 0.04992168805817237542
0.04807016844447926235 0.05177611621075992043
0.04265348171551110179 0.05197920615996701882
0.04808642730992788994 0.05218269727572046046
0.04448095544705258503 0.05225560155542650909
0.04576031030592244558 0.05433871376858408209
0.04776865846955334616 0.05484099627045279507
0.05462199403091786559 0.05580958701584144005
0.05193887534136422401 0.05583198331223334504
0.04914988126591043199 0.05595350267140083989
0.05413678177101777234 0.05647738220859576525
0.05558713130279244186 0.05736463375513534135
0.05084664500592207120 0.05925890351973286257
0.05097986426233554885 0.05951870234359024625
0.05776783822654673467 0.06244095087926046506
0.06049355061162650649 0.06256739404896970169
0.04374677074611164201 0.06345559196128028323
0.06052518334979490461 0.06352644268061147237
0.06369704172853660196 0.06489101395425621310
0.05641939096471867976 0.06619584644176759736
0.06726043364783791667 0.06771677466151657110
0.05712844505441779658 0.06804992987881938737
0.06479344377810021538 0.06807746221927210573
0.06509351043522282332 0.06974849398455167104
0.06391907756937595386 0.06996542480679127096
0.05017981346761333367 0.07018180606815684064
0.05290924066438583429 0.07178894143977081199
0.06154306551198858444 0.07191385136038958015
0.04357406850564602557 0.07259152502577605193
0.05874491487869640260 0.07272760792787673345
0.06386090430572023691 0.07309123237152771735
0.06487482141603682917 0.07378102675563870394
0.07260181298408072137 0.07397963940918350634
0.05694816676493964086 0.07474858760465978580
0.05681085910007036693 0.07506559782229385580
0.05872266701849699483 0.07540411492543216965
0.05011126234030913174 0.07595860705078856523
0.06299211767638981940 0.07698844143012512076
0.07424463096016790942 0.07775400299052344366
0.05600837971898791484 0.07808190967013452222
0.07042826619452005610 0.07843999018850851546
0.07720594061897147198 0.07933799768033880651
0.06831523590676900903 0.07952602293479721363
0.07038791810164243823 0.08055444367516699511
0.05997854256915453874 0.08135638761464644708
0.07320899148618173480 0.08145987111659738766
0.08096881203692921081 0.08217335963669882004
0.05533338143814647142 0.08225833784661139292
0.08326428264499743936 0.08369989004037557689
0.06346039059453756348 0.08392683952196564046
0.07492369483543920294 0.08510849242088779076
0.07903424319670968035 0.08519955013971124147
0.05752623406175143977 0.08545354427081570947
0.06562266217215739772 0.08549581350571772154
0.05701807331526218686 0.08646838293370892603
0.06069664777775739262 0.08651691073771207441
0.06402149969897023840 0.08690217299607221058
0.07577234485322566215 0.08691508498948584405
0.06876799587600597452 0.08744411247727737480
0.06554860100608342344 0.08840689909861877693
0.04925466914065948498 0.08862090687199229710
0.06017970897223670623 0.08868484672826472404
0.08476387577286699504 0.09083222209077021492
0.08955009069269678768 0.09176956378633202571
0.06708291573068714264 0.09284765658188641468
0.09306653689335973867 0.09361003553644949016
0.05362525894023340706 0.09708246357002851823
0.07596233742932978483 0.09728552646782388791
0.06363255750597371363 0.10089949551949685402
0.10340780947017694236 0.10594510050148718550
0.10054591361909635816 0.10668359756680446948
0.10151856482400337112 0.10816915532060991656
0.06586557456256476872 0.10831386791209449139
0.07771677446747214668 0.10856814311044982180
0.07052798738680385315 0.11089124704274973265
0.10197976292942850796 0.11365683540289221731
0.08553055877504962823 0.11465679272117067222
0.07556000108639190915 0.11733855475186323603
0.11744072556095890014 0.12252257695949388128
0.11040425051761472430 0.12268558248830986612
0.10600271842769401487 0.12651878364813648470
0.09632821001645196224 0.12708050410173063471
0.11921285384598517831 0.12759281699030664003
0.12135561841417726037 0.13109542123471970565
0.08294969271060181892 0.13233562702438717018
0.10248808147278941350 0.13429077912026080033
0.15246957228907873083 0.16487251358729904105
0.15097163050276890539 0.16531895813279906537
0.06384026376462662022 0.42399019296742890273
