0.00700040457338723700 0.00763763292247462457
0.00699974667898047541 0.00884991504942962172
0.00827926243192451776 0.00979075137625606828
0.00936518071439211217 0.01011917103876849681
0.00940202048443820187 0.01036560698398726089
0.00956163956113212539 0.01130144769387854409
0.01143862338760149970 0.01144567132776923464
0.00909516953230108706 0.01147167269746236958
0.00897254891525775186 0.01174333124076153492
0.01095614530761053647 0.01183798716356582355
0.01163121624315266271 0.01190907720475596447
0.01063279841118159978 0.01218837232423919913
0.01141339801540428543 0.01220322919894015201
0.01134562817794512388 0.01256173504022969727
0.01213984388903180216 0.01296613626825642365
0.01261607521896520451 0.01296947145122124938
0.01258898941492885004 0.01297186208101219415
0.01292605208440394254 0.01312689845954410038
0.01238345679036812440 0.01340772228165629069
0.01287411520707068373 0.01363494099859141259
0.01074114680372304995 0.01373716267312193560
0.01313899193987323570 0.01391382364211492945
0.01270857068280909288 0.01411248164360263263
0.01402544657364188790 0.01414611875304208968
0.01394416509302032897 0.01426898922105235105
0.01389117509982620499 0.01442611656156075547
0.01376918870126993960 0.01453749976853565239
0.01469242112081120197 0.01475500960887303828
0.01381113481287524723 0.01476107132592924948
0.01212848516390640195 0.01477256621345512076
0.01382989679505307497 0.01485544341493332324
0.01368659611851184323 0.01486081624038788560
0.01484914024638713491 0.01500772759666737025
0.01052779711475176731 0.01506734852456044320
0.01488329888352826758 0.01516551790880340915
0.01541774952193735414 0.01543124423660426070
0.01371603322581046308 0.01557351856473742496
0.01562424524779896552 0.01564959494190238873
0.01251794937658111569 0.01567413294635735047
0.01588034939412847485 0.01599509543921815921
0.01579619192566649247 0.01632535441699454332
0.01544158342641821675 0.01636208463237637245
0.01260665918095328110 0.01638853159527245418
0.01364798905133889594 0.01641323117284528357
0.01540977273749168965 0.01649484369565730815
0.01462671120789384854 0.01650176726607591529
0.01384161886123881115 0.01655604848746158181
0.01525614434118027427 0.01658797388508857079
0.01625425083298148374 0.01659281481065961322
0.01185124883459475441 0.01690550296796959270
0.01411090940841034334 0.01691453242675020410
0.01574532165042843643 0.01691453242675020410
0.01180716367604757976 0.01696032827132702703
0.01622636836679745495 0.01698435396441665482
0.01254829031683828665 0.01700452971417243733
0.01236604133452263998 0.01706672750288396045
0.01571776660383948296 0.01726671477709454047
0.01632662118573569715 0.01731448725541509526
0.01593349286278722410 0.01739646721987002029
0.01682342437835081597 0.01746307624208871465
0.01165333479361247045 0.01748897273105892713
0.01732887049211856087 0.01750769886603792749
0.01656620572299606978 0.01755134151369461271
0.01491342955730638742 0.01755165756284478989
0.01660206746568946082 0.01770244490597191675
0.01732688049533967489 0.01771806661435281968
0.01771675016287911630 0.01778545036968703918
0.01291712617989803843 0.01824432176765716437
0.01787580592320126352 0.01832807672466499338
0.01774631740294023430 0.01839752360270967627
0.01623829145253243358 0.01850174740107921392
0.01793667502797894817 0.01851983180269283630
0.01829196712761230886 0.01855140822836722284
0.01397884363101455432 0.01866146356209849588
0.01500694744927049025 0.01875527818176106476
0.01463728089126658041 0.01875931423722772620
0.01296426661434666068 0.01884340856766037256
0.01766648808148543401 0.01893952685818597534
0.01779685265165297653 0.01902482743053128533
0.01773021580548031495 0.01904834038611755154
0.01839509793197221035 0.01904841283320433259
0.01480951869181084193 0.01905384792145428316
0.01909796180079964198 0.01916492274813689708
0.01917095329673966508 0.01932497130782786371
0.01733061572143403811 0.01940545517090024388
0.01542647307650824376 0.01946561276357413814
0.01379409306002550920 0.01951538361719002204
0.01355113791944252515 0.01956668029551405369
0.01939114531036227954 0.01958322018304905349
0.01343440675699289141 0.01959513430282113292
0.01942203179047476136 0.01964817102491531881
0.01743456051433976695 0.01980709205302359777
0.01977985363378045175 0.01989994487131363510
0.01976197666078000764 0.01993385656760095562
0.01880762098367931914 0.01995264834355455624
0.01777663276302558076 0.02000428771753847215
0.01588220278357787077 0.02001802517016865873
0.01664645682160637019 0.02018586771693023363
0.01757880514837028424 0.02039784113639914534
0.01809970287202187708 0.02059113067655755219
0.02053726574134635482 0.02082724019067486859
0.01997155834756558779 0.02087276293652436804
0.01636494642487186860 0.02105031020534869901
0.01623855446732869537 0.02108093988369478741
0.02058175614226582378 0.02112121012700385325
0.02085802127104199530 0.02113612476429002629
0.01625308587260824306 0.02114071671243684947
0.02040437310120375367 0.02127086503776872556
0.02056140581139214579 0.02137203787748597622
0.01491866571347987523 0.02143570912374285695
0.01479191608957340295 0.02167273108756568104
0.02118791842846149895 0.02171597265264548979
0.01939989613960264869 0.02181138920496318578
0.01779860756060070923 0.02189774490111759050
0.02187959040025148558 0.02203261529905550450
0.01774464423871224134 0.02206117244853775250
0.01478637381127419215 0.02206926395357071760
0.02134998309076827083 0.02225772533977784379
0.01909291986582424203 0.02230383937013308976
0.01929249306851346310 0.02287061643253740506
0.01568475516816073695 0.02312725905173686550
0.02021460630013775794 0.02328716924166193691
0.02274043237071828732 0.02365087281098160119
0.02136037890667448133 0.02368826306589091532
0.01844382378576688367 0.02371609163084702904
0.02278215746399850708 0.02382525692065346271
0.01602350501363557569 0.02386072235628679608
0.02186715389344963401 0.02387189294910489062
0.02266899151720570132 0.02407567290622080955
0.02187143417648688276 0.02422232099185302537
0.02034458253382393292 0.02422232099185302537
0.01794534246914223502 0.02427498799750567315
0.02303371642120054588 0.02434852289123500685
0.02179775958985007492 0.02443858802460440599
0.02127480816790604592 0.02450863259693857044
0.01946249165610795806 0.02480900144652673986
0.01879430532849824670 0.02503334193437708327
0.02324994023688113989 0.02518722168104625334
0.02148978552076900861 0.02538967996485281403
0.02117608582751788829 0.02546983667193572498
0.02494043799615917184 0.02593800546462577197
0.02235452465085161627 0.02623016327789992608
0.02575012904874581995 0.02647399784829928063
0.02263500283280192246 0.02661472322464766491
0.02350023923608681939 0.02665711250523011486
0.02629134436589112070 0.02682492631782013026
0.02445206937179531317 0.02687900870104733067
0.02429651079349200854 0.02687903124144466055
0.02494856439696541486 0.02687929751956097055
0.02647518926841572681 0.02768251901031884912
0.02401401984404333625 0.02826551708745719815
0.02001579547611821372 0.02849793075856562816
0.01992477058787293226 0.02877147240022954328
0.02877109208660941914 0.02891700031811035576
0.02854582037435082764 0.02904499807018340665
0.02429630519668675090 0.02914512335361057679
0.02527308374458845514 0.02918158535824124517
0.02817422855679187557 0.02946521415559368029
0.02912626848447524147 0.02980510085996485037
0.02953511317917274781 0.02989059759655183710
0.02389851323309403336 0.02991977512867949676
0.02805901024704477928 0.03036550805047037033
0.02741188450582260697 0.03098799506032185944
0.03195787321544817788 0.03329945612406712274
0.02687335693853999674 0.03342285908717353843
0.03085856028127249504 0.03439115444199173505
0.02601597200663326517 0.03458721259691205363
0.03613362386116761304 0.03910780931597423321
0.03058005800979362448 0.03922236372680554251
0.03280165825095739118 0.03993453549357760951
0.04033492128452961789 0.04046477387919663465
0.04721041439934305778 0.05112392626328262496
0.05015081835459963416 0.05594406777897904803
0.05465910462256125257 0.05683515068880412580
0.04555516545219153585 0.05751287471723776773
0.55212223286438866232 0.57143285377819252879
