0.00000000000000000000 0.01175256319367596128
0.00000000000000000000 0.01561096238523450308
0.00000000000000000000 0.02310149580671570085
0.00000000000000000000 0.02407591701282258204
0.00000000000000000000 0.02797349584760569496
0.00000000000000000000 0.02861631233701690535
0.00000000000000000000 0.02867310689914471036
0.00000000000000000000 0.02887157349582480242
0.00000000000000000000 0.02968288258753687056
0.00000000000000000000 0.03026201317195579069
0.00000000000000000000 0.03129880302694150462
0.00000000000000000000 0.03206356597209012588
0.00000000000000000000 0.03206836342874840040
0.00000000000000000000 0.03214295985549410484
0.00000000000000000000 0.03273674391061226485
0.00000000000000000000 0.03347712849439240385
0.00000000000000000000 0.03386113842101379223
0.00000000000000000000 0.03588139670683376109
0.00000000000000000000 0.03606129604066096034
0.00000000000000000000 0.03618015949366221173
0.00000000000000000000 0.03654066947175572261
0.00000000000000000000 0.03671598466039435044
0.00000000000000000000 0.03764128198992809649
0.00000000000000000000 0.03808304919926455701
0.00000000000000000000 0.03808966627105011410
0.00000000000000000000 0.03856043893584100435
0.00000000000000000000 0.03924058541814662293
0.00000000000000000000 0.03986176886956469684
0.00000000000000000000 0.04016053327815267970
0.00000000000000000000 0.04016962114285141383
0.00000000000000000000 0.04074631826990459532
0.00000000000000000000 0.04079835298595022725
0.00000000000000000000 0.04181061842693853392
0.00000000000000000000 0.04198978023184794794
0.00000000000000000000 0.04244533184935560949
0.00000000000000000000 0.04269980052812843291
0.00000000000000000000 0.04298647738171677835
0.00000000000000000000 0.04317478570651028108
0.00000000000000000000 0.04408079168337190185
0.00000000000000000000 0.04414496163160583353
0.00000000000000000000 0.04440557104447354075
0.00000000000000000000 0.04446343329112646681
0.00000000000000000000 0.04462256645705225261
0.00000000000000000000 0.04526476338226013973
0.00000000000000000000 0.04595568308909003113
0.00000000000000000000 0.04613044460413723291
0.00000000000000000000 0.04653704184118220150
0.00000000000000000000 0.04695252948502449952
0.00000000000000000000 0.04831006469406862874
0.00000000000000000000 0.04868295721543269144
0.00000000000000000000 0.04868737292083131357
0.00000000000000000000 0.04910032823514850348
0.00000000000000000000 0.04931830747660644054
0.00000000000000000000 0.04941774879759341932
0.00000000000000000000 0.04950209652228963059
0.00000000000000000000 0.04974021791098639372
0.00000000000000000000 0.05009887078993770226
0.00000000000000000000 0.05032717090929533788
0.00000000000000000000 0.05143418278492969259
0.00000000000000000000 0.05149321132191517214
0.00000000000000000000 0.05157323737525688206
0.00000000000000000000 0.05194014314387792458
0.00000000000000000000 0.05205595436894531330
0.00000000000000000000 0.05208164286263158860
0.00000000000000000000 0.05212532866856448704
0.00000000000000000000 0.05289957507522055624
0.00000000000000000000 0.05391762513814366692
0.00000000000000000000 0.05395402694158124568
0.00000000000000000000 0.05416207414281964255
0.00000000000000000000 0.05495423669913079845
0.00000000000000000000 0.05570617908269390184
0.00000000000000000000 0.05575037903756445423
0.00000000000000000000 0.05600388874314179283
0.00000000000000000000 0.05645905648666147553
0.00000000000000000000 0.05647164548979820980
0.00000000000000000000 0.05647981834293989978
0.00000000000000000000 0.05648716316183080566
0.00000000000000000000 0.05648896959773829635
0.00000000000000000000 0.05668926733482252539
0.00000000000000000000 0.05688746347143951859
0.00000000000000000000 0.05715793930959813668
0.00000000000000000000 0.05717059752467583411
0.00000000000000000000 0.05719876686380446357
0.00000000000000000000 0.05725982743113807588
0.00000000000000000000 0.05730943288936941188
0.00000000000000000000 0.05778926926735657860
0.00000000000000000000 0.05779071668715738547
0.00000000000000000000 0.05801013322266010408
0.00000000000000000000 0.05896257798730042410
0.00000000000000000000 0.05930872549804019900
0.00000000000000000000 0.05934953379058581502
0.00000000000000000000 0.05947914024755788370
0.00000000000000000000 0.05987628188374621158
0.00000000000000000000 0.06048234621714373288
0.00000000000000000000 0.06063014013465908153
0.00000000000000000000 0.06100321492848385235
0.00000000000000000000 0.06106872880916715263
0.00000000000000000000 0.06146819144162454784
0.00000000000000000000 0.06147842244094668673
0.00000000000000000000 0.06236085171212647771
0.00000000000000000000 0.06288995632358108934
0.00000000000000000000 0.06304313351969006995
0.00000000000000000000 0.06315825619425637083
0.00000000000000000000 0.06322618325253111238
0.00000000000000000000 0.06370663539758640581
0.00000000000000000000 0.06372838110740114415
0.00000000000000000000 0.06392505782912369372
0.00000000000000000000 0.06449440170855778864
0.00000000000000000000 0.06516385583850425878
0.00000000000000000000 0.06594179626591772925
0.00000000000000000000 0.06617682866692442545
0.00000000000000000000 0.06621353583750590188
0.00000000000000000000 0.06635601910156088690
0.00000000000000000000 0.06637114839463155447
0.00000000000000000000 0.06651842362455871738
0.00000000000000000000 0.06653729823973217328
0.00000000000000000000 0.06740885212049305131
0.00000000000000000000 0.06742693973921169703
0.00000000000000000000 0.06761279508759980572
0.00000000000000000000 0.06837141558684847742
0.00000000000000000000 0.06853325214907979301
0.00000000000000000000 0.06883197304545787820
0.00000000000000000000 0.06890348420602540602
0.00000000000000000000 0.06906804983958875210
0.00000000000000000000 0.06932173637861464843
0.00000000000000000000 0.06943212273583994343
0.00000000000000000000 0.06947130801481814222
0.00000000000000000000 0.07002631814959793533
0.00000000000000000000 0.07005872037300762967
0.00000000000000000000 0.07008774490010563629
0.00000000000000000000 0.07074740267867389576
0.00000000000000000000 0.07075101231110156319
0.00000000000000000000 0.07090614818712118184
0.00000000000000000000 0.07093961548408601880
0.00000000000000000000 0.07108508968356201663
0.00000000000000000000 0.07115329195582112409
0.00000000000000000000 0.07121709982057787547
0.00000000000000000000 0.07158113398767528002
0.00000000000000000000 0.07187411588390459072
0.00000000000000000000 0.07221241155998800454
0.00000000000000000000 0.07233437539773711344
0.00000000000000000000 0.07245421846531692467
0.00000000000000000000 0.07248442659857330661
0.00000000000000000000 0.07256182912076468428
0.00000000000000000000 0.07258950313834867940
0.00000000000000000000 0.07264730518240215817
0.00000000000000000000 0.07267046822422935926
0.00000000000000000000 0.07298932158070289833
0.00000000000000000000 0.07306014609479510868
0.00000000000000000000 0.07310466702143560147
0.00000000000000000000 0.07314929238436571057
0.00000000000000000000 0.07358331254554084655
0.00000000000000000000 0.07382994016417304683
0.00000000000000000000 0.07412574614294348274
0.00000000000000000000 0.07415487899663361637
0.00000000000000000000 0.07433614893686733838
0.00000000000000000000 0.07479144133626500213
0.00000000000000000000 0.07482870841531358286
0.00000000000000000000 0.07495209937431862590
0.00000000000000000000 0.07515042333383661899
0.00000000000000000000 0.07570410904029141463
0.00000000000000000000 0.07572200018557101453
0.00000000000000000000 0.07583578490848412457
0.00000000000000000000 0.07593092129269148061
0.00000000000000000000 0.07612049651398532235
0.00000000000000000000 0.07630529400914391747
0.00000000000000000000 0.07636410692409160983
0.00000000000000000000 0.07638408516925816738
0.00000000000000000000 0.07699994727343682788
0.00000000000000000000 0.07700114257963229514
0.00000000000000000000 0.07736606750145612332
0.00000000000000000000 0.07769447674166124473
0.00000000000000000000 0.07775497188493218914
0.00000000000000000000 0.07850475399016777767
0.00000000000000000000 0.07851856337613488668
0.00000000000000000000 0.07852139304197366942
0.00000000000000000000 0.07930036392916681165
0.00000000000000000000 0.07942081443906853777
0.00000000000000000000 0.07948226404056582539
0.00000000000000000000 0.07950580527375272766
0.00000000000000000000 0.07966608875244556021
0.00000000000000000000 0.07985260886556787285
0.00000000000000000000 0.07992191735473544445
0.00000000000000000000 0.07994962030906127559
0.00000000000000000000 0.08029387493342464432
0.00000000000000000000 0.08044456191284224400
0.00000000000000000000 0.08067246026292741734
0.00000000000000000000 0.08079724948279355667
0.00000000000000000000 0.08081584521360654638
0.00000000000000000000 0.08105989196004882713
0.00000000000000000000 0.08138431140232085803
0.00000000000000000000 0.08141766320398940993
0.00000000000000000000 0.08170429284062280528
0.00000000000000000000 0.08245915834444773884
0.00000000000000000000 0.08256092909489284870
0.00000000000000000000 0.08279384362139993736
0.00000000000000000000 0.08331552392833295462
0.00000000000000000000 0.08337688710746966880
0.00000000000000000000 0.08338821938925609911
0.00000000000000000000 0.08349602101327742443
0.00000000000000000000 0.08383382344597434255
0.00000000000000000000 0.08385379177890034397
0.00000000000000000000 0.08393904234406110443
0.00000000000000000000 0.08397521256494733244
0.00000000000000000000 0.08403338207572143281
0.00000000000000000000 0.08414148622445821735
0.00000000000000000000 0.08446849731523595195
0.00000000000000000000 0.08518987401417284222
0.00000000000000000000 0.08528489482042270198
0.00000000000000000000 0.08542057777423540943
0.00000000000000000000 0.08594863197006036293
0.00000000000000000000 0.08600060221264133054
0.00000000000000000000 0.08607443253135907413
0.00000000000000000000 0.08611492173708369668
0.00000000000000000000 0.08620385703441332814
0.00000000000000000000 0.08639117363506720881
0.00000000000000000000 0.08654222346910865615
0.00000000000000000000 0.08672775723971705431
0.00000000000000000000 0.08677748117346065215
0.00000000000000000000 0.08687025565522531190
0.00000000000000000000 0.08688707214174419546
0.00000000000000000000 0.08729017578903050523
0.00000000000000000000 0.08765251463844367374
0.00000000000000000000 0.08767874647315160308
0.00000000000000000000 0.08797623047307673305
0.00000000000000000000 0.08836853826815221913
0.00000000000000000000 0.08956056441778760535
0.00000000000000000000 0.08969397081059901633
0.00000000000000000000 0.08973547277838020420
0.00000000000000000000 0.08981534866775495174
0.00000000000000000000 0.09014580429029454833
0.00000000000000000000 0.09019003300907431353
0.00000000000000000000 0.09026000518425962571
0.00000000000000000000 0.09033155132333414716
0.00000000000000000000 0.09054302447173585844
0.00000000000000000000 0.09075561548049962401
0.00000000000000000000 0.09140471509535745553
0.00000000000000000000 0.09144568937518658680
0.00000000000000000000 0.09145868316865260472
0.00000000000000000000 0.09155461711296863925
0.00000000000000000000 0.09155948774484294617
0.00000000000000000000 0.09242473302033958615
0.00000000000000000000 0.09248294264232323481
0.00000000000000000000 0.09265545818127343680
0.00000000000000000000 0.09269252197115529501
0.00000000000000000000 0.09277079707234518746
0.00000000000000000000 0.09324694595164757793
0.00000000000000000000 0.09362275894006232002
0.00000000000000000000 0.09375793480453864515
0.00000000000000000000 0.09401632244705995789
0.00000000000000000000 0.09438139710985944675
0.00000000000000000000 0.09444584231538627472
0.00000000000000000000 0.09444970337708182007
0.00000000000000000000 0.09452573374834705167
0.00000000000000000000 0.09475945127604627760
0.00000000000000000000 0.09508245387298325246
0.00000000000000000000 0.09528550253348376520
0.00000000000000000000 0.09600795517849582128
0.00000000000000000000 0.09652674932429587684
0.00000000000000000000 0.09662950058525349162
0.00000000000000000000 0.09675684730490936858
0.00000000000000000000 0.09698837137050891899
0.00000000000000000000 0.09714902139602871189
0.00000000000000000000 0.09783444909299567060
0.00000000000000000000 0.09836955047524360840
0.00000000000000000000 0.09859525445282658895
0.00000000000000000000 0.09884345169982378110
0.00000000000000000000 0.09895577196232098471
0.00000000000000000000 0.09956816193844633678
0.00000000000000000000 0.09980437529085409154
0.00000000000000000000 0.10035407796067882802
0.00000000000000000000 0.10039393268025122163
0.00000000000000000000 0.10044261479858780650
0.00000000000000000000 0.10076690003098720538
0.00000000000000000000 0.10089746784311771910
0.00000000000000000000 0.10094751225921663740
0.00000000000000000000 0.10102594869446233916
0.00000000000000000000 0.10133012835907351246
0.00000000000000000000 0.10222973758284772949
0.00000000000000000000 0.10261663277442457931
0.00000000000000000000 0.10263635569945979420
0.00000000000000000000 0.10311516551485971904
0.00000000000000000000 0.10321837430494787413
0.00000000000000000000 0.10334525016203435777
0.00000000000000000000 0.10358973832120527137
0.00000000000000000000 0.10392217575624998482
0.00000000000000000000 0.10426993685520057065
0.00000000000000000000 0.10428258498419080980
0.00000000000000000000 0.10447476561205550072
0.00000000000000000000 0.10450391259962965584
0.00000000000000000000 0.10450557295066102703
0.00000000000000000000 0.10458417994436650100
0.00000000000000000000 0.10468612310284246270
0.00000000000000000000 0.10525011534191990037
0.00000000000000000000 0.10526326094599579297
0.00000000000000000000 0.10542847975769603641
0.00000000000000000000 0.10552696122126924150
0.00000000000000000000 0.10595996140785873818
0.00000000000000000000 0.10658335042594799247
0.00000000000000000000 0.10660327130304725340
0.00000000000000000000 0.10666589350957235427
0.00000000000000000000 0.10679249638631752028
0.00000000000000000000 0.10715434421869028669
0.00000000000000000000 0.10718566616543771797
0.00000000000000000000 0.10732758519893552396
0.00000000000000000000 0.10749834481904121941
0.00000000000000000000 0.10762031433199858999
0.00000000000000000000 0.10776017506455341788
0.00000000000000000000 0.10779617035080132914
0.00000000000000000000 0.10834549564371098729
0.00000000000000000000 0.10840617705269108006
0.00000000000000000000 0.10845335346407145027
0.00000000000000000000 0.10848270930791074906
0.00000000000000000000 0.10850937875925240061
0.00000000000000000000 0.10880763340539373329
0.00000000000000000000 0.10880888460752444202
0.00000000000000000000 0.10884560750313196364
0.00000000000000000000 0.10890543056334792138
0.00000000000000000000 0.10895662856895162174
0.00000000000000000000 0.10918346916255360080
0.00000000000000000000 0.10939154051299862513
0.00000000000000000000 0.10972673544855833516
0.00000000000000000000 0.11002294773659544724
0.00000000000000000000 0.11044746693054091624
0.00000000000000000000 0.11066065752695362912
0.00000000000000000000 0.11088123052949651337
0.00000000000000000000 0.11118555960479406530
0.00000000000000000000 0.11135737288200657502
0.00000000000000000000 0.11144652695957683874
0.00000000000000000000 0.11175277114449934379
0.00000000000000000000 0.11177592925037499461
0.00000000000000000000 0.11181165753206635805
0.00000000000000000000 0.11197992646593887822
0.00000000000000000000 0.11244831164240601251
0.00000000000000000000 0.11262666965027483268
0.00000000000000000000 0.11282828499329426719
0.00000000000000000000 0.11311501100474855019
0.00000000000000000000 0.11343796756991905705
0.00000000000000000000 0.11351466467697203522
0.00000000000000000000 0.11363763238933861921
0.00000000000000000000 0.11438615006246743988
0.00000000000000000000 0.11454051784543782533
0.00000000000000000000 0.11533612793447026168
0.00000000000000000000 0.11540299198425472971
0.00000000000000000000 0.11617406395779970862
0.00000000000000000000 0.11619260861673647023
0.00000000000000000000 0.11658776857393619852
0.00000000000000000000 0.11696478348857090868
0.00000000000000000000 0.11717955613597119680
0.00000000000000000000 0.11751934773986083549
0.00000000000000000000 0.11780664917860875218
0.00000000000000000000 0.11848981828688802398
0.00000000000000000000 0.11854930059113255592
0.00000000000000000000 0.11940597438988000134
0.00000000000000000000 0.11953700594455157757
0.00000000000000000000 0.11961310221475958404
0.00000000000000000000 0.12007298484941389405
0.00000000000000000000 0.12037956748939607210
0.00000000000000000000 0.12040166581362711506
0.00000000000000000000 0.12091151218708896808
0.00000000000000000000 0.12110902145113813799
0.00000000000000000000 0.12130184691094246519
0.00000000000000000000 0.12183482083391945772
0.00000000000000000000 0.12205073668256015418
0.00000000000000000000 0.12224509189271659526
0.00000000000000000000 0.12238494411170447451
0.00000000000000000000 0.12257936878677651305
0.00000000000000000000 0.12267805114843502445
0.00000000000000000000 0.12295632161346578548
0.00000000000000000000 0.12364483097843353976
0.00000000000000000000 0.12419717479019695694
0.00000000000000000000 0.12450051272953807646
0.00000000000000000000 0.12524601675730556716
0.00000000000000000000 0.12563511865960097502
0.00000000000000000000 0.12571990142370476073
0.00000000000000000000 0.12573520781472463659
0.00000000000000000000 0.12616247718699005742
0.00000000000000000000 0.12642750393037585632
0.00000000000000000000 0.12663810984219742162
0.00000000000000000000 0.12663874645320558066
0.00000000000000000000 0.12720664606380510664
0.00000000000000000000 0.12773091233708933068
0.00000000000000000000 0.12773984406671132219
0.00000000000000000000 0.12820432397405034930
0.00000000000000000000 0.12961064463954630188
0.00000000000000000000 0.12965563863949439161
0.00000000000000000000 0.12972200015266374673
0.00000000000000000000 0.13001312067914935766
0.00000000000000000000 0.13030082355233299496
0.00000000000000000000 0.13056024242935437840
0.00000000000000000000 0.13094955922456233410
0.00000000000000000000 0.13114985475121726521
0.00000000000000000000 0.13165472086056079215
0.00000000000000000000 0.13190023943516895888
0.00000000000000000000 0.13198094180546551812
0.00000000000000000000 0.13266967164978321625
0.00000000000000000000 0.13326484578376129875
0.00000000000000000000 0.13391312824809870063
0.00000000000000000000 0.13404647781171027954
0.00000000000000000000 0.13419666892356477139
0.00000000000000000000 0.13429111175362273833
0.00000000000000000000 0.13448034042737980198
0.00000000000000000000 0.13525966228647906542
0.00000000000000000000 0.13552169647060852142
0.00000000000000000000 0.13584849752332389672
0.00000000000000000000 0.13600658052075265125
0.00000000000000000000 0.13623768426361615447
0.00000000000000000000 0.13694422000196071476
0.00000000000000000000 0.13708580576524895256
0.00000000000000000000 0.13819491652720514163
0.00000000000000000000 0.13837420450991899656
0.00000000000000000000 0.13908672045859032940
0.00000000000000000000 0.13921715554016123040
0.00000000000000000000 0.13924926064428808092
0.00000000000000000000 0.13933829583007326103
0.00000000000000000000 0.14051632854019990848
0.00000000000000000000 0.14084691683772268544
0.00000000000000000000 0.14087888473291304559
0.00000000000000000000 0.14097017961169067135
0.00000000000000000000 0.14110844088934676455
0.00000000000000000000 0.14169417299868050653
0.00000000000000000000 0.14173418299259332720
0.00000000000000000000 0.14199671104831584900
0.00000000000000000000 0.14222746561607216287
0.00000000000000000000 0.14228477994769023196
0.00000000000000000000 0.14331163111285596945
0.00000000000000000000 0.14344542142184396605
0.00000000000000000000 0.14352909526513221716
0.00000000000000000000 0.14397772446551132530
0.00000000000000000000 0.14574603943220926228
0.00000000000000000000 0.14624084833072489853
0.00000000000000000000 0.14824337622545313842
0.00000000000000000000 0.14844322300978052276
0.00000000000000000000 0.14962746780090610543
0.00000000000000000000 0.15009442346886556208
0.00000000000000000000 0.15023261655938660586
0.00000000000000000000 0.15111180398331333641
0.00000000000000000000 0.15213127904359796672
0.00000000000000000000 0.15214797890080600240
0.00000000000000000000 0.15269919237487775132
0.00000000000000000000 0.15298077132391851851
0.00000000000000000000 0.15342713386740533532
0.00000000000000000000 0.15420437149353732886
0.00000000000000000000 0.15468518062394037704
0.00000000000000000000 0.15547795722428267573
0.00000000000000000000 0.15655903966127132643
0.00000000000000000000 0.15655927909039998869
0.00000000000000000000 0.15686536605399664657
0.00000000000000000000 0.15810943510091002295
0.00000000000000000000 0.15839235546174132430
0.00000000000000000000 0.15880592541342036794
0.00000000000000000000 0.15880903061434190060
0.00000000000000000000 0.15896440084088317435
0.00000000000000000000 0.15957109692761958786
0.00000000000000000000 0.15971262895833779338
0.00000000000000000000 0.16012284471759555271
0.00000000000000000000 0.16025530736503501572
0.00000000000000000000 0.16042212261274166329
0.00000000000000000000 0.16112239988843868321
0.00000000000000000000 0.16147659034910680220
0.00000000000000000000 0.16164522806059763993
0.00000000000000000000 0.16301858944936534201
0.00000000000000000000 0.16364236766250780941
0.00000000000000000000 0.16393269788465378300
0.00000000000000000000 0.16454676851611696464
0.00000000000000000000 0.16484278129876248076
0.00000000000000000000 0.16711025425608716510
0.00000000000000000000 0.16849668408123147367
0.00000000000000000000 0.16883144618399395509
0.00000000000000000000 0.16896935531720244650
0.00000000000000000000 0.16965750553647970800
0.00000000000000000000 0.17039857227355392766
0.00000000000000000000 0.17054926997264854838
0.00000000000000000000 0.17197885431072235107
0.00000000000000000000 0.17295326231151988972
0.00000000000000000000 0.17301430425967240234
0.00000000000000000000 0.17410320935416664923
0.00000000000000000000 0.17556662838324540998
0.00000000000000000000 0.17628381626431280371
0.00000000000000000000 0.17954436734704870560
0.00000000000000000000 0.17989088550101881014
0.00000000000000000000 0.18029118209215164170
0.00000000000000000000 0.18212758140127657813
0.00000000000000000000 0.18640450369401134756
0.00000000000000000000 0.18670812347299339806
0.00000000000000000000 0.18671309570173588721
0.00000000000000000000 0.19072592053635109566
0.00000000000000000000 0.19819256382451988507
0.00000000000000000000 0.19827169564745089625
0.00000000000000000000 0.19968983053464622879
0.00000000000000000000 0.19985600987321633371
0.00000000000000000000 0.20108532226750508443
0.00000000000000000000 0.20611164816825516821
0.00000000000000000000 0.21217998688045083822
0.00000000000000000000 0.21446544609202242149
0.00000000000000000000 0.21449805725221887664
0.00000000000000000000 0.21807245547390460838
0.00000000000000000000 0.22417295413723614672
0.00000000000000000000 0.22597822116303900586
0.00000000000000000000 1.73205080756887719318
