0.00000000000000000000 0.00183021750711795102
0.00000000000000000000 0.00278603841908770054
0.00000000000000000000 0.00288012813439795373
0.00000000000000000000 0.00323806652962757178
0.00000000000000000000 0.00324246894907876271
0.00000000000000000000 0.00324261956802280454
0.00000000000000000000 0.00334111956669185060
0.00000000000000000000 0.00358191868569441175
0.00000000000000000000 0.00369901896733335024
0.00000000000000000000 0.00374462200553981857
0.00000000000000000000 0.00397257404451796525
0.00000000000000000000 0.00398310506175820166
0.00000000000000000000 0.00405546922130198707
0.00000000000000000000 0.00414838432798887279
0.00000000000000000000 0.00419820264696460933
0.00000000000000000000 0.00420716102094837504
0.00000000000000000000 0.00421737638865483152
0.00000000000000000000 0.00422526448514626805
0.00000000000000000000 0.00423561583629034066
0.00000000000000000000 0.00430618450569792647
0.00000000000000000000 0.00431966282204558627
0.00000000000000000000 0.00432467785657554560
0.00000000000000000000 0.00448755170708882174
0.00000000000000000000 0.00452503393071860324
0.00000000000000000000 0.00455150072306707842
0.00000000000000000000 0.00455825205823419573
0.00000000000000000000 0.00482940678640170380
0.00000000000000000000 0.00496838025034651923
0.00000000000000000000 0.00506394031318472236
0.00000000000000000000 0.00507304158850519112
0.00000000000000000000 0.00513995350364281761
0.00000000000000000000 0.00526804153961176087
0.00000000000000000000 0.00528772411272355764
0.00000000000000000000 0.00540764795060754821
0.00000000000000000000 0.00548761078281035253
0.00000000000000000000 0.00551923057387866938
0.00000000000000000000 0.00555705558839743319
0.00000000000000000000 0.00560590460391379927
0.00000000000000000000 0.00561394815819321602
0.00000000000000000000 0.00569802515168823295
0.00000000000000000000 0.00572747356418320825
0.00000000000000000000 0.00576789244420369655
0.00000000000000000000 0.00583687975639062342
0.00000000000000000000 0.00590542655144070047
0.00000000000000000000 0.00591521465335157100
0.00000000000000000000 0.00594373700520448023
0.00000000000000000000 0.00596252028678156965
0.00000000000000000000 0.00596992492957733583
0.00000000000000000000 0.00599856782334208440
0.00000000000000000000 0.00604080408373292455
0.00000000000000000000 0.00612293105600722302
0.00000000000000000000 0.00618662229704746314
0.00000000000000000000 0.00640344758402488015
0.00000000000000000000 0.00640686196294828689
0.00000000000000000000 0.00645784022695885650
0.00000000000000000000 0.00649570125183555371
0.00000000000000000000 0.00652826667446051827
0.00000000000000000000 0.00654077159635932381
0.00000000000000000000 0.00656766967209681824
0.00000000000000000000 0.00660346298506862221
0.00000000000000000000 0.00663057674510196537
0.00000000000000000000 0.00669886580739777020
0.00000000000000000000 0.00671198786275993293
0.00000000000000000000 0.00676409123471606762
0.00000000000000000000 0.00679048367155740684
0.00000000000000000000 0.00679299450535257761
0.00000000000000000000 0.00680780065419146329
0.00000000000000000000 0.00684819475560737023
0.00000000000000000000 0.00687424546691499903
0.00000000000000000000 0.00694239670629342998
0.00000000000000000000 0.00694816150633716621
0.00000000000000000000 0.00706115432166206768
0.00000000000000000000 0.00707430882898104404
0.00000000000000000000 0.00709420224423228801
0.00000000000000000000 0.00716166001770976012
0.00000000000000000000 0.00719394041451654198
0.00000000000000000000 0.00722115739289678257
0.00000000000000000000 0.00733528927950039943
0.00000000000000000000 0.00737013852058803539
0.00000000000000000000 0.00743112643002113646
0.00000000000000000000 0.00753055551178664906
0.00000000000000000000 0.00756394556298739962
0.00000000000000000000 0.00757757572622410822
0.00000000000000000000 0.00759820916299583371
0.00000000000000000000 0.00760336615162105715
0.00000000000000000000 0.00762002844839582485
0.00000000000000000000 0.00763324832126736214
0.00000000000000000000 0.00765136944955859336
0.00000000000000000000 0.00770317073577935635
0.00000000000000000000 0.00771243367873936624
0.00000000000000000000 0.00772413868748436823
0.00000000000000000000 0.00784680056102023474
0.00000000000000000000 0.00784989891309964029
0.00000000000000000000 0.00786355885331571983
0.00000000000000000000 0.00787296919516938115
0.00000000000000000000 0.00788457695464560120
0.00000000000000000000 0.00789744358598922121
0.00000000000000000000 0.00791637764002651491
0.00000000000000000000 0.00795077907291387963
0.00000000000000000000 0.00796015013885545755
0.00000000000000000000 0.00798876700346520981
0.00000000000000000000 0.00800947120559906620
0.00000000000000000000 0.00801612442404540243
0.00000000000000000000 0.00803348855629794530
0.00000000000000000000 0.00817213626449138017
0.00000000000000000000 0.00825242037526828683
0.00000000000000000000 0.00825547604708152909
0.00000000000000000000 0.00829017413891712518
0.00000000000000000000 0.00833842132309175511
0.00000000000000000000 0.00844261188523359393
0.00000000000000000000 0.00845819087175584718
0.00000000000000000000 0.00848078689182817959
0.00000000000000000000 0.00848885983081018071
0.00000000000000000000 0.00857971020896963060
0.00000000000000000000 0.00859177406267606046
0.00000000000000000000 0.00859437178934227206
0.00000000000000000000 0.00860641616812110773
0.00000000000000000000 0.00861427367243835021
0.00000000000000000000 0.00862197762426034769
0.00000000000000000000 0.00864991525391116747
0.00000000000000000000 0.00869455123375135683
0.00000000000000000000 0.00871215296823473970
0.00000000000000000000 0.00877550260747506777
0.00000000000000000000 0.00879959023168306285
0.00000000000000000000 0.00881011737322220934
0.00000000000000000000 0.00881098577375459546
0.00000000000000000000 0.00885214711350019133
0.00000000000000000000 0.00888713609416957526
0.00000000000000000000 0.00889098714035243751
0.00000000000000000000 0.00893072061446316054
0.00000000000000000000 0.00894824055926920527
0.00000000000000000000 0.00896285558114978849
0.00000000000000000000 0.00896845034170529708
0.00000000000000000000 0.00898807996017927588
0.00000000000000000000 0.00899206985854938967
0.00000000000000000000 0.00903929893211893529
0.00000000000000000000 0.00904291292078880475
0.00000000000000000000 0.00906550045785727357
0.00000000000000000000 0.00911573572632375789
0.00000000000000000000 0.00913220025837609486
0.00000000000000000000 0.00913633923646591829
0.00000000000000000000 0.00915025704521140598
0.00000000000000000000 0.00915381666244219870
0.00000000000000000000 0.00919420698408088440
0.00000000000000000000 0.00919850445024628267
0.00000000000000000000 0.00921167807236482339
0.00000000000000000000 0.00921508183270768229
0.00000000000000000000 0.00922539825742001683
0.00000000000000000000 0.00925026056393278215
0.00000000000000000000 0.00926890446962841397
0.00000000000000000000 0.00928450534482171824
0.00000000000000000000 0.00929136680278429446
0.00000000000000000000 0.00932046091263467533
0.00000000000000000000 0.00932508341292015430
0.00000000000000000000 0.00933156564119963158
0.00000000000000000000 0.00935300983975370127
0.00000000000000000000 0.00939229510587706248
0.00000000000000000000 0.00941661454887882110
0.00000000000000000000 0.00943009886022515634
0.00000000000000000000 0.00944423071676052557
0.00000000000000000000 0.00946697527178855767
0.00000000000000000000 0.00948188701181506416
0.00000000000000000000 0.00966534894403177879
0.00000000000000000000 0.00967238005515820738
0.00000000000000000000 0.00967615624755938965
0.00000000000000000000 0.00968834126420302366
0.00000000000000000000 0.00970121101729338672
0.00000000000000000000 0.00971424381349135155
0.00000000000000000000 0.00973677551968577491
0.00000000000000000000 0.00975616704782599972
0.00000000000000000000 0.00975755270044146271
0.00000000000000000000 0.00980669094564846737
0.00000000000000000000 0.00981775702448382283
0.00000000000000000000 0.00984899259347972109
0.00000000000000000000 0.00987546808008410784
0.00000000000000000000 0.00989042238502157826
0.00000000000000000000 0.00992956138412538422
0.00000000000000000000 0.00996980841568661548
0.00000000000000000000 0.00998399855519258549
0.00000000000000000000 0.01000887512855661368
0.00000000000000000000 0.01015080417023327651
0.00000000000000000000 0.01016255684447883376
0.00000000000000000000 0.01018870391380275256
0.00000000000000000000 0.01019861719602237725
0.00000000000000000000 0.01023600186314159617
0.00000000000000000000 0.01036293089462991118
0.00000000000000000000 0.01038686148744885802
0.00000000000000000000 0.01042563685371627850
0.00000000000000000000 0.01052025363025543836
0.00000000000000000000 0.01056999700147336421
0.00000000000000000000 0.01057391511302958192
0.00000000000000000000 0.01057417855225556251
0.00000000000000000000 0.01057576165346031834
0.00000000000000000000 0.01058852552076010659
0.00000000000000000000 0.01060009956830086988
0.00000000000000000000 0.01061013598411717808
0.00000000000000000000 0.01061834354339160312
0.00000000000000000000 0.01062903457773453977
0.00000000000000000000 0.01067475472462858267
0.00000000000000000000 0.01067984542020626419
0.00000000000000000000 0.01068405856029357864
0.00000000000000000000 0.01070732115769224523
0.00000000000000000000 0.01074298388976339079
0.00000000000000000000 0.01076106444173601656
0.00000000000000000000 0.01078955992333433846
0.00000000000000000000 0.01084483320977811666
0.00000000000000000000 0.01088261212653084467
0.00000000000000000000 0.01089005400854576450
0.00000000000000000000 0.01089495154598334355
0.00000000000000000000 0.01090683865248167489
0.00000000000000000000 0.01094811026773980650
0.00000000000000000000 0.01096479201953939192
0.00000000000000000000 0.01098169260793803621
0.00000000000000000000 0.01098928680533335644
0.00000000000000000000 0.01100273154793820519
0.00000000000000000000 0.01105278011908049536
0.00000000000000000000 0.01111295509077359599
0.00000000000000000000 0.01112514452934082985
0.00000000000000000000 0.01113075963454629794
0.00000000000000000000 0.01113897498598126826
0.00000000000000000000 0.01120771211125573368
0.00000000000000000000 0.01124135333501972457
0.00000000000000000000 0.01127403563803339864
0.00000000000000000000 0.01132999099199250362
0.00000000000000000000 0.01136505684222909734
0.00000000000000000000 0.01136670599594665799
0.00000000000000000000 0.01137971589541625535
0.00000000000000000000 0.01139406490811386077
0.00000000000000000000 0.01142009517346803844
0.00000000000000000000 0.01142934470729135496
0.00000000000000000000 0.01148962060329604580
0.00000000000000000000 0.01150756992889003655
0.00000000000000000000 0.01158486109141579866
0.00000000000000000000 0.01158802124796350953
0.00000000000000000000 0.01165423208953292149
0.00000000000000000000 0.01168493590325233103
0.00000000000000000000 0.01170842607111981931
0.00000000000000000000 0.01173344611213313418
0.00000000000000000000 0.01176237109927918967
0.00000000000000000000 0.01182551000209569256
0.00000000000000000000 0.01184428500880785329
0.00000000000000000000 0.01184559035722728380
0.00000000000000000000 0.01187294500603960565
0.00000000000000000000 0.01193172705811522925
0.00000000000000000000 0.01195837568493300467
0.00000000000000000000 0.01195916844670780708
0.00000000000000000000 0.01196183095693102889
0.00000000000000000000 0.01200803755447253651
0.00000000000000000000 0.01201751792799511144
0.00000000000000000000 0.01202489002533293355
0.00000000000000000000 0.01211670485073312528
0.00000000000000000000 0.01211725929189550952
0.00000000000000000000 0.01218161772692802000
0.00000000000000000000 0.01227364089244357623
0.00000000000000000000 0.01228425741439683090
0.00000000000000000000 0.01231394887744282317
0.00000000000000000000 0.01236371182021698927
0.00000000000000000000 0.01236584998394579978
0.00000000000000000000 0.01236896914760647788
0.00000000000000000000 0.01237792237106457617
0.00000000000000000000 0.01242036594864908729
0.00000000000000000000 0.01242089161474176952
0.00000000000000000000 0.01244544744903939605
0.00000000000000000000 0.01252019954520337645
0.00000000000000000000 0.01255207286008835910
0.00000000000000000000 0.01256734283376720503
0.00000000000000000000 0.01260040138034488298
0.00000000000000000000 0.01264310451085189947
0.00000000000000000000 0.01266235047212475179
0.00000000000000000000 0.01266765931751471369
0.00000000000000000000 0.01269099971350849329
0.00000000000000000000 0.01273162110330436358
0.00000000000000000000 0.01273523864568016153
0.00000000000000000000 0.01277256663226321309
0.00000000000000000000 0.01277585675403771805
0.00000000000000000000 0.01282165584119701260
0.00000000000000000000 0.01283106186298101255
0.00000000000000000000 0.01285547646633650870
0.00000000000000000000 0.01288884967527039946
0.00000000000000000000 0.01292459973233512326
0.00000000000000000000 0.01293364392591253922
0.00000000000000000000 0.01296062774549008000
0.00000000000000000000 0.01305082672928842280
0.00000000000000000000 0.01308160160642489293
0.00000000000000000000 0.01308569969426519666
0.00000000000000000000 0.01312933482866443166
0.00000000000000000000 0.01312967346998958861
0.00000000000000000000 0.01313252687220885402
0.00000000000000000000 0.01324084118970168984
0.00000000000000000000 0.01324876729663585287
0.00000000000000000000 0.01325860635649045959
0.00000000000000000000 0.01333982974055653199
0.00000000000000000000 0.01335149040172302348
0.00000000000000000000 0.01340476898450496633
0.00000000000000000000 0.01341029105205755745
0.00000000000000000000 0.01344802781465516232
0.00000000000000000000 0.01345948912058056446
0.00000000000000000000 0.01346172729737449801
0.00000000000000000000 0.01348930842288719942
0.00000000000000000000 0.01349093047486709350
0.00000000000000000000 0.01353841529871410362
0.00000000000000000000 0.01357259435162408434
0.00000000000000000000 0.01358183135538850762
0.00000000000000000000 0.01364388388450725638
0.00000000000000000000 0.01368796399250782683
0.00000000000000000000 0.01369881073707339414
0.00000000000000000000 0.01371223001345807900
0.00000000000000000000 0.01371509224749733330
0.00000000000000000000 0.01374168512349937740
0.00000000000000000000 0.01379467757385013579
0.00000000000000000000 0.01380417620574700757
0.00000000000000000000 0.01380841203878927469
0.00000000000000000000 0.01381248334877456518
0.00000000000000000000 0.01390571063807821174
0.00000000000000000000 0.01393405466632631311
0.00000000000000000000 0.01397109901720811238
0.00000000000000000000 0.01398151418216654097
0.00000000000000000000 0.01399331601448196814
0.00000000000000000000 0.01403351988512694173
0.00000000000000000000 0.01403752443604029849
0.00000000000000000000 0.01410283642700358407
0.00000000000000000000 0.01410310564242642749
0.00000000000000000000 0.01420209658150277388
0.00000000000000000000 0.01420812982017793935
0.00000000000000000000 0.01425483503967854386
0.00000000000000000000 0.01428908691865852371
0.00000000000000000000 0.01430145611019917155
0.00000000000000000000 0.01430605293374678962
0.00000000000000000000 0.01435452342707575595
0.00000000000000000000 0.01440279957728261839
0.00000000000000000000 0.01452617760478614427
0.00000000000000000000 0.01460147815921135350
0.00000000000000000000 0.01470741332569735875
0.00000000000000000000 0.01471507686749319241
0.00000000000000000000 0.01474868655090130765
0.00000000000000000000 0.01475071828930738481
0.00000000000000000000 0.01478024575693899674
0.00000000000000000000 0.01478940227267198752
0.00000000000000000000 0.01480579818189536705
0.00000000000000000000 0.01491221240168305422
0.00000000000000000000 0.01496727327466838321
0.00000000000000000000 0.01505369322505388519
0.00000000000000000000 0.01509411172666606793
0.00000000000000000000 0.01511436208772786068
0.00000000000000000000 0.01516476507575493723
0.00000000000000000000 0.01517670362102646262
0.00000000000000000000 0.01528268762588325981
0.00000000000000000000 0.01531807659546206672
0.00000000000000000000 0.01534603316190904371
0.00000000000000000000 0.01537180949706910653
0.00000000000000000000 0.01537587046351934078
0.00000000000000000000 0.01538553276492381737
0.00000000000000000000 0.01544907249835775556
0.00000000000000000000 0.01545850181045400548
0.00000000000000000000 0.01548204111997914835
0.00000000000000000000 0.01548438154457261288
0.00000000000000000000 0.01549017170267510263
0.00000000000000000000 0.01550436388312375138
0.00000000000000000000 0.01560102676438565768
0.00000000000000000000 0.01560736669693698134
0.00000000000000000000 0.01565911792153523371
0.00000000000000000000 0.01566312683332393360
0.00000000000000000000 0.01579512136673626860
0.00000000000000000000 0.01581269291184160194
0.00000000000000000000 0.01587794339165652865
0.00000000000000000000 0.01589434364120915003
0.00000000000000000000 0.01589739862231371106
0.00000000000000000000 0.01601999277945307873
0.00000000000000000000 0.01604686982366511361
0.00000000000000000000 0.01612420644452117538
0.00000000000000000000 0.01613533227712378448
0.00000000000000000000 0.01621782927348500505
0.00000000000000000000 0.01625680616559346814
0.00000000000000000000 0.01627374506695259890
0.00000000000000000000 0.01641531888470964748
0.00000000000000000000 0.01644524236928119124
0.00000000000000000000 0.01649573153760757610
0.00000000000000000000 0.01666779090665626226
0.00000000000000000000 0.01668549518123788739
0.00000000000000000000 0.01668597660741955035
0.00000000000000000000 0.01686777231766970267
0.00000000000000000000 0.01687578103184830813
0.00000000000000000000 0.01691784730279727658
0.00000000000000000000 0.01696254935327323743
0.00000000000000000000 0.01705411290951274264
0.00000000000000000000 0.01722419997204113068
0.00000000000000000000 0.01722604031263390983
0.00000000000000000000 0.01726063192135453978
0.00000000000000000000 0.01739393829124712479
0.00000000000000000000 0.01742793428956933982
0.00000000000000000000 0.01744402134618040084
0.00000000000000000000 0.01747033208220210090
0.00000000000000000000 0.01747711360023390670
0.00000000000000000000 0.01750484656361825722
0.00000000000000000000 0.01761165215024117214
0.00000000000000000000 0.01761569405704851293
0.00000000000000000000 0.01767307862532755888
0.00000000000000000000 0.01769004787600157377
0.00000000000000000000 0.01783790118828206331
0.00000000000000000000 0.01805163964839811772
0.00000000000000000000 0.01813166271877626745
0.00000000000000000000 0.01814953481594432441
0.00000000000000000000 0.01823467862364821362
0.00000000000000000000 0.01825063887392388076
0.00000000000000000000 0.01835704402992512432
0.00000000000000000000 0.01850758805236958973
0.00000000000000000000 0.01851009760501979087
0.00000000000000000000 0.01857844652368851115
0.00000000000000000000 0.01861183967393482616
0.00000000000000000000 0.01864535012634008920
0.00000000000000000000 0.01870723872024715462
0.00000000000000000000 0.01874591888748318794
0.00000000000000000000 0.01876358397982232085
0.00000000000000000000 0.01876553904681139626
0.00000000000000000000 0.01888170276280655424
0.00000000000000000000 0.01894028239133295488
0.00000000000000000000 0.01901490139979609972
0.00000000000000000000 0.01914814663357818081
0.00000000000000000000 0.01922236023632701088
0.00000000000000000000 0.01923527272989014603
0.00000000000000000000 0.01936157105941417253
0.00000000000000000000 0.01957399093002841831
0.00000000000000000000 0.01961712679482546101
0.00000000000000000000 0.01962823555642200304
0.00000000000000000000 0.01970034257070876760
0.00000000000000000000 0.01977925691554006937
0.00000000000000000000 0.01983200011580022945
0.00000000000000000000 0.01985849047454940272
0.00000000000000000000 0.01988568016100865712
0.00000000000000000000 0.01994224657941886386
0.00000000000000000000 0.02000684149830150166
0.00000000000000000000 0.02005916815013840046
0.00000000000000000000 0.02010091800058655398
0.00000000000000000000 0.02029354562874429238
0.00000000000000000000 0.02050882589724355859
0.00000000000000000000 0.02085340629030736290
0.00000000000000000000 0.02089254845690143719
0.00000000000000000000 0.02108235116000786030
0.00000000000000000000 0.02115098677230817237
0.00000000000000000000 0.02117017188904303862
0.00000000000000000000 0.02121695154566345318
0.00000000000000000000 0.02131506811479473573
0.00000000000000000000 0.02134790061893851107
0.00000000000000000000 0.02134896545349722341
0.00000000000000000000 0.02143872216850285436
0.00000000000000000000 0.02154457805083371744
0.00000000000000000000 0.02173163725287109715
0.00000000000000000000 0.02198077931320852052
0.00000000000000000000 0.02222980096909107570
0.00000000000000000000 0.02228600756035135910
0.00000000000000000000 0.02233535068550399072
0.00000000000000000000 0.02252770879000957557
0.00000000000000000000 0.02278373619001174827
0.00000000000000000000 0.02285885520183699934
0.00000000000000000000 0.02287787607273027851
0.00000000000000000000 0.02294759498672487019
0.00000000000000000000 0.02307105678115854361
0.00000000000000000000 0.02308148100316463266
0.00000000000000000000 0.02314356382742133178
0.00000000000000000000 0.02328076094323028311
0.00000000000000000000 0.02359596129193897163
0.00000000000000000000 0.02382958612121834421
0.00000000000000000000 0.02400501384269852767
0.00000000000000000000 0.02456679421967975299
0.00000000000000000000 0.02475983122359907279
0.00000000000000000000 0.02478696639573142388
0.00000000000000000000 0.02479137203864598821
0.00000000000000000000 0.02524838390150654574
0.00000000000000000000 0.02600271309320794158
0.00000000000000000000 0.02610736735008995987
0.00000000000000000000 0.02649239373015740279
0.00000000000000000000 0.02655289047081229106
0.00000000000000000000 0.02721113043963660841
0.00000000000000000000 0.02794391339293633703
0.00000000000000000000 0.02841930832597519899
0.00000000000000000000 0.02846209014969250384
0.00000000000000000000 0.02875460317840075955
0.00000000000000000000 0.02903479814399216943
0.00000000000000000000 0.02917032391747238426
0.00000000000000000000 0.02947365756635036277
0.00000000000000000000 0.03010510731643622692
0.00000000000000000000 0.03032306695971005717
0.00000000000000000000 0.03148846510570030982
0.00000000000000000000 0.03155040044993807913
0.00000000000000000000 0.03286468940419937090
0.00000000000000000000 0.03438349465068900324
0.00000000000000000000 0.03491127752550988311
0.00000000000000000000 0.03705934538115599614
0.00000000000000000000 0.03855055371836560441
0.00000000000000000000 0.03868759388820892237
0.00000000000000000000 0.04061247191012065660
0.00000000000000000000 0.04174082927417891581
0.00000000000000000000 0.04240932486684914626
0.00000000000000000000 0.04330578900320686264
0.00000000000000000000 0.04467837134354200879
0.00000000000000000000 0.05935399815963290221
0.00000000000000000000 0.06040061599858206898
0.00000000000000000000 0.12865083864053902807
0.00000000000000000000 0.31666458840373529204
0.00000000000000000000 1.73205080756887719318
