0.00000000000000000000 0.00112396150989020074
0.00000000000000000000 0.00134012878171728129
0.00000000000000000000 0.00181588618051425248
0.00000000000000000000 0.00300432821588603313
0.00000000000000000000 0.00308728432491103951
0.00000000000000000000 0.00320099025080426225
0.00000000000000000000 0.00330305111336042607
0.00000000000000000000 0.00335223673192105000
0.00000000000000000000 0.00347887056230720016
0.00000000000000000000 0.00383720614188566176
0.00000000000000000000 0.00386982986035348244
0.00000000000000000000 0.00393098164200430221
0.00000000000000000000 0.00397380622239766005
0.00000000000000000000 0.00434401180142451621
0.00000000000000000000 0.00435675250311104347
0.00000000000000000000 0.00464256437498403087
0.00000000000000000000 0.00491870740044390419
0.00000000000000000000 0.00536452576940707904
0.00000000000000000000 0.00538548170069604124
0.00000000000000000000 0.00545783616172544443
0.00000000000000000000 0.00550827048176318664
0.00000000000000000000 0.00553167734374299287
0.00000000000000000000 0.00561555877328847285
0.00000000000000000000 0.00562588241890605873
0.00000000000000000000 0.00590334349021101254
0.00000000000000000000 0.00603006622778885087
0.00000000000000000000 0.00604325764652098758
0.00000000000000000000 0.00630283262135923530
0.00000000000000000000 0.00680660566083040545
0.00000000000000000000 0.00696132219272753254
0.00000000000000000000 0.00698310536584656038
0.00000000000000000000 0.00710397989651344840
0.00000000000000000000 0.00716332338450401725
0.00000000000000000000 0.00724220692463843022
0.00000000000000000000 0.00725920069203832806
0.00000000000000000000 0.00745333997759762765
0.00000000000000000000 0.00749547850067453988
0.00000000000000000000 0.00757783204946178065
0.00000000000000000000 0.00762300664563268521
0.00000000000000000000 0.00780832256222697193
0.00000000000000000000 0.00791963543041868633
0.00000000000000000000 0.00802325879949481423
0.00000000000000000000 0.00813888181787454645
0.00000000000000000000 0.00826466578702111238
0.00000000000000000000 0.00852570832467079535
0.00000000000000000000 0.00854828190445031978
0.00000000000000000000 0.00878857020950990324
0.00000000000000000000 0.00894594080864898576
0.00000000000000000000 0.00897188620245590804
0.00000000000000000000 0.00902630534959522265
0.00000000000000000000 0.00904125220893238664
0.00000000000000000000 0.00906738344522441293
0.00000000000000000000 0.00912640753051585131
0.00000000000000000000 0.00919241768623688289
0.00000000000000000000 0.00920158692445509872
0.00000000000000000000 0.00922366893179561546
0.00000000000000000000 0.00925854999857955545
0.00000000000000000000 0.00956105875771156612
0.00000000000000000000 0.00959225878721753009
0.00000000000000000000 0.00961525933955780822
0.00000000000000000000 0.00963332566863737971
0.00000000000000000000 0.00975371850387818373
0.00000000000000000000 0.01013480680973325408
0.00000000000000000000 0.01039447040311974706
0.00000000000000000000 0.01053016041762060498
0.00000000000000000000 0.01066810327978160063
0.00000000000000000000 0.01071158883024117894
0.00000000000000000000 0.01086408268152673669
0.00000000000000000000 0.01112452477013680698
0.00000000000000000000 0.01117018855249630668
0.00000000000000000000 0.01119945709184180967
0.00000000000000000000 0.01123950411823379861
0.00000000000000000000 0.01130515524488743574
0.00000000000000000000 0.01130578669926147160
0.00000000000000000000 0.01132285281406852744
0.00000000000000000000 0.01134531679824078015
0.00000000000000000000 0.01142634767445846987
0.00000000000000000000 0.01143905184027815304
0.00000000000000000000 0.01147668465788910346
0.00000000000000000000 0.01160773053214305024
0.00000000000000000000 0.01171718310286105555
0.00000000000000000000 0.01178963400918290813
0.00000000000000000000 0.01183289098862566960
0.00000000000000000000 0.01203886482824502446
0.00000000000000000000 0.01211948608305346911
0.00000000000000000000 0.01232814155751714609
0.00000000000000000000 0.01233566903053474363
0.00000000000000000000 0.01234002083936444269
0.00000000000000000000 0.01243646078358615764
0.00000000000000000000 0.01246330873865145010
0.00000000000000000000 0.01247952356175945944
0.00000000000000000000 0.01252876855090989151
0.00000000000000000000 0.01253600004333522110
0.00000000000000000000 0.01253629922449970777
0.00000000000000000000 0.01253681725534910862
0.00000000000000000000 0.01257433707060913279
0.00000000000000000000 0.01260568017436855363
0.00000000000000000000 0.01261286764506944214
0.00000000000000000000 0.01263182314848914842
0.00000000000000000000 0.01268732333166823489
0.00000000000000000000 0.01274210619321997952
0.00000000000000000000 0.01279883820318282635
0.00000000000000000000 0.01287457512971761434
0.00000000000000000000 0.01287927599807989210
0.00000000000000000000 0.01291884896461164070
0.00000000000000000000 0.01297331340617478151
0.00000000000000000000 0.01300109305141819264
0.00000000000000000000 0.01307437467713447841
0.00000000000000000000 0.01309539840833175671
0.00000000000000000000 0.01312161424682694796
0.00000000000000000000 0.01316326074112703255
0.00000000000000000000 0.01318147253238199056
0.00000000000000000000 0.01341536729043360174
0.00000000000000000000 0.01341692929668347571
0.00000000000000000000 0.01349632041492737460
0.00000000000000000000 0.01361141057801344874
0.00000000000000000000 0.01362332754289733057
0.00000000000000000000 0.01369107316438802902
0.00000000000000000000 0.01372542848898432484
0.00000000000000000000 0.01377262988831444088
0.00000000000000000000 0.01384111076291703012
0.00000000000000000000 0.01392904289039042717
0.00000000000000000000 0.01400827299764005260
0.00000000000000000000 0.01405995329731686387
0.00000000000000000000 0.01407240623573069102
0.00000000000000000000 0.01409632924134056331
0.00000000000000000000 0.01414289960933631796
0.00000000000000000000 0.01431078110784227662
0.00000000000000000000 0.01435704399169308865
0.00000000000000000000 0.01445708842534675423
0.00000000000000000000 0.01446349012115715621
0.00000000000000000000 0.01456143632628311216
0.00000000000000000000 0.01456678072182647846
0.00000000000000000000 0.01471863390641777077
0.00000000000000000000 0.01481739445961808774
0.00000000000000000000 0.01488045501308976441
0.00000000000000000000 0.01489347988874510816
0.00000000000000000000 0.01491275158052928797
0.00000000000000000000 0.01506809044755515713
0.00000000000000000000 0.01511465697832648468
0.00000000000000000000 0.01521352064594728125
0.00000000000000000000 0.01521794632133159110
0.00000000000000000000 0.01530006385776533362
0.00000000000000000000 0.01534200245399051227
0.00000000000000000000 0.01546425367460829356
0.00000000000000000000 0.01566018238056138961
0.00000000000000000000 0.01569713420955008015
0.00000000000000000000 0.01585738270496484664
0.00000000000000000000 0.01609463422094574783
0.00000000000000000000 0.01621623479395389519
0.00000000000000000000 0.01633013335973164740
0.00000000000000000000 0.01639134980814016193
0.00000000000000000000 0.01657029887764390613
0.00000000000000000000 0.01658571624153535456
0.00000000000000000000 0.01659919316630729252
0.00000000000000000000 0.01672545510375918545
0.00000000000000000000 0.01674747161237069570
0.00000000000000000000 0.01685261074992718336
0.00000000000000000000 0.01695790848913147908
0.00000000000000000000 0.01696723382047598747
0.00000000000000000000 0.01699304585883366914
0.00000000000000000000 0.01707858418539922804
0.00000000000000000000 0.01712620773391631407
0.00000000000000000000 0.01733168887438828534
0.00000000000000000000 0.01741661530410580638
0.00000000000000000000 0.01748893044635188576
0.00000000000000000000 0.01749449437375210498
0.00000000000000000000 0.01753727564674076311
0.00000000000000000000 0.01755888951559031463
0.00000000000000000000 0.01757001233363768289
0.00000000000000000000 0.01761968608381095022
0.00000000000000000000 0.01767235100126325967
0.00000000000000000000 0.01775383565190136875
0.00000000000000000000 0.01784292936823182740
0.00000000000000000000 0.01784407629480800131
0.00000000000000000000 0.01794667432910188390
0.00000000000000000000 0.01803862083765013502
0.00000000000000000000 0.01804209784082409437
0.00000000000000000000 0.01804902519373798725
0.00000000000000000000 0.01822409922987398151
0.00000000000000000000 0.01831506441765879539
0.00000000000000000000 0.01834170908084784349
0.00000000000000000000 0.01841255943220512087
0.00000000000000000000 0.01849882112426783423
0.00000000000000000000 0.01853036861635902477
0.00000000000000000000 0.01856452364226141710
0.00000000000000000000 0.01857535271685802070
0.00000000000000000000 0.01858263442241584254
0.00000000000000000000 0.01862349021457930520
0.00000000000000000000 0.01865793803104919338
0.00000000000000000000 0.01867424185808486126
0.00000000000000000000 0.01870062159727119838
0.00000000000000000000 0.01873292858382835657
0.00000000000000000000 0.01875181795293878739
0.00000000000000000000 0.01876408266246226697
0.00000000000000000000 0.01884079110019652031
0.00000000000000000000 0.01888045957467792552
0.00000000000000000000 0.01893780175645344913
0.00000000000000000000 0.01900092383280725661
0.00000000000000000000 0.01902512799717417935
0.00000000000000000000 0.01903740058047255143
0.00000000000000000000 0.01916298556340095133
0.00000000000000000000 0.01919935928860289423
0.00000000000000000000 0.01921616019294695651
0.00000000000000000000 0.01923186063948278610
0.00000000000000000000 0.01923352020633328080
0.00000000000000000000 0.01929090994223962158
0.00000000000000000000 0.01933036536112395579
0.00000000000000000000 0.01934028032395833721
0.00000000000000000000 0.01939658199064211996
0.00000000000000000000 0.01939803431079198739
0.00000000000000000000 0.01945050537587304437
0.00000000000000000000 0.01951640202615764763
0.00000000000000000000 0.01956908033470586630
0.00000000000000000000 0.01957874474117987304
0.00000000000000000000 0.01958866900250205018
0.00000000000000000000 0.01959420517591683661
0.00000000000000000000 0.01965357788719999596
0.00000000000000000000 0.01966402833933136515
0.00000000000000000000 0.01976132341987597851
0.00000000000000000000 0.01976746203482588130
0.00000000000000000000 0.01979949326421506436
0.00000000000000000000 0.01984158855728085716
0.00000000000000000000 0.01988011983904686836
0.00000000000000000000 0.01988717152621041415
0.00000000000000000000 0.01989157699964619677
0.00000000000000000000 0.01989194211805599133
0.00000000000000000000 0.01989993001209634446
0.00000000000000000000 0.01990553895675842636
0.00000000000000000000 0.01995825275991713887
0.00000000000000000000 0.02005143522092819874
0.00000000000000000000 0.02005504008153705109
0.00000000000000000000 0.02005511034866171508
0.00000000000000000000 0.02007557819376774508
0.00000000000000000000 0.02024326405930214692
0.00000000000000000000 0.02026610031817236562
0.00000000000000000000 0.02029247434430715355
0.00000000000000000000 0.02031502651580916960
0.00000000000000000000 0.02033607054915774481
0.00000000000000000000 0.02039511401202454347
0.00000000000000000000 0.02039603163718765530
0.00000000000000000000 0.02040402361381860041
0.00000000000000000000 0.02042922790100952860
0.00000000000000000000 0.02067925425821760463
0.00000000000000000000 0.02087951444973443205
0.00000000000000000000 0.02104131775756194062
0.00000000000000000000 0.02115186831597540631
0.00000000000000000000 0.02116803279606194188
0.00000000000000000000 0.02125227323793510772
0.00000000000000000000 0.02126585130291705830
0.00000000000000000000 0.02132305472939060101
0.00000000000000000000 0.02136828653454850985
0.00000000000000000000 0.02141623169762065654
0.00000000000000000000 0.02141805217381188842
0.00000000000000000000 0.02168385568480193926
0.00000000000000000000 0.02169919129630253768
0.00000000000000000000 0.02174071226825396996
0.00000000000000000000 0.02183606381199390892
0.00000000000000000000 0.02183650771234283902
0.00000000000000000000 0.02184280266291119613
0.00000000000000000000 0.02191462777574535933
0.00000000000000000000 0.02197072628343117381
0.00000000000000000000 0.02201802293420716122
0.00000000000000000000 0.02205399672358719643
0.00000000000000000000 0.02233643007166872044
0.00000000000000000000 0.02238242591451699084
0.00000000000000000000 0.02243887552147590461
0.00000000000000000000 0.02251231146223645410
0.00000000000000000000 0.02265356183739308457
0.00000000000000000000 0.02265402560720258113
0.00000000000000000000 0.02281019852124309064
0.00000000000000000000 0.02288689576722093000
0.00000000000000000000 0.02291375412370491929
0.00000000000000000000 0.02302703361035223981
0.00000000000000000000 0.02304859587506508795
0.00000000000000000000 0.02333316512358396544
0.00000000000000000000 0.02340920915372506766
0.00000000000000000000 0.02350652856754699080
0.00000000000000000000 0.02370136265800796421
0.00000000000000000000 0.02372690381231428239
0.00000000000000000000 0.02384111920976305504
0.00000000000000000000 0.02396403752877570084
0.00000000000000000000 0.02400197594180438279
0.00000000000000000000 0.02403460704044425161
0.00000000000000000000 0.02404518936564076573
0.00000000000000000000 0.02411755281002474563
0.00000000000000000000 0.02422383701649940407
0.00000000000000000000 0.02429584760077261804
0.00000000000000000000 0.02432004310271690742
0.00000000000000000000 0.02435700129513286225
0.00000000000000000000 0.02436521582500630195
0.00000000000000000000 0.02441388815223407421
0.00000000000000000000 0.02442748411373978079
0.00000000000000000000 0.02445155636656978423
0.00000000000000000000 0.02452236996361746926
0.00000000000000000000 0.02470199184483762994
0.00000000000000000000 0.02472799141914713839
0.00000000000000000000 0.02473719488488957535
0.00000000000000000000 0.02476140316689128679
0.00000000000000000000 0.02494891388433467458
0.00000000000000000000 0.02515758930804171123
0.00000000000000000000 0.02516228206144642543
0.00000000000000000000 0.02522843682579636870
0.00000000000000000000 0.02525069036971869588
0.00000000000000000000 0.02525090029031427930
0.00000000000000000000 0.02544203627285726577
0.00000000000000000000 0.02548410939876965056
0.00000000000000000000 0.02553091130619101687
0.00000000000000000000 0.02562346446715073334
0.00000000000000000000 0.02570921048894839883
0.00000000000000000000 0.02572094951058179549
0.00000000000000000000 0.02577649390838582591
0.00000000000000000000 0.02578914159937043676
0.00000000000000000000 0.02580073848641480094
0.00000000000000000000 0.02593917451998683718
0.00000000000000000000 0.02609635421602196984
0.00000000000000000000 0.02614390036231951930
0.00000000000000000000 0.02616017793291422477
0.00000000000000000000 0.02626035112384968520
0.00000000000000000000 0.02639636598178900229
0.00000000000000000000 0.02642832663996474638
0.00000000000000000000 0.02661438517245647700
0.00000000000000000000 0.02662740412537065171
0.00000000000000000000 0.02666271390219979859
0.00000000000000000000 0.02668785433048609032
0.00000000000000000000 0.02669268234084537852
0.00000000000000000000 0.02673421772605204597
0.00000000000000000000 0.02673452879556861145
0.00000000000000000000 0.02674337691811656120
0.00000000000000000000 0.02702014133481392757
0.00000000000000000000 0.02723702791300258025
0.00000000000000000000 0.02726912023291193712
0.00000000000000000000 0.02736537716550625082
0.00000000000000000000 0.02740853700914322108
0.00000000000000000000 0.02745045775323942672
0.00000000000000000000 0.02745789159917998504
0.00000000000000000000 0.02766196549232358137
0.00000000000000000000 0.02777253524078149294
0.00000000000000000000 0.02780208616475914399
0.00000000000000000000 0.02785234153830729031
0.00000000000000000000 0.02788860941591961295
0.00000000000000000000 0.02821437423866710037
0.00000000000000000000 0.02829169020929964140
0.00000000000000000000 0.02841170904256527102
0.00000000000000000000 0.02844553351661500626
0.00000000000000000000 0.02845517319022216468
0.00000000000000000000 0.02846002917045614353
0.00000000000000000000 0.02849573799612356920
0.00000000000000000000 0.02851256841960026975
0.00000000000000000000 0.02856343771376634866
0.00000000000000000000 0.02860497134036532607
0.00000000000000000000 0.02871677089938750455
0.00000000000000000000 0.02876940864346307081
0.00000000000000000000 0.02882404909355277753
0.00000000000000000000 0.02884073315705740215
0.00000000000000000000 0.02887743170225713640
0.00000000000000000000 0.02891153348708102103
0.00000000000000000000 0.02909563038588185158
0.00000000000000000000 0.02911105685934904305
0.00000000000000000000 0.02912299491097553733
0.00000000000000000000 0.02933326013483170819
0.00000000000000000000 0.02934092546989059205
0.00000000000000000000 0.02942432123288986345
0.00000000000000000000 0.02948610515703773555
0.00000000000000000000 0.02953077954479434164
0.00000000000000000000 0.02953820748429710971
0.00000000000000000000 0.02972378421705899887
0.00000000000000000000 0.02973245868208300099
0.00000000000000000000 0.02973882201492897281
0.00000000000000000000 0.02981711593509004526
0.00000000000000000000 0.02982095527692772002
0.00000000000000000000 0.02986201507097573787
0.00000000000000000000 0.02989047691281088506
0.00000000000000000000 0.03004883992431459788
0.00000000000000000000 0.03009340463822727726
0.00000000000000000000 0.03015117068005090592
0.00000000000000000000 0.03016983545684503304
0.00000000000000000000 0.03018994795740051820
0.00000000000000000000 0.03043788043125401910
0.00000000000000000000 0.03046418309690009096
0.00000000000000000000 0.03057527566103511799
0.00000000000000000000 0.03069138716255842558
0.00000000000000000000 0.03076491545011316928
0.00000000000000000000 0.03084220165971290201
0.00000000000000000000 0.03086050489964534821
0.00000000000000000000 0.03100134437715685101
0.00000000000000000000 0.03103438502713541658
0.00000000000000000000 0.03105874275009906649
0.00000000000000000000 0.03129238528955637783
0.00000000000000000000 0.03155008981315023109
0.00000000000000000000 0.03157509780552237438
0.00000000000000000000 0.03160406301952847080
0.00000000000000000000 0.03166794954642875026
0.00000000000000000000 0.03198855697019129668
0.00000000000000000000 0.03204519033639896541
0.00000000000000000000 0.03206980125078492255
0.00000000000000000000 0.03219397761091180588
0.00000000000000000000 0.03233539258742288564
0.00000000000000000000 0.03251446349034868566
0.00000000000000000000 0.03269318374173074693
0.00000000000000000000 0.03271420965054464697
0.00000000000000000000 0.03273351945516329853
0.00000000000000000000 0.03324056199252888727
0.00000000000000000000 0.03324504827356122849
0.00000000000000000000 0.03333020453367725733
0.00000000000000000000 0.03333792412189772597
0.00000000000000000000 0.03335854234992115253
0.00000000000000000000 0.03351976910185832520
0.00000000000000000000 0.03380650038656182743
0.00000000000000000000 0.03380852366440775802
0.00000000000000000000 0.03391672593620561477
0.00000000000000000000 0.03393009475898728367
0.00000000000000000000 0.03405243757280101286
0.00000000000000000000 0.03406484815690889040
0.00000000000000000000 0.03435739254621871658
0.00000000000000000000 0.03440008153116319578
0.00000000000000000000 0.03444590247942999617
0.00000000000000000000 0.03446789487119963219
0.00000000000000000000 0.03450520707392760317
0.00000000000000000000 0.03455437985499098391
0.00000000000000000000 0.03481398555041771703
0.00000000000000000000 0.03486330954498412238
0.00000000000000000000 0.03503186652547597701
0.00000000000000000000 0.03506518263771610244
0.00000000000000000000 0.03524321025295382853
0.00000000000000000000 0.03535912181789103992
0.00000000000000000000 0.03541238221940114228
0.00000000000000000000 0.03542296564440886031
0.00000000000000000000 0.03542645657126122088
0.00000000000000000000 0.03552043566904380945
0.00000000000000000000 0.03561947481213299099
0.00000000000000000000 0.03584853073790399830
0.00000000000000000000 0.03612191901941941979
0.00000000000000000000 0.03627096281836873770
0.00000000000000000000 0.03643808509968902987
0.00000000000000000000 0.03666252842169933496
0.00000000000000000000 0.03668937495437886442
0.00000000000000000000 0.03692657470872580394
0.00000000000000000000 0.03698765182983120708
0.00000000000000000000 0.03739245215976071818
0.00000000000000000000 0.03756742579064668158
0.00000000000000000000 0.03777982586074903060
0.00000000000000000000 0.03784576552463637944
0.00000000000000000000 0.03800471053046644565
0.00000000000000000000 0.03843307751805845329
0.00000000000000000000 0.03872548842579752459
0.00000000000000000000 0.03881855896563268099
0.00000000000000000000 0.03972585607615668896
0.00000000000000000000 0.04008195668085746260
0.00000000000000000000 0.04010348623723594685
0.00000000000000000000 0.04048581306257034024
0.00000000000000000000 0.04054722522123799244
0.00000000000000000000 0.04099992117941003711
0.00000000000000000000 0.04128083087091468512
0.00000000000000000000 0.04146009542342501270
0.00000000000000000000 0.04168937987169837878
0.00000000000000000000 0.04191038106732720980
0.00000000000000000000 0.04207809641102297493
0.00000000000000000000 0.04231955158354729074
0.00000000000000000000 0.04249450241065227951
0.00000000000000000000 0.04264883989089428284
0.00000000000000000000 0.04273124183579828095
0.00000000000000000000 0.04279721050637497887
0.00000000000000000000 0.04281205748836222624
0.00000000000000000000 0.04307380260742783851
0.00000000000000000000 0.04312157562012355894
0.00000000000000000000 0.04320426501722424151
0.00000000000000000000 0.04336778955927154261
0.00000000000000000000 0.04362449213759758693
0.00000000000000000000 0.04380515384953823088
0.00000000000000000000 0.04429291835429329666
0.00000000000000000000 0.04441190591759302392
0.00000000000000000000 0.04446414808847587441
0.00000000000000000000 0.04496299565443070967
0.00000000000000000000 0.04544456317317758370
0.00000000000000000000 0.04553896042647662123
0.00000000000000000000 0.04564699812398099327
0.00000000000000000000 0.04571334448704317266
0.00000000000000000000 0.04706756593676415801
0.00000000000000000000 0.04850332594339742953
0.00000000000000000000 0.05014776729016277856
0.00000000000000000000 0.05028244283826694555
0.00000000000000000000 0.05050887673953922963
0.00000000000000000000 0.05074311188271320855
0.00000000000000000000 0.05203134944040598703
0.00000000000000000000 0.05210789284707730007
0.00000000000000000000 0.05242098726355243210
0.00000000000000000000 0.05312843285720147968
0.00000000000000000000 0.05491984006294184373
0.00000000000000000000 0.05557450737701663535
0.00000000000000000000 0.05608202697404913312
0.00000000000000000000 0.05826373864571685740
0.00000000000000000000 0.05920199424896294832
0.00000000000000000000 0.05968022020795653304
0.00000000000000000000 0.06209333639905635638
0.00000000000000000000 0.06311569031056162016
0.00000000000000000000 0.06560680727077501662
0.00000000000000000000 0.06588320336922001697
0.00000000000000000000 0.06685023908615375654
0.00000000000000000000 1.73205080756887719318
