0.00878217011558449223 0.00900238103728020003
0.00861264452523080072 0.00983341591719312513
0.01015430334843858001 0.01017683519044474891
0.00977765652769457122 0.01129389701533097499
0.00845893167912044157 0.01145304008472616993
0.00931777393721299266 0.01171005244579507651
0.01023771076728946343 0.01190998203956838628
0.00891512878803119892 0.01197071724528162365
0.01105898440925082160 0.01205218015009349754
0.01150645991392105182 0.01214702874472809065
0.01161745620218380438 0.01252930366042075659
0.01276645932979916798 0.01278250134299232371
0.01250883450609473029 0.01282525774118200082
0.01224472167555049930 0.01291132101733935729
0.01216902181700245736 0.01316388372166398153
0.01107343461048432981 0.01330402350651874351
0.01156620122870985999 0.01331776748457876719
0.01061214516218986215 0.01342763557375644019
0.01326523853419118472 0.01356927212439770769
0.01236756183571041841 0.01356927212439770769
0.01075764858060055014 0.01360689835692459673
0.01011965137918993847 0.01384890334144411525
0.01094524214293073061 0.01389676114886508572
0.01356286222837115030 0.01399549574584683931
0.01132717176382115089 0.01402247116763568648
0.01262135888409822958 0.01408386544757887944
0.01344104737733511044 0.01432879439249307510
0.01251788454249684775 0.01433588754899866625
0.01404905327203918690 0.01456714371163720864
0.01327961122903652605 0.01465547909081037388
0.01420233745889324523 0.01482242356236913514
0.01181101920293569849 0.01486480626995370473
0.01406724534936797111 0.01494061233046219996
0.01452915204295560439 0.01494827238616308618
0.01391098940861025535 0.01500938663238597648
0.01505128117733837978 0.01514430065991030291
0.01385450899210879071 0.01516327360191220899
0.01111341019212792533 0.01520501158134652565
0.01471670309807769986 0.01550935002376938911
0.01386351564416721596 0.01556190557663137200
0.01534011845583698776 0.01573311255084794760
0.01451356451434205122 0.01573311255084794760
0.01491419411983563488 0.01582501604346432666
0.01522887566727916704 0.01587974361852039981
0.01335159968206988540 0.01605869479094283042
0.01360093039811997688 0.01611489499477420859
0.01572169731432449327 0.01615195640997183629
0.01312866808966923517 0.01616772552417260547
0.01500082464651533200 0.01621616821874448389
0.01358591622230285491 0.01629473682372811413
0.01401190393164459050 0.01632668566366709054
0.01543635485898410195 0.01646458310147749793
0.01403358515263772310 0.01648912351595439515
0.01565892040330801177 0.01660865181328069484
0.01450487467734144428 0.01668288639800562939
0.01304308943794299513 0.01671554337752242936
0.01253114397681414326 0.01689291248186386429
0.01474627403617110449 0.01697326298825814830
0.01321456728896632134 0.01701370307220688091
0.01689292288693026306 0.01702046464289888594
0.01180125642562492895 0.01703291420298656475
0.01276436846326292444 0.01710605531849402131
0.01490729959880177785 0.01718603099596948194
0.01409130638079352654 0.01722077539826011305
0.01435614615976848508 0.01722696339247072050
0.01466858843871636162 0.01722716279103578274
0.01602609057545718516 0.01724626354281777810
0.01566492659867345025 0.01740373923618905930
0.01645778731792369928 0.01758875504440041843
0.01360277975154496055 0.01760654140262844780
0.01658962285978963017 0.01764398939504736169
0.01586222439048734847 0.01774889947865616879
0.01518297179175979485 0.01775698524850847018
0.01713417428167448436 0.01791810008004365504
0.01328039594894797094 0.01794782750375594621
0.01748734831898720102 0.01802598542016344355
0.01490878491499754259 0.01810074555310339783
0.01796952428547180652 0.01831884467220857432
0.01758311505811848210 0.01839548052379646331
0.01283112955595639391 0.01839815738175341192
0.01712845007929302346 0.01845798643861752339
0.01388111739781920477 0.01850050121280084198
0.01585053380898602052 0.01890070597643366337
0.01769070238330227793 0.01923135278000274659
0.01285300890413964593 0.01947771385369793939
0.01928004936568629077 0.01950283406679449369
0.01732557248651189763 0.01965028882562600693
0.01888111396463731245 0.01976704603473357358
0.01886470394842231293 0.01985031556274603065
0.01596431388160734002 0.01990627029803325801
0.01971894122090854864 0.01995162963361342412
0.01845213939168174194 0.02007777493840307015
0.01933622027895365997 0.02008427418363569611
0.01981749205036153691 0.02025376034400797748
0.01450801079760837865 0.02025827374545376494
0.01294946093545645480 0.02028567119714004205
0.01810208457645434005 0.02029397113017373383
0.01651016347185396693 0.02032544390592696745
0.02045402896571180823 0.02062293879607339162
0.01820005834574265485 0.02073895541886202135
0.02034768075968521397 0.02074300527674575664
0.01835594871753052845 0.02081931940884760093
0.01611359329331476034 0.02087055014771987613
0.01782639943493177434 0.02090947717856965482
0.01845720866144844388 0.02094207917896238197
0.01969507902059103310 0.02112907553068424718
0.02015332800548700481 0.02131186461561329973
0.01513544666242536835 0.02135676201367629062
0.02085452988225195217 0.02141419213397944762
0.02091619709372970551 0.02148159884434621553
0.01943995832574081997 0.02148942815806780329
0.01732297207185675564 0.02150283952997200307
0.01448394035641798437 0.02151886888773781037
0.02150127635789084862 0.02167666588890628659
0.02116427904454009495 0.02202218671579516882
0.02055130505315085065 0.02203328937940452620
0.02026169212656549548 0.02216851986048482687
0.02177154985286011701 0.02240298094358897027
0.01990722169175411504 0.02255089484148573367
0.01946135948866390894 0.02281589763818614447
0.01773784630013013411 0.02289779464560049924
0.02249230521330118290 0.02296356159081600068
0.02262114996187823343 0.02309879863536703354
0.01766290027296859438 0.02310804020594917074
0.02043853828133883679 0.02316051853293818116
0.02034072347597880304 0.02317917445154761211
0.02145499726641596216 0.02347481961709640963
0.01991121351828565797 0.02405528099930266672
0.02154383627879209728 0.02444753031311582697
0.01659091780483521600 0.02450681739917565452
0.02107056916557608489 0.02450704032196545853
0.02304677744515497978 0.02465788457556847973
0.02243175987457428702 0.02465788457556847973
0.02197868575139478101 0.02474734888243726103
0.02080901488222211548 0.02479593091093058171
0.02305084464912631609 0.02484235995614558420
0.02507761720907475747 0.02509656520344732966
0.02432518280493009555 0.02513419571238112438
0.02493370671785917828 0.02520825376459712511
0.02595887250305099758 0.02634148603044960193
0.02622418472915103924 0.02635376501426670362
0.02670708377614300008 0.02680563602307595161
0.02639203893944017110 0.02682221918546444372
0.02342428205895615706 0.02685580124676407651
0.02654934199881140225 0.02692430142249503319
0.02496244356858290034 0.02728855372723427292
0.02283792898671076904 0.02735679204333960404
0.02430722906287191565 0.02738662913289614462
0.02581409020438346635 0.02739836499399533887
0.02541917504917279302 0.02758516085886065713
0.02757499379352513352 0.02760135625927555986
0.02451408963637881355 0.02900681891716300198
0.02291117334808912345 0.02903432310639026889
0.02152106071648641691 0.02945759100581614096
0.01914031894390216468 0.02967230269250659483
0.02915515208967068075 0.02985505462125863374
0.02645435681520881196 0.03022298024801635397
0.02703640396168407317 0.03023976823566250360
0.03024942014987214156 0.03038287516127871624
0.02701386457110832931 0.03079866403260157065
0.02208163259293226613 0.03121120270335765376
0.02472996533453107951 0.03270537159519551484
0.02764466036613030461 0.03293591317104323929
0.02373074328376586009 0.03602564040936585138
0.03566310370416687914 0.03619988443230164055
0.03490106596643194337 0.03702748791841874859
0.03599508213157236181 0.03737069575652166020
0.03666047013928808856 0.03855301765550908644
0.03641587867475436224 0.03918216005117905465
0.03083529433249739687 0.03968692816129621576
0.03859670156072637914 0.04245245168219534404
0.04436229517363429048 0.04495763479402366258
0.05377267173128848915 0.05948865141485962238
0.06690586624024703888 0.06893902512437632968
