0.00000000000000000000 0.02188133703260687624
0.00000000000000000000 0.02244170346693124055
0.00000000000000000000 0.02382288753433470241
0.00000000000000000000 0.02587686333506212036
0.00000000000000000000 0.02939206792522780498
0.00000000000000000000 0.03218365883481938416
0.00000000000000000000 0.03377704627401058313
0.00000000000000000000 0.03386712038551781268
0.00000000000000000000 0.03431795377726235691
0.00000000000000000000 0.03725466905859354388
0.00000000000000000000 0.03815048188064167761
0.00000000000000000000 0.03898674874410327368
0.00000000000000000000 0.04181055696086131979
0.00000000000000000000 0.04247956497534390724
0.00000000000000000000 0.04289460977154925525
0.00000000000000000000 0.04315012344472411027
0.00000000000000000000 0.04458568806765852988
0.00000000000000000000 0.04468897908970319993
0.00000000000000000000 0.04614383054211303875
0.00000000000000000000 0.04714524201716238649
0.00000000000000000000 0.04810002128324683546
0.00000000000000000000 0.04812466529502207324
0.00000000000000000000 0.04865321139514011684
0.00000000000000000000 0.04907307369869137043
0.00000000000000000000 0.04923093236517729621
0.00000000000000000000 0.04960045374665203455
0.00000000000000000000 0.04980228279927196439
0.00000000000000000000 0.05025850037965538114
0.00000000000000000000 0.05137162012354725554
0.00000000000000000000 0.05154310403107324051
0.00000000000000000000 0.05279378200046202368
0.00000000000000000000 0.05336796514404686109
0.00000000000000000000 0.05346855230269914605
0.00000000000000000000 0.05403313835369322193
0.00000000000000000000 0.05471608646073499588
0.00000000000000000000 0.05524243011748208865
0.00000000000000000000 0.05529677756510969350
0.00000000000000000000 0.05559191646678825205
0.00000000000000000000 0.05685419510666193249
0.00000000000000000000 0.05737064392328225515
0.00000000000000000000 0.05767868138510224424
0.00000000000000000000 0.05789656278783417154
0.00000000000000000000 0.05880493239927919724
0.00000000000000000000 0.05884539196924406385
0.00000000000000000000 0.05968017610229080921
0.00000000000000000000 0.05971539367352003691
0.00000000000000000000 0.05993330141207280776
0.00000000000000000000 0.05993883389137585893
0.00000000000000000000 0.06047175365773783257
0.00000000000000000000 0.06057545231379998091
0.00000000000000000000 0.06177978483216799849
0.00000000000000000000 0.06180913809975677187
0.00000000000000000000 0.06200332281788086680
0.00000000000000000000 0.06218583566521405231
0.00000000000000000000 0.06351100561387218457
0.00000000000000000000 0.06355419522381712538
0.00000000000000000000 0.06464498530407077059
0.00000000000000000000 0.06545533581963272618
0.00000000000000000000 0.06573893778024553214
0.00000000000000000000 0.06584607266007502790
0.00000000000000000000 0.06597325306098569819
0.00000000000000000000 0.06634857554106086963
0.00000000000000000000 0.06653143641417672005
0.00000000000000000000 0.06666167015335217050
0.00000000000000000000 0.06680165063223508781
0.00000000000000000000 0.06696292457356838035
0.00000000000000000000 0.06751337825333784959
0.00000000000000000000 0.06818760001760608425
0.00000000000000000000 0.06821001165436656188
0.00000000000000000000 0.06856076727098010803
0.00000000000000000000 0.06873742520084231977
0.00000000000000000000 0.06957943926817758418
0.00000000000000000000 0.06994229076662887568
0.00000000000000000000 0.06994936816085182973
0.00000000000000000000 0.07027740696101016094
0.00000000000000000000 0.07052783028977950563
0.00000000000000000000 0.07147686373308499708
0.00000000000000000000 0.07151724302389550481
0.00000000000000000000 0.07197515328835150938
0.00000000000000000000 0.07232602268989606065
0.00000000000000000000 0.07245697478380028200
0.00000000000000000000 0.07247487305983132955
0.00000000000000000000 0.07396062540000837571
0.00000000000000000000 0.07396476987478349530
0.00000000000000000000 0.07406641996220257596
0.00000000000000000000 0.07510672330294826393
0.00000000000000000000 0.07524167498319826730
0.00000000000000000000 0.07526782300934975467
0.00000000000000000000 0.07552125844566187629
0.00000000000000000000 0.07568110435220520849
0.00000000000000000000 0.07591121965388761272
0.00000000000000000000 0.07598217949598858045
0.00000000000000000000 0.07610895676507004048
0.00000000000000000000 0.07657255463670574469
0.00000000000000000000 0.07664437846530307297
0.00000000000000000000 0.07680870280141785522
0.00000000000000000000 0.07699802856538214002
0.00000000000000000000 0.07718811750007403827
0.00000000000000000000 0.07737445729373194914
0.00000000000000000000 0.07741704713669729510
0.00000000000000000000 0.07766054106995108619
0.00000000000000000000 0.07795668002044184308
0.00000000000000000000 0.07808075461467682554
0.00000000000000000000 0.07819010507366504215
0.00000000000000000000 0.07851200291720733526
0.00000000000000000000 0.07852072223716342891
0.00000000000000000000 0.07856449296130400828
0.00000000000000000000 0.07860850931249444007
0.00000000000000000000 0.07914616980220226528
0.00000000000000000000 0.07924360801008908939
0.00000000000000000000 0.07954136876898393327
0.00000000000000000000 0.07995077078887631583
0.00000000000000000000 0.08009824251857851352
0.00000000000000000000 0.08068027710822375798
0.00000000000000000000 0.08155480819634010337
0.00000000000000000000 0.08162202706314429512
0.00000000000000000000 0.08187080821075325143
0.00000000000000000000 0.08203276398391189106
0.00000000000000000000 0.08222313850479351371
0.00000000000000000000 0.08228023891685515290
0.00000000000000000000 0.08238745505937730695
0.00000000000000000000 0.08267191906149046199
0.00000000000000000000 0.08280575788132349402
0.00000000000000000000 0.08280743031535289789
0.00000000000000000000 0.08323491297369632613
0.00000000000000000000 0.08331752606373477033
0.00000000000000000000 0.08343896531146871576
0.00000000000000000000 0.08351379902979945424
0.00000000000000000000 0.08421820349871410316
0.00000000000000000000 0.08444574819048705772
0.00000000000000000000 0.08447231061156462717
0.00000000000000000000 0.08455977777104750626
0.00000000000000000000 0.08590839787346171708
0.00000000000000000000 0.08601746410935226517
0.00000000000000000000 0.08606087285033987844
0.00000000000000000000 0.08621861122183867299
0.00000000000000000000 0.08634555851106576196
0.00000000000000000000 0.08681375980082324528
0.00000000000000000000 0.08718104091603388894
0.00000000000000000000 0.08747564118178167980
0.00000000000000000000 0.08752715066559631218
0.00000000000000000000 0.08753348263478438751
0.00000000000000000000 0.08779997155786409269
0.00000000000000000000 0.08788101134347771348
0.00000000000000000000 0.08819387037414794239
0.00000000000000000000 0.08863569791061229330
0.00000000000000000000 0.08933027564242287943
0.00000000000000000000 0.08940616349080000858
0.00000000000000000000 0.08947669866559096463
0.00000000000000000000 0.08953370130197411958
0.00000000000000000000 0.08959931626080828992
0.00000000000000000000 0.08970155437426748091
0.00000000000000000000 0.08987170714350317668
0.00000000000000000000 0.09038924034679980679
0.00000000000000000000 0.09044162377657820329
0.00000000000000000000 0.09048100175473391960
0.00000000000000000000 0.09133798577025292742
0.00000000000000000000 0.09148656118760085942
0.00000000000000000000 0.09177144998584142732
0.00000000000000000000 0.09224474336010293762
0.00000000000000000000 0.09239926452417879243
0.00000000000000000000 0.09240244054539729912
0.00000000000000000000 0.09259958172933537013
0.00000000000000000000 0.09282136280779709758
0.00000000000000000000 0.09321152789178001330
0.00000000000000000000 0.09361634528901778551
0.00000000000000000000 0.09362178083226842251
0.00000000000000000000 0.09400103140346457997
0.00000000000000000000 0.09408136212131300302
0.00000000000000000000 0.09437991653514682389
0.00000000000000000000 0.09439416043400401801
0.00000000000000000000 0.09456482179948123845
0.00000000000000000000 0.09527626530030457175
0.00000000000000000000 0.09544405341664502496
0.00000000000000000000 0.09548303520302255099
0.00000000000000000000 0.09577492727554372254
0.00000000000000000000 0.09581509898223450339
0.00000000000000000000 0.09581629674780102468
0.00000000000000000000 0.09586610196909287063
0.00000000000000000000 0.09613352204816248692
0.00000000000000000000 0.09625850308611684503
0.00000000000000000000 0.09632358552196276791
0.00000000000000000000 0.09658680165515207139
0.00000000000000000000 0.09680173104111845783
0.00000000000000000000 0.09683744101330525600
0.00000000000000000000 0.09721915573355585649
0.00000000000000000000 0.09765672865687875792
0.00000000000000000000 0.09803540395994912726
0.00000000000000000000 0.09854285169741870687
0.00000000000000000000 0.09857818720513811250
0.00000000000000000000 0.09871659413195302268
0.00000000000000000000 0.09878569309743769067
0.00000000000000000000 0.09918568829143660504
0.00000000000000000000 0.09931345338064681560
0.00000000000000000000 0.09951250648861276193
0.00000000000000000000 0.09996103427682619114
0.00000000000000000000 0.09999186605598542332
0.00000000000000000000 0.10060422292949196266
0.00000000000000000000 0.10079623155782660437
0.00000000000000000000 0.10095022952277381278
0.00000000000000000000 0.10098720994757454106
0.00000000000000000000 0.10141417672401722982
0.00000000000000000000 0.10170917946489078931
0.00000000000000000000 0.10172785825181984709
0.00000000000000000000 0.10175372844127797411
0.00000000000000000000 0.10204216826156677078
0.00000000000000000000 0.10205361851505242998
0.00000000000000000000 0.10235273447006958125
0.00000000000000000000 0.10295115629504447696
0.00000000000000000000 0.10345585960881566179
0.00000000000000000000 0.10349122822822424961
0.00000000000000000000 0.10350359047284317382
0.00000000000000000000 0.10360998463467326058
0.00000000000000000000 0.10434137714846809797
0.00000000000000000000 0.10446460488284553536
0.00000000000000000000 0.10476226685273686001
0.00000000000000000000 0.10500903206980377602
0.00000000000000000000 0.10503747748203448587
0.00000000000000000000 0.10528564130688738976
0.00000000000000000000 0.10575354652746447870
0.00000000000000000000 0.10590521929110388588
0.00000000000000000000 0.10606920714516326898
0.00000000000000000000 0.10630315487252904594
0.00000000000000000000 0.10672963438202801023
0.00000000000000000000 0.10673784845030474810
0.00000000000000000000 0.10685486384789463776
0.00000000000000000000 0.10701977272109880479
0.00000000000000000000 0.10752215087707513164
0.00000000000000000000 0.10762855028843312799
0.00000000000000000000 0.10812472508823123274
0.00000000000000000000 0.10834813346459680472
0.00000000000000000000 0.10865975238394964819
0.00000000000000000000 0.10875417063100779880
0.00000000000000000000 0.10886213394221187778
0.00000000000000000000 0.10909440257696546850
0.00000000000000000000 0.10920414775582222566
0.00000000000000000000 0.10922696205805131064
0.00000000000000000000 0.10941463373461118858
0.00000000000000000000 0.10950201639278892007
0.00000000000000000000 0.10967846668472208682
0.00000000000000000000 0.11009672599826141048
0.00000000000000000000 0.11027083302592964598
0.00000000000000000000 0.11074452096510897792
0.00000000000000000000 0.11095177374503956136
0.00000000000000000000 0.11119634898575161963
0.00000000000000000000 0.11123125845365199049
0.00000000000000000000 0.11153614705388352479
0.00000000000000000000 0.11155258915930657548
0.00000000000000000000 0.11203597568292281150
0.00000000000000000000 0.11220001416331452926
0.00000000000000000000 0.11247044230513555951
0.00000000000000000000 0.11251782455832362584
0.00000000000000000000 0.11274729062478121289
0.00000000000000000000 0.11290622643487945032
0.00000000000000000000 0.11311505157919640729
0.00000000000000000000 0.11325347202298813309
0.00000000000000000000 0.11326476679326552555
0.00000000000000000000 0.11344457923376449759
0.00000000000000000000 0.11348860972203672626
0.00000000000000000000 0.11392140177302226278
0.00000000000000000000 0.11402941631324224614
0.00000000000000000000 0.11408331489384025692
0.00000000000000000000 0.11429728336995410853
0.00000000000000000000 0.11470387759297924479
0.00000000000000000000 0.11496540179633099599
0.00000000000000000000 0.11520189029499984523
0.00000000000000000000 0.11547371787907244334
0.00000000000000000000 0.11596842844499570535
0.00000000000000000000 0.11610836524824467986
0.00000000000000000000 0.11707646028169735319
0.00000000000000000000 0.11743455175233348531
0.00000000000000000000 0.11753687747924591867
0.00000000000000000000 0.11836238819621484886
0.00000000000000000000 0.11863967517008891517
0.00000000000000000000 0.11898349967483368150
0.00000000000000000000 0.11942836991133425062
0.00000000000000000000 0.11970121409036346694
0.00000000000000000000 0.12028537867097520431
0.00000000000000000000 0.12032615522928931384
0.00000000000000000000 0.12059231843613495150
0.00000000000000000000 0.12060928986846709832
0.00000000000000000000 0.12081099086734338466
0.00000000000000000000 0.12109638462481414622
0.00000000000000000000 0.12153758193120209330
0.00000000000000000000 0.12165725180199131461
0.00000000000000000000 0.12206917252423780951
0.00000000000000000000 0.12219764874362615270
0.00000000000000000000 0.12228060226018981627
0.00000000000000000000 0.12230254046963003056
0.00000000000000000000 0.12306474277994695898
0.00000000000000000000 0.12346561822253729335
0.00000000000000000000 0.12388086764431649467
0.00000000000000000000 0.12435237803844249871
0.00000000000000000000 0.12454629804999718667
0.00000000000000000000 0.12458463931679718273
0.00000000000000000000 0.12464936980787172383
0.00000000000000000000 0.12504093797192700199
0.00000000000000000000 0.12517532859244492882
0.00000000000000000000 0.12533191102801477523
0.00000000000000000000 0.12537797396682726081
0.00000000000000000000 0.12605870920577755268
0.00000000000000000000 0.12615561998181029635
0.00000000000000000000 0.12675641296137268865
0.00000000000000000000 0.12688030790289239746
0.00000000000000000000 0.12702543284261103018
0.00000000000000000000 0.12729633921609911917
0.00000000000000000000 0.12738766323511008238
0.00000000000000000000 0.12739115888395854959
0.00000000000000000000 0.12803229855756984024
0.00000000000000000000 0.12807453821437134178
0.00000000000000000000 0.12813570775595692353
0.00000000000000000000 0.12899538906087315571
0.00000000000000000000 0.12905229293896758325
0.00000000000000000000 0.12910006150490985211
0.00000000000000000000 0.12935748413373357457
0.00000000000000000000 0.12940079433634568695
0.00000000000000000000 0.12984580860099889654
0.00000000000000000000 0.13007592227051539835
0.00000000000000000000 0.13015467096368521505
0.00000000000000000000 0.13019687096762097567
0.00000000000000000000 0.13048654707296150623
0.00000000000000000000 0.13055064287458167938
0.00000000000000000000 0.13102781237578570162
0.00000000000000000000 0.13130994105778651115
0.00000000000000000000 0.13185563219014123648
0.00000000000000000000 0.13188964523558419084
0.00000000000000000000 0.13223995543400984820
0.00000000000000000000 0.13228913599365604847
0.00000000000000000000 0.13230968579902405158
0.00000000000000000000 0.13272469110271581383
0.00000000000000000000 0.13305918753144696520
0.00000000000000000000 0.13319440728446391153
0.00000000000000000000 0.13362506161945594818
0.00000000000000000000 0.13434596304563697911
0.00000000000000000000 0.13440991100339946818
0.00000000000000000000 0.13449036975730049859
0.00000000000000000000 0.13477367747227314565
0.00000000000000000000 0.13547688060313600733
0.00000000000000000000 0.13567663193717807713
0.00000000000000000000 0.13574968813216478636
0.00000000000000000000 0.13640517894753315109
0.00000000000000000000 0.13696743710156342178
0.00000000000000000000 0.13708338593217520018
0.00000000000000000000 0.13749255498206058856
0.00000000000000000000 0.13775608732563771053
0.00000000000000000000 0.13781560508720050451
0.00000000000000000000 0.13799983359473683153
0.00000000000000000000 0.13898273680068767844
0.00000000000000000000 0.13899860324148871626
0.00000000000000000000 0.13992982897957448318
0.00000000000000000000 0.14026838584306461355
0.00000000000000000000 0.14061525819831477424
0.00000000000000000000 0.14078927482923353498
0.00000000000000000000 0.14084068184617376529
0.00000000000000000000 0.14124161650563543668
0.00000000000000000000 0.14155853531241632814
0.00000000000000000000 0.14171928544607734213
0.00000000000000000000 0.14200191346717860874
0.00000000000000000000 0.14212349039077834534
0.00000000000000000000 0.14225777619564505816
0.00000000000000000000 0.14232788890441225305
0.00000000000000000000 0.14237375699976495547
0.00000000000000000000 0.14288168132778084063
0.00000000000000000000 0.14317470135283277832
0.00000000000000000000 0.14328921659995466631
0.00000000000000000000 0.14331107495311007360
0.00000000000000000000 0.14358978633307095674
0.00000000000000000000 0.14382836285737582438
0.00000000000000000000 0.14397841274332282002
0.00000000000000000000 0.14398928264115340436
0.00000000000000000000 0.14402650863711230489
0.00000000000000000000 0.14407738874255701655
0.00000000000000000000 0.14486804554244941956
0.00000000000000000000 0.14525866632332906647
0.00000000000000000000 0.14528048663259018891
0.00000000000000000000 0.14535260139733852114
0.00000000000000000000 0.14541066825107606952
0.00000000000000000000 0.14585511614047702578
0.00000000000000000000 0.14628695289697507542
0.00000000000000000000 0.14636100499720280932
0.00000000000000000000 0.14669112930669628292
0.00000000000000000000 0.14708820817472612053
0.00000000000000000000 0.14710320300780202474
0.00000000000000000000 0.14715171282888656057
0.00000000000000000000 0.14715340563989121048
0.00000000000000000000 0.14738661525529994645
0.00000000000000000000 0.14796416016326935372
0.00000000000000000000 0.14810277581313874284
0.00000000000000000000 0.14837681532833318920
0.00000000000000000000 0.14856161668566564282
0.00000000000000000000 0.14865357445433294292
0.00000000000000000000 0.14869971125681491486
0.00000000000000000000 0.14980747534989144465
0.00000000000000000000 0.14982876274139625417
0.00000000000000000000 0.15107297736313721193
0.00000000000000000000 0.15165953636324580600
0.00000000000000000000 0.15207582804030447821
0.00000000000000000000 0.15224222993251185221
0.00000000000000000000 0.15234034390899672817
0.00000000000000000000 0.15236276734319539883
0.00000000000000000000 0.15350919487299125032
0.00000000000000000000 0.15385452953193412551
0.00000000000000000000 0.15431698131066839963
0.00000000000000000000 0.15517802389703924670
0.00000000000000000000 0.15564072939370293680
0.00000000000000000000 0.15614494876969342574
0.00000000000000000000 0.15644196443533134322
0.00000000000000000000 0.15756233025714522222
0.00000000000000000000 0.15787254901866903944
0.00000000000000000000 0.15807876821549618485
0.00000000000000000000 0.15839161159415585112
0.00000000000000000000 0.15841591733543236575
0.00000000000000000000 0.15939902011668241610
0.00000000000000000000 0.15944996898004726305
0.00000000000000000000 0.15998263077327964932
0.00000000000000000000 0.16028776258048299530
0.00000000000000000000 0.16086087208890736955
0.00000000000000000000 0.16113706338546662789
0.00000000000000000000 0.16142087856073417118
0.00000000000000000000 0.16149312071697133342
0.00000000000000000000 0.16180752006751508709
0.00000000000000000000 0.16183828387784801595
0.00000000000000000000 0.16330613587064402026
0.00000000000000000000 0.16351677986421944699
0.00000000000000000000 0.16357183765600893932
0.00000000000000000000 0.16375389198537471103
0.00000000000000000000 0.16396631664916430648
0.00000000000000000000 0.16417062737766377478
0.00000000000000000000 0.16488612170180061423
0.00000000000000000000 0.16522409670252252711
0.00000000000000000000 0.16544921036999063468
0.00000000000000000000 0.16578086944440106887
0.00000000000000000000 0.16579350948817000999
0.00000000000000000000 0.16656556774716665958
0.00000000000000000000 0.16680136787754545891
0.00000000000000000000 0.16683865287394086807
0.00000000000000000000 0.16687430279011922218
0.00000000000000000000 0.16708877276862543759
0.00000000000000000000 0.16744074032453895584
0.00000000000000000000 0.16784168138876079390
0.00000000000000000000 0.16788523772791533184
0.00000000000000000000 0.16813444023740922728
0.00000000000000000000 0.16891143334028260736
0.00000000000000000000 0.16927965174402859194
0.00000000000000000000 0.16936533497542421989
0.00000000000000000000 0.17091877261959417811
0.00000000000000000000 0.17112000669417620768
0.00000000000000000000 0.17124881544950615320
0.00000000000000000000 0.17148574501884919496
0.00000000000000000000 0.17299158666021305364
0.00000000000000000000 0.17317911111382139344
0.00000000000000000000 0.17462839939378504983
0.00000000000000000000 0.17475517381841335074
0.00000000000000000000 0.17544175178362100831
0.00000000000000000000 0.17566450077854450784
0.00000000000000000000 0.17693746129376491938
0.00000000000000000000 0.17703640190220062967
0.00000000000000000000 0.17704930390148415631
0.00000000000000000000 0.17729793644469449276
0.00000000000000000000 0.17743014406586571363
0.00000000000000000000 0.17751148957345527779
0.00000000000000000000 0.17824981791596847258
0.00000000000000000000 0.17936186679506407882
0.00000000000000000000 0.18042558763499713659
0.00000000000000000000 0.18052915455228280006
0.00000000000000000000 0.18075857667185599165
0.00000000000000000000 0.18290826077880939504
0.00000000000000000000 0.18418163920298696867
0.00000000000000000000 0.18444899179470750084
0.00000000000000000000 0.18461484036543399090
0.00000000000000000000 0.18523504672851265340
0.00000000000000000000 0.18645434253843937156
0.00000000000000000000 0.18694204332031702509
0.00000000000000000000 0.18717237588737045684
0.00000000000000000000 0.18846388577740108561
0.00000000000000000000 0.19051072730616888662
0.00000000000000000000 0.19311659800820282773
0.00000000000000000000 0.19453352905222273672
0.00000000000000000000 0.19528381567721894707
0.00000000000000000000 0.19566750328413734517
0.00000000000000000000 0.20096896772769870521
0.00000000000000000000 0.20156871205790860557
0.00000000000000000000 0.20181406131135543047
0.00000000000000000000 0.20425516395359630262
0.00000000000000000000 0.20540534946122535054
0.00000000000000000000 0.20647652663932966610
0.00000000000000000000 0.20889616658445478437
0.00000000000000000000 0.21117842272025560968
0.00000000000000000000 0.21450761263264475631
0.00000000000000000000 0.22057548915291144698
0.00000000000000000000 0.22158696028611488127
0.00000000000000000000 0.22306353983442403499
0.00000000000000000000 0.22469355371944343958
0.00000000000000000000 0.22752244581552466540
0.00000000000000000000 0.22800970429211192547
0.00000000000000000000 0.23648765152697465153
0.00000000000000000000 0.24599810331078617032
0.00000000000000000000 0.27523222177172734781
0.00000000000000000000 0.30244961180733037631
0.00000000000000000000 1.73205080756887719318
