0.00000000000000000000 0.00424203811922070368
0.00000000000000000000 0.00439392548950518803
0.00000000000000000000 0.00510882943447762798
0.00000000000000000000 0.00533919813517298725
0.00000000000000000000 0.00580463387306745862
0.00000000000000000000 0.00591921019816685906
0.00000000000000000000 0.00602109145425461408
0.00000000000000000000 0.00613833595694359118
0.00000000000000000000 0.00615573454729770840
0.00000000000000000000 0.00624925352934384889
0.00000000000000000000 0.00663656091292300510
0.00000000000000000000 0.00722299011230476736
0.00000000000000000000 0.00724455754751398943
0.00000000000000000000 0.00732793598354919938
0.00000000000000000000 0.00737221351247860021
0.00000000000000000000 0.00769644695313244538
0.00000000000000000000 0.00770592989598262081
0.00000000000000000000 0.00781270517589099239
0.00000000000000000000 0.00784346277059881983
0.00000000000000000000 0.00809230327638455968
0.00000000000000000000 0.00853089851998914059
0.00000000000000000000 0.00863742081968966145
0.00000000000000000000 0.00865015795180007485
0.00000000000000000000 0.00927663167726652284
0.00000000000000000000 0.00929028897897602422
0.00000000000000000000 0.00930004446258166084
0.00000000000000000000 0.00941484722797017969
0.00000000000000000000 0.00951491736428813559
0.00000000000000000000 0.00952170546874048056
0.00000000000000000000 0.00955838298731582353
0.00000000000000000000 0.00977863360366338502
0.00000000000000000000 0.00978651547774303347
0.00000000000000000000 0.01015457777686838182
0.00000000000000000000 0.01033263456787217316
0.00000000000000000000 0.01052288568717811047
0.00000000000000000000 0.01066034711627209322
0.00000000000000000000 0.01069753246635539619
0.00000000000000000000 0.01075883142961789676
0.00000000000000000000 0.01079318022562012445
0.00000000000000000000 0.01082239230260039452
0.00000000000000000000 0.01100227947919475181
0.00000000000000000000 0.01110501009602909983
0.00000000000000000000 0.01111579194907030138
0.00000000000000000000 0.01114372947209103966
0.00000000000000000000 0.01117576229303314343
0.00000000000000000000 0.01121904836350556128
0.00000000000000000000 0.01122383055271733258
0.00000000000000000000 0.01124580925550257293
0.00000000000000000000 0.01125598135484572743
0.00000000000000000000 0.01133397157687782500
0.00000000000000000000 0.01133909132057617404
0.00000000000000000000 0.01135076936940042011
0.00000000000000000000 0.01146975934451295760
0.00000000000000000000 0.01158590198709249022
0.00000000000000000000 0.01166118973776364073
0.00000000000000000000 0.01177114644667908057
0.00000000000000000000 0.01185782826666653342
0.00000000000000000000 0.01191901143077694729
0.00000000000000000000 0.01192099951192909617
0.00000000000000000000 0.01196186370754273587
0.00000000000000000000 0.01199621683102927369
0.00000000000000000000 0.01204143073841520972
0.00000000000000000000 0.01205429118213165868
0.00000000000000000000 0.01223441814063141314
0.00000000000000000000 0.01225829650536289922
0.00000000000000000000 0.01229486339018631344
0.00000000000000000000 0.01233026126512897468
0.00000000000000000000 0.01235513226586550453
0.00000000000000000000 0.01236095864453291664
0.00000000000000000000 0.01239374345743255584
0.00000000000000000000 0.01255652621138434941
0.00000000000000000000 0.01261457725175565807
0.00000000000000000000 0.01261830489602204682
0.00000000000000000000 0.01264809749854598105
0.00000000000000000000 0.01271359717295521795
0.00000000000000000000 0.01280317926707978497
0.00000000000000000000 0.01285126546693234062
0.00000000000000000000 0.01285446493875081267
0.00000000000000000000 0.01285767443258466203
0.00000000000000000000 0.01290715437338959756
0.00000000000000000000 0.01291651209279321387
0.00000000000000000000 0.01295954066594436072
0.00000000000000000000 0.01306428134563805167
0.00000000000000000000 0.01308469223565340671
0.00000000000000000000 0.01318665970574704922
0.00000000000000000000 0.01338338678063148365
0.00000000000000000000 0.01341984308867095847
0.00000000000000000000 0.01342154136560009745
0.00000000000000000000 0.01349271350308585068
0.00000000000000000000 0.01357567352278056701
0.00000000000000000000 0.01359038681648819247
0.00000000000000000000 0.01360988820798251023
0.00000000000000000000 0.01371646491314993353
0.00000000000000000000 0.01387368720168647741
0.00000000000000000000 0.01400747693564627014
0.00000000000000000000 0.01410563100376024774
0.00000000000000000000 0.01410851016623461927
0.00000000000000000000 0.01413712425633571398
0.00000000000000000000 0.01416332659126805053
0.00000000000000000000 0.01416663388428623764
0.00000000000000000000 0.01429349074887216291
0.00000000000000000000 0.01429485934448332038
0.00000000000000000000 0.01433149554998886487
0.00000000000000000000 0.01445384944545869549
0.00000000000000000000 0.01450856808822084155
0.00000000000000000000 0.01454821056077941661
0.00000000000000000000 0.01459894479927179370
0.00000000000000000000 0.01465380948428167927
0.00000000000000000000 0.01479232742868099443
0.00000000000000000000 0.01479446906146360610
0.00000000000000000000 0.01486339126415523772
0.00000000000000000000 0.01488216196756890659
0.00000000000000000000 0.01489809144279182450
0.00000000000000000000 0.01492654733963590975
0.00000000000000000000 0.01498924326515591043
0.00000000000000000000 0.01504002386525924058
0.00000000000000000000 0.01510475332967608358
0.00000000000000000000 0.01511266197287562674
0.00000000000000000000 0.01512054112703428536
0.00000000000000000000 0.01532316280382512060
0.00000000000000000000 0.01544212508230216260
0.00000000000000000000 0.01550566899310717832
0.00000000000000000000 0.01555073360978632968
0.00000000000000000000 0.01557198986295265514
0.00000000000000000000 0.01558522451939011767
0.00000000000000000000 0.01558927046660877995
0.00000000000000000000 0.01559670076000170200
0.00000000000000000000 0.01571916484920227175
0.00000000000000000000 0.01574068210884646199
0.00000000000000000000 0.01576591184017632832
0.00000000000000000000 0.01579302083255855818
0.00000000000000000000 0.01580128942188669880
0.00000000000000000000 0.01587302885056100094
0.00000000000000000000 0.01591589134374198078
0.00000000000000000000 0.01592315294335332546
0.00000000000000000000 0.01592669828790096997
0.00000000000000000000 0.01594660230702994036
0.00000000000000000000 0.01594903047068085139
0.00000000000000000000 0.01608921597885239196
0.00000000000000000000 0.01611113293137835314
0.00000000000000000000 0.01616921515264175754
0.00000000000000000000 0.01623960257533767909
0.00000000000000000000 0.01632211576863625002
0.00000000000000000000 0.01634566397157969850
0.00000000000000000000 0.01637141195968403948
0.00000000000000000000 0.01639040035831758682
0.00000000000000000000 0.01642669246449979595
0.00000000000000000000 0.01642701942774774451
0.00000000000000000000 0.01643436808484076417
0.00000000000000000000 0.01647609349625278954
0.00000000000000000000 0.01649449830602639153
0.00000000000000000000 0.01652761045924067140
0.00000000000000000000 0.01653635266499570156
0.00000000000000000000 0.01656076928674626164
0.00000000000000000000 0.01657717468913859349
0.00000000000000000000 0.01662509911659785719
0.00000000000000000000 0.01669712709163070560
0.00000000000000000000 0.01670906699273067703
0.00000000000000000000 0.01676309443489339135
0.00000000000000000000 0.01698058468957962253
0.00000000000000000000 0.01702114200807362809
0.00000000000000000000 0.01717927590397698087
0.00000000000000000000 0.01718408207227324277
0.00000000000000000000 0.01723113228994701401
0.00000000000000000000 0.01723598332094589472
0.00000000000000000000 0.01727514979095385803
0.00000000000000000000 0.01728052566024760456
0.00000000000000000000 0.01735596195347804266
0.00000000000000000000 0.01735917895798410118
0.00000000000000000000 0.01741787626955151533
0.00000000000000000000 0.01747947393272574271
0.00000000000000000000 0.01750055916253057467
0.00000000000000000000 0.01754060635525147432
0.00000000000000000000 0.01764784466685693012
0.00000000000000000000 0.01768164879633526976
0.00000000000000000000 0.01769475403670051072
0.00000000000000000000 0.01770122212195570158
0.00000000000000000000 0.01778545043020472033
0.00000000000000000000 0.01786966609565632247
0.00000000000000000000 0.01787437722723414502
0.00000000000000000000 0.01796323462488619987
0.00000000000000000000 0.01802361382147828900
0.00000000000000000000 0.01806093824979140491
0.00000000000000000000 0.01807062235312080142
0.00000000000000000000 0.01807391714584088635
0.00000000000000000000 0.01813688332230944250
0.00000000000000000000 0.01816771886262440183
0.00000000000000000000 0.01828195528533968842
0.00000000000000000000 0.01828251853806264760
0.00000000000000000000 0.01828555325224274705
0.00000000000000000000 0.01828897173759659253
0.00000000000000000000 0.01835730107495712679
0.00000000000000000000 0.01844397628703950756
0.00000000000000000000 0.01845429773605039916
0.00000000000000000000 0.01846878323810146813
0.00000000000000000000 0.01847762373326941598
0.00000000000000000000 0.01850654128672815993
0.00000000000000000000 0.01857829553837762535
0.00000000000000000000 0.01859077494205326961
0.00000000000000000000 0.01860120555358690461
0.00000000000000000000 0.01862073715093770856
0.00000000000000000000 0.01865678430093089743
0.00000000000000000000 0.01866370466864925720
0.00000000000000000000 0.01870381378440987355
0.00000000000000000000 0.01877460197393844218
0.00000000000000000000 0.01879578440438927148
0.00000000000000000000 0.01888978750581269891
0.00000000000000000000 0.01889543659015652591
0.00000000000000000000 0.01890265758028402895
0.00000000000000000000 0.01891526141403490971
0.00000000000000000000 0.01894123343001686069
0.00000000000000000000 0.01894511814425348453
0.00000000000000000000 0.01900820621886875270
0.00000000000000000000 0.01901102244874729522
0.00000000000000000000 0.01904304623542048616
0.00000000000000000000 0.01907119275898864000
0.00000000000000000000 0.01912318499487196746
0.00000000000000000000 0.01912857345068280646
0.00000000000000000000 0.01918011020972029690
0.00000000000000000000 0.01920393838906111691
0.00000000000000000000 0.01922738623716239645
0.00000000000000000000 0.01923818323718043399
0.00000000000000000000 0.01926808714903792061
0.00000000000000000000 0.01933584630939089860
0.00000000000000000000 0.01933758936307009013
0.00000000000000000000 0.01938180533553842191
0.00000000000000000000 0.01950114711643122570
0.00000000000000000000 0.01953611730081884074
0.00000000000000000000 0.01958044326906499544
0.00000000000000000000 0.01962640913346923310
0.00000000000000000000 0.01965283372877194359
0.00000000000000000000 0.01970271651298806381
0.00000000000000000000 0.01971412284917377356
0.00000000000000000000 0.01974308051365040312
0.00000000000000000000 0.01980356886525093396
0.00000000000000000000 0.01997098503495206914
0.00000000000000000000 0.01998085368745552634
0.00000000000000000000 0.02001454870921907936
0.00000000000000000000 0.02006469563283785548
0.00000000000000000000 0.02009505455089928561
0.00000000000000000000 0.02014374127025308700
0.00000000000000000000 0.02021504522766935652
0.00000000000000000000 0.02021977402866657891
0.00000000000000000000 0.02024156269933620120
0.00000000000000000000 0.02024945995356283723
0.00000000000000000000 0.02026122880011503244
0.00000000000000000000 0.02030358701569934254
0.00000000000000000000 0.02032174555043606695
0.00000000000000000000 0.02034035395116075978
0.00000000000000000000 0.02034619471921868955
0.00000000000000000000 0.02040354558275249419
0.00000000000000000000 0.02044273318279886745
0.00000000000000000000 0.02044429289327589355
0.00000000000000000000 0.02047604730652312008
0.00000000000000000000 0.02057346679585830493
0.00000000000000000000 0.02069670832449025180
0.00000000000000000000 0.02081922232093654651
0.00000000000000000000 0.02087438597987170685
0.00000000000000000000 0.02092023816526647484
0.00000000000000000000 0.02093345388779220898
0.00000000000000000000 0.02095728814402161508
0.00000000000000000000 0.02096021631724909184
0.00000000000000000000 0.02097422383251106026
0.00000000000000000000 0.02112421399559692714
0.00000000000000000000 0.02112915820183110943
0.00000000000000000000 0.02120118776093710827
0.00000000000000000000 0.02121409301006672507
0.00000000000000000000 0.02126023323505630419
0.00000000000000000000 0.02136374543599095510
0.00000000000000000000 0.02141813203522296635
0.00000000000000000000 0.02147024912016621753
0.00000000000000000000 0.02162615992564866779
0.00000000000000000000 0.02165543936737819933
0.00000000000000000000 0.02169748965468198607
0.00000000000000000000 0.02175566947102368365
0.00000000000000000000 0.02189923986347466420
0.00000000000000000000 0.02190957918798544513
0.00000000000000000000 0.02194109985317242717
0.00000000000000000000 0.02198016587270976152
0.00000000000000000000 0.02198739142715631922
0.00000000000000000000 0.02204104072689590244
0.00000000000000000000 0.02205751344016491922
0.00000000000000000000 0.02208890425785072983
0.00000000000000000000 0.02212166321393748206
0.00000000000000000000 0.02216563733111528642
0.00000000000000000000 0.02219558243646135853
0.00000000000000000000 0.02220053523014653765
0.00000000000000000000 0.02245581008945718784
0.00000000000000000000 0.02248207426463112724
0.00000000000000000000 0.02249443063197971091
0.00000000000000000000 0.02250719468468400861
0.00000000000000000000 0.02252720973233968138
0.00000000000000000000 0.02257677830304364794
0.00000000000000000000 0.02260962462524785527
0.00000000000000000000 0.02270248151457652380
0.00000000000000000000 0.02280184303457066450
0.00000000000000000000 0.02283783628640078875
0.00000000000000000000 0.02287397711294750224
0.00000000000000000000 0.02287703124086377937
0.00000000000000000000 0.02293485314414440632
0.00000000000000000000 0.02308927316190977769
0.00000000000000000000 0.02310903923528307910
0.00000000000000000000 0.02332212115512938624
0.00000000000000000000 0.02333713771252102567
0.00000000000000000000 0.02334383167906263490
0.00000000000000000000 0.02338967392288591324
0.00000000000000000000 0.02355115091788311660
0.00000000000000000000 0.02356820826197593075
0.00000000000000000000 0.02359466611338585651
0.00000000000000000000 0.02361482479514714211
0.00000000000000000000 0.02363045384806819124
0.00000000000000000000 0.02363682421965963842
0.00000000000000000000 0.02365624835275381699
0.00000000000000000000 0.02366502275103500239
0.00000000000000000000 0.02375070413452089191
0.00000000000000000000 0.02383674160106124748
0.00000000000000000000 0.02384314234312562286
0.00000000000000000000 0.02410448500752227982
0.00000000000000000000 0.02413666822289535149
0.00000000000000000000 0.02415710885576142705
0.00000000000000000000 0.02419011827268882295
0.00000000000000000000 0.02419772257854311062
0.00000000000000000000 0.02423451920228299888
0.00000000000000000000 0.02424809087782759179
0.00000000000000000000 0.02426232298013324129
0.00000000000000000000 0.02431955100582125842
0.00000000000000000000 0.02436034977303533355
0.00000000000000000000 0.02436989320117163155
0.00000000000000000000 0.02437249895663215829
0.00000000000000000000 0.02437707937536879102
0.00000000000000000000 0.02439257155904453467
0.00000000000000000000 0.02447452720400531551
0.00000000000000000000 0.02448195376708939622
0.00000000000000000000 0.02448320270771177712
0.00000000000000000000 0.02463039989588262577
0.00000000000000000000 0.02473104487622708111
0.00000000000000000000 0.02483085235045191796
0.00000000000000000000 0.02489884271753112222
0.00000000000000000000 0.02494990163185928714
0.00000000000000000000 0.02502911567329297107
0.00000000000000000000 0.02504538924559262039
0.00000000000000000000 0.02507869253107859048
0.00000000000000000000 0.02527121185184138044
0.00000000000000000000 0.02536569965054588649
0.00000000000000000000 0.02538180474995418642
0.00000000000000000000 0.02541639764251178712
0.00000000000000000000 0.02541808694339020569
0.00000000000000000000 0.02557108303708159613
0.00000000000000000000 0.02569771161193550035
0.00000000000000000000 0.02578332506469756605
0.00000000000000000000 0.02578360365037729238
0.00000000000000000000 0.02582377838098988757
0.00000000000000000000 0.02594971893604587632
0.00000000000000000000 0.02600320684676982186
0.00000000000000000000 0.02601319412734133529
0.00000000000000000000 0.02604299606273438594
0.00000000000000000000 0.02626032689456076971
0.00000000000000000000 0.02626592544072391122
0.00000000000000000000 0.02639778830213872218
0.00000000000000000000 0.02657096791329984983
0.00000000000000000000 0.02659574125034585776
0.00000000000000000000 0.02669903633615280589
0.00000000000000000000 0.02678394618238348623
0.00000000000000000000 0.02678453696125103478
0.00000000000000000000 0.02689018633134524633
0.00000000000000000000 0.02693402655034840207
0.00000000000000000000 0.02698477340873938965
0.00000000000000000000 0.02707198625875980799
0.00000000000000000000 0.02723743836067779589
0.00000000000000000000 0.02730040223665269189
0.00000000000000000000 0.02732833714762811228
0.00000000000000000000 0.02748426953600517642
0.00000000000000000000 0.02750145862147869089
0.00000000000000000000 0.02764085925362048946
0.00000000000000000000 0.02765441081077413960
0.00000000000000000000 0.02781728472837369931
0.00000000000000000000 0.02789412065472959140
0.00000000000000000000 0.02791959058685708137
0.00000000000000000000 0.02795649018247998996
0.00000000000000000000 0.02820413983478107720
0.00000000000000000000 0.02827162551989728309
0.00000000000000000000 0.02842072319849077433
0.00000000000000000000 0.02849258992600269685
0.00000000000000000000 0.02858855262959996910
0.00000000000000000000 0.02877767622976105596
0.00000000000000000000 0.02898468694410303789
0.00000000000000000000 0.02905033732227438326
0.00000000000000000000 0.02906314336974470322
0.00000000000000000000 0.02925752928647136833
0.00000000000000000000 0.02928278685325291786
0.00000000000000000000 0.02947297172374395771
0.00000000000000000000 0.02962700770906527559
0.00000000000000000000 0.02971100880494277965
0.00000000000000000000 0.02973440482777953142
0.00000000000000000000 0.02975564875261495212
0.00000000000000000000 0.02985740031144119844
0.00000000000000000000 0.03025771049033126880
0.00000000000000000000 0.03036911831960326102
0.00000000000000000000 0.03038713826101709092
0.00000000000000000000 0.03048774660748183180
0.00000000000000000000 0.03050690419180978469
0.00000000000000000000 0.03073649864155677050
0.00000000000000000000 0.03082454135782874971
0.00000000000000000000 0.03082861273233333116
0.00000000000000000000 0.03089284416738358879
0.00000000000000000000 0.03098034896875165312
0.00000000000000000000 0.03134476368607589519
0.00000000000000000000 0.03136274310746210714
0.00000000000000000000 0.03145700644585337075
0.00000000000000000000 0.03148837812117841195
0.00000000000000000000 0.03156401189670587221
0.00000000000000000000 0.03156447086523388179
0.00000000000000000000 0.03171859564686156652
0.00000000000000000000 0.03174231068190989241
0.00000000000000000000 0.03202314923687309828
0.00000000000000000000 0.03214355484231419535
0.00000000000000000000 0.03223470155648735375
0.00000000000000000000 0.03237798932032598387
0.00000000000000000000 0.03277912900426194903
0.00000000000000000000 0.03291912199683805218
0.00000000000000000000 0.03354427477332085072
0.00000000000000000000 0.03464252325677544958
0.00000000000000000000 0.03472591837989227881
0.00000000000000000000 0.03478930426394413050
0.00000000000000000000 0.03478934783949270276
0.00000000000000000000 0.03500435693371031776
0.00000000000000000000 0.03522453270248446233
0.00000000000000000000 0.03541149382875877910
0.00000000000000000000 0.03541934307721292946
0.00000000000000000000 0.03555923446658777048
0.00000000000000000000 0.03560685381157992213
0.00000000000000000000 0.03562277237646878369
0.00000000000000000000 0.03575645648251785103
0.00000000000000000000 0.03588041501937700578
0.00000000000000000000 0.03590040915545222172
0.00000000000000000000 0.03598136195576132762
0.00000000000000000000 0.03615297354364301052
0.00000000000000000000 0.03621548366673359165
0.00000000000000000000 0.03644444438891900756
0.00000000000000000000 0.03675441710651135979
0.00000000000000000000 0.03677807685886606837
0.00000000000000000000 0.03683613400387356768
0.00000000000000000000 0.03687335683843086936
0.00000000000000000000 0.03688662908116074890
0.00000000000000000000 0.03694047167698963352
0.00000000000000000000 0.03697481702754408517
0.00000000000000000000 0.03698687507514239470
0.00000000000000000000 0.03701821625387975712
0.00000000000000000000 0.03725450258736757309
0.00000000000000000000 0.03747832367272574405
0.00000000000000000000 0.03755267014176510293
0.00000000000000000000 0.03760739316771623958
0.00000000000000000000 0.03801848277879443794
0.00000000000000000000 0.03817752343859500547
0.00000000000000000000 0.03834477852636382356
0.00000000000000000000 0.03867244578193002741
0.00000000000000000000 0.03883490734860430005
0.00000000000000000000 0.03892873089479850779
0.00000000000000000000 0.03910378888436689959
0.00000000000000000000 0.03969547482517388898
0.00000000000000000000 0.03983024896451867192
0.00000000000000000000 0.04011405064272131893
0.00000000000000000000 0.04051962521030653269
0.00000000000000000000 0.04103473367672171718
0.00000000000000000000 0.04114297378358606344
0.00000000000000000000 0.04157946951968381766
0.00000000000000000000 0.04162129804075381106
0.00000000000000000000 0.04165462568493472767
0.00000000000000000000 0.04246598744665622954
0.00000000000000000000 0.04259710013281492458
0.00000000000000000000 0.04401090705169417167
0.00000000000000000000 0.04484502292901010323
0.00000000000000000000 0.04499836406637336417
0.00000000000000000000 0.04573431411980896644
0.00000000000000000000 0.04595064212136328041
0.00000000000000000000 0.04640916740075898272
0.00000000000000000000 0.04680039903581603711
0.00000000000000000000 0.04760561194106462113
0.00000000000000000000 0.04766732075506453781
0.00000000000000000000 0.04892071690254348043
0.00000000000000000000 0.04951468582021922166
0.00000000000000000000 0.04953556031858627473
0.00000000000000000000 0.04969804038333526519
0.00000000000000000000 0.05295295150233315234
0.00000000000000000000 0.05841941198464317003
0.00000000000000000000 0.06104564116866038892
0.00000000000000000000 0.06339698831864558348
0.00000000000000000000 0.06684512778460008353
0.00000000000000000000 0.06872131412438875486
0.00000000000000000000 0.06989578609731263159
0.00000000000000000000 0.06995221222716481446
0.00000000000000000000 0.07172578159757905802
0.00000000000000000000 0.07638463168735515341
0.00000000000000000000 0.08876938916150742265
0.00000000000000000000 0.09585594676217844279
0.00000000000000000000 0.10042980370738084639
0.00000000000000000000 0.10367943770597519426
0.00000000000000000000 0.10865552745994971895
0.00000000000000000000 0.60249311029248608929
0.00000000000000000000 1.73205080756887719318
