0.00000000000000000000 0.00083637686511694282
0.00000000000000000000 0.00120217648496205695
0.00000000000000000000 0.00202139356723821367
0.00000000000000000000 0.00239949429727143041
0.00000000000000000000 0.00271026799229835734
0.00000000000000000000 0.00282391436327681994
0.00000000000000000000 0.00283008792252631468
0.00000000000000000000 0.00293158077834013977
0.00000000000000000000 0.00302215034850975787
0.00000000000000000000 0.00323066972417125836
0.00000000000000000000 0.00339726736581820584
0.00000000000000000000 0.00358395882971417751
0.00000000000000000000 0.00390216243443171395
0.00000000000000000000 0.00479990551871404061
0.00000000000000000000 0.00503616855753914825
0.00000000000000000000 0.00555466197433821755
0.00000000000000000000 0.00563638354125611894
0.00000000000000000000 0.00574190291725135919
0.00000000000000000000 0.00577058849497880978
0.00000000000000000000 0.00579384843267113751
0.00000000000000000000 0.00586124942151436661
0.00000000000000000000 0.00599889758264498391
0.00000000000000000000 0.00606295448922305417
0.00000000000000000000 0.00608389284169690448
0.00000000000000000000 0.00610997079926160844
0.00000000000000000000 0.00627059819490831220
0.00000000000000000000 0.00631091815496208439
0.00000000000000000000 0.00673897779655382046
0.00000000000000000000 0.00680025617620372107
0.00000000000000000000 0.00716042214242601852
0.00000000000000000000 0.00724596241091666517
0.00000000000000000000 0.00725380729545496098
0.00000000000000000000 0.00745102145234058030
0.00000000000000000000 0.00787177604920596442
0.00000000000000000000 0.00788665770024484479
0.00000000000000000000 0.00791809688958352784
0.00000000000000000000 0.00792996606119245225
0.00000000000000000000 0.00802080995665272259
0.00000000000000000000 0.00821862306543369274
0.00000000000000000000 0.00853102200919045317
0.00000000000000000000 0.00865961626772066180
0.00000000000000000000 0.00876408689223544084
0.00000000000000000000 0.00879823803967135810
0.00000000000000000000 0.00895699684698198113
0.00000000000000000000 0.00902678853537931120
0.00000000000000000000 0.00923386410906123882
0.00000000000000000000 0.00933529992701815151
0.00000000000000000000 0.00941812612800878475
0.00000000000000000000 0.00943498882576477779
0.00000000000000000000 0.00946378855745543847
0.00000000000000000000 0.00948540757196847384
0.00000000000000000000 0.00949373900731105037
0.00000000000000000000 0.00954973293596808777
0.00000000000000000000 0.00955843412532577687
0.00000000000000000000 0.00968514260272449086
0.00000000000000000000 0.00981653777601769299
0.00000000000000000000 0.00985442527726713979
0.00000000000000000000 0.01002402438302272061
0.00000000000000000000 0.01011425869951579348
0.00000000000000000000 0.01021274481676669350
0.00000000000000000000 0.01026990007234080370
0.00000000000000000000 0.01033653245568081844
0.00000000000000000000 0.01045563478040421011
0.00000000000000000000 0.01048019155092184788
0.00000000000000000000 0.01049195971896086689
0.00000000000000000000 0.01061323119175472916
0.00000000000000000000 0.01078990017285022703
0.00000000000000000000 0.01087882162196291552
0.00000000000000000000 0.01088190247198414680
0.00000000000000000000 0.01091434899972131348
0.00000000000000000000 0.01108109229697850327
0.00000000000000000000 0.01110295299007808302
0.00000000000000000000 0.01119243005170640973
0.00000000000000000000 0.01119640123052352207
0.00000000000000000000 0.01120024545533012533
0.00000000000000000000 0.01123697914662433878
0.00000000000000000000 0.01132039280309877181
0.00000000000000000000 0.01139526436121176926
0.00000000000000000000 0.01144183869033204952
0.00000000000000000000 0.01147786991181230440
0.00000000000000000000 0.01153509459436106652
0.00000000000000000000 0.01155978758003462295
0.00000000000000000000 0.01161747148590838892
0.00000000000000000000 0.01164906996943179153
0.00000000000000000000 0.01169257951751492483
0.00000000000000000000 0.01181343430379634338
0.00000000000000000000 0.01184086291002839526
0.00000000000000000000 0.01187375072359968080
0.00000000000000000000 0.01189030713414968368
0.00000000000000000000 0.01210713341123257313
0.00000000000000000000 0.01214649165540260603
0.00000000000000000000 0.01216072244543923812
0.00000000000000000000 0.01228698880440520606
0.00000000000000000000 0.01240965491144601501
0.00000000000000000000 0.01254182013727704083
0.00000000000000000000 0.01257906836433015513
0.00000000000000000000 0.01262229145747385296
0.00000000000000000000 0.01262351764632737086
0.00000000000000000000 0.01263058378580797329
0.00000000000000000000 0.01270903882032482606
0.00000000000000000000 0.01274735349621342051
0.00000000000000000000 0.01275550420890947910
0.00000000000000000000 0.01279583207601409436
0.00000000000000000000 0.01295047002156486833
0.00000000000000000000 0.01299956166293063549
0.00000000000000000000 0.01307195916225577237
0.00000000000000000000 0.01320954372725627844
0.00000000000000000000 0.01345156567087894134
0.00000000000000000000 0.01355994552983285674
0.00000000000000000000 0.01363952326352724752
0.00000000000000000000 0.01365868575681930715
0.00000000000000000000 0.01374947500158126869
0.00000000000000000000 0.01383932084546372378
0.00000000000000000000 0.01392136937304383135
0.00000000000000000000 0.01396667963342826738
0.00000000000000000000 0.01404589960815890749
0.00000000000000000000 0.01404779975170588474
0.00000000000000000000 0.01409801429435153172
0.00000000000000000000 0.01412527365377478500
0.00000000000000000000 0.01436787494460123153
0.00000000000000000000 0.01441190482290258777
0.00000000000000000000 0.01442521382060994728
0.00000000000000000000 0.01443205193103101400
0.00000000000000000000 0.01445368922882278757
0.00000000000000000000 0.01457545204165488530
0.00000000000000000000 0.01468550692224245002
0.00000000000000000000 0.01474083035618535542
0.00000000000000000000 0.01474655851814663833
0.00000000000000000000 0.01504248095635853447
0.00000000000000000000 0.01521656830376904093
0.00000000000000000000 0.01524388534655353629
0.00000000000000000000 0.01527680038682995359
0.00000000000000000000 0.01537305043720105929
0.00000000000000000000 0.01538294845891533327
0.00000000000000000000 0.01546794896611376584
0.00000000000000000000 0.01548827692098220070
0.00000000000000000000 0.01550478750581909052
0.00000000000000000000 0.01566873558848028841
0.00000000000000000000 0.01574773789838964516
0.00000000000000000000 0.01583117796325987647
0.00000000000000000000 0.01601788951328598012
0.00000000000000000000 0.01604475103317716880
0.00000000000000000000 0.01610381419801916111
0.00000000000000000000 0.01610873623802337382
0.00000000000000000000 0.01613371197096912998
0.00000000000000000000 0.01618572645008894972
0.00000000000000000000 0.01621036841474888385
0.00000000000000000000 0.01622107622796608792
0.00000000000000000000 0.01627023942115221958
0.00000000000000000000 0.01627214798700330270
0.00000000000000000000 0.01649980009472055628
0.00000000000000000000 0.01660781945681146995
0.00000000000000000000 0.01664145155731747844
0.00000000000000000000 0.01672022665365638025
0.00000000000000000000 0.01682863578526681142
0.00000000000000000000 0.01690284449366062300
0.00000000000000000000 0.01692655736095170088
0.00000000000000000000 0.01696078914147698333
0.00000000000000000000 0.01696289252912894230
0.00000000000000000000 0.01699730725369271930
0.00000000000000000000 0.01702158276222369773
0.00000000000000000000 0.01702889104752012411
0.00000000000000000000 0.01709832180805623617
0.00000000000000000000 0.01714077390016033667
0.00000000000000000000 0.01718747494965186182
0.00000000000000000000 0.01722106892467073144
0.00000000000000000000 0.01722825936030930594
0.00000000000000000000 0.01725972654359335043
0.00000000000000000000 0.01731513199071997230
0.00000000000000000000 0.01743146891924044276
0.00000000000000000000 0.01744002514971407930
0.00000000000000000000 0.01755956664727887501
0.00000000000000000000 0.01758117661282259173
0.00000000000000000000 0.01764203033900658968
0.00000000000000000000 0.01769250994211675823
0.00000000000000000000 0.01769710475226873511
0.00000000000000000000 0.01771403688067819254
0.00000000000000000000 0.01799341487873893503
0.00000000000000000000 0.01808546702022176614
0.00000000000000000000 0.01815342877994231136
0.00000000000000000000 0.01827437301757909097
0.00000000000000000000 0.01829481453609931724
0.00000000000000000000 0.01833313726733400498
0.00000000000000000000 0.01842304120416171642
0.00000000000000000000 0.01844722876486932367
0.00000000000000000000 0.01850457283910425868
0.00000000000000000000 0.01867992290462814134
0.00000000000000000000 0.01869607629852914482
0.00000000000000000000 0.01871069018925041946
0.00000000000000000000 0.01881127109936596431
0.00000000000000000000 0.01886252288345921166
0.00000000000000000000 0.01890940328742772916
0.00000000000000000000 0.01894724309074811291
0.00000000000000000000 0.01896448841019664211
0.00000000000000000000 0.01906286292592788284
0.00000000000000000000 0.01915488871031141571
0.00000000000000000000 0.01916608547848074745
0.00000000000000000000 0.01920207631841993820
0.00000000000000000000 0.01922052365139447286
0.00000000000000000000 0.01922613597876318345
0.00000000000000000000 0.01924313798882206980
0.00000000000000000000 0.01929858102100639322
0.00000000000000000000 0.01935728911588640785
0.00000000000000000000 0.01940091111826563325
0.00000000000000000000 0.01946833576302009136
0.00000000000000000000 0.01952265948605117971
0.00000000000000000000 0.01966969859933946976
0.00000000000000000000 0.01967976028524242443
0.00000000000000000000 0.01986854344180377999
0.00000000000000000000 0.01993094371817974095
0.00000000000000000000 0.01996166996413279229
0.00000000000000000000 0.02009824258092322846
0.00000000000000000000 0.02012462298631952085
0.00000000000000000000 0.02021812912606855972
0.00000000000000000000 0.02037529125784468334
0.00000000000000000000 0.02065476618558334879
0.00000000000000000000 0.02095122934140955517
0.00000000000000000000 0.02097687777361435454
0.00000000000000000000 0.02107805383863738113
0.00000000000000000000 0.02108554092039400737
0.00000000000000000000 0.02108669395876278455
0.00000000000000000000 0.02117678636538897902
0.00000000000000000000 0.02124976231437766122
0.00000000000000000000 0.02126001287343763646
0.00000000000000000000 0.02129142954896054082
0.00000000000000000000 0.02138310454050774273
0.00000000000000000000 0.02144891795233459450
0.00000000000000000000 0.02151189247240806873
0.00000000000000000000 0.02160229897133379359
0.00000000000000000000 0.02164298054276243485
0.00000000000000000000 0.02166231017220134752
0.00000000000000000000 0.02168810895426652105
0.00000000000000000000 0.02174870550392656032
0.00000000000000000000 0.02202393545611639608
0.00000000000000000000 0.02218727550524394673
0.00000000000000000000 0.02221120414418545352
0.00000000000000000000 0.02223671197062260588
0.00000000000000000000 0.02231046366012233786
0.00000000000000000000 0.02238893093141646612
0.00000000000000000000 0.02255645236123905717
0.00000000000000000000 0.02264201355568431009
0.00000000000000000000 0.02268993929312211957
0.00000000000000000000 0.02274762716485754371
0.00000000000000000000 0.02287842116400205794
0.00000000000000000000 0.02300189123028841334
0.00000000000000000000 0.02305573931973205898
0.00000000000000000000 0.02316524564066088990
0.00000000000000000000 0.02322259528670210862
0.00000000000000000000 0.02323211448135885371
0.00000000000000000000 0.02329533055829001095
0.00000000000000000000 0.02333592740428602416
0.00000000000000000000 0.02334116203185850752
0.00000000000000000000 0.02340306156421991315
0.00000000000000000000 0.02343743120248172745
0.00000000000000000000 0.02347034259672747120
0.00000000000000000000 0.02347742698593182145
0.00000000000000000000 0.02354964308600447295
0.00000000000000000000 0.02356675237293516176
0.00000000000000000000 0.02370934173444007656
0.00000000000000000000 0.02371510306859310815
0.00000000000000000000 0.02372271214192536726
0.00000000000000000000 0.02378743487080851177
0.00000000000000000000 0.02381998535956812713
0.00000000000000000000 0.02386124740643913444
0.00000000000000000000 0.02388214855936541745
0.00000000000000000000 0.02416754398804190143
0.00000000000000000000 0.02427635267042360309
0.00000000000000000000 0.02428280843977073319
0.00000000000000000000 0.02444001993229986264
0.00000000000000000000 0.02461412291059538252
0.00000000000000000000 0.02462396394128373370
0.00000000000000000000 0.02462605710119800811
0.00000000000000000000 0.02463011526727987635
0.00000000000000000000 0.02478750413647944073
0.00000000000000000000 0.02480527457410341974
0.00000000000000000000 0.02483663805116039999
0.00000000000000000000 0.02490068379761704517
0.00000000000000000000 0.02498842089805659167
0.00000000000000000000 0.02504648257600517250
0.00000000000000000000 0.02513223622621301237
0.00000000000000000000 0.02513604719769236412
0.00000000000000000000 0.02519305715217892358
0.00000000000000000000 0.02546667429554604414
0.00000000000000000000 0.02548158547230810339
0.00000000000000000000 0.02549952233114232206
0.00000000000000000000 0.02554986034779741302
0.00000000000000000000 0.02556819952482962052
0.00000000000000000000 0.02558472575342479738
0.00000000000000000000 0.02568079301273152454
0.00000000000000000000 0.02568547400716366530
0.00000000000000000000 0.02569528161089050522
0.00000000000000000000 0.02588286854641944426
0.00000000000000000000 0.02588859459173047800
0.00000000000000000000 0.02590579760625694866
0.00000000000000000000 0.02601547140703903277
0.00000000000000000000 0.02610866170449378798
0.00000000000000000000 0.02621660153091944986
0.00000000000000000000 0.02645975293722880456
0.00000000000000000000 0.02648277883173035668
0.00000000000000000000 0.02655691451952698484
0.00000000000000000000 0.02670060542957616509
0.00000000000000000000 0.02675350977933230526
0.00000000000000000000 0.02676139323549691154
0.00000000000000000000 0.02677225821585409518
0.00000000000000000000 0.02686422272936913810
0.00000000000000000000 0.02686494301427063552
0.00000000000000000000 0.02691948990940333866
0.00000000000000000000 0.02691986384988940759
0.00000000000000000000 0.02695068419748877092
0.00000000000000000000 0.02697722229336532718
0.00000000000000000000 0.02698847409230533886
0.00000000000000000000 0.02703447745517523204
0.00000000000000000000 0.02725188089361908414
0.00000000000000000000 0.02725979695514606227
0.00000000000000000000 0.02733347009625695240
0.00000000000000000000 0.02735032635351343847
0.00000000000000000000 0.02736919445219830258
0.00000000000000000000 0.02742317063081404008
0.00000000000000000000 0.02750833899048995418
0.00000000000000000000 0.02757029205883836792
0.00000000000000000000 0.02760366135675200450
0.00000000000000000000 0.02767921964105815244
0.00000000000000000000 0.02768618934751317789
0.00000000000000000000 0.02773709458169900874
0.00000000000000000000 0.02777890690660872117
0.00000000000000000000 0.02783614140729097700
0.00000000000000000000 0.02788789954592646447
0.00000000000000000000 0.02790586478890965533
0.00000000000000000000 0.02796222863095499181
0.00000000000000000000 0.02798349393100110771
0.00000000000000000000 0.02806140010691818981
0.00000000000000000000 0.02816162694625393495
0.00000000000000000000 0.02831322406443268977
0.00000000000000000000 0.02832489219431477689
0.00000000000000000000 0.02844030390990159515
0.00000000000000000000 0.02850588900034789833
0.00000000000000000000 0.02855442658348134738
0.00000000000000000000 0.02872513489972096379
0.00000000000000000000 0.02882755666646689974
0.00000000000000000000 0.02896897489955444632
0.00000000000000000000 0.02917179461946292629
0.00000000000000000000 0.02928785674510018394
0.00000000000000000000 0.02928872991780568855
0.00000000000000000000 0.02929886084084715528
0.00000000000000000000 0.02948803636309221474
0.00000000000000000000 0.02950608014594629722
0.00000000000000000000 0.02961145850492485909
0.00000000000000000000 0.02961926717321255662
0.00000000000000000000 0.02965164725477141550
0.00000000000000000000 0.02978017256778641222
0.00000000000000000000 0.02980398104256750183
0.00000000000000000000 0.02983579061833028720
0.00000000000000000000 0.02993692692039476300
0.00000000000000000000 0.02997386286550200382
0.00000000000000000000 0.03000214021613164042
0.00000000000000000000 0.03002572135345580456
0.00000000000000000000 0.03003514474568727208
0.00000000000000000000 0.03009137668933796472
0.00000000000000000000 0.03039688838870181070
0.00000000000000000000 0.03047039367627721318
0.00000000000000000000 0.03057349892424249954
0.00000000000000000000 0.03060513409236143012
0.00000000000000000000 0.03067432421296981820
0.00000000000000000000 0.03073196325857499925
0.00000000000000000000 0.03076269956275558617
0.00000000000000000000 0.03080570269997932181
0.00000000000000000000 0.03082076846226164402
0.00000000000000000000 0.03086442968693603808
0.00000000000000000000 0.03097079009199613098
0.00000000000000000000 0.03097892436307485980
0.00000000000000000000 0.03100850829868287070
0.00000000000000000000 0.03132175962241365991
0.00000000000000000000 0.03132296455825545750
0.00000000000000000000 0.03133523406137541517
0.00000000000000000000 0.03139211090183122860
0.00000000000000000000 0.03143340107537668376
0.00000000000000000000 0.03147076142359698375
0.00000000000000000000 0.03149634767574963079
0.00000000000000000000 0.03169956186324839748
0.00000000000000000000 0.03179172473664486354
0.00000000000000000000 0.03198665286144580094
0.00000000000000000000 0.03216804610862563502
0.00000000000000000000 0.03231385182919177534
0.00000000000000000000 0.03233521456596236826
0.00000000000000000000 0.03237216082464918626
0.00000000000000000000 0.03248253925265467273
0.00000000000000000000 0.03266723051890560447
0.00000000000000000000 0.03267012587242664606
0.00000000000000000000 0.03269433835186457554
0.00000000000000000000 0.03284572827664714728
0.00000000000000000000 0.03285106968364267382
0.00000000000000000000 0.03286590251457061768
0.00000000000000000000 0.03304359348748364678
0.00000000000000000000 0.03311034668564297179
0.00000000000000000000 0.03311813384022518902
0.00000000000000000000 0.03314209971010058375
0.00000000000000000000 0.03318041486068756818
0.00000000000000000000 0.03320389581848107174
0.00000000000000000000 0.03320769691694638176
0.00000000000000000000 0.03322874991552033502
0.00000000000000000000 0.03359954801652406675
0.00000000000000000000 0.03366381964524647191
0.00000000000000000000 0.03371384695059088943
0.00000000000000000000 0.03376134491866551735
0.00000000000000000000 0.03410264478080057143
0.00000000000000000000 0.03444809815901195282
0.00000000000000000000 0.03469233099144603677
0.00000000000000000000 0.03474273956486988862
0.00000000000000000000 0.03476307284741787795
0.00000000000000000000 0.03483461456758021185
0.00000000000000000000 0.03487636060079344485
0.00000000000000000000 0.03522206113192251353
0.00000000000000000000 0.03530221756093657876
0.00000000000000000000 0.03535092141588069142
0.00000000000000000000 0.03540184279974252501
0.00000000000000000000 0.03544047278740270618
0.00000000000000000000 0.03572152299534094022
0.00000000000000000000 0.03572585870584160661
0.00000000000000000000 0.03573110917265910624
0.00000000000000000000 0.03612849677081025890
0.00000000000000000000 0.03615538445280017110
0.00000000000000000000 0.03615544665885718489
0.00000000000000000000 0.03619660688131601939
0.00000000000000000000 0.03629910126094931105
0.00000000000000000000 0.03652696445038215028
0.00000000000000000000 0.03659772722558711500
0.00000000000000000000 0.03662208401026858379
0.00000000000000000000 0.03710988315852362107
0.00000000000000000000 0.03712977778188243649
0.00000000000000000000 0.03728531689903195195
0.00000000000000000000 0.03758710380190851547
0.00000000000000000000 0.03774045899133580267
0.00000000000000000000 0.03791959359122030332
0.00000000000000000000 0.03793232775867740741
0.00000000000000000000 0.03862872064435978608
0.00000000000000000000 0.03867364237781347608
0.00000000000000000000 0.03885105341909890486
0.00000000000000000000 0.03889270001958524542
0.00000000000000000000 0.03894004701418717074
0.00000000000000000000 0.03909182787670659187
0.00000000000000000000 0.03909968807012675907
0.00000000000000000000 0.03913567013391235083
0.00000000000000000000 0.03922909387089576483
0.00000000000000000000 0.03933910516537558744
0.00000000000000000000 0.03941248618276711746
0.00000000000000000000 0.03944936894379114101
0.00000000000000000000 0.03992573600418231061
0.00000000000000000000 0.04023896253821571123
0.00000000000000000000 0.04045315436145976301
0.00000000000000000000 0.04076105456840171254
0.00000000000000000000 0.04081856198505970368
0.00000000000000000000 0.04084445160584313644
0.00000000000000000000 0.04107213793940509700
0.00000000000000000000 0.04149445617154141897
0.00000000000000000000 0.04168188542959438275
0.00000000000000000000 0.04184263097035236662
0.00000000000000000000 0.04198857892557505272
0.00000000000000000000 0.04204853456954322360
0.00000000000000000000 0.04215551882072959833
0.00000000000000000000 0.04289691836073519782
0.00000000000000000000 0.04359301453085494965
0.00000000000000000000 0.04375359026535147189
0.00000000000000000000 0.04426195993338506718
0.00000000000000000000 0.04466567501947032309
0.00000000000000000000 0.04483661828803985061
0.00000000000000000000 0.04488113560054073081
0.00000000000000000000 0.04499652628397497744
0.00000000000000000000 0.04500733171785466918
0.00000000000000000000 0.04509390668476562225
0.00000000000000000000 0.04567552049078411891
0.00000000000000000000 0.04594744543679338267
0.00000000000000000000 0.04634220566653896728
0.00000000000000000000 0.04653897513076811487
0.00000000000000000000 0.04711003094222441373
0.00000000000000000000 0.04714286576945544288
0.00000000000000000000 0.04816563143673201902
0.00000000000000000000 0.04896483137838037597
0.00000000000000000000 0.04900701998028821754
0.00000000000000000000 0.04946164315771198888
0.00000000000000000000 0.04966091461506135646
0.00000000000000000000 0.04998740062582030658
0.00000000000000000000 0.05003030609368596532
0.00000000000000000000 0.05055585491406542481
0.00000000000000000000 0.05074924714325959596
0.00000000000000000000 0.05101500373929361565
0.00000000000000000000 0.05147121669427978663
0.00000000000000000000 0.05188235288079110635
0.00000000000000000000 0.05268570332324065686
0.00000000000000000000 0.05433639159653949613
0.00000000000000000000 0.05553056278933654610
0.00000000000000000000 0.05694772731156008683
0.00000000000000000000 0.05730599570726287867
0.00000000000000000000 0.05791480105875955464
0.00000000000000000000 0.06004534516116908499
0.00000000000000000000 0.06242778194362640087
0.00000000000000000000 0.06575163217785866265
0.00000000000000000000 0.06575412459153308353
0.00000000000000000000 0.07338947685590077596
0.00000000000000000000 0.09584044246006698242
0.00000000000000000000 1.73205080756887719318
