0.09581395168735787338 0.10080605132053160888
0.09042739006695320325 0.10127172994470817757
0.10151408738075422267 0.10294024605340509892
0.09956687849906091514 0.10505774179295498949
0.09925240412433550263 0.10782654016480704151
0.10682614309413733522 0.10829497135919065320
0.10379067451433574010 0.11064005749082071739
0.10995073063959150128 0.11118215938044312407
0.10965536822143476248 0.11606432327095002333
0.10316762990869407512 0.11611436224870314016
0.10799812722212449867 0.11683999005687474571
0.10947206463381919939 0.11757283927914939647
0.11186588925830401320 0.11801759315878189438
0.11789354585053175850 0.11855105552926202550
0.09101738550748710022 0.11968579858568012542
0.10420633369584106354 0.11976367452495673138
0.11484497358798442801 0.12077157956911888093
0.10894826784486653926 0.12119534407665329134
0.12074112949204685030 0.12224877600049199877
0.10403910412137788721 0.12380103374218880130
0.11122154546387862106 0.12520219389072248517
0.09391796238990571255 0.12552456903394082488
0.12506702174618669621 0.12611194615420476262
0.10859210490131820936 0.12650872065073051620
0.09896002264334410881 0.12666169279922262492
0.11975013606327812588 0.12684951523176751786
0.12702490618611736450 0.12898871056120414513
0.11755546160278210199 0.12973201733314956852
0.09584396767777003667 0.13005205049608040135
0.13075891369400136077 0.13091031622292095826
0.12216366287853137884 0.13107732709683370120
0.12130610002189423646 0.13107829416275557088
0.12988939888826242508 0.13112656604192812759
0.12582369049581881848 0.13129233015878266633
0.12392911828431764365 0.13292780056613384687
0.11960978680174122468 0.13368274004100771934
0.11296877352396311744 0.13395552446089731280
0.13000085691027354895 0.13483315981524957028
0.12029853779486329723 0.13494394898214448486
0.12729547059924226082 0.13698764402113233762
0.12189182983894682188 0.13736227360299976819
0.13619315244553747979 0.13761200791971575641
0.12872563214308363477 0.13809636121023716182
0.13079475959029529530 0.13825411910435267404
0.13538628553608242355 0.13924650245484987421
0.13665417642653665542 0.13928109085396087052
0.11869488998739662067 0.13953800957970818875
0.13469334926255233098 0.13985775685676143931
0.12767416063557804340 0.14018155060720716154
0.12083154351162540829 0.14103367629367086211
0.13406508042685977289 0.14144779325865003416
0.13124923379611963536 0.14149930861817477945
0.12639232670846722861 0.14275243598269526935
0.13416684547456719789 0.14364338602956691626
0.13555909810829067097 0.14382783050840222683
0.13044906483870458147 0.14430813927523117313
0.14318547308989085232 0.14436560535583711773
0.13473932898360796440 0.14452110509210808198
0.13535925600934051172 0.14470600906784958362
0.13803254555228780531 0.14561090061061196521
0.14548455546901645219 0.14569418296185554507
0.12816784318738491666 0.14569698153503740645
0.12479307825853905300 0.14569875301914747556
0.13107091404722676087 0.14571301553871590651
0.13207756481089066858 0.14592366328510147921
0.14193789674422058189 0.14616402161966615680
0.13059961278962883835 0.14633678086068116486
0.14271907475052683645 0.14686751108083473394
0.12131216792529474213 0.14736964134344920918
0.13020619491281507085 0.14738200853426700054
0.14126545457451500365 0.14804534032839258839
0.13613004240798484701 0.14828537523783585916
0.14810662282546219193 0.14912301012260759103
0.11869964369545348004 0.14957979817070615747
0.09771649975763088691 0.14971608419746046392
0.13176215688279091509 0.15026899039241983780
0.13061359169246467005 0.15057557552311623406
0.12550420091030453640 0.15145401788381396280
0.13120799929072962664 0.15158931563563551870
0.14916443134845108753 0.15265294159065517787
0.13183833808658612652 0.15347789052184290792
0.13839966126803213142 0.15388093094543875416
0.15058129176572734864 0.15451024744193408988
0.15474425945824688000 0.15501080477208978303
0.13948288303573760927 0.15540748664384670952
0.11209256157044214519 0.15584427833498731841
0.12557645783246559890 0.15594929616280994722
0.14031918261076598009 0.15701982189456598071
0.12256191580377989725 0.15796580561732173620
0.13609435575589665102 0.15843484094889695446
0.15003936708473178396 0.16028990567397988221
0.13374869028640223867 0.16048283672922905585
0.13298334891070265340 0.16054824370384407350
0.14385265183706247294 0.16150731554577710258
0.15486512195395463198 0.16205336020919522411
0.15816404487701277159 0.16216496947406763840
0.15376543553547838972 0.16216848478250461829
0.12243175061276996562 0.16221609415796983678
0.12048611077259387125 0.16280097395604001265
0.13527035651215524314 0.16292715527998197222
0.12410278179897801798 0.16312883936129482509
0.13559695894637474600 0.16355420142968743469
0.14750532438759242360 0.16358066788224340238
0.16105486825431963860 0.16358967711132058054
0.15538536523681836798 0.16436585899571207192
0.11925710306752269896 0.16437716203227642486
0.15135778915885389484 0.16441425175960311389
0.15130533152351685611 0.16464212404300707093
0.14741382187924270686 0.16477687778947544550
0.16135003030705316607 0.16567869410080313108
0.14179662518212513000 0.16592337129391915296
0.16479985447461392711 0.16678960874809320436
0.16047069203135724824 0.16682663842087297468
0.14018970303444810988 0.16700320545988653342
0.15888691828223067137 0.16771788943971344121
0.16610770343222613921 0.16855920531395715556
0.14705374969431211918 0.16924138428249882460
0.16754004020462526237 0.16934194158984908207
0.11861293593358636367 0.16949384283934240680
0.14566821099609114643 0.16959677466307432336
0.12536404086752062081 0.16984003528196686683
0.13344301388802920494 0.16986727748810856453
0.13110159482351457783 0.17005391605197392457
0.16179538587613595535 0.17013130079185898036
0.14961422462214402085 0.17015551724620062157
0.14238929507176362188 0.17031005383545144705
0.11637891198816432969 0.17036284777173588134
0.15856718976235423257 0.17050534344121484609
0.13276617685541011737 0.17059389683615608369
0.14326710610321480299 0.17107963914689150453
0.12038611556328600305 0.17144557774518798254
0.12304077174608397949 0.17284292868822417888
0.12217522584523821116 0.17316865939291747889
0.15495462639755797074 0.17316936982136996170
0.11934265604402581606 0.17457022308209740880
0.12949860989040040682 0.17474782548110109892
0.16305128019002992912 0.17540245547566291062
0.16642422305832765828 0.17567049790239669393
0.14557791920543569630 0.17601686165015928420
0.16592455469873171325 0.17631952312025120366
0.14446943686332180956 0.17661929110574914326
0.11889413410652985292 0.17666920875274280678
0.14146778585625413571 0.17704335916189287148
0.12353855080344841588 0.17759318878462693192
0.13092187487083778441 0.17769742562047308176
0.15234444108268588303 0.17781131747591516490
0.13217517214568369477 0.17861767608875545044
0.17536016409257182413 0.17861767608875545044
0.16672267866343815079 0.17874041311554939027
0.16154588197988803411 0.17912446360262285205
0.14731071578472507144 0.18023806804746236865
0.17402412253713428480 0.18054601965126371166
0.17044459002064391018 0.18077723724844482756
0.16153180054108551289 0.18104030382363106577
0.14783231118215492406 0.18218157352348390843
0.15901410536242288618 0.18235488852564410434
0.17808011129661382999 0.18262220713726942667
0.17699426223664924129 0.18320125635754455629
0.17557441575173779458 0.18451461416595929532
0.16854566717027635869 0.18454030767545190339
0.17828903884802174695 0.18458984204795875206
0.15542956107414390710 0.18522916489195853651
0.15703087319089281682 0.18573149045723577610
0.14569476650131613082 0.18626823592272226393
0.15021845195320959743 0.18699659659563314107
0.12014981837673727183 0.18700824284442937873
0.15900923208629147432 0.18705233023450293373
0.14818216786954466202 0.18705586579811611658
0.15001496636401551177 0.18782378104316360679
0.17982604451198261342 0.18791472161396835516
0.14351164113208542128 0.18837438729279554206
0.17834330198378203769 0.18838975068546043312
0.14407353801382469238 0.18858014536826497864
0.16755029795798170866 0.18872784191352365291
0.14742977987023636599 0.18893480124459582914
0.17345425893320393085 0.19013627808080496573
0.14034785523988266287 0.19040387795246954683
0.14667656309562887573 0.19140629599134029171
0.17665426628368333106 0.19230874415568144364
0.12001737208679195967 0.19264062344985091735
0.12448392918201348079 0.19294261387592531731
0.11489741726817946643 0.19302720664947950469
0.12753904333940863092 0.19317651824007653349
0.14828503545234555938 0.19322957351948963356
0.18300791922231818276 0.19354043513796478915
0.14263699495646184334 0.19364232316357782304
0.17874020397504988833 0.19581490952781990811
0.14436522566995974026 0.19643698161902739541
0.16711651641169628091 0.19647328322336654605
0.17619216944280421955 0.19690246537988367881
0.15301945495095314875 0.19697218717597336779
0.19681231112313316012 0.19705447652717392182
0.15412415599518408671 0.19708652924494504677
0.18161672653552643486 0.19846029274460227909
0.13729565367990234637 0.19884906477445704609
0.13643032926003645366 0.19952919475013447537
0.16899914030605572846 0.19963013381998845341
0.17840093781264956818 0.19973620569676556191
0.11998737946480655947 0.20124819226340279199
0.15376654997812225223 0.20175961835219974327
0.20039856662865293546 0.20177883972719490302
0.17161886575740356586 0.20211972089704069444
0.12295512059942229066 0.20247419942608516075
0.16292433866436459300 0.20417991793420878222
0.16031398301969793097 0.20458026745156038251
0.17131702957548924915 0.20544529850055329168
0.20407466564634232919 0.20647006189755409689
0.14819318832932304453 0.20684518680064772900
0.12479354276626632159 0.20709246339019621308
0.18939216885335841134 0.20729017869239513283
0.20053398273021413867 0.20738952924992698490
0.18693170348195659036 0.20780127671427928160
0.14952231806036389572 0.20804828095443023139
0.18543275683644966367 0.20998898875590887858
0.12706257704264389830 0.21018858134046172759
0.12861317088754015137 0.21198817585793289231
0.17125229797365867923 0.21335960430995157266
0.20311484635914864305 0.21499199199444765651
0.19427291085463777032 0.21878745600905732949
0.18441074600183890442 0.21912458933643655379
0.21405015103495417250 0.22050874826405167384
0.12319528339711019460 0.22055906874605221701
0.17318287727166820078 0.22056159412531634034
0.18542939905836300363 0.22217744417431706250
0.13812302738026238647 0.22368381410982715596
0.21245609575538024205 0.22414054305570282888
0.17151042395342874780 0.22769894447379784852
0.18276955471772277084 0.23036956153844553863
0.20332076503588611405 0.24440717436255260386
0.21074147800127748797 0.24919293402812237037
0.24468106448791929197 0.25021696997021863895
