0.00000000000000000000 0.01366187756818733334
0.00000000000000000000 0.01395491582855719684
0.00000000000000000000 0.01633958442405745656
0.00000000000000000000 0.01767784312621362153
0.00000000000000000000 0.02370025952708149433
0.00000000000000000000 0.02545257643541105202
0.00000000000000000000 0.02771872432614686660
0.00000000000000000000 0.02782460656768641349
0.00000000000000000000 0.02828223102593046753
0.00000000000000000000 0.02854839279145440084
0.00000000000000000000 0.02962302068694510140
0.00000000000000000000 0.02962749929468479898
0.00000000000000000000 0.02966570002640500636
0.00000000000000000000 0.02975996161287246949
0.00000000000000000000 0.03005572714331267159
0.00000000000000000000 0.03122756945372014495
0.00000000000000000000 0.03178645074988616093
0.00000000000000000000 0.03309044916662565172
0.00000000000000000000 0.03444186061796009751
0.00000000000000000000 0.03509801517295714490
0.00000000000000000000 0.03524843268428787257
0.00000000000000000000 0.03660927063603975490
0.00000000000000000000 0.03734272569568891642
0.00000000000000000000 0.03775303471351761780
0.00000000000000000000 0.03788090570281869157
0.00000000000000000000 0.03796403201440096131
0.00000000000000000000 0.03943391725344665144
0.00000000000000000000 0.04074033385219481135
0.00000000000000000000 0.04103517341918491712
0.00000000000000000000 0.04108212888350160075
0.00000000000000000000 0.04172598820612177795
0.00000000000000000000 0.04211845849168727868
0.00000000000000000000 0.04246189748828764488
0.00000000000000000000 0.04268287911918299676
0.00000000000000000000 0.04399936596160925611
0.00000000000000000000 0.04407612354597628679
0.00000000000000000000 0.04419093562049107582
0.00000000000000000000 0.04435494959477605248
0.00000000000000000000 0.04502672228172394792
0.00000000000000000000 0.04508901774899821274
0.00000000000000000000 0.04592433096693681466
0.00000000000000000000 0.04655702746233593425
0.00000000000000000000 0.04668612865687633839
0.00000000000000000000 0.04714690583827447351
0.00000000000000000000 0.04810881821412129472
0.00000000000000000000 0.04816933412566977435
0.00000000000000000000 0.04851276445495714129
0.00000000000000000000 0.04936716264495845385
0.00000000000000000000 0.05008911499779867410
0.00000000000000000000 0.05023592516151464960
0.00000000000000000000 0.05035809408812946114
0.00000000000000000000 0.05061028262168472402
0.00000000000000000000 0.05089163973222469994
0.00000000000000000000 0.05090216599049466467
0.00000000000000000000 0.05103288838564314089
0.00000000000000000000 0.05110538588864656229
0.00000000000000000000 0.05131506787359475102
0.00000000000000000000 0.05152955645794503325
0.00000000000000000000 0.05165910013357991049
0.00000000000000000000 0.05221339522872565225
0.00000000000000000000 0.05263741940242429307
0.00000000000000000000 0.05304601682475702101
0.00000000000000000000 0.05319545560789300243
0.00000000000000000000 0.05322030212765749974
0.00000000000000000000 0.05354924742674799232
0.00000000000000000000 0.05423421691376509313
0.00000000000000000000 0.05435512147551922746
0.00000000000000000000 0.05451056804857372373
0.00000000000000000000 0.05454262112487210518
0.00000000000000000000 0.05469704971340597771
0.00000000000000000000 0.05490449609576042445
0.00000000000000000000 0.05517867549908883618
0.00000000000000000000 0.05589271113562895021
0.00000000000000000000 0.05601602105970020923
0.00000000000000000000 0.05615483306516471512
0.00000000000000000000 0.05618795176037569283
0.00000000000000000000 0.05668157078190066284
0.00000000000000000000 0.05684930278421542610
0.00000000000000000000 0.05723937030113867425
0.00000000000000000000 0.05762436652119458380
0.00000000000000000000 0.05766205794160757930
0.00000000000000000000 0.05818973827581958719
0.00000000000000000000 0.05854828111111504835
0.00000000000000000000 0.05864647060449494631
0.00000000000000000000 0.05876988658714318858
0.00000000000000000000 0.05879761992142926857
0.00000000000000000000 0.05903302593029008394
0.00000000000000000000 0.05923187396289768258
0.00000000000000000000 0.05951136391995976577
0.00000000000000000000 0.05978221257695028740
0.00000000000000000000 0.05979505233533094488
0.00000000000000000000 0.06016112624738639836
0.00000000000000000000 0.06075350006945430537
0.00000000000000000000 0.06136214744775487367
0.00000000000000000000 0.06147999841567377416
0.00000000000000000000 0.06150310676654072162
0.00000000000000000000 0.06156235501547106109
0.00000000000000000000 0.06159022022405358232
0.00000000000000000000 0.06171046604372895650
0.00000000000000000000 0.06174711314721011840
0.00000000000000000000 0.06189943138831802139
0.00000000000000000000 0.06195321316117468474
0.00000000000000000000 0.06223725177358931798
0.00000000000000000000 0.06245813093999331295
0.00000000000000000000 0.06253187649045663377
0.00000000000000000000 0.06264912980029661849
0.00000000000000000000 0.06293141817888357747
0.00000000000000000000 0.06302757357489861822
0.00000000000000000000 0.06320196273962452871
0.00000000000000000000 0.06409357997137986318
0.00000000000000000000 0.06419179905856817192
0.00000000000000000000 0.06458831138888436463
0.00000000000000000000 0.06490399611606495478
0.00000000000000000000 0.06493601326091374970
0.00000000000000000000 0.06556685755510087421
0.00000000000000000000 0.06563528696798243134
0.00000000000000000000 0.06601923940768514298
0.00000000000000000000 0.06615555930948993635
0.00000000000000000000 0.06624811154730302076
0.00000000000000000000 0.06631269168527363644
0.00000000000000000000 0.06639096943664302142
0.00000000000000000000 0.06645696249529521593
0.00000000000000000000 0.06647439402491091276
0.00000000000000000000 0.06653533497849040135
0.00000000000000000000 0.06671330752964754751
0.00000000000000000000 0.06674915159156812050
0.00000000000000000000 0.06703187439861088559
0.00000000000000000000 0.06709639250898326301
0.00000000000000000000 0.06739253279313194012
0.00000000000000000000 0.06811146443857525601
0.00000000000000000000 0.06824200012004058569
0.00000000000000000000 0.06824923650049415091
0.00000000000000000000 0.06825106609260146728
0.00000000000000000000 0.06830462662908370897
0.00000000000000000000 0.06838264265645865869
0.00000000000000000000 0.06844687565299285847
0.00000000000000000000 0.06901871359475239553
0.00000000000000000000 0.06997158701539804571
0.00000000000000000000 0.07003046137269619553
0.00000000000000000000 0.07010811210279223327
0.00000000000000000000 0.07041444243160512040
0.00000000000000000000 0.07076548755912642763
0.00000000000000000000 0.07092832022862127772
0.00000000000000000000 0.07101598115887025608
0.00000000000000000000 0.07102278102445214181
0.00000000000000000000 0.07106363410855354168
0.00000000000000000000 0.07113616783283796541
0.00000000000000000000 0.07157070945584859123
0.00000000000000000000 0.07171708419025280001
0.00000000000000000000 0.07174337604901810661
0.00000000000000000000 0.07179262997442496796
0.00000000000000000000 0.07189180559935076653
0.00000000000000000000 0.07223639933222883447
0.00000000000000000000 0.07224772857515512903
0.00000000000000000000 0.07233057352143212881
0.00000000000000000000 0.07310844706993659126
0.00000000000000000000 0.07316644280683427815
0.00000000000000000000 0.07351571142093939193
0.00000000000000000000 0.07367691449358020062
0.00000000000000000000 0.07371944071910183083
0.00000000000000000000 0.07388339019339515423
0.00000000000000000000 0.07393375168773284878
0.00000000000000000000 0.07408859652570573551
0.00000000000000000000 0.07411326469563352115
0.00000000000000000000 0.07446322249804313009
0.00000000000000000000 0.07467084908610779892
0.00000000000000000000 0.07467292288006471823
0.00000000000000000000 0.07484767605000176849
0.00000000000000000000 0.07526060134518813838
0.00000000000000000000 0.07527637569106682136
0.00000000000000000000 0.07595263602944503367
0.00000000000000000000 0.07628364058533591840
0.00000000000000000000 0.07630793903475438511
0.00000000000000000000 0.07633151634378562700
0.00000000000000000000 0.07645656919999710421
0.00000000000000000000 0.07654608448129983367
0.00000000000000000000 0.07663875237394845996
0.00000000000000000000 0.07670236536971630770
0.00000000000000000000 0.07701469146615869121
0.00000000000000000000 0.07746507499637050875
0.00000000000000000000 0.07748902302008449372
0.00000000000000000000 0.07749407658235647756
0.00000000000000000000 0.07749423781391386046
0.00000000000000000000 0.07749985518381918848
0.00000000000000000000 0.07771180918933308368
0.00000000000000000000 0.07782808769555643602
0.00000000000000000000 0.07816273535974668785
0.00000000000000000000 0.07821653166068236185
0.00000000000000000000 0.07827900745870085275
0.00000000000000000000 0.07842470048594492316
0.00000000000000000000 0.07876273682626877548
0.00000000000000000000 0.07887372354351812609
0.00000000000000000000 0.07888977932989733877
0.00000000000000000000 0.07904814913069470317
0.00000000000000000000 0.07927644508909297005
0.00000000000000000000 0.07957107648561695390
0.00000000000000000000 0.07974483234291820932
0.00000000000000000000 0.07993996420189061758
0.00000000000000000000 0.08030747869672748285
0.00000000000000000000 0.08055972310827937133
0.00000000000000000000 0.08066664500506641466
0.00000000000000000000 0.08086890182277274575
0.00000000000000000000 0.08095254723083010473
0.00000000000000000000 0.08114338928819982144
0.00000000000000000000 0.08137592896793806319
0.00000000000000000000 0.08144801624169722976
0.00000000000000000000 0.08157510539123599691
0.00000000000000000000 0.08161665112069582673
0.00000000000000000000 0.08161707159670167355
0.00000000000000000000 0.08179677183116583483
0.00000000000000000000 0.08197711711399889578
0.00000000000000000000 0.08233345894146308630
0.00000000000000000000 0.08238550260762607380
0.00000000000000000000 0.08244303711119080336
0.00000000000000000000 0.08278737190362972509
0.00000000000000000000 0.08301235480604925165
0.00000000000000000000 0.08305727035214714726
0.00000000000000000000 0.08352146579084261668
0.00000000000000000000 0.08365310733855635394
0.00000000000000000000 0.08371626284577973753
0.00000000000000000000 0.08385709670358339196
0.00000000000000000000 0.08418539196373667211
0.00000000000000000000 0.08436672277396055353
0.00000000000000000000 0.08456242015826091751
0.00000000000000000000 0.08502578034533314622
0.00000000000000000000 0.08520975884909595677
0.00000000000000000000 0.08546063593023642269
0.00000000000000000000 0.08613134100122195325
0.00000000000000000000 0.08634552819726649953
0.00000000000000000000 0.08642585316348633251
0.00000000000000000000 0.08655341982576966742
0.00000000000000000000 0.08660688844195271741
0.00000000000000000000 0.08662466459523517071
0.00000000000000000000 0.08689760557877122815
0.00000000000000000000 0.08690232928323293748
0.00000000000000000000 0.08740728054963745053
0.00000000000000000000 0.08742368565874757136
0.00000000000000000000 0.08750486102723688264
0.00000000000000000000 0.08753511489672223533
0.00000000000000000000 0.08783734413090261983
0.00000000000000000000 0.08798484697414415967
0.00000000000000000000 0.08808996722318217232
0.00000000000000000000 0.08834851903182089350
0.00000000000000000000 0.08849426057641882060
0.00000000000000000000 0.08850245334784191675
0.00000000000000000000 0.08857656298528301941
0.00000000000000000000 0.08881995627274358318
0.00000000000000000000 0.08882006780738134488
0.00000000000000000000 0.08924587797100086428
0.00000000000000000000 0.08948050296142308346
0.00000000000000000000 0.08969627160017583367
0.00000000000000000000 0.08976688788740321001
0.00000000000000000000 0.08976693014470002452
0.00000000000000000000 0.08983114928216295869
0.00000000000000000000 0.09004587704310135221
0.00000000000000000000 0.09010481151104074438
0.00000000000000000000 0.09034853585750350635
0.00000000000000000000 0.09049732032355915778
0.00000000000000000000 0.09060966057252184402
0.00000000000000000000 0.09066440001281214633
0.00000000000000000000 0.09067426137072932824
0.00000000000000000000 0.09101173644043260291
0.00000000000000000000 0.09115341703597668044
0.00000000000000000000 0.09116617571435779721
0.00000000000000000000 0.09129966190900239142
0.00000000000000000000 0.09180043140082873310
0.00000000000000000000 0.09195337429155654718
0.00000000000000000000 0.09209893590533392571
0.00000000000000000000 0.09215491871254212486
0.00000000000000000000 0.09238511544817007426
0.00000000000000000000 0.09241550215956381709
0.00000000000000000000 0.09273489771248275004
0.00000000000000000000 0.09281530963648605692
0.00000000000000000000 0.09282194242302833909
0.00000000000000000000 0.09309026412468307532
0.00000000000000000000 0.09326217421694214804
0.00000000000000000000 0.09345102988436790326
0.00000000000000000000 0.09402132717064684564
0.00000000000000000000 0.09431538167306478815
0.00000000000000000000 0.09436076374576632397
0.00000000000000000000 0.09450150946814309116
0.00000000000000000000 0.09462502546883731769
0.00000000000000000000 0.09530652302348957550
0.00000000000000000000 0.09534955167679617927
0.00000000000000000000 0.09536145956628912235
0.00000000000000000000 0.09538192231817956002
0.00000000000000000000 0.09542697668015495682
0.00000000000000000000 0.09557122223180966603
0.00000000000000000000 0.09585046519817498611
0.00000000000000000000 0.09588912547433582623
0.00000000000000000000 0.09594766385838478240
0.00000000000000000000 0.09604840663022126690
0.00000000000000000000 0.09612286130457167732
0.00000000000000000000 0.09632224918154250193
0.00000000000000000000 0.09633188696709389653
0.00000000000000000000 0.09655585963361533464
0.00000000000000000000 0.09662898712316211891
0.00000000000000000000 0.09663171395016266485
0.00000000000000000000 0.09700742185623148495
0.00000000000000000000 0.09717445680252691231
0.00000000000000000000 0.09731129570836266618
0.00000000000000000000 0.09745789749244047895
0.00000000000000000000 0.09762401124364356031
0.00000000000000000000 0.09774657097401251438
0.00000000000000000000 0.09781536328748571818
0.00000000000000000000 0.09811699567630005614
0.00000000000000000000 0.09833745296002276148
0.00000000000000000000 0.09839382808397158231
0.00000000000000000000 0.09874043752953330644
0.00000000000000000000 0.09883753513753038011
0.00000000000000000000 0.09884267694714729546
0.00000000000000000000 0.09908519070954918684
0.00000000000000000000 0.09916927858562668563
0.00000000000000000000 0.09935712835181664815
0.00000000000000000000 0.09935962709174146756
0.00000000000000000000 0.09946109465434231633
0.00000000000000000000 0.09953065761843232773
0.00000000000000000000 0.09981286714912296354
0.00000000000000000000 0.09983629517792698416
0.00000000000000000000 0.09996085385016145741
0.00000000000000000000 0.10029136798877368031
0.00000000000000000000 0.10033652974035880967
0.00000000000000000000 0.10045198142231331895
0.00000000000000000000 0.10046220898832282364
0.00000000000000000000 0.10047006400249483549
0.00000000000000000000 0.10072044426469176082
0.00000000000000000000 0.10091853608241674323
0.00000000000000000000 0.10111891351045439180
0.00000000000000000000 0.10148939897201580962
0.00000000000000000000 0.10160083011596712788
0.00000000000000000000 0.10176711209246171175
0.00000000000000000000 0.10180017020342339851
0.00000000000000000000 0.10227950072973639173
0.00000000000000000000 0.10237903718340607417
0.00000000000000000000 0.10251036125428125700
0.00000000000000000000 0.10256964023409735620
0.00000000000000000000 0.10268673044852946741
0.00000000000000000000 0.10293541803547140434
0.00000000000000000000 0.10313794319711629133
0.00000000000000000000 0.10325127182794212322
0.00000000000000000000 0.10333107396190079064
0.00000000000000000000 0.10342390362309605845
0.00000000000000000000 0.10343997993635628552
0.00000000000000000000 0.10344652091781006420
0.00000000000000000000 0.10393099284677619065
0.00000000000000000000 0.10394181147826005163
0.00000000000000000000 0.10424614573099298676
0.00000000000000000000 0.10442448444994975598
0.00000000000000000000 0.10475710409337690709
0.00000000000000000000 0.10485335661351073699
0.00000000000000000000 0.10487555096692594003
0.00000000000000000000 0.10493008412430328280
0.00000000000000000000 0.10495867050128272757
0.00000000000000000000 0.10503783983371352273
0.00000000000000000000 0.10517801120107576895
0.00000000000000000000 0.10527096194714294364
0.00000000000000000000 0.10534767171016372334
0.00000000000000000000 0.10540155040859927604
0.00000000000000000000 0.10543037842356975387
0.00000000000000000000 0.10547824159016995493
0.00000000000000000000 0.10591068134319968352
0.00000000000000000000 0.10681605661614679281
0.00000000000000000000 0.10686234072944872375
0.00000000000000000000 0.10707687324018778929
0.00000000000000000000 0.10715991932277330045
0.00000000000000000000 0.10774181479252786797
0.00000000000000000000 0.10791655533598989991
0.00000000000000000000 0.10801676573278667925
0.00000000000000000000 0.10813316495610787726
0.00000000000000000000 0.10838630674557024614
0.00000000000000000000 0.10841068964752258175
0.00000000000000000000 0.10865645724740374822
0.00000000000000000000 0.10872151780187810921
0.00000000000000000000 0.10895902076344245180
0.00000000000000000000 0.10907539814022604308
0.00000000000000000000 0.10912028250000525842
0.00000000000000000000 0.10949568792493281910
0.00000000000000000000 0.10959017191634294608
0.00000000000000000000 0.10986866514858452393
0.00000000000000000000 0.10999616369478469602
0.00000000000000000000 0.11007014585009003427
0.00000000000000000000 0.11018705242124510191
0.00000000000000000000 0.11082490093257409136
0.00000000000000000000 0.11085480249941068176
0.00000000000000000000 0.11090302244576195900
0.00000000000000000000 0.11142043487307248806
0.00000000000000000000 0.11143589373115102281
0.00000000000000000000 0.11155667122128590241
0.00000000000000000000 0.11165751887691903466
0.00000000000000000000 0.11202360112653991786
0.00000000000000000000 0.11210444949716050211
0.00000000000000000000 0.11238440822681917963
0.00000000000000000000 0.11255824973943331924
0.00000000000000000000 0.11264818690327413342
0.00000000000000000000 0.11294252938341080295
0.00000000000000000000 0.11369268708581969918
0.00000000000000000000 0.11376608642916220815
0.00000000000000000000 0.11426581150107976981
0.00000000000000000000 0.11440772470096435831
0.00000000000000000000 0.11485037167115694223
0.00000000000000000000 0.11490540316969583001
0.00000000000000000000 0.11521003133841470345
0.00000000000000000000 0.11528982460450910852
0.00000000000000000000 0.11536266692959160074
0.00000000000000000000 0.11541788033658052781
0.00000000000000000000 0.11581265610211698147
0.00000000000000000000 0.11590632543681481104
0.00000000000000000000 0.11622580918704576713
0.00000000000000000000 0.11731340870156940770
0.00000000000000000000 0.11731621516348571255
0.00000000000000000000 0.11731710371522775793
0.00000000000000000000 0.11763818936872592891
0.00000000000000000000 0.11798940991067657924
0.00000000000000000000 0.11804153900410987998
0.00000000000000000000 0.11825170591060132907
0.00000000000000000000 0.11829569878194433341
0.00000000000000000000 0.11836509734945267758
0.00000000000000000000 0.11839702493337805889
0.00000000000000000000 0.11882956717806902880
0.00000000000000000000 0.11884402780879783912
0.00000000000000000000 0.11887332702131450657
0.00000000000000000000 0.11951904938562245284
0.00000000000000000000 0.11972237803815080626
0.00000000000000000000 0.11977348426941408777
0.00000000000000000000 0.12022898832772850597
0.00000000000000000000 0.12023242560268446177
0.00000000000000000000 0.12051967960453927042
0.00000000000000000000 0.12056751534262059866
0.00000000000000000000 0.12133102778738759364
0.00000000000000000000 0.12148080438278328896
0.00000000000000000000 0.12199446091385772462
0.00000000000000000000 0.12202720082261803158
0.00000000000000000000 0.12205689696646587761
0.00000000000000000000 0.12316493570980049932
0.00000000000000000000 0.12399992544523930071
0.00000000000000000000 0.12439455347882642788
0.00000000000000000000 0.12470782335890943926
0.00000000000000000000 0.12478140915335381167
0.00000000000000000000 0.12506001295467328305
0.00000000000000000000 0.12517942504121457037
0.00000000000000000000 0.12521513815131904424
0.00000000000000000000 0.12559228176787404219
0.00000000000000000000 0.12576193923327388946
0.00000000000000000000 0.12609632692636532636
0.00000000000000000000 0.12702276384648494845
0.00000000000000000000 0.12782243588024788661
0.00000000000000000000 0.12794811354368404444
0.00000000000000000000 0.12812450725242482963
0.00000000000000000000 0.12881759880554766173
0.00000000000000000000 0.12968189031299706682
0.00000000000000000000 0.12968773294611452007
0.00000000000000000000 0.12971599819515663987
0.00000000000000000000 0.12976417715148330645
0.00000000000000000000 0.13043285570359824943
0.00000000000000000000 0.13063837968335884065
0.00000000000000000000 0.13177139832731016300
0.00000000000000000000 0.13205895926719621314
0.00000000000000000000 0.13267545249653375783
0.00000000000000000000 0.13396349342799782067
0.00000000000000000000 0.13580655048309731026
0.00000000000000000000 0.13649425733463660393
0.00000000000000000000 0.13651095427324785869
0.00000000000000000000 0.13712057768052091089
0.00000000000000000000 0.13731288151562670574
0.00000000000000000000 0.13866410463651013263
0.00000000000000000000 0.13915362777846915221
0.00000000000000000000 0.13994865322550861797
0.00000000000000000000 0.14087551518476706947
0.00000000000000000000 0.14126340688955710267
0.00000000000000000000 0.14192893900041647637
0.00000000000000000000 0.14259109929443228304
0.00000000000000000000 0.14265766960097789329
0.00000000000000000000 0.14355138451872684335
0.00000000000000000000 0.14400752084961868094
0.00000000000000000000 0.14441291527574687259
0.00000000000000000000 0.14532522993790461530
0.00000000000000000000 0.14564911760831766863
0.00000000000000000000 0.14625402726047426194
0.00000000000000000000 0.14775590143661729292
0.00000000000000000000 0.14942535272890722364
0.00000000000000000000 0.14950806323417711874
0.00000000000000000000 0.15013887148315618880
0.00000000000000000000 0.15228848633393302081
0.00000000000000000000 0.15257633556256328111
0.00000000000000000000 0.15340767472314603692
0.00000000000000000000 0.15450067668252867592
0.00000000000000000000 0.15663141957239873348
0.00000000000000000000 0.16164099366817813452
0.00000000000000000000 0.16187449894521488414
0.00000000000000000000 0.16272121906379596878
0.00000000000000000000 0.16745683226493374152
0.00000000000000000000 0.16924898539365290651
0.00000000000000000000 0.16928864087975012409
0.00000000000000000000 0.18306750425506884694
0.00000000000000000000 0.18413504019526502620
0.00000000000000000000 0.20391657908557425660
0.00000000000000000000 0.20872638379839075773
0.00000000000000000000 0.22653491781212425904
0.00000000000000000000 0.24822086751519270575
0.00000000000000000000 1.73205080756887719318
