0.00000000000000000000 0.00803249744231243623
0.00000000000000000000 0.00952791821123930710
0.00000000000000000000 0.01693685569376059477
0.00000000000000000000 0.01817921090432150777
0.00000000000000000000 0.01821610066199612354
0.00000000000000000000 0.01972946881820536458
0.00000000000000000000 0.02049899768846303802
0.00000000000000000000 0.02068824011840797450
0.00000000000000000000 0.02189423215135634718
0.00000000000000000000 0.02200357841157282723
0.00000000000000000000 0.02223912408892005782
0.00000000000000000000 0.02255772550130591761
0.00000000000000000000 0.02299611535222511466
0.00000000000000000000 0.02340834702014760876
0.00000000000000000000 0.02457328141669323437
0.00000000000000000000 0.02475930152874644338
0.00000000000000000000 0.02531006443296447694
0.00000000000000000000 0.02581779908171621257
0.00000000000000000000 0.02744583875838272485
0.00000000000000000000 0.02896737399137600324
0.00000000000000000000 0.03064076809799829576
0.00000000000000000000 0.03377991386839195032
0.00000000000000000000 0.03390176261383329170
0.00000000000000000000 0.03466803868295029872
0.00000000000000000000 0.03660565245443371529
0.00000000000000000000 0.03665480612804512123
0.00000000000000000000 0.03669081781734897379
0.00000000000000000000 0.03671862522053397776
0.00000000000000000000 0.03766435059399113328
0.00000000000000000000 0.03834413946155559166
0.00000000000000000000 0.03930724567393671653
0.00000000000000000000 0.04144948702369654486
0.00000000000000000000 0.04279352392121882342
0.00000000000000000000 0.04287103371345137720
0.00000000000000000000 0.04299081011439218059
0.00000000000000000000 0.04314891414568979705
0.00000000000000000000 0.04330081080076717687
0.00000000000000000000 0.04348881983526634715
0.00000000000000000000 0.04352946958742732325
0.00000000000000000000 0.04434070714251650558
0.00000000000000000000 0.04462029734623979005
0.00000000000000000000 0.04465770897411577844
0.00000000000000000000 0.04537035563042015468
0.00000000000000000000 0.04597688824549594350
0.00000000000000000000 0.04661794239182407568
0.00000000000000000000 0.04694727416334903286
0.00000000000000000000 0.04702477340584138021
0.00000000000000000000 0.04705667676476707473
0.00000000000000000000 0.04761049320863787460
0.00000000000000000000 0.04761117677177074958
0.00000000000000000000 0.04818069375073238958
0.00000000000000000000 0.04819778467769006425
0.00000000000000000000 0.04882100160054444332
0.00000000000000000000 0.04934536094000455814
0.00000000000000000000 0.04937509627142531304
0.00000000000000000000 0.04998684414891334249
0.00000000000000000000 0.05013884455661590800
0.00000000000000000000 0.05024928998102129452
0.00000000000000000000 0.05030403564871639005
0.00000000000000000000 0.05054152215599029552
0.00000000000000000000 0.05063935309544934094
0.00000000000000000000 0.05075252395886092199
0.00000000000000000000 0.05125383168471479844
0.00000000000000000000 0.05229639020339174604
0.00000000000000000000 0.05239204897213402268
0.00000000000000000000 0.05368159682122677911
0.00000000000000000000 0.05370235829690822582
0.00000000000000000000 0.05415143753522769221
0.00000000000000000000 0.05468306896998113148
0.00000000000000000000 0.05488813268092612718
0.00000000000000000000 0.05525623616811808914
0.00000000000000000000 0.05535728466503107847
0.00000000000000000000 0.05536960836940926084
0.00000000000000000000 0.05549703186670015137
0.00000000000000000000 0.05565161037587585541
0.00000000000000000000 0.05626552730747808040
0.00000000000000000000 0.05641579408184706212
0.00000000000000000000 0.05664947792468816995
0.00000000000000000000 0.05716127472854423686
0.00000000000000000000 0.05721475960297751906
0.00000000000000000000 0.05740097603640322704
0.00000000000000000000 0.05798046819807557012
0.00000000000000000000 0.05802093627148076360
0.00000000000000000000 0.05883773281465778937
0.00000000000000000000 0.05920939125709934886
0.00000000000000000000 0.05922194708538739555
0.00000000000000000000 0.05925919637014204211
0.00000000000000000000 0.05926118709771258791
0.00000000000000000000 0.05945171123623138598
0.00000000000000000000 0.05959633712239862519
0.00000000000000000000 0.05962721433341189314
0.00000000000000000000 0.05974436775174683106
0.00000000000000000000 0.05988633645964336338
0.00000000000000000000 0.06004357642889984747
0.00000000000000000000 0.06010947195516869179
0.00000000000000000000 0.06081506210480060876
0.00000000000000000000 0.06094476377745580015
0.00000000000000000000 0.06113248791808604393
0.00000000000000000000 0.06124186722798407451
0.00000000000000000000 0.06125212704705899902
0.00000000000000000000 0.06173165979421786631
0.00000000000000000000 0.06182555400355022740
0.00000000000000000000 0.06184304798144862197
0.00000000000000000000 0.06186703755935304277
0.00000000000000000000 0.06192784778358378928
0.00000000000000000000 0.06202506796957858726
0.00000000000000000000 0.06254777923214978330
0.00000000000000000000 0.06270566239752317639
0.00000000000000000000 0.06289442084401472566
0.00000000000000000000 0.06295546885546922378
0.00000000000000000000 0.06316373770506752972
0.00000000000000000000 0.06357051450151883498
0.00000000000000000000 0.06368254534970696490
0.00000000000000000000 0.06369328917277268520
0.00000000000000000000 0.06377550679782521825
0.00000000000000000000 0.06399185214762731500
0.00000000000000000000 0.06411882831425476381
0.00000000000000000000 0.06413448781042618840
0.00000000000000000000 0.06434792899328185822
0.00000000000000000000 0.06451336044563268923
0.00000000000000000000 0.06461699461379705189
0.00000000000000000000 0.06489903581816747202
0.00000000000000000000 0.06511555511185250500
0.00000000000000000000 0.06542912771082345924
0.00000000000000000000 0.06544270646089747623
0.00000000000000000000 0.06547785169184511256
0.00000000000000000000 0.06562238476702353385
0.00000000000000000000 0.06566831102464706915
0.00000000000000000000 0.06572103626076136740
0.00000000000000000000 0.06576608690710709915
0.00000000000000000000 0.06595460133083753951
0.00000000000000000000 0.06629919635275287326
0.00000000000000000000 0.06637131125227611894
0.00000000000000000000 0.06675557444372098859
0.00000000000000000000 0.06695923186632304902
0.00000000000000000000 0.06782306331597609539
0.00000000000000000000 0.06787782057088150023
0.00000000000000000000 0.06801915145469342172
0.00000000000000000000 0.06826062351033114484
0.00000000000000000000 0.06832704370906091118
0.00000000000000000000 0.06859295920172334138
0.00000000000000000000 0.06861904992127447478
0.00000000000000000000 0.06869046917372770289
0.00000000000000000000 0.06878468683687676000
0.00000000000000000000 0.06882813020495202883
0.00000000000000000000 0.06899532287758484983
0.00000000000000000000 0.06905668564283581889
0.00000000000000000000 0.06928742449147709537
0.00000000000000000000 0.06993246806778634361
0.00000000000000000000 0.07029103648472277699
0.00000000000000000000 0.07067236114526963264
0.00000000000000000000 0.07080900790465627370
0.00000000000000000000 0.07102139862642134482
0.00000000000000000000 0.07110038552775578558
0.00000000000000000000 0.07126215731027066291
0.00000000000000000000 0.07141338680245865045
0.00000000000000000000 0.07141896264865414679
0.00000000000000000000 0.07144897887007956028
0.00000000000000000000 0.07185602965744397608
0.00000000000000000000 0.07186091383070322691
0.00000000000000000000 0.07189824144821496676
0.00000000000000000000 0.07220054036145585885
0.00000000000000000000 0.07250298285407111298
0.00000000000000000000 0.07256168121722493536
0.00000000000000000000 0.07256881837926740242
0.00000000000000000000 0.07264236012961601541
0.00000000000000000000 0.07265059357644985949
0.00000000000000000000 0.07324955148894601864
0.00000000000000000000 0.07346031538854617959
0.00000000000000000000 0.07354639906521169557
0.00000000000000000000 0.07377757430695515428
0.00000000000000000000 0.07383320055591621744
0.00000000000000000000 0.07396709327035397297
0.00000000000000000000 0.07447020175582808044
0.00000000000000000000 0.07452446082073677092
0.00000000000000000000 0.07461905638214688663
0.00000000000000000000 0.07486052264749733232
0.00000000000000000000 0.07513309443976964874
0.00000000000000000000 0.07521530382767128986
0.00000000000000000000 0.07553602927414111712
0.00000000000000000000 0.07558357255311776157
0.00000000000000000000 0.07587166604270309533
0.00000000000000000000 0.07618580085075993269
0.00000000000000000000 0.07648471388620779743
0.00000000000000000000 0.07664549094091993586
0.00000000000000000000 0.07681877279558851912
0.00000000000000000000 0.07703396274949478317
0.00000000000000000000 0.07729302727934085626
0.00000000000000000000 0.07736688248232588550
0.00000000000000000000 0.07738025682872355648
0.00000000000000000000 0.07760922076380273593
0.00000000000000000000 0.07770263498507713751
0.00000000000000000000 0.07778034566718049214
0.00000000000000000000 0.07786639148113114195
0.00000000000000000000 0.07835287836433366127
0.00000000000000000000 0.07879920162422611452
0.00000000000000000000 0.07904080411910203996
0.00000000000000000000 0.07937599469608537517
0.00000000000000000000 0.07940894987720360787
0.00000000000000000000 0.08001711038948747245
0.00000000000000000000 0.08010524984621575362
0.00000000000000000000 0.08048680904491241350
0.00000000000000000000 0.08050105410724567312
0.00000000000000000000 0.08060813644812064860
0.00000000000000000000 0.08073404100412892581
0.00000000000000000000 0.08086337550153634146
0.00000000000000000000 0.08104393072635536488
0.00000000000000000000 0.08119464824386180002
0.00000000000000000000 0.08149701789393802576
0.00000000000000000000 0.08167560776892637819
0.00000000000000000000 0.08178565644431054493
0.00000000000000000000 0.08185441602991827548
0.00000000000000000000 0.08206217205634908085
0.00000000000000000000 0.08215947809290682913
0.00000000000000000000 0.08262557465771118437
0.00000000000000000000 0.08283838872545715160
0.00000000000000000000 0.08314000994140090250
0.00000000000000000000 0.08344097730905035426
0.00000000000000000000 0.08346613161867635911
0.00000000000000000000 0.08354337532641163688
0.00000000000000000000 0.08382579326139288911
0.00000000000000000000 0.08383626391878146178
0.00000000000000000000 0.08386677051925228721
0.00000000000000000000 0.08442688710557692822
0.00000000000000000000 0.08448472742797585866
0.00000000000000000000 0.08471191656933428626
0.00000000000000000000 0.08474329521876246274
0.00000000000000000000 0.08494700286216526341
0.00000000000000000000 0.08497185336401096023
0.00000000000000000000 0.08519295859638104096
0.00000000000000000000 0.08529697182012654921
0.00000000000000000000 0.08556380776147225198
0.00000000000000000000 0.08601948887423271906
0.00000000000000000000 0.08609858661458208440
0.00000000000000000000 0.08611116146169871255
0.00000000000000000000 0.08628423988824117374
0.00000000000000000000 0.08644640024112451582
0.00000000000000000000 0.08652231376471135327
0.00000000000000000000 0.08678210298804667211
0.00000000000000000000 0.08691764946260950586
0.00000000000000000000 0.08739235263144116972
0.00000000000000000000 0.08780329832460607997
0.00000000000000000000 0.08783535642679754507
0.00000000000000000000 0.08806091114183385582
0.00000000000000000000 0.08834743367385039514
0.00000000000000000000 0.08844518172109588905
0.00000000000000000000 0.08880997158692487126
0.00000000000000000000 0.08895558104888356965
0.00000000000000000000 0.08895771559124383832
0.00000000000000000000 0.08907419722864617917
0.00000000000000000000 0.08915708647263975717
0.00000000000000000000 0.08921219643657461729
0.00000000000000000000 0.08923439904789508270
0.00000000000000000000 0.08967877156522616189
0.00000000000000000000 0.08990798586588306940
0.00000000000000000000 0.09004047887467650502
0.00000000000000000000 0.09021584726317846692
0.00000000000000000000 0.09025643796088710091
0.00000000000000000000 0.09045823710999319200
0.00000000000000000000 0.09056703380410884019
0.00000000000000000000 0.09073485096883227019
0.00000000000000000000 0.09101042964716851702
0.00000000000000000000 0.09160230388040561944
0.00000000000000000000 0.09214792234365870582
0.00000000000000000000 0.09216538862093921758
0.00000000000000000000 0.09240389546183253033
0.00000000000000000000 0.09264942125267339179
0.00000000000000000000 0.09301884234393507922
0.00000000000000000000 0.09302625375819842390
0.00000000000000000000 0.09303441004018325744
0.00000000000000000000 0.09331538854511342573
0.00000000000000000000 0.09359084005737966505
0.00000000000000000000 0.09364533139523742444
0.00000000000000000000 0.09391222474184619806
0.00000000000000000000 0.09409354117133285345
0.00000000000000000000 0.09416974493692215065
0.00000000000000000000 0.09438047832497933887
0.00000000000000000000 0.09442424598989218598
0.00000000000000000000 0.09483714232465732807
0.00000000000000000000 0.09538632848648352647
0.00000000000000000000 0.09553402682133993462
0.00000000000000000000 0.09553736038066704128
0.00000000000000000000 0.09592899567952442585
0.00000000000000000000 0.09618437656434490612
0.00000000000000000000 0.09645585678182888589
0.00000000000000000000 0.09646997598592350898
0.00000000000000000000 0.09665872932106142623
0.00000000000000000000 0.09711288272692665535
0.00000000000000000000 0.09722051586282462465
0.00000000000000000000 0.09739838097133587946
0.00000000000000000000 0.09744416711115874707
0.00000000000000000000 0.09750869893347174910
0.00000000000000000000 0.09783233422996787110
0.00000000000000000000 0.09796111207586367942
0.00000000000000000000 0.09798033754948835827
0.00000000000000000000 0.09839451808519686371
0.00000000000000000000 0.09845860765008297710
0.00000000000000000000 0.09857165060565135917
0.00000000000000000000 0.09860377204963492737
0.00000000000000000000 0.09917247202373775938
0.00000000000000000000 0.09926819128994321395
0.00000000000000000000 0.09942203829493483080
0.00000000000000000000 0.09977574299544754444
0.00000000000000000000 0.09995943228975494310
0.00000000000000000000 0.10013042958036470764
0.00000000000000000000 0.10023154113362593709
0.00000000000000000000 0.10093837364958718750
0.00000000000000000000 0.10136496129101624231
0.00000000000000000000 0.10147085071249853372
0.00000000000000000000 0.10162632287006434506
0.00000000000000000000 0.10174938514224221575
0.00000000000000000000 0.10211186778389982899
0.00000000000000000000 0.10216423671614259516
0.00000000000000000000 0.10235580193889640133
0.00000000000000000000 0.10288951185207949324
0.00000000000000000000 0.10294870763425159610
0.00000000000000000000 0.10303142268600096187
0.00000000000000000000 0.10340085931751645532
0.00000000000000000000 0.10349047372333418371
0.00000000000000000000 0.10393267753662614739
0.00000000000000000000 0.10407781377540664680
0.00000000000000000000 0.10431635437474454098
0.00000000000000000000 0.10497638634440609184
0.00000000000000000000 0.10502038704979092809
0.00000000000000000000 0.10524151823217348101
0.00000000000000000000 0.10533570279473657150
0.00000000000000000000 0.10558867411109051915
0.00000000000000000000 0.10564405270000017112
0.00000000000000000000 0.10566174958499782721
0.00000000000000000000 0.10569526107219505418
0.00000000000000000000 0.10617052412576227782
0.00000000000000000000 0.10627325910522451846
0.00000000000000000000 0.10630494780409820155
0.00000000000000000000 0.10633540055556045534
0.00000000000000000000 0.10670810546159187338
0.00000000000000000000 0.10684869404406302507
0.00000000000000000000 0.10685634628706144889
0.00000000000000000000 0.10737748176252048804
0.00000000000000000000 0.10772574867801694432
0.00000000000000000000 0.10822184367568038477
0.00000000000000000000 0.10847824970513189613
0.00000000000000000000 0.10849723530012429784
0.00000000000000000000 0.10887787566900532232
0.00000000000000000000 0.10889611103114713031
0.00000000000000000000 0.10890589686911303358
0.00000000000000000000 0.10902164371502011397
0.00000000000000000000 0.10905147305752399545
0.00000000000000000000 0.10922403714506191685
0.00000000000000000000 0.10923343186418468798
0.00000000000000000000 0.10932905407663864872
0.00000000000000000000 0.10960477603154718251
0.00000000000000000000 0.10968988471551259500
0.00000000000000000000 0.10981403687871038599
0.00000000000000000000 0.10981608519262814339
0.00000000000000000000 0.10987595543288325439
0.00000000000000000000 0.10995635468362414955
0.00000000000000000000 0.11079774073736130269
0.00000000000000000000 0.11086539668089201438
0.00000000000000000000 0.11101900957596705366
0.00000000000000000000 0.11121113237550232788
0.00000000000000000000 0.11127414780026274876
0.00000000000000000000 0.11135861678235461913
0.00000000000000000000 0.11139856397561306856
0.00000000000000000000 0.11150317682599988900
0.00000000000000000000 0.11163163075778284594
0.00000000000000000000 0.11170547435926828084
0.00000000000000000000 0.11228198362362801221
0.00000000000000000000 0.11238359418735162365
0.00000000000000000000 0.11259255925763977935
0.00000000000000000000 0.11289549618771162198
0.00000000000000000000 0.11291407562333423409
0.00000000000000000000 0.11306167368646645455
0.00000000000000000000 0.11346115053580997645
0.00000000000000000000 0.11355467834801881433
0.00000000000000000000 0.11364840131605682960
0.00000000000000000000 0.11377006463348618426
0.00000000000000000000 0.11381022039055502248
0.00000000000000000000 0.11403494552767128034
0.00000000000000000000 0.11406301775373782481
0.00000000000000000000 0.11439487910307383212
0.00000000000000000000 0.11441278835694475291
0.00000000000000000000 0.11451505624876631706
0.00000000000000000000 0.11461299452460960158
0.00000000000000000000 0.11486656173322379315
0.00000000000000000000 0.11491516125965142714
0.00000000000000000000 0.11493674868858637372
0.00000000000000000000 0.11506812391368827220
0.00000000000000000000 0.11538307462649904922
0.00000000000000000000 0.11564093091584855266
0.00000000000000000000 0.11596900836387896705
0.00000000000000000000 0.11634159161746034095
0.00000000000000000000 0.11635701692378741523
0.00000000000000000000 0.11648208881736558939
0.00000000000000000000 0.11673776515994747915
0.00000000000000000000 0.11690599124076513082
0.00000000000000000000 0.11691780221943756657
0.00000000000000000000 0.11704659413098801590
0.00000000000000000000 0.11732468550775555782
0.00000000000000000000 0.11735879263548697204
0.00000000000000000000 0.11752121893151851184
0.00000000000000000000 0.11760438515703990070
0.00000000000000000000 0.11762712220347054659
0.00000000000000000000 0.11800671301766281485
0.00000000000000000000 0.11813048648113214090
0.00000000000000000000 0.11815949150204856088
0.00000000000000000000 0.11827922112480754313
0.00000000000000000000 0.11866331691208399646
0.00000000000000000000 0.11867814590664849117
0.00000000000000000000 0.11872181530013220518
0.00000000000000000000 0.11959241865017404549
0.00000000000000000000 0.11967804977546116219
0.00000000000000000000 0.12009671453892602211
0.00000000000000000000 0.12034972829999690536
0.00000000000000000000 0.12068090409945554653
0.00000000000000000000 0.12095839661293422695
0.00000000000000000000 0.12105706848577700574
0.00000000000000000000 0.12118009965366957625
0.00000000000000000000 0.12122052053932196036
0.00000000000000000000 0.12150663115093496280
0.00000000000000000000 0.12169335168327190255
0.00000000000000000000 0.12193703029942649929
0.00000000000000000000 0.12194681563187761975
0.00000000000000000000 0.12209281743501383677
0.00000000000000000000 0.12222049687958934372
0.00000000000000000000 0.12230778754031865208
0.00000000000000000000 0.12241311536038101959
0.00000000000000000000 0.12254492854470828977
0.00000000000000000000 0.12258782212760575836
0.00000000000000000000 0.12322163638174003786
0.00000000000000000000 0.12374338052936087462
0.00000000000000000000 0.12427286811098367525
0.00000000000000000000 0.12428690371796646819
0.00000000000000000000 0.12445745150631729037
0.00000000000000000000 0.12448403520087751584
0.00000000000000000000 0.12468580560522057876
0.00000000000000000000 0.12483804244672530581
0.00000000000000000000 0.12555981868818899549
0.00000000000000000000 0.12563624093190198239
0.00000000000000000000 0.12573078966634962383
0.00000000000000000000 0.12608505446587417453
0.00000000000000000000 0.12616808922296343654
0.00000000000000000000 0.12626088729418863399
0.00000000000000000000 0.12697134557103884056
0.00000000000000000000 0.12758698123690515036
0.00000000000000000000 0.12852306812370797862
0.00000000000000000000 0.12874278909732500553
0.00000000000000000000 0.12944934738267352414
0.00000000000000000000 0.13002135099652087358
0.00000000000000000000 0.13030674337883565994
0.00000000000000000000 0.13046698790214003583
0.00000000000000000000 0.13218628842286839209
0.00000000000000000000 0.13228089410381402291
0.00000000000000000000 0.13237360940007261711
0.00000000000000000000 0.13252853227568370253
0.00000000000000000000 0.13298726235128027762
0.00000000000000000000 0.13327979750310947615
0.00000000000000000000 0.13344978409863050839
0.00000000000000000000 0.13459057708914656804
0.00000000000000000000 0.13538218938067331232
0.00000000000000000000 0.13959602533327281071
0.00000000000000000000 0.13980038027569022252
0.00000000000000000000 0.13989113513480924689
0.00000000000000000000 0.14031986681494057478
0.00000000000000000000 0.14115369486423848255
0.00000000000000000000 0.14124996590749280823
0.00000000000000000000 0.14140245924493663465
0.00000000000000000000 0.14272473295875659494
0.00000000000000000000 0.14310712787339194274
0.00000000000000000000 0.14329728818334402929
0.00000000000000000000 0.14331194434344504685
0.00000000000000000000 0.14659683516696309091
0.00000000000000000000 0.14691817039786017607
0.00000000000000000000 0.14740979809082352392
0.00000000000000000000 0.14769991097978613093
0.00000000000000000000 0.14819947496602428605
0.00000000000000000000 0.14860891138960660718
0.00000000000000000000 0.14987672872426277548
0.00000000000000000000 0.15059680415166171175
0.00000000000000000000 0.15141389041269612270
0.00000000000000000000 0.15206096743822708484
0.00000000000000000000 0.15258217083032357686
0.00000000000000000000 0.15405272542752648790
0.00000000000000000000 0.15412964577349161366
0.00000000000000000000 0.15583378320826640762
0.00000000000000000000 0.15873308603798866323
0.00000000000000000000 0.16053852115892036645
0.00000000000000000000 0.16151680381935090702
0.00000000000000000000 0.16454907766775025979
0.00000000000000000000 0.17001625738797393472
0.00000000000000000000 0.17270477607365913864
0.00000000000000000000 0.17533356901459359878
0.00000000000000000000 0.18327867263604613601
0.00000000000000000000 0.18378254539532443146
0.00000000000000000000 0.18461517379177153075
0.00000000000000000000 0.18601728762290897778
0.00000000000000000000 0.19015184981527183394
0.00000000000000000000 0.19106299862773923337
0.00000000000000000000 0.20561626424814072323
0.00000000000000000000 0.30029033536344768018
0.00000000000000000000 1.73205080756887719318
