0.00000000000000000000 0.00877922799370469895
0.00000000000000000000 0.01412900640283997096
0.00000000000000000000 0.01461420290886508364
0.00000000000000000000 0.01953321148286806669
0.00000000000000000000 0.02066819522955177027
0.00000000000000000000 0.02370213356023757878
0.00000000000000000000 0.02398724933010542085
0.00000000000000000000 0.02429854728672760367
0.00000000000000000000 0.02475708146444459065
0.00000000000000000000 0.02506136511856771332
0.00000000000000000000 0.02531596309146478402
0.00000000000000000000 0.02669957458257752464
0.00000000000000000000 0.02676429692679561587
0.00000000000000000000 0.02764380273557541165
0.00000000000000000000 0.02896210833199628840
0.00000000000000000000 0.02921946069029685358
0.00000000000000000000 0.02946550628961869603
0.00000000000000000000 0.02949266449189286501
0.00000000000000000000 0.03019111924874776434
0.00000000000000000000 0.03198963491189736608
0.00000000000000000000 0.03261669035734741234
0.00000000000000000000 0.03313632234880291294
0.00000000000000000000 0.03317832018410343808
0.00000000000000000000 0.03344762766333904402
0.00000000000000000000 0.03377058879608941383
0.00000000000000000000 0.03398994198614826989
0.00000000000000000000 0.03410359102356860100
0.00000000000000000000 0.03442899895688655149
0.00000000000000000000 0.03474768913969898676
0.00000000000000000000 0.03580576973045893757
0.00000000000000000000 0.03603627195693933499
0.00000000000000000000 0.03616544327297675082
0.00000000000000000000 0.03619478434115448728
0.00000000000000000000 0.03637902465335367264
0.00000000000000000000 0.03680594562347156568
0.00000000000000000000 0.03705048776243027170
0.00000000000000000000 0.03785743745696175389
0.00000000000000000000 0.03847157173887042619
0.00000000000000000000 0.03855890450218656812
0.00000000000000000000 0.03874736921954920199
0.00000000000000000000 0.03896392265611275246
0.00000000000000000000 0.03996530892724725614
0.00000000000000000000 0.04002637372975145075
0.00000000000000000000 0.04016026558954050030
0.00000000000000000000 0.04023087623892961096
0.00000000000000000000 0.04110933627121969580
0.00000000000000000000 0.04167877629286498992
0.00000000000000000000 0.04174736973749650082
0.00000000000000000000 0.04243934540657420124
0.00000000000000000000 0.04387582346171685355
0.00000000000000000000 0.04450060061306786163
0.00000000000000000000 0.04497190054273175058
0.00000000000000000000 0.04528630637318142166
0.00000000000000000000 0.04556837116378529423
0.00000000000000000000 0.04646519167926856098
0.00000000000000000000 0.04664863257003946939
0.00000000000000000000 0.04703923261915567838
0.00000000000000000000 0.04780923045232053636
0.00000000000000000000 0.04800072558633926290
0.00000000000000000000 0.04805452271087884419
0.00000000000000000000 0.04836480182112264797
0.00000000000000000000 0.04840347798548455538
0.00000000000000000000 0.04869811582115592119
0.00000000000000000000 0.04957993684506473847
0.00000000000000000000 0.05001031773433477906
0.00000000000000000000 0.05021500183101156034
0.00000000000000000000 0.05063226990617449713
0.00000000000000000000 0.05111483270624159886
0.00000000000000000000 0.05117556345510391319
0.00000000000000000000 0.05144521476391901438
0.00000000000000000000 0.05169408798518825704
0.00000000000000000000 0.05180010128918959011
0.00000000000000000000 0.05193679076444789044
0.00000000000000000000 0.05193897937054924724
0.00000000000000000000 0.05251155688196890159
0.00000000000000000000 0.05292551239728650325
0.00000000000000000000 0.05293790390856336486
0.00000000000000000000 0.05309236633027760582
0.00000000000000000000 0.05320405904295404109
0.00000000000000000000 0.05352029525107125651
0.00000000000000000000 0.05392264522170115565
0.00000000000000000000 0.05431063619705492340
0.00000000000000000000 0.05439327632868731777
0.00000000000000000000 0.05471820345680817460
0.00000000000000000000 0.05499411384633053762
0.00000000000000000000 0.05539380570157494132
0.00000000000000000000 0.05562310506737071919
0.00000000000000000000 0.05598213777457138746
0.00000000000000000000 0.05634892806570296342
0.00000000000000000000 0.05646444683826294664
0.00000000000000000000 0.05668615031703832380
0.00000000000000000000 0.05684387942780252251
0.00000000000000000000 0.05688879179385849388
0.00000000000000000000 0.05771284614140923669
0.00000000000000000000 0.05869521933047751328
0.00000000000000000000 0.05887145439177737805
0.00000000000000000000 0.05888331043431439815
0.00000000000000000000 0.05947931912539800720
0.00000000000000000000 0.05963343872796290218
0.00000000000000000000 0.05971845328759058796
0.00000000000000000000 0.05972704708640089871
0.00000000000000000000 0.05975237241164303020
0.00000000000000000000 0.06005780837490180823
0.00000000000000000000 0.06009261555344219685
0.00000000000000000000 0.06015462265918642554
0.00000000000000000000 0.06060620211074151109
0.00000000000000000000 0.06061819358809604485
0.00000000000000000000 0.06091405423826357080
0.00000000000000000000 0.06099651156469314273
0.00000000000000000000 0.06107913969127579112
0.00000000000000000000 0.06118909930642251610
0.00000000000000000000 0.06128830773759218892
0.00000000000000000000 0.06159334970149935029
0.00000000000000000000 0.06162741167155257049
0.00000000000000000000 0.06176575643137716121
0.00000000000000000000 0.06185986547801317070
0.00000000000000000000 0.06271330120099277705
0.00000000000000000000 0.06287772144494804816
0.00000000000000000000 0.06288456162711784925
0.00000000000000000000 0.06296900671361670143
0.00000000000000000000 0.06299952870307216901
0.00000000000000000000 0.06346675555256410528
0.00000000000000000000 0.06356721210983153070
0.00000000000000000000 0.06378535053057371451
0.00000000000000000000 0.06385770308891326741
0.00000000000000000000 0.06402126497107263337
0.00000000000000000000 0.06441839767141824269
0.00000000000000000000 0.06556586767228508861
0.00000000000000000000 0.06558485428460920919
0.00000000000000000000 0.06578078411870059983
0.00000000000000000000 0.06595337681541134367
0.00000000000000000000 0.06604658485875793128
0.00000000000000000000 0.06618958020663813502
0.00000000000000000000 0.06658997313264355955
0.00000000000000000000 0.06721828827555326180
0.00000000000000000000 0.06731625055814881298
0.00000000000000000000 0.06742615903852001991
0.00000000000000000000 0.06753981546445493589
0.00000000000000000000 0.06781641330459263484
0.00000000000000000000 0.06781722668785444830
0.00000000000000000000 0.06798379577929948570
0.00000000000000000000 0.06828555358591444080
0.00000000000000000000 0.06862222639025168658
0.00000000000000000000 0.06877708770683090000
0.00000000000000000000 0.06904321302961133333
0.00000000000000000000 0.06913502727132890546
0.00000000000000000000 0.06969760806539633535
0.00000000000000000000 0.06981510528486199740
0.00000000000000000000 0.07000766910483126326
0.00000000000000000000 0.07048731944783824532
0.00000000000000000000 0.07079522650468288159
0.00000000000000000000 0.07112463411834649141
0.00000000000000000000 0.07126272778712412770
0.00000000000000000000 0.07151070760665728665
0.00000000000000000000 0.07152605265133281376
0.00000000000000000000 0.07174143175860200894
0.00000000000000000000 0.07197094927235725415
0.00000000000000000000 0.07199084230906975523
0.00000000000000000000 0.07222868184122512025
0.00000000000000000000 0.07248858539927320599
0.00000000000000000000 0.07258576815699002704
0.00000000000000000000 0.07296384984703202514
0.00000000000000000000 0.07308285530816777120
0.00000000000000000000 0.07341867505758745138
0.00000000000000000000 0.07362951365105924184
0.00000000000000000000 0.07362956937726128359
0.00000000000000000000 0.07373827917912660623
0.00000000000000000000 0.07399326575693704333
0.00000000000000000000 0.07401481768399092998
0.00000000000000000000 0.07404733507972023621
0.00000000000000000000 0.07419343153986514283
0.00000000000000000000 0.07462105592910361906
0.00000000000000000000 0.07519629724676382687
0.00000000000000000000 0.07553775379750679586
0.00000000000000000000 0.07557250927945101393
0.00000000000000000000 0.07570704030524026684
0.00000000000000000000 0.07574343240267455979
0.00000000000000000000 0.07640061209001519638
0.00000000000000000000 0.07640192142683398246
0.00000000000000000000 0.07665390501022879832
0.00000000000000000000 0.07676917314875486564
0.00000000000000000000 0.07682231940219146071
0.00000000000000000000 0.07701508262720846432
0.00000000000000000000 0.07729599944815281065
0.00000000000000000000 0.07744953575063739937
0.00000000000000000000 0.07751084185750975464
0.00000000000000000000 0.07770039555284710686
0.00000000000000000000 0.07780450225687554622
0.00000000000000000000 0.07790599957780754148
0.00000000000000000000 0.07800540347711981681
0.00000000000000000000 0.07840220148263106481
0.00000000000000000000 0.07854713174075241000
0.00000000000000000000 0.07895667682091001005
0.00000000000000000000 0.07902575918003329480
0.00000000000000000000 0.07908738118758096292
0.00000000000000000000 0.07911776486834111444
0.00000000000000000000 0.07917134934410309521
0.00000000000000000000 0.07953398622217820735
0.00000000000000000000 0.07956126910285082898
0.00000000000000000000 0.07963350863513114775
0.00000000000000000000 0.07969133572077458094
0.00000000000000000000 0.07990533371139652008
0.00000000000000000000 0.08011192163836484970
0.00000000000000000000 0.08018910067002406328
0.00000000000000000000 0.08035421066654982458
0.00000000000000000000 0.08046957114771476072
0.00000000000000000000 0.08049416451597181388
0.00000000000000000000 0.08061079976081496345
0.00000000000000000000 0.08061562800225557934
0.00000000000000000000 0.08067947175344043764
0.00000000000000000000 0.08092039607862017148
0.00000000000000000000 0.08097105006271330951
0.00000000000000000000 0.08107207015516490478
0.00000000000000000000 0.08126235981755600135
0.00000000000000000000 0.08141529683155068753
0.00000000000000000000 0.08156421403335660514
0.00000000000000000000 0.08181844936603452356
0.00000000000000000000 0.08187213541516671911
0.00000000000000000000 0.08250171595164551563
0.00000000000000000000 0.08310204835361797993
0.00000000000000000000 0.08311816295435200952
0.00000000000000000000 0.08320352870393958600
0.00000000000000000000 0.08323459286621652520
0.00000000000000000000 0.08332509263846800407
0.00000000000000000000 0.08398189030905829633
0.00000000000000000000 0.08405053984841270864
0.00000000000000000000 0.08411986886810077224
0.00000000000000000000 0.08422927396740090278
0.00000000000000000000 0.08448413690003031551
0.00000000000000000000 0.08452489941989338451
0.00000000000000000000 0.08454819255432136083
0.00000000000000000000 0.08478032822729902884
0.00000000000000000000 0.08483031068172112998
0.00000000000000000000 0.08493276121990825378
0.00000000000000000000 0.08498440855629048329
0.00000000000000000000 0.08511578817277536124
0.00000000000000000000 0.08533390161809834007
0.00000000000000000000 0.08541198828505523755
0.00000000000000000000 0.08543541114931479941
0.00000000000000000000 0.08576780502020048269
0.00000000000000000000 0.08606098719329791091
0.00000000000000000000 0.08672361607420180085
0.00000000000000000000 0.08701095569124410456
0.00000000000000000000 0.08704227024210729746
0.00000000000000000000 0.08720645967797775733
0.00000000000000000000 0.08735097714585600415
0.00000000000000000000 0.08745969175331912149
0.00000000000000000000 0.08759227192784159455
0.00000000000000000000 0.08763668633588762857
0.00000000000000000000 0.08765288374254566472
0.00000000000000000000 0.08801479315785337709
0.00000000000000000000 0.08801915031280867219
0.00000000000000000000 0.08809701013127924085
0.00000000000000000000 0.08810225712802087494
0.00000000000000000000 0.08812394934624456777
0.00000000000000000000 0.08826593017439923750
0.00000000000000000000 0.08831574209396710062
0.00000000000000000000 0.08837969094573187856
0.00000000000000000000 0.08840080017405506363
0.00000000000000000000 0.08840380398787642258
0.00000000000000000000 0.08840642831284342695
0.00000000000000000000 0.08861759350790832102
0.00000000000000000000 0.08873162142911550365
0.00000000000000000000 0.08873623047736235725
0.00000000000000000000 0.08906330529873013324
0.00000000000000000000 0.08944245514739035396
0.00000000000000000000 0.08949618415653548542
0.00000000000000000000 0.08952704832279667624
0.00000000000000000000 0.08954971138457447355
0.00000000000000000000 0.08970234440627941619
0.00000000000000000000 0.08978103759525339622
0.00000000000000000000 0.08983272468927029630
0.00000000000000000000 0.08996291214757060062
0.00000000000000000000 0.09012224900700024910
0.00000000000000000000 0.09015785959904557001
0.00000000000000000000 0.09022824421112093929
0.00000000000000000000 0.09044065503155443442
0.00000000000000000000 0.09074712783632715718
0.00000000000000000000 0.09093246563828058515
0.00000000000000000000 0.09120451807771681740
0.00000000000000000000 0.09126297144433229147
0.00000000000000000000 0.09128599112735047427
0.00000000000000000000 0.09138181621188772030
0.00000000000000000000 0.09153351414211746695
0.00000000000000000000 0.09174857457409819894
0.00000000000000000000 0.09177354200356649394
0.00000000000000000000 0.09178327431858303298
0.00000000000000000000 0.09184488420251241125
0.00000000000000000000 0.09189691756129272915
0.00000000000000000000 0.09198221918161993138
0.00000000000000000000 0.09204025956367357930
0.00000000000000000000 0.09234469478416351684
0.00000000000000000000 0.09246914518687131268
0.00000000000000000000 0.09255935008069997305
0.00000000000000000000 0.09266803013360726260
0.00000000000000000000 0.09282053496667645731
0.00000000000000000000 0.09291008803420908180
0.00000000000000000000 0.09295586884528049543
0.00000000000000000000 0.09312588495174629888
0.00000000000000000000 0.09318255294398841704
0.00000000000000000000 0.09331222382499015922
0.00000000000000000000 0.09331726921090077731
0.00000000000000000000 0.09378635237380607281
0.00000000000000000000 0.09413107690734648370
0.00000000000000000000 0.09414069319050155649
0.00000000000000000000 0.09415950476422672855
0.00000000000000000000 0.09417434112111769395
0.00000000000000000000 0.09434035265308754470
0.00000000000000000000 0.09447480019492487946
0.00000000000000000000 0.09507450395044186875
0.00000000000000000000 0.09528171705445753759
0.00000000000000000000 0.09531773583455351029
0.00000000000000000000 0.09560425968207758585
0.00000000000000000000 0.09604574730230920621
0.00000000000000000000 0.09615686881090304561
0.00000000000000000000 0.09616706750065402709
0.00000000000000000000 0.09637887760112838487
0.00000000000000000000 0.09644716084393552269
0.00000000000000000000 0.09647507024870663472
0.00000000000000000000 0.09660372703578057330
0.00000000000000000000 0.09663946568135470261
0.00000000000000000000 0.09669056905264836188
0.00000000000000000000 0.09675980542741922930
0.00000000000000000000 0.09698961370289010953
0.00000000000000000000 0.09710087792443083954
0.00000000000000000000 0.09711132634871863512
0.00000000000000000000 0.09712071909418656945
0.00000000000000000000 0.09737818908965596709
0.00000000000000000000 0.09747016707807674984
0.00000000000000000000 0.09766027898963448861
0.00000000000000000000 0.09802928822643137974
0.00000000000000000000 0.09806592735177657727
0.00000000000000000000 0.09807151191125033918
0.00000000000000000000 0.09813557879711150289
0.00000000000000000000 0.09814487699761884065
0.00000000000000000000 0.09902113298748149717
0.00000000000000000000 0.09935726828150828749
0.00000000000000000000 0.09991602546929685691
0.00000000000000000000 0.09999426232197512754
0.00000000000000000000 0.10013631253725291392
0.00000000000000000000 0.10023587440969315698
0.00000000000000000000 0.10023798857476749757
0.00000000000000000000 0.10058687886475546625
0.00000000000000000000 0.10071387574819905264
0.00000000000000000000 0.10127188931621074197
0.00000000000000000000 0.10134481815611710853
0.00000000000000000000 0.10152245609822080352
0.00000000000000000000 0.10178809832600184404
0.00000000000000000000 0.10180726959402003340
0.00000000000000000000 0.10196542294277512186
0.00000000000000000000 0.10219492670806659684
0.00000000000000000000 0.10220434772874475993
0.00000000000000000000 0.10245793609748132802
0.00000000000000000000 0.10276725626172333872
0.00000000000000000000 0.10317739417746728259
0.00000000000000000000 0.10377134896667988828
0.00000000000000000000 0.10400553589241547103
0.00000000000000000000 0.10438736143284267632
0.00000000000000000000 0.10442660999559129353
0.00000000000000000000 0.10447452885507428622
0.00000000000000000000 0.10447573858223269117
0.00000000000000000000 0.10505951301726237923
0.00000000000000000000 0.10511364429540208387
0.00000000000000000000 0.10511757175048049018
0.00000000000000000000 0.10525092948823105976
0.00000000000000000000 0.10549293794867067864
0.00000000000000000000 0.10551808114017262319
0.00000000000000000000 0.10559311891400428862
0.00000000000000000000 0.10561140774665322972
0.00000000000000000000 0.10587696499102899894
0.00000000000000000000 0.10589017301147435335
0.00000000000000000000 0.10599284321754549876
0.00000000000000000000 0.10650978754818722638
0.00000000000000000000 0.10653098696594506811
0.00000000000000000000 0.10659440550337373477
0.00000000000000000000 0.10676064560537028292
0.00000000000000000000 0.10688042986119959676
0.00000000000000000000 0.10707358769842208190
0.00000000000000000000 0.10712758619334787624
0.00000000000000000000 0.10742834348659266452
0.00000000000000000000 0.10755123793585474878
0.00000000000000000000 0.10759446482069728868
0.00000000000000000000 0.10793265487929266933
0.00000000000000000000 0.10793447653996150748
0.00000000000000000000 0.10826714643568632890
0.00000000000000000000 0.10846910154740166399
0.00000000000000000000 0.10864665127639820674
0.00000000000000000000 0.10864851238479319995
0.00000000000000000000 0.10895011907499463355
0.00000000000000000000 0.10956666641855199174
0.00000000000000000000 0.10964504722998533182
0.00000000000000000000 0.10969965285994216775
0.00000000000000000000 0.10976177990677739305
0.00000000000000000000 0.11036199701042705146
0.00000000000000000000 0.11045696201712607021
0.00000000000000000000 0.11105157495217451991
0.00000000000000000000 0.11112743279495612692
0.00000000000000000000 0.11113144560052322374
0.00000000000000000000 0.11132106037671204990
0.00000000000000000000 0.11136297260283682664
0.00000000000000000000 0.11139675386845714067
0.00000000000000000000 0.11139984004868579148
0.00000000000000000000 0.11188529316268704117
0.00000000000000000000 0.11204373637039367895
0.00000000000000000000 0.11225830495958995237
0.00000000000000000000 0.11244108158863258540
0.00000000000000000000 0.11305072046886928405
0.00000000000000000000 0.11310213376160886678
0.00000000000000000000 0.11352178830125685127
0.00000000000000000000 0.11355863002234427295
0.00000000000000000000 0.11360711559075223342
0.00000000000000000000 0.11360734390721378972
0.00000000000000000000 0.11362502043894173731
0.00000000000000000000 0.11379468495530292715
0.00000000000000000000 0.11391488949352616966
0.00000000000000000000 0.11401920170095386498
0.00000000000000000000 0.11407571436826288713
0.00000000000000000000 0.11408446211181973162
0.00000000000000000000 0.11421659195213409999
0.00000000000000000000 0.11422618174937881896
0.00000000000000000000 0.11458669895653265935
0.00000000000000000000 0.11486070205836618197
0.00000000000000000000 0.11490618164969185200
0.00000000000000000000 0.11501325226260146473
0.00000000000000000000 0.11508754500061148252
0.00000000000000000000 0.11582875308888429533
0.00000000000000000000 0.11593382115206532501
0.00000000000000000000 0.11611998348499447120
0.00000000000000000000 0.11660893286232830446
0.00000000000000000000 0.11666396593129678416
0.00000000000000000000 0.11670838020819356007
0.00000000000000000000 0.11739941436643760997
0.00000000000000000000 0.11752705041773946204
0.00000000000000000000 0.11795743947263077900
0.00000000000000000000 0.11819410878618627492
0.00000000000000000000 0.11843616162862477537
0.00000000000000000000 0.11847924297033014807
0.00000000000000000000 0.11868120196422478341
0.00000000000000000000 0.11873473536888518032
0.00000000000000000000 0.11934368439945404472
0.00000000000000000000 0.11959001558838797119
0.00000000000000000000 0.11980865691134963413
0.00000000000000000000 0.11995777695449177935
0.00000000000000000000 0.12045851394469399287
0.00000000000000000000 0.12073038309802026913
0.00000000000000000000 0.12074194223245322821
0.00000000000000000000 0.12080209973655864353
0.00000000000000000000 0.12112066119632294847
0.00000000000000000000 0.12261366175737475892
0.00000000000000000000 0.12274987443884706473
0.00000000000000000000 0.12336919950350354325
0.00000000000000000000 0.12367834056338557203
0.00000000000000000000 0.12371113106468696607
0.00000000000000000000 0.12382331161686269128
0.00000000000000000000 0.12483131424969128032
0.00000000000000000000 0.12483177777085367743
0.00000000000000000000 0.12527925868944650434
0.00000000000000000000 0.12565737347492547671
0.00000000000000000000 0.12601379122079747752
0.00000000000000000000 0.12611623988921935591
0.00000000000000000000 0.12661630966447304236
0.00000000000000000000 0.12669212347502525895
0.00000000000000000000 0.12677629561698999794
0.00000000000000000000 0.12716278039877890182
0.00000000000000000000 0.12720431636627116401
0.00000000000000000000 0.12830608433184406691
0.00000000000000000000 0.12873826305201593878
0.00000000000000000000 0.12873828260938868784
0.00000000000000000000 0.12953177864413661924
0.00000000000000000000 0.13002143959225095915
0.00000000000000000000 0.13013704693095093368
0.00000000000000000000 0.13047210144485332783
0.00000000000000000000 0.13069430310918878080
0.00000000000000000000 0.13082093109736656067
0.00000000000000000000 0.13109515230604160130
0.00000000000000000000 0.13112400325360185072
0.00000000000000000000 0.13121320953239651308
0.00000000000000000000 0.13269042522208068791
0.00000000000000000000 0.13436341206110058444
0.00000000000000000000 0.13559034213335094399
0.00000000000000000000 0.13559995287581730339
0.00000000000000000000 0.13601955812421370751
0.00000000000000000000 0.13614859466695108936
0.00000000000000000000 0.13622478217128625166
0.00000000000000000000 0.13719604010264141447
0.00000000000000000000 0.13736720493957377265
0.00000000000000000000 0.13797224901545210307
0.00000000000000000000 0.13860442790482602193
0.00000000000000000000 0.13943193747148074912
0.00000000000000000000 0.13998259154630202095
0.00000000000000000000 0.14083101042613571652
0.00000000000000000000 0.14163425677981528183
0.00000000000000000000 0.14452410248953451166
0.00000000000000000000 0.14657618902306765452
0.00000000000000000000 0.14924680216554281342
0.00000000000000000000 0.15056375095441709711
0.00000000000000000000 0.15467219153181224756
0.00000000000000000000 0.15492173491513264172
0.00000000000000000000 0.18287267348274677259
0.00000000000000000000 1.73205080756887719318
