0.05972694102241729586 0.05983188051802786761
0.06781246354332305659 0.06872974301330550539
0.06766721506113665408 0.07653664866762760477
0.07407226560044674613 0.07957099959184453508
0.08718656009690319009 0.08814972814458847672
0.06979244550502725075 0.08879423785709350536
0.08953255014366556797 0.09003515328336990364
0.08701769749499178863 0.09043629241748207814
0.08101816193980029834 0.09065401466012358578
0.08558817126867407366 0.09118468284639312527
0.08828711565991105570 0.09158105289259499404
0.08889617824268533641 0.09235285097381529251
0.09443034114734696893 0.09498936560941681484
0.09322732534526373405 0.09558964692661409135
0.09458861687611992697 0.09658921297465329625
0.09816498205679040356 0.09834066873571532807
0.09022245022202375619 0.09919321744746370517
0.09990447596554266618 0.10099955658937295744
0.10130301968285042313 0.10146146020555633915
0.09710026830153890842 0.10309705415022078767
0.09306866627391308100 0.10553556660089602470
0.10469961831188791257 0.10572430455076094191
0.10444104535524428856 0.10699352312396064046
0.10766241688296464274 0.10798537071036616586
0.08945692591809677185 0.10835791805567265844
0.08645342358212647349 0.11034314501208820902
0.10275885688719546551 0.11048505750898823807
0.09941196310179353790 0.11168506508914957664
0.09986466122216054730 0.11223718952785068093
0.10243796873019724025 0.11229937106160842175
0.10567551485581087867 0.11302764820277630409
0.11224851138812959317 0.11324038715244391651
0.11269052852948138743 0.11477431141368846235
0.10309233450390056785 0.11516317489816478570
0.11244670777662406358 0.11596338358224970999
0.10682748731948214782 0.11787685509860364175
0.10250646818553087181 0.11798725984638136488
0.11239706788368838963 0.11881816827959072735
0.11146363038723190730 0.11904010653101011752
0.11448606439711675464 0.12118577720996340230
0.09262514496803006536 0.12146442428688322690
0.08883012675706360162 0.12221504400036892202
0.12071695219444632252 0.12246410724300020589
0.10746660215133729821 0.12278134988419033002
0.09651386983212267845 0.12378015666177527576
0.11949045814221853634 0.12403444839282121159
0.11092699511947196056 0.12412015451473702721
0.11713252537577183154 0.12426524877154761228
0.12197391573289050049 0.12469818756869974208
0.11882457589863790193 0.12477630963680429177
0.11430702101555818839 0.12514193315383534411
0.11021622767199046322 0.12616087721354987683
0.11233763277789469981 0.12658028202244395177
0.12183783169588707773 0.12717691745028075756
0.12566427591244680451 0.12851449770542397455
0.09978977870412771012 0.12926223962209237861
0.09875656209766831006 0.12993016501140874919
0.12635379504271557205 0.13063796063651308965
0.11394316130633032336 0.13073245756313939259
0.10746193304423375114 0.13079123113891297225
0.11153608986806133607 0.13080211736105218367
0.12588030325427715383 0.13124897276807664936
0.11265908668360705147 0.13195439394063399052
0.12406241764689422691 0.13198791140660415255
0.11086596869779617724 0.13263586090260892636
0.12696619538195019761 0.13302472428447259523
0.12428714265115334281 0.13473796389692038744
0.12105996609803512665 0.13514436192007736603
0.12282295377564368677 0.13609597157342440132
0.12922273924622892927 0.13682043386129325024
0.13387316315560010560 0.13702020426735986303
0.12670402306942282755 0.13755178093208636492
0.12865523700667233498 0.13756901182944117346
0.10523406921340638931 0.13825890387394187964
0.11123443477862764162 0.13855004467852402583
0.13810820190859637857 0.13900098128072704839
0.10625450421503782050 0.13944729054454829686
0.13307359040671537520 0.13959602691703779098
0.12140359974897478590 0.13971865174603173565
0.14024859231209882426 0.14086385101861384483
0.13433577246790134874 0.14160998818846706748
0.13189683129476162393 0.14228961805773440719
0.13958520703552593223 0.14273689045280998910
0.11055595912803597991 0.14314280687761379851
0.10949506257140430299 0.14369333518208127209
0.12739832686757115998 0.14412672601096651603
0.13895710089956808675 0.14453603676888607255
0.14296361616811889550 0.14588807375582957260
0.12414767419929884085 0.14599271689908988048
0.12341856567539057077 0.14625820194274899433
0.11876206414411252799 0.14635361923121156802
0.12489750929591358908 0.14637625641996609982
0.12153466567305711010 0.14642148709708532883
0.13450287702775423626 0.14689941399015796208
0.14133007946026404644 0.14706331874272243754
0.13034264847035348378 0.14735923392222105566
0.12402950848028965192 0.14773680965629770734
0.11419616865134092631 0.14909482992584419114
0.14941790788986322736 0.14996783693711246421
0.12557215681580177757 0.15021418561165858496
0.13934539090233277747 0.15054994444178826374
0.12921095085102313194 0.15059032327686375230
0.11444221829546603886 0.15221293284093645459
0.12609198055914389025 0.15229741910502142543
0.11779907167860173556 0.15266164663495915277
0.11866373530874969877 0.15351613236711125765
0.10463843512081894005 0.15380259291373660213
0.13529643280098505032 0.15560173928664933207
0.14207371062684159835 0.15582715284153370039
0.11864485136671702736 0.15632973836945260326
0.12319515136648880038 0.15697952540757523221
0.13359322818019056522 0.15729464078137897487
0.11149635700837466634 0.15792315697343986547
0.13787299547970463531 0.15993422550253735825
0.14505731356099726970 0.15997469371895364776
0.15911669250507209927 0.16001942206992553208
0.16094576811512664727 0.16152629814049387913
0.13645880584747502318 0.16175518842220637517
0.15800763418217672607 0.16181472271103741756
0.15304278637379131744 0.16245074628676095529
0.16287798166492400975 0.16400826636955817550
0.11357388916791953670 0.16557381099868606622
0.10924487449226624736 0.16663176069074345231
0.13473995536161259556 0.16705678954559721738
0.13867005802280815696 0.16888795505814779840
0.11582989612954770753 0.16903515592458379091
0.16533456712001565192 0.16970492948643439712
0.15791728125053108855 0.17033752660431325521
0.16255919635530799439 0.17065330413299936718
0.15945378759945910696 0.17193891107186753953
0.11001887562384320141 0.17362706277413977873
0.16325402829015137063 0.17447172526766605016
0.14253091206515597356 0.17636461411600273808
0.14853673250493992786 0.17679167204335666241
0.16391937671790457465 0.17786854749067648740
0.15870517712267379062 0.17971202460493909681
0.15107008363583351862 0.18010305255155698023
0.14691108466495197971 0.18148083762548908315
0.10544648158277782068 0.18206906160927555094
0.13095986422037733665 0.18429938423258382385
0.11833209130730874825 0.18438136459279116930
0.14035147536220562992 0.18719106200508350835
0.13862337587903933445 0.18768222377719248617
0.17041944521580909555 0.18769316736761054720
0.12253817324426928559 0.18824467808714243078
0.14813936953954845444 0.18961851643493790598
0.12172305234048239053 0.19006228010500783587
0.10780480772499573261 0.19049569885141096059
0.12861063954156554123 0.19113269916558503492
0.15116601659875336661 0.19191384503060823774
0.17023314239587161723 0.19306515809942309536
0.11266403252307083394 0.19499846798707767825
0.15583976136102159482 0.19718514246052645800
0.11618831218471156741 0.19726242118627010380
0.10631758387338802185 0.20366762619038714099
0.11710519401002679463 0.20669297998338573286
0.18862536063893575733 0.20852265724195848118
0.12007120746595288663 0.20937669855035162536
0.11301573419423298350 0.21009335974726361940
0.20538509023019010935 0.21266894446537040753
0.11065074800356952678 0.21279083355337702343
0.18341362576170153198 0.21661739000463087201
0.11166033893550333933 0.21672397599328663276
0.11547801990457313981 0.22114098529231746015
0.11089736208833864128 0.22712729246783258663
