0.00000000000000000000 0.00145551176672774015
0.00000000000000000000 0.00162709904410710112
0.00000000000000000000 0.00190777619101083445
0.00000000000000000000 0.00218865345159264440
0.00000000000000000000 0.00305631342608748057
0.00000000000000000000 0.00343857108236114662
0.00000000000000000000 0.00349809837250333704
0.00000000000000000000 0.00356700456021004147
0.00000000000000000000 0.00418736393356691425
0.00000000000000000000 0.00425237099417603934
0.00000000000000000000 0.00430588198635217887
0.00000000000000000000 0.00457946669943363593
0.00000000000000000000 0.00473939788930408286
0.00000000000000000000 0.00501649525888395696
0.00000000000000000000 0.00513909770958444201
0.00000000000000000000 0.00531559166486541158
0.00000000000000000000 0.00543240325238020065
0.00000000000000000000 0.00566816334231331348
0.00000000000000000000 0.00586504186629938605
0.00000000000000000000 0.00588567481083499162
0.00000000000000000000 0.00609733889819549617
0.00000000000000000000 0.00622263690522224973
0.00000000000000000000 0.00623600808416675204
0.00000000000000000000 0.00627682361696403016
0.00000000000000000000 0.00679111734510199662
0.00000000000000000000 0.00702140445946562025
0.00000000000000000000 0.00709538560272061306
0.00000000000000000000 0.00718353773369718226
0.00000000000000000000 0.00719967764732720901
0.00000000000000000000 0.00727053064458887434
0.00000000000000000000 0.00783108871219643371
0.00000000000000000000 0.00785824440860851542
0.00000000000000000000 0.00796628298645023214
0.00000000000000000000 0.00812639938715999446
0.00000000000000000000 0.00827657575284423269
0.00000000000000000000 0.00856370577685757438
0.00000000000000000000 0.00860518250184849967
0.00000000000000000000 0.00889602085729482642
0.00000000000000000000 0.00901476022639611900
0.00000000000000000000 0.00906587481447102342
0.00000000000000000000 0.00908478557799720712
0.00000000000000000000 0.00952140168596365966
0.00000000000000000000 0.00992814117264935979
0.00000000000000000000 0.01011750968497748641
0.00000000000000000000 0.01025203792434527597
0.00000000000000000000 0.01029729648150811035
0.00000000000000000000 0.01053635007532288496
0.00000000000000000000 0.01103687450738592181
0.00000000000000000000 0.01141023763692258254
0.00000000000000000000 0.01148411172501423091
0.00000000000000000000 0.01188368884514252009
0.00000000000000000000 0.01194144419234914600
0.00000000000000000000 0.01194847039073334075
0.00000000000000000000 0.01231692052937752475
0.00000000000000000000 0.01249450216168762791
0.00000000000000000000 0.01261774489137650924
0.00000000000000000000 0.01262103695272419855
0.00000000000000000000 0.01263366388285496779
0.00000000000000000000 0.01264252887910850831
0.00000000000000000000 0.01265863557633436533
0.00000000000000000000 0.01269769075871471191
0.00000000000000000000 0.01271980370639658013
0.00000000000000000000 0.01278892040306286483
0.00000000000000000000 0.01292141151753972705
0.00000000000000000000 0.01293057563843576924
0.00000000000000000000 0.01314366086561326308
0.00000000000000000000 0.01325765452895084906
0.00000000000000000000 0.01327084618486326466
0.00000000000000000000 0.01328672191132332023
0.00000000000000000000 0.01331370557315634737
0.00000000000000000000 0.01339148860418208978
0.00000000000000000000 0.01351268701764875985
0.00000000000000000000 0.01351904026959515649
0.00000000000000000000 0.01354594234004555080
0.00000000000000000000 0.01368274750312057850
0.00000000000000000000 0.01382371904788558953
0.00000000000000000000 0.01386511657152741592
0.00000000000000000000 0.01392595770665634898
0.00000000000000000000 0.01418027334746695990
0.00000000000000000000 0.01425250590067691364
0.00000000000000000000 0.01429572887647267282
0.00000000000000000000 0.01430766824175133331
0.00000000000000000000 0.01433912155602700723
0.00000000000000000000 0.01440867381156106346
0.00000000000000000000 0.01492140243625817049
0.00000000000000000000 0.01500189412805187118
0.00000000000000000000 0.01501221707355806546
0.00000000000000000000 0.01513692879619781863
0.00000000000000000000 0.01519046324894101144
0.00000000000000000000 0.01532627321325902812
0.00000000000000000000 0.01551329669862653617
0.00000000000000000000 0.01563662871083813452
0.00000000000000000000 0.01583147238018290520
0.00000000000000000000 0.01590402382876537554
0.00000000000000000000 0.01600335530062833855
0.00000000000000000000 0.01607010227962433341
0.00000000000000000000 0.01637102525690308299
0.00000000000000000000 0.01645454912909883466
0.00000000000000000000 0.01663419079934565573
0.00000000000000000000 0.01735621698532373303
0.00000000000000000000 0.01781265515164738231
0.00000000000000000000 0.01796812369320179709
0.00000000000000000000 0.01814823229396391249
0.00000000000000000000 0.01815899875295308441
0.00000000000000000000 0.01821717354379737835
0.00000000000000000000 0.01823545130310596715
0.00000000000000000000 0.01831887003324398841
0.00000000000000000000 0.01857252401164878608
0.00000000000000000000 0.01865326769334836945
0.00000000000000000000 0.01876182742532619269
0.00000000000000000000 0.01926950084672932398
0.00000000000000000000 0.01945200412755976674
0.00000000000000000000 0.01947002959367057778
0.00000000000000000000 0.01960276608871725640
0.00000000000000000000 0.01965364771072524580
0.00000000000000000000 0.01967075924915924826
0.00000000000000000000 0.01968264807195848481
0.00000000000000000000 0.01973561217922093977
0.00000000000000000000 0.01982508065537826394
0.00000000000000000000 0.02006874795595978145
0.00000000000000000000 0.02009715886718699274
0.00000000000000000000 0.02018710560440156385
0.00000000000000000000 0.02038455052908969348
0.00000000000000000000 0.02049235647036326199
0.00000000000000000000 0.02059860648101622879
0.00000000000000000000 0.02073567073635818395
0.00000000000000000000 0.02109222280399078095
0.00000000000000000000 0.02116462509700781092
0.00000000000000000000 0.02170439842321593080
0.00000000000000000000 0.02177739714915057426
0.00000000000000000000 0.02178534426842091906
0.00000000000000000000 0.02189004457569500989
0.00000000000000000000 0.02199915802264497747
0.00000000000000000000 0.02206439641661107204
0.00000000000000000000 0.02215977017105331612
0.00000000000000000000 0.02223627124655941714
0.00000000000000000000 0.02232812950540350935
0.00000000000000000000 0.02252918804757958471
0.00000000000000000000 0.02258050780042257510
0.00000000000000000000 0.02258830788163716102
0.00000000000000000000 0.02276954034315789924
0.00000000000000000000 0.02283227942142384073
0.00000000000000000000 0.02302668461947457446
0.00000000000000000000 0.02321464565843398345
0.00000000000000000000 0.02329648578048235108
0.00000000000000000000 0.02357420493243032530
0.00000000000000000000 0.02364343895581693181
0.00000000000000000000 0.02366138220597262948
0.00000000000000000000 0.02378461715543635571
0.00000000000000000000 0.02380148656493859954
0.00000000000000000000 0.02387630906458258068
0.00000000000000000000 0.02389728138330471374
0.00000000000000000000 0.02404899805406233299
0.00000000000000000000 0.02414011350400779854
0.00000000000000000000 0.02418367349544213452
0.00000000000000000000 0.02421735047821821363
0.00000000000000000000 0.02425497302139976649
0.00000000000000000000 0.02439516606195422238
0.00000000000000000000 0.02447471981070881500
0.00000000000000000000 0.02464695031236301126
0.00000000000000000000 0.02466490632010223671
0.00000000000000000000 0.02468100922355292645
0.00000000000000000000 0.02472815660241355420
0.00000000000000000000 0.02487597131723207761
0.00000000000000000000 0.02506035271811879461
0.00000000000000000000 0.02511699888696621724
0.00000000000000000000 0.02517712164480619130
0.00000000000000000000 0.02518244992697618936
0.00000000000000000000 0.02540037980898413733
0.00000000000000000000 0.02563575035214944384
0.00000000000000000000 0.02573371638563238389
0.00000000000000000000 0.02576493456552022762
0.00000000000000000000 0.02597532276009657456
0.00000000000000000000 0.02607854675822078930
0.00000000000000000000 0.02613955314814399994
0.00000000000000000000 0.02630659839467888034
0.00000000000000000000 0.02631079526916522277
0.00000000000000000000 0.02632564544392058253
0.00000000000000000000 0.02637444190639434694
0.00000000000000000000 0.02653160662139894543
0.00000000000000000000 0.02655300037062711255
0.00000000000000000000 0.02656898832907144889
0.00000000000000000000 0.02657865660254322276
0.00000000000000000000 0.02663656523888880551
0.00000000000000000000 0.02667749374191462700
0.00000000000000000000 0.02668172380610778563
0.00000000000000000000 0.02679208266910311498
0.00000000000000000000 0.02679790815840151288
0.00000000000000000000 0.02682998825011176022
0.00000000000000000000 0.02705339104491701757
0.00000000000000000000 0.02713046312146555686
0.00000000000000000000 0.02716347308501780924
0.00000000000000000000 0.02724115454314286408
0.00000000000000000000 0.02724427992010715685
0.00000000000000000000 0.02725924019056066502
0.00000000000000000000 0.02733565360327654126
0.00000000000000000000 0.02747137081514114051
0.00000000000000000000 0.02753504907370322302
0.00000000000000000000 0.02758566608723773961
0.00000000000000000000 0.02763899310907565882
0.00000000000000000000 0.02775503079134328949
0.00000000000000000000 0.02782318184559897517
0.00000000000000000000 0.02784787751027578695
0.00000000000000000000 0.02795901868631268938
0.00000000000000000000 0.02796540220250992234
0.00000000000000000000 0.02806488253398480362
0.00000000000000000000 0.02808345045478096574
0.00000000000000000000 0.02813672005389131203
0.00000000000000000000 0.02814980451109276582
0.00000000000000000000 0.02819206807461021452
0.00000000000000000000 0.02844033084646789555
0.00000000000000000000 0.02903350799284757852
0.00000000000000000000 0.02907754758564466344
0.00000000000000000000 0.02908933874101391620
0.00000000000000000000 0.02914289671256459213
0.00000000000000000000 0.02917753967105842991
0.00000000000000000000 0.02917920189422057442
0.00000000000000000000 0.02920237409719173352
0.00000000000000000000 0.02920979934870776215
0.00000000000000000000 0.02924030277876603356
0.00000000000000000000 0.02926858257346866971
0.00000000000000000000 0.02930369833797568171
0.00000000000000000000 0.02937825332243572396
0.00000000000000000000 0.02937871204096798722
0.00000000000000000000 0.02943044324239071224
0.00000000000000000000 0.02954377008635805657
0.00000000000000000000 0.02972322865377475740
0.00000000000000000000 0.02979471715301624038
0.00000000000000000000 0.02987409381121918645
0.00000000000000000000 0.02989195392634003828
0.00000000000000000000 0.02994144291859104912
0.00000000000000000000 0.02994279526394619945
0.00000000000000000000 0.02994348755743852369
0.00000000000000000000 0.03002255077042265824
0.00000000000000000000 0.03002990404259705745
0.00000000000000000000 0.03020194553339197036
0.00000000000000000000 0.03049425445908578169
0.00000000000000000000 0.03051355196909639328
0.00000000000000000000 0.03057536521182697281
0.00000000000000000000 0.03058956456131072671
0.00000000000000000000 0.03062805611242861575
0.00000000000000000000 0.03067010562812624158
0.00000000000000000000 0.03072299637173607489
0.00000000000000000000 0.03075274956682696667
0.00000000000000000000 0.03077167954759815749
0.00000000000000000000 0.03106662258824878856
0.00000000000000000000 0.03106825763573677762
0.00000000000000000000 0.03111245141446026749
0.00000000000000000000 0.03120812287035385282
0.00000000000000000000 0.03130498477692163911
0.00000000000000000000 0.03131401299474621813
0.00000000000000000000 0.03134853045987535947
0.00000000000000000000 0.03141958690926695968
0.00000000000000000000 0.03182465643572283953
0.00000000000000000000 0.03190784199857864267
0.00000000000000000000 0.03191119904899095139
0.00000000000000000000 0.03211424836171739017
0.00000000000000000000 0.03217576090960552748
0.00000000000000000000 0.03223377017341727546
0.00000000000000000000 0.03233014065830946276
0.00000000000000000000 0.03246899302217605421
0.00000000000000000000 0.03249527249430969600
0.00000000000000000000 0.03268270328046196660
0.00000000000000000000 0.03278184913083591334
0.00000000000000000000 0.03293749827827951310
0.00000000000000000000 0.03298470090630405138
0.00000000000000000000 0.03299665247929029627
0.00000000000000000000 0.03300149326652555143
0.00000000000000000000 0.03301661625034973263
0.00000000000000000000 0.03322328852486593903
0.00000000000000000000 0.03331579022633808507
0.00000000000000000000 0.03331785173358985802
0.00000000000000000000 0.03333232968027970838
0.00000000000000000000 0.03335703935668656722
0.00000000000000000000 0.03342981571224974691
0.00000000000000000000 0.03353157682738208689
0.00000000000000000000 0.03366795253829064222
0.00000000000000000000 0.03374083988971850190
0.00000000000000000000 0.03385300747916614866
0.00000000000000000000 0.03393823056301149138
0.00000000000000000000 0.03410928557448882070
0.00000000000000000000 0.03411972400361443225
0.00000000000000000000 0.03432157911505463732
0.00000000000000000000 0.03438810175174496914
0.00000000000000000000 0.03445027371254025944
0.00000000000000000000 0.03450682138492423140
0.00000000000000000000 0.03456730554366930358
0.00000000000000000000 0.03472992347320873890
0.00000000000000000000 0.03507699313646293893
0.00000000000000000000 0.03514687357529259343
0.00000000000000000000 0.03518541148500511917
0.00000000000000000000 0.03521820805427552242
0.00000000000000000000 0.03533170637370165734
0.00000000000000000000 0.03569948892826415449
0.00000000000000000000 0.03587573903692893584
0.00000000000000000000 0.03588354477650301799
0.00000000000000000000 0.03611513388259918189
0.00000000000000000000 0.03613674066163953535
0.00000000000000000000 0.03614625981063276233
0.00000000000000000000 0.03618498436933305362
0.00000000000000000000 0.03637195463087826430
0.00000000000000000000 0.03648181095162664894
0.00000000000000000000 0.03652342516765015590
0.00000000000000000000 0.03669555144832337829
0.00000000000000000000 0.03670589672758235722
0.00000000000000000000 0.03681308163958042778
0.00000000000000000000 0.03706817265268885775
0.00000000000000000000 0.03727184809655843811
0.00000000000000000000 0.03747571891832070234
0.00000000000000000000 0.03750178869385346891
0.00000000000000000000 0.03765879470235476700
0.00000000000000000000 0.03783436415963076227
0.00000000000000000000 0.03784181335279943742
0.00000000000000000000 0.03799887995722267542
0.00000000000000000000 0.03815748083922613360
0.00000000000000000000 0.03820572602133038426
0.00000000000000000000 0.03835257344391838907
0.00000000000000000000 0.03842520476460668799
0.00000000000000000000 0.03844156833655126143
0.00000000000000000000 0.03846680242017752605
0.00000000000000000000 0.03847005757309793911
0.00000000000000000000 0.03853926426492807616
0.00000000000000000000 0.03869853402812984539
0.00000000000000000000 0.03877177882123910430
0.00000000000000000000 0.03884689364387786809
0.00000000000000000000 0.03888399456268348819
0.00000000000000000000 0.03915282748651256750
0.00000000000000000000 0.03916205151073268165
0.00000000000000000000 0.03922659685195727802
0.00000000000000000000 0.03924778595051806040
0.00000000000000000000 0.03930082377591211790
0.00000000000000000000 0.03932438093687969788
0.00000000000000000000 0.03939294098257773574
0.00000000000000000000 0.03948974180615192481
0.00000000000000000000 0.03950552786394489341
0.00000000000000000000 0.03954701643827998603
0.00000000000000000000 0.03954938718987225515
0.00000000000000000000 0.03957163824283484871
0.00000000000000000000 0.03963730434448827639
0.00000000000000000000 0.03964316526296977894
0.00000000000000000000 0.03997529243724922549
0.00000000000000000000 0.04005613627419551959
0.00000000000000000000 0.04006169464383084466
0.00000000000000000000 0.04008696023213487863
0.00000000000000000000 0.04012059520983332628
0.00000000000000000000 0.04020567740964178099
0.00000000000000000000 0.04022756750045240748
0.00000000000000000000 0.04025246480596051529
0.00000000000000000000 0.04035435081880444502
0.00000000000000000000 0.04044386653283769256
0.00000000000000000000 0.04053318628145161084
0.00000000000000000000 0.04073600265428891504
0.00000000000000000000 0.04076357358776142720
0.00000000000000000000 0.04085651827071727638
0.00000000000000000000 0.04099201592049114135
0.00000000000000000000 0.04117228876876726645
0.00000000000000000000 0.04125445226105723534
0.00000000000000000000 0.04125981022207771132
0.00000000000000000000 0.04144501021010603414
0.00000000000000000000 0.04178551134698880315
0.00000000000000000000 0.04195713093505760993
0.00000000000000000000 0.04199200381500860918
0.00000000000000000000 0.04225122777232385995
0.00000000000000000000 0.04235670233217404823
0.00000000000000000000 0.04244351665538170087
0.00000000000000000000 0.04283485247668204765
0.00000000000000000000 0.04284324769383703740
0.00000000000000000000 0.04295300778813201936
0.00000000000000000000 0.04311876324023893037
0.00000000000000000000 0.04316548456587877142
0.00000000000000000000 0.04320841603868772612
0.00000000000000000000 0.04324488556927323646
0.00000000000000000000 0.04331492271313137910
0.00000000000000000000 0.04357716549294328445
0.00000000000000000000 0.04362022200139805544
0.00000000000000000000 0.04374643573878889136
0.00000000000000000000 0.04401158558009718447
0.00000000000000000000 0.04405529574027866602
0.00000000000000000000 0.04421587660175964329
0.00000000000000000000 0.04426323678038033421
0.00000000000000000000 0.04428611550041293421
0.00000000000000000000 0.04430930794759505020
0.00000000000000000000 0.04458864627695507954
0.00000000000000000000 0.04459070569137550677
0.00000000000000000000 0.04460133700316868538
0.00000000000000000000 0.04462134721150936428
0.00000000000000000000 0.04465192435193350573
0.00000000000000000000 0.04473018079930608099
0.00000000000000000000 0.04491605221552507493
0.00000000000000000000 0.04498782425921843409
0.00000000000000000000 0.04509131666164489100
0.00000000000000000000 0.04515377618203645499
0.00000000000000000000 0.04515810411768448468
0.00000000000000000000 0.04523230262361484233
0.00000000000000000000 0.04550365209139588252
0.00000000000000000000 0.04554205886745282122
0.00000000000000000000 0.04570185953634328668
0.00000000000000000000 0.04578960689105051468
0.00000000000000000000 0.04608810606146342831
0.00000000000000000000 0.04645629568452300934
0.00000000000000000000 0.04651067978944620207
0.00000000000000000000 0.04655579365923877971
0.00000000000000000000 0.04712168278603394433
0.00000000000000000000 0.04730867856263388377
0.00000000000000000000 0.04740469597599061835
0.00000000000000000000 0.04760933761441717149
0.00000000000000000000 0.04763173722063902132
0.00000000000000000000 0.04806095979466139950
0.00000000000000000000 0.04812851368755696746
0.00000000000000000000 0.04823368387131937718
0.00000000000000000000 0.04840020810362885562
0.00000000000000000000 0.04847774483008889662
0.00000000000000000000 0.04853536773160641027
0.00000000000000000000 0.04854921982949644138
0.00000000000000000000 0.04859687940806668022
0.00000000000000000000 0.04888647938245402336
0.00000000000000000000 0.04894289327366771469
0.00000000000000000000 0.04905533412473390281
0.00000000000000000000 0.04921674059409639895
0.00000000000000000000 0.04921866938398349045
0.00000000000000000000 0.04942259288321866617
0.00000000000000000000 0.04980670690074296553
0.00000000000000000000 0.04993993408329318318
0.00000000000000000000 0.05020025389463238230
0.00000000000000000000 0.05048833897180476926
0.00000000000000000000 0.05116024887045810682
0.00000000000000000000 0.05116722375511643245
0.00000000000000000000 0.05155479352196201681
0.00000000000000000000 0.05176014958110356640
0.00000000000000000000 0.05245746356102421598
0.00000000000000000000 0.05262204245821643089
0.00000000000000000000 0.05314828994069220602
0.00000000000000000000 0.05318782123947100871
0.00000000000000000000 0.05330833192602571491
0.00000000000000000000 0.05354644174383679789
0.00000000000000000000 0.05407177675026637181
0.00000000000000000000 0.05416056249616879592
0.00000000000000000000 0.05426566916665829382
0.00000000000000000000 0.05462432111684923514
0.00000000000000000000 0.05485046971555328915
0.00000000000000000000 0.05524018996302095669
0.00000000000000000000 0.05527934763199793267
0.00000000000000000000 0.05528065508029705866
0.00000000000000000000 0.05580183023368631701
0.00000000000000000000 0.05614488027598625586
0.00000000000000000000 0.05671044672733525915
0.00000000000000000000 0.05715283361110376492
0.00000000000000000000 0.05717723443650710863
0.00000000000000000000 0.05807718746941382265
0.00000000000000000000 0.05809881064898803765
0.00000000000000000000 0.05820853424563645490
0.00000000000000000000 0.05852035300155782049
0.00000000000000000000 0.05887390315366381605
0.00000000000000000000 0.05961530882048195895
0.00000000000000000000 0.05986229176276523789
0.00000000000000000000 0.06003321724689368588
0.00000000000000000000 0.06033265393230206886
0.00000000000000000000 0.06186289606778602040
0.00000000000000000000 0.06224358679325385502
0.00000000000000000000 0.06232711006834676382
0.00000000000000000000 0.06250586458798763900
0.00000000000000000000 0.06278633363468519302
0.00000000000000000000 0.06308631049903899723
0.00000000000000000000 0.06404952241722040862
0.00000000000000000000 0.06462212993875296463
0.00000000000000000000 0.06525676042191058679
0.00000000000000000000 0.06545605390660562406
0.00000000000000000000 0.06597857345416119346
0.00000000000000000000 0.06635111469955110031
0.00000000000000000000 0.06660245957979993303
0.00000000000000000000 0.06661582868896104292
0.00000000000000000000 0.06758883841876205112
0.00000000000000000000 0.06783497116375221403
0.00000000000000000000 0.06830961449259606577
0.00000000000000000000 0.06831781929064115189
0.00000000000000000000 0.06889768206746055279
0.00000000000000000000 0.07190496098693865967
0.00000000000000000000 0.07262346952449699744
0.00000000000000000000 0.07447585197820369429
0.00000000000000000000 0.07618944445599207249
0.00000000000000000000 0.07701501094902044042
0.00000000000000000000 0.07918850188493690989
0.00000000000000000000 0.07919387814862074992
0.00000000000000000000 0.08024731260151432566
0.00000000000000000000 0.08248307006172693467
0.00000000000000000000 0.08365386263391513810
0.00000000000000000000 0.08442931673441961271
0.00000000000000000000 0.08487279266865327410
0.00000000000000000000 0.08811956823977952491
0.00000000000000000000 0.09011902622010853348
0.00000000000000000000 0.09312314695358354932
0.00000000000000000000 0.09631187094285850736
0.00000000000000000000 0.10585211854630832695
0.00000000000000000000 0.10953746096512051444
0.00000000000000000000 0.11358081179334778010
0.00000000000000000000 0.11391033476871806340
0.00000000000000000000 0.12091956207475629270
0.00000000000000000000 0.16996638094501875793
0.00000000000000000000 0.19100395637115955005
0.00000000000000000000 1.73205080756887719318
