0.00000000000000000000 0.00127730239903436535
0.00000000000000000000 0.00208335069943875288
0.00000000000000000000 0.00215973122493490948
0.00000000000000000000 0.00228899888627294608
0.00000000000000000000 0.00271779656958567092
0.00000000000000000000 0.00293447737325051817
0.00000000000000000000 0.00303174831401506256
0.00000000000000000000 0.00311917207074408238
0.00000000000000000000 0.00321105281130757260
0.00000000000000000000 0.00330490498977735166
0.00000000000000000000 0.00334152041974335352
0.00000000000000000000 0.00341608684914198896
0.00000000000000000000 0.00344922090300201541
0.00000000000000000000 0.00346358342802244182
0.00000000000000000000 0.00353633717298166943
0.00000000000000000000 0.00354925609626290583
0.00000000000000000000 0.00361375177832093690
0.00000000000000000000 0.00363852638247616619
0.00000000000000000000 0.00393708775197868822
0.00000000000000000000 0.00398381644468162859
0.00000000000000000000 0.00399346137756271050
0.00000000000000000000 0.00401633228167976551
0.00000000000000000000 0.00410139568641951398
0.00000000000000000000 0.00412727563334798833
0.00000000000000000000 0.00431000450683768476
0.00000000000000000000 0.00435585293928615527
0.00000000000000000000 0.00447179206115407447
0.00000000000000000000 0.00455705166966288537
0.00000000000000000000 0.00461531589217256417
0.00000000000000000000 0.00462394844748931135
0.00000000000000000000 0.00463751500798568854
0.00000000000000000000 0.00467689583020077133
0.00000000000000000000 0.00470106606757940155
0.00000000000000000000 0.00481894556678803647
0.00000000000000000000 0.00492704472962294041
0.00000000000000000000 0.00502656542413030573
0.00000000000000000000 0.00503618832723797503
0.00000000000000000000 0.00505361112133599893
0.00000000000000000000 0.00509944221246954460
0.00000000000000000000 0.00523183837038610280
0.00000000000000000000 0.00526903419478229849
0.00000000000000000000 0.00529079357500621041
0.00000000000000000000 0.00529257985706691348
0.00000000000000000000 0.00530726897116554422
0.00000000000000000000 0.00537271096107783380
0.00000000000000000000 0.00540509047558051462
0.00000000000000000000 0.00543523800524249243
0.00000000000000000000 0.00548474708596930188
0.00000000000000000000 0.00551620230671439477
0.00000000000000000000 0.00555845915305144735
0.00000000000000000000 0.00565842426086504095
0.00000000000000000000 0.00565971635740895613
0.00000000000000000000 0.00572623992541775560
0.00000000000000000000 0.00593912447745104620
0.00000000000000000000 0.00593919301984055688
0.00000000000000000000 0.00594110027784174478
0.00000000000000000000 0.00599307501378957327
0.00000000000000000000 0.00603395615939628354
0.00000000000000000000 0.00606207378901490405
0.00000000000000000000 0.00606543086574015851
0.00000000000000000000 0.00607732766189519533
0.00000000000000000000 0.00613107299797431733
0.00000000000000000000 0.00619364868158842844
0.00000000000000000000 0.00619780647607921786
0.00000000000000000000 0.00626683675927738621
0.00000000000000000000 0.00634459884053662285
0.00000000000000000000 0.00635483151962693265
0.00000000000000000000 0.00639136303247518460
0.00000000000000000000 0.00654357657635548998
0.00000000000000000000 0.00657693685198381967
0.00000000000000000000 0.00667089060308623336
0.00000000000000000000 0.00667408022020470407
0.00000000000000000000 0.00677739029326000861
0.00000000000000000000 0.00682000469913844262
0.00000000000000000000 0.00691459226606368736
0.00000000000000000000 0.00696745397002280359
0.00000000000000000000 0.00702074500125717156
0.00000000000000000000 0.00704017302269312802
0.00000000000000000000 0.00705201804825721958
0.00000000000000000000 0.00708416599093320259
0.00000000000000000000 0.00708747682231038265
0.00000000000000000000 0.00715444775200172779
0.00000000000000000000 0.00716922159135909617
0.00000000000000000000 0.00718381974281241849
0.00000000000000000000 0.00719288705319446903
0.00000000000000000000 0.00719591530293524351
0.00000000000000000000 0.00720485125146489921
0.00000000000000000000 0.00726126852296126498
0.00000000000000000000 0.00728792536646349215
0.00000000000000000000 0.00729060898093326828
0.00000000000000000000 0.00730623867672824511
0.00000000000000000000 0.00733252621349480757
0.00000000000000000000 0.00738458929706090842
0.00000000000000000000 0.00746153736076569148
0.00000000000000000000 0.00748062555627179802
0.00000000000000000000 0.00749163460257347598
0.00000000000000000000 0.00755388663411496377
0.00000000000000000000 0.00755770395297200408
0.00000000000000000000 0.00756900421987520902
0.00000000000000000000 0.00756930139629577274
0.00000000000000000000 0.00761447017095934209
0.00000000000000000000 0.00761969706686424497
0.00000000000000000000 0.00766121240753307557
0.00000000000000000000 0.00767661044872795968
0.00000000000000000000 0.00767731916887662465
0.00000000000000000000 0.00768278227751004444
0.00000000000000000000 0.00769266472471539977
0.00000000000000000000 0.00772382445788060562
0.00000000000000000000 0.00776739552347486747
0.00000000000000000000 0.00777670745684348654
0.00000000000000000000 0.00778206725810243020
0.00000000000000000000 0.00782466961690718964
0.00000000000000000000 0.00785220455682138913
0.00000000000000000000 0.00790826026820759531
0.00000000000000000000 0.00793652459385849919
0.00000000000000000000 0.00797595321929244969
0.00000000000000000000 0.00803650666783667714
0.00000000000000000000 0.00807612692039852247
0.00000000000000000000 0.00808621532175976369
0.00000000000000000000 0.00812011693765265705
0.00000000000000000000 0.00814255116770037750
0.00000000000000000000 0.00815244448644527123
0.00000000000000000000 0.00821255548654065831
0.00000000000000000000 0.00823109613229409086
0.00000000000000000000 0.00823326022833702903
0.00000000000000000000 0.00825826388896051811
0.00000000000000000000 0.00827056728831424524
0.00000000000000000000 0.00827129421720703382
0.00000000000000000000 0.00831328910580359480
0.00000000000000000000 0.00835077798801685256
0.00000000000000000000 0.00843700701282635440
0.00000000000000000000 0.00843804144108961651
0.00000000000000000000 0.00844990700536430404
0.00000000000000000000 0.00845618680608546842
0.00000000000000000000 0.00845882793496068389
0.00000000000000000000 0.00848579195006929528
0.00000000000000000000 0.00853871966854989096
0.00000000000000000000 0.00856859084756303631
0.00000000000000000000 0.00859104791207727231
0.00000000000000000000 0.00863397627588342875
0.00000000000000000000 0.00865452966518768727
0.00000000000000000000 0.00868047371627137833
0.00000000000000000000 0.00869259097355974675
0.00000000000000000000 0.00869451665799284880
0.00000000000000000000 0.00871090011669972339
0.00000000000000000000 0.00875568922048976760
0.00000000000000000000 0.00878901726897425226
0.00000000000000000000 0.00879199474837642075
0.00000000000000000000 0.00881308978233633425
0.00000000000000000000 0.00883791043511357975
0.00000000000000000000 0.00888005234609566541
0.00000000000000000000 0.00891753606302361952
0.00000000000000000000 0.00892998508925952651
0.00000000000000000000 0.00895668275921327611
0.00000000000000000000 0.00896177728681566560
0.00000000000000000000 0.00897465684127609145
0.00000000000000000000 0.00899498952305949860
0.00000000000000000000 0.00906130868548768627
0.00000000000000000000 0.00909769330460427628
0.00000000000000000000 0.00911825623518276035
0.00000000000000000000 0.00917407678206149171
0.00000000000000000000 0.00918216637118155626
0.00000000000000000000 0.00924237694396595928
0.00000000000000000000 0.00926743825900230335
0.00000000000000000000 0.00927472210316933159
0.00000000000000000000 0.00927545362892192617
0.00000000000000000000 0.00930731058730044705
0.00000000000000000000 0.00931595805343133493
0.00000000000000000000 0.00932851640762033182
0.00000000000000000000 0.00936666565389428912
0.00000000000000000000 0.00941060022998461282
0.00000000000000000000 0.00943021028578335668
0.00000000000000000000 0.00944634608382476960
0.00000000000000000000 0.00947911065218244586
0.00000000000000000000 0.00949828929198877694
0.00000000000000000000 0.00952218128643201982
0.00000000000000000000 0.00954105278410247691
0.00000000000000000000 0.00965117549338809916
0.00000000000000000000 0.00965506967777208548
0.00000000000000000000 0.00969154242542669478
0.00000000000000000000 0.00970825561940205813
0.00000000000000000000 0.00981731746484334339
0.00000000000000000000 0.00982019275175828425
0.00000000000000000000 0.00982571637718874721
0.00000000000000000000 0.00986688930007196228
0.00000000000000000000 0.00988968435410808415
0.00000000000000000000 0.00991519271699155616
0.00000000000000000000 0.00992100721010169030
0.00000000000000000000 0.00994053701233031314
0.00000000000000000000 0.00998443773563522166
0.00000000000000000000 0.01000440053300486083
0.00000000000000000000 0.01004029830950745397
0.00000000000000000000 0.01004426832316738030
0.00000000000000000000 0.01006622935940539032
0.00000000000000000000 0.01010330021337120174
0.00000000000000000000 0.01010617205878101138
0.00000000000000000000 0.01013704750323524834
0.00000000000000000000 0.01017793721483454226
0.00000000000000000000 0.01019169714805233905
0.00000000000000000000 0.01021533550947023930
0.00000000000000000000 0.01026309022168063814
0.00000000000000000000 0.01028906675637296028
0.00000000000000000000 0.01029017283175800643
0.00000000000000000000 0.01030673383954522869
0.00000000000000000000 0.01031817812068062598
0.00000000000000000000 0.01032404384824143692
0.00000000000000000000 0.01037927589769391430
0.00000000000000000000 0.01038140294116770418
0.00000000000000000000 0.01039701207950838834
0.00000000000000000000 0.01039752414817450045
0.00000000000000000000 0.01048313026832757393
0.00000000000000000000 0.01049501050247837741
0.00000000000000000000 0.01051031511820414537
0.00000000000000000000 0.01051171082173738523
0.00000000000000000000 0.01052796899132753261
0.00000000000000000000 0.01054769061964627025
0.00000000000000000000 0.01060285571269700688
0.00000000000000000000 0.01063340541174154046
0.00000000000000000000 0.01071236744986178886
0.00000000000000000000 0.01072540487510099082
0.00000000000000000000 0.01073182499127546888
0.00000000000000000000 0.01074333024069490904
0.00000000000000000000 0.01076718818982689944
0.00000000000000000000 0.01078787866351260671
0.00000000000000000000 0.01080144863950407118
0.00000000000000000000 0.01083092644034338789
0.00000000000000000000 0.01084043808038895329
0.00000000000000000000 0.01084163149688969000
0.00000000000000000000 0.01084900695720178096
0.00000000000000000000 0.01087364475934122186
0.00000000000000000000 0.01088158664020034624
0.00000000000000000000 0.01090145011618222359
0.00000000000000000000 0.01093609248722479665
0.00000000000000000000 0.01096210421849847655
0.00000000000000000000 0.01096504185106079478
0.00000000000000000000 0.01098813559726514837
0.00000000000000000000 0.01101304867372059244
0.00000000000000000000 0.01101771089065753384
0.00000000000000000000 0.01102282626804522783
0.00000000000000000000 0.01108808545126995816
0.00000000000000000000 0.01118765160373924247
0.00000000000000000000 0.01120769176297091094
0.00000000000000000000 0.01124653960610290035
0.00000000000000000000 0.01124739742793015411
0.00000000000000000000 0.01127539691706370625
0.00000000000000000000 0.01131077344386040989
0.00000000000000000000 0.01131597675964386186
0.00000000000000000000 0.01136418286742568728
0.00000000000000000000 0.01139036165802097267
0.00000000000000000000 0.01139610929575507990
0.00000000000000000000 0.01140744311311372473
0.00000000000000000000 0.01143851189623714196
0.00000000000000000000 0.01148721464825295385
0.00000000000000000000 0.01149136142344730528
0.00000000000000000000 0.01151456001353658685
0.00000000000000000000 0.01156139061156404892
0.00000000000000000000 0.01156336024347003229
0.00000000000000000000 0.01156556915205878000
0.00000000000000000000 0.01156882265066219023
0.00000000000000000000 0.01163273791480251909
0.00000000000000000000 0.01166771542446893607
0.00000000000000000000 0.01167969509615973504
0.00000000000000000000 0.01173358065685922193
0.00000000000000000000 0.01174257699319193084
0.00000000000000000000 0.01176149653945666659
0.00000000000000000000 0.01180570841415412228
0.00000000000000000000 0.01180919587713708495
0.00000000000000000000 0.01188307123788135550
0.00000000000000000000 0.01189152678571888180
0.00000000000000000000 0.01189845687087428758
0.00000000000000000000 0.01193257994848904990
0.00000000000000000000 0.01200295282867095206
0.00000000000000000000 0.01204674310457039439
0.00000000000000000000 0.01206307544415621130
0.00000000000000000000 0.01210175034444353238
0.00000000000000000000 0.01211745906093904257
0.00000000000000000000 0.01214971922396269367
0.00000000000000000000 0.01215301339392639048
0.00000000000000000000 0.01216364049285209581
0.00000000000000000000 0.01230745528990486587
0.00000000000000000000 0.01231403482041555641
0.00000000000000000000 0.01233161999542529801
0.00000000000000000000 0.01235104469002933081
0.00000000000000000000 0.01235652460183991191
0.00000000000000000000 0.01237628252108533521
0.00000000000000000000 0.01240011194832629088
0.00000000000000000000 0.01243890974221489865
0.00000000000000000000 0.01244929055380599760
0.00000000000000000000 0.01250730927753989849
0.00000000000000000000 0.01257233536247712516
0.00000000000000000000 0.01257946280843482215
0.00000000000000000000 0.01263592827958562141
0.00000000000000000000 0.01266753145199037665
0.00000000000000000000 0.01273074595943182556
0.00000000000000000000 0.01280017589103687320
0.00000000000000000000 0.01282933669201696998
0.00000000000000000000 0.01299950827750150431
0.00000000000000000000 0.01300552189347816377
0.00000000000000000000 0.01302874650150596426
0.00000000000000000000 0.01309198868599338421
0.00000000000000000000 0.01317477889389929296
0.00000000000000000000 0.01320022051804535003
0.00000000000000000000 0.01320712142820219294
0.00000000000000000000 0.01321932640873568592
0.00000000000000000000 0.01323160364895865915
0.00000000000000000000 0.01327067157338742386
0.00000000000000000000 0.01337096807897317219
0.00000000000000000000 0.01338865532157989049
0.00000000000000000000 0.01349454159047395498
0.00000000000000000000 0.01349728595346398087
0.00000000000000000000 0.01354297510226070388
0.00000000000000000000 0.01354867082920171127
0.00000000000000000000 0.01359669954574128578
0.00000000000000000000 0.01361197201064250246
0.00000000000000000000 0.01368596140902419468
0.00000000000000000000 0.01368654215469859714
0.00000000000000000000 0.01372834061918811951
0.00000000000000000000 0.01374460394216796971
0.00000000000000000000 0.01374831013501067074
0.00000000000000000000 0.01376715011663482043
0.00000000000000000000 0.01380388539916676052
0.00000000000000000000 0.01386369407789974501
0.00000000000000000000 0.01390946955502455132
0.00000000000000000000 0.01391377356673724301
0.00000000000000000000 0.01395697076118407147
0.00000000000000000000 0.01401221666515925501
0.00000000000000000000 0.01414791516655943167
0.00000000000000000000 0.01417098643346983641
0.00000000000000000000 0.01426441817758345061
0.00000000000000000000 0.01429242935891978858
0.00000000000000000000 0.01431407178465240494
0.00000000000000000000 0.01432253530264197654
0.00000000000000000000 0.01434471294301098432
0.00000000000000000000 0.01440507736369511099
0.00000000000000000000 0.01443099876551492619
0.00000000000000000000 0.01445383573300579837
0.00000000000000000000 0.01453157695943538275
0.00000000000000000000 0.01461166676857877413
0.00000000000000000000 0.01473787669821965268
0.00000000000000000000 0.01474763414715992219
0.00000000000000000000 0.01478014572093832614
0.00000000000000000000 0.01479642591228987579
0.00000000000000000000 0.01481250972154137674
0.00000000000000000000 0.01483733920485622547
0.00000000000000000000 0.01491432109963844108
0.00000000000000000000 0.01502936394922082045
0.00000000000000000000 0.01504596689121415025
0.00000000000000000000 0.01510065779492063449
0.00000000000000000000 0.01516720337367367423
0.00000000000000000000 0.01520486786086028969
0.00000000000000000000 0.01527558266664085125
0.00000000000000000000 0.01530037502479624292
0.00000000000000000000 0.01533486466782327598
0.00000000000000000000 0.01537928405495266396
0.00000000000000000000 0.01538450333827854830
0.00000000000000000000 0.01541681998587542471
0.00000000000000000000 0.01542256851349974728
0.00000000000000000000 0.01543354561158766583
0.00000000000000000000 0.01550712958622646291
0.00000000000000000000 0.01559742296515799313
0.00000000000000000000 0.01562521122803734591
0.00000000000000000000 0.01566107730208340237
0.00000000000000000000 0.01568617279861407240
0.00000000000000000000 0.01572916841134856109
0.00000000000000000000 0.01575624251872664860
0.00000000000000000000 0.01585974185217768270
0.00000000000000000000 0.01590417145707295407
0.00000000000000000000 0.01601757224299049653
0.00000000000000000000 0.01615502426193443294
0.00000000000000000000 0.01616714931876212305
0.00000000000000000000 0.01622129201111720959
0.00000000000000000000 0.01625398503924417593
0.00000000000000000000 0.01638144120261386671
0.00000000000000000000 0.01638891282948108652
0.00000000000000000000 0.01641704417848819167
0.00000000000000000000 0.01642898807650159526
0.00000000000000000000 0.01643353807793685589
0.00000000000000000000 0.01646370999580476155
0.00000000000000000000 0.01655647213487135977
0.00000000000000000000 0.01656753408258323373
0.00000000000000000000 0.01657571397698702487
0.00000000000000000000 0.01681423839562373387
0.00000000000000000000 0.01698331258147073655
0.00000000000000000000 0.01714786969753147663
0.00000000000000000000 0.01725480622056127511
0.00000000000000000000 0.01729605325544613520
0.00000000000000000000 0.01733695654622749785
0.00000000000000000000 0.01745292684344436004
0.00000000000000000000 0.01761102089813748606
0.00000000000000000000 0.01761349545569416281
0.00000000000000000000 0.01762195769152409899
0.00000000000000000000 0.01770110311623532273
0.00000000000000000000 0.01773704549039277836
0.00000000000000000000 0.01792814849136512706
0.00000000000000000000 0.01792930780332663288
0.00000000000000000000 0.01802152609909012104
0.00000000000000000000 0.01805982017061373221
0.00000000000000000000 0.01821066318113316596
0.00000000000000000000 0.01831076524385346141
0.00000000000000000000 0.01836989251853870728
0.00000000000000000000 0.01842787641852707686
0.00000000000000000000 0.01845924606353745862
0.00000000000000000000 0.01846641256179949730
0.00000000000000000000 0.01847068163170268243
0.00000000000000000000 0.01850009392893131599
0.00000000000000000000 0.01861792552104461068
0.00000000000000000000 0.01862099169021553396
0.00000000000000000000 0.01880850832260459390
0.00000000000000000000 0.01917346532038393184
0.00000000000000000000 0.01919522292026697510
0.00000000000000000000 0.01930532261394764248
0.00000000000000000000 0.01934868483006409526
0.00000000000000000000 0.01941742346741436726
0.00000000000000000000 0.01945142814502276093
0.00000000000000000000 0.01947141522159021726
0.00000000000000000000 0.01950340793063017400
0.00000000000000000000 0.01984965516049837231
0.00000000000000000000 0.01985724210757182015
0.00000000000000000000 0.01996989085138514350
0.00000000000000000000 0.02006379438925291053
0.00000000000000000000 0.02014355019424857521
0.00000000000000000000 0.02018551190054260550
0.00000000000000000000 0.02019046960193599319
0.00000000000000000000 0.02023991974064208790
0.00000000000000000000 0.02027704563485064476
0.00000000000000000000 0.02038624864123174049
0.00000000000000000000 0.02042597566148491792
0.00000000000000000000 0.02056877959446930942
0.00000000000000000000 0.02076311482829403324
0.00000000000000000000 0.02093193277718146533
0.00000000000000000000 0.02124843636082222875
0.00000000000000000000 0.02130355252698774154
0.00000000000000000000 0.02135073177902544611
0.00000000000000000000 0.02144026334807083364
0.00000000000000000000 0.02153004292689994145
0.00000000000000000000 0.02160096887462382986
0.00000000000000000000 0.02160614623642489671
0.00000000000000000000 0.02199127619587560450
0.00000000000000000000 0.02216124070690431158
0.00000000000000000000 0.02247750427953089380
0.00000000000000000000 0.02266347033269743710
0.00000000000000000000 0.02269893581953185552
0.00000000000000000000 0.02276908240092900826
0.00000000000000000000 0.02292040105587178633
0.00000000000000000000 0.02294639872793680091
0.00000000000000000000 0.02302013538297635956
0.00000000000000000000 0.02308172780193684312
0.00000000000000000000 0.02323342786301637111
0.00000000000000000000 0.02332990977601184096
0.00000000000000000000 0.02337689396332016251
0.00000000000000000000 0.02338654732075117967
0.00000000000000000000 0.02349861022757349788
0.00000000000000000000 0.02351442829061664921
0.00000000000000000000 0.02353409854487860733
0.00000000000000000000 0.02359457726689280499
0.00000000000000000000 0.02392158334563190825
0.00000000000000000000 0.02398516522957487226
0.00000000000000000000 0.02420097750980042262
0.00000000000000000000 0.02429531225058639485
0.00000000000000000000 0.02456653585220248612
0.00000000000000000000 0.02460325247233192958
0.00000000000000000000 0.02468151651232957516
0.00000000000000000000 0.02492912777422114784
0.00000000000000000000 0.02499410453138977903
0.00000000000000000000 0.02522364246261007970
0.00000000000000000000 0.02559927214895889314
0.00000000000000000000 0.02562667319807063887
0.00000000000000000000 0.02574018193649920197
0.00000000000000000000 0.02634251676726786368
0.00000000000000000000 0.02659610718328669909
0.00000000000000000000 0.02666691534234808328
0.00000000000000000000 0.02691780708019913745
0.00000000000000000000 0.02696880501499258204
0.00000000000000000000 0.02702170476113483280
0.00000000000000000000 0.02775659233508630599
0.00000000000000000000 0.02828599159327949142
0.00000000000000000000 0.02833936593627161410
0.00000000000000000000 0.02934715663920577089
0.00000000000000000000 0.02977902542893456558
0.00000000000000000000 0.03011791546791009813
0.00000000000000000000 0.03049071337778947940
0.00000000000000000000 0.03082717204055232876
0.00000000000000000000 0.03271157731346031189
0.00000000000000000000 0.03300802085145836118
0.00000000000000000000 0.03313476636156637706
0.00000000000000000000 0.03523647236831466828
0.00000000000000000000 0.03556650427041043588
0.00000000000000000000 0.03599657085989527855
0.00000000000000000000 0.03605501129564072510
0.00000000000000000000 0.03774537963380698163
0.00000000000000000000 0.03790186130152300298
0.00000000000000000000 0.04195950712334074045
0.00000000000000000000 0.04222483499422762659
0.00000000000000000000 0.04330643614180442608
0.00000000000000000000 0.04351986181550331761
0.00000000000000000000 0.04560860104143375088
0.00000000000000000000 0.11264872164945680111
0.00000000000000000000 0.14894174714179600483
0.00000000000000000000 0.20871632791569391663
0.00000000000000000000 1.73205080756887719318
