0.00000000000000000000 0.00101157500785788190
0.00000000000000000000 0.00120286435854403398
0.00000000000000000000 0.00129169210783787848
0.00000000000000000000 0.00129271489237995718
0.00000000000000000000 0.00162890461094193010
0.00000000000000000000 0.00165448100111773282
0.00000000000000000000 0.00196911923218054570
0.00000000000000000000 0.00212786233359971372
0.00000000000000000000 0.00225792186191726019
0.00000000000000000000 0.00225954799897314356
0.00000000000000000000 0.00234388678089417820
0.00000000000000000000 0.00241530396508272613
0.00000000000000000000 0.00261925783829179215
0.00000000000000000000 0.00271793130647494030
0.00000000000000000000 0.00274097569572867789
0.00000000000000000000 0.00286210139723051685
0.00000000000000000000 0.00302900531961108541
0.00000000000000000000 0.00310912582867985338
0.00000000000000000000 0.00318499080840136013
0.00000000000000000000 0.00320886348313746206
0.00000000000000000000 0.00333935882075565111
0.00000000000000000000 0.00336908818529253187
0.00000000000000000000 0.00346918306337114625
0.00000000000000000000 0.00349711344530927214
0.00000000000000000000 0.00351668452408265136
0.00000000000000000000 0.00359384037227339012
0.00000000000000000000 0.00374692586327197378
0.00000000000000000000 0.00376889358854543086
0.00000000000000000000 0.00378979941138963064
0.00000000000000000000 0.00379915727572547940
0.00000000000000000000 0.00381671763063624360
0.00000000000000000000 0.00388398080630560864
0.00000000000000000000 0.00388572196788191694
0.00000000000000000000 0.00400007115617203625
0.00000000000000000000 0.00405830719729757643
0.00000000000000000000 0.00412050935684271820
0.00000000000000000000 0.00421123010181638155
0.00000000000000000000 0.00424428545880136104
0.00000000000000000000 0.00428349959454626950
0.00000000000000000000 0.00432007736477152925
0.00000000000000000000 0.00440639617568500206
0.00000000000000000000 0.00444904178662223863
0.00000000000000000000 0.00454589256908708751
0.00000000000000000000 0.00462670149079307935
0.00000000000000000000 0.00465392512084709421
0.00000000000000000000 0.00469616016077470128
0.00000000000000000000 0.00469621089618142175
0.00000000000000000000 0.00477010542349438037
0.00000000000000000000 0.00478241339213921878
0.00000000000000000000 0.00480270328267177159
0.00000000000000000000 0.00480311289065291080
0.00000000000000000000 0.00483164684510322372
0.00000000000000000000 0.00493667769884559120
0.00000000000000000000 0.00498588648338134290
0.00000000000000000000 0.00504864713424558065
0.00000000000000000000 0.00508189172243931307
0.00000000000000000000 0.00508409966103106487
0.00000000000000000000 0.00508682786854248396
0.00000000000000000000 0.00510420092291427509
0.00000000000000000000 0.00512493314322929640
0.00000000000000000000 0.00524460931550991757
0.00000000000000000000 0.00528482755408490445
0.00000000000000000000 0.00528953215099609454
0.00000000000000000000 0.00530278683422492209
0.00000000000000000000 0.00530764509490377467
0.00000000000000000000 0.00533738068439265460
0.00000000000000000000 0.00539705290134293719
0.00000000000000000000 0.00544004730731661394
0.00000000000000000000 0.00544565904418706399
0.00000000000000000000 0.00549549612565486227
0.00000000000000000000 0.00549957664682565722
0.00000000000000000000 0.00554287002191721379
0.00000000000000000000 0.00555675017308304795
0.00000000000000000000 0.00564326030672317354
0.00000000000000000000 0.00565130607311149780
0.00000000000000000000 0.00568354723328451036
0.00000000000000000000 0.00568950080232483515
0.00000000000000000000 0.00574882661114782274
0.00000000000000000000 0.00574951401289055912
0.00000000000000000000 0.00581531525039852022
0.00000000000000000000 0.00585564661732922414
0.00000000000000000000 0.00590220742969402214
0.00000000000000000000 0.00598208878357326876
0.00000000000000000000 0.00600574890620864717
0.00000000000000000000 0.00612287696316448412
0.00000000000000000000 0.00613506498350712814
0.00000000000000000000 0.00613866956466071860
0.00000000000000000000 0.00616538192813734925
0.00000000000000000000 0.00618382306496838893
0.00000000000000000000 0.00618475209225516527
0.00000000000000000000 0.00618494657991146626
0.00000000000000000000 0.00619932618245274281
0.00000000000000000000 0.00622778316046606033
0.00000000000000000000 0.00633158636268079354
0.00000000000000000000 0.00633476280581007477
0.00000000000000000000 0.00640864663152679922
0.00000000000000000000 0.00645867576227015898
0.00000000000000000000 0.00650008648574013862
0.00000000000000000000 0.00650258773563829398
0.00000000000000000000 0.00650643844550315414
0.00000000000000000000 0.00653663140028631733
0.00000000000000000000 0.00655848983725046755
0.00000000000000000000 0.00656606971716026510
0.00000000000000000000 0.00663551388586468022
0.00000000000000000000 0.00664708501962585872
0.00000000000000000000 0.00666724277930223763
0.00000000000000000000 0.00668484715839954072
0.00000000000000000000 0.00676893828766355222
0.00000000000000000000 0.00676992975049973012
0.00000000000000000000 0.00678540772591370352
0.00000000000000000000 0.00679589443111730269
0.00000000000000000000 0.00685990152666878048
0.00000000000000000000 0.00686346934314448296
0.00000000000000000000 0.00690097172395254081
0.00000000000000000000 0.00692399824068518771
0.00000000000000000000 0.00693396044403314475
0.00000000000000000000 0.00701714228792462823
0.00000000000000000000 0.00701847136490326394
0.00000000000000000000 0.00703385121451783040
0.00000000000000000000 0.00706497992617569417
0.00000000000000000000 0.00711028465740393568
0.00000000000000000000 0.00711647194860963971
0.00000000000000000000 0.00711731374823553614
0.00000000000000000000 0.00713550312799206624
0.00000000000000000000 0.00717479339137870251
0.00000000000000000000 0.00721531004005252028
0.00000000000000000000 0.00721631861846343692
0.00000000000000000000 0.00722178666806980001
0.00000000000000000000 0.00724681322516512044
0.00000000000000000000 0.00728465191442210711
0.00000000000000000000 0.00729553734803582710
0.00000000000000000000 0.00731589349347328173
0.00000000000000000000 0.00737001353649038241
0.00000000000000000000 0.00737453895842982762
0.00000000000000000000 0.00742369618926978173
0.00000000000000000000 0.00743477890445101274
0.00000000000000000000 0.00743894926352568417
0.00000000000000000000 0.00744895482382118210
0.00000000000000000000 0.00747863382892377093
0.00000000000000000000 0.00750047200343020339
0.00000000000000000000 0.00768534275738989598
0.00000000000000000000 0.00770216955072112238
0.00000000000000000000 0.00771521456822001767
0.00000000000000000000 0.00773188605317898670
0.00000000000000000000 0.00773718708944800583
0.00000000000000000000 0.00774342017895699158
0.00000000000000000000 0.00774449886152427623
0.00000000000000000000 0.00775545303300191526
0.00000000000000000000 0.00776159686518007597
0.00000000000000000000 0.00777014670431103085
0.00000000000000000000 0.00777588752061070167
0.00000000000000000000 0.00777736484933061207
0.00000000000000000000 0.00779454698263161178
0.00000000000000000000 0.00783106245099496161
0.00000000000000000000 0.00783852449135293526
0.00000000000000000000 0.00784361593513770682
0.00000000000000000000 0.00787518852199351610
0.00000000000000000000 0.00790628885060287376
0.00000000000000000000 0.00791283650913317954
0.00000000000000000000 0.00792238452726767330
0.00000000000000000000 0.00792699961361079293
0.00000000000000000000 0.00793314058548785263
0.00000000000000000000 0.00802631033542611054
0.00000000000000000000 0.00803853157929385401
0.00000000000000000000 0.00808593814342657528
0.00000000000000000000 0.00811139588503155887
0.00000000000000000000 0.00813153719999117758
0.00000000000000000000 0.00814412971245433159
0.00000000000000000000 0.00816799309291097071
0.00000000000000000000 0.00817107577127211722
0.00000000000000000000 0.00818671022762928503
0.00000000000000000000 0.00820289679523654273
0.00000000000000000000 0.00820394445915653865
0.00000000000000000000 0.00824072913746652126
0.00000000000000000000 0.00824774521570987608
0.00000000000000000000 0.00825894875022849771
0.00000000000000000000 0.00827896616029246725
0.00000000000000000000 0.00829866678125172272
0.00000000000000000000 0.00830092365802615265
0.00000000000000000000 0.00831021319934936893
0.00000000000000000000 0.00832030352116362379
0.00000000000000000000 0.00834660823106834864
0.00000000000000000000 0.00840651287334354819
0.00000000000000000000 0.00847857839688688150
0.00000000000000000000 0.00849572959269779757
0.00000000000000000000 0.00852707195305023140
0.00000000000000000000 0.00854459212923353202
0.00000000000000000000 0.00857324204474110493
0.00000000000000000000 0.00860717248976590119
0.00000000000000000000 0.00860875138133347824
0.00000000000000000000 0.00870389608592213142
0.00000000000000000000 0.00874500889120232404
0.00000000000000000000 0.00874621980742338635
0.00000000000000000000 0.00878008036445803580
0.00000000000000000000 0.00879511311435014764
0.00000000000000000000 0.00884335663395059701
0.00000000000000000000 0.00887161102551021520
0.00000000000000000000 0.00887903687538076775
0.00000000000000000000 0.00889041637310681795
0.00000000000000000000 0.00895486089442981345
0.00000000000000000000 0.00898376520079495824
0.00000000000000000000 0.00898953981956111814
0.00000000000000000000 0.00901922110249019776
0.00000000000000000000 0.00905676244693481673
0.00000000000000000000 0.00905869327203095119
0.00000000000000000000 0.00907308132187435029
0.00000000000000000000 0.00907705318423534385
0.00000000000000000000 0.00908185699153766374
0.00000000000000000000 0.00913138180148045236
0.00000000000000000000 0.00916114915604825282
0.00000000000000000000 0.00926823126382698287
0.00000000000000000000 0.00927666686665150342
0.00000000000000000000 0.00930938067658877190
0.00000000000000000000 0.00932968851683212835
0.00000000000000000000 0.00936928606340278920
0.00000000000000000000 0.00938330614223390792
0.00000000000000000000 0.00940722207254594822
0.00000000000000000000 0.00940938206232539917
0.00000000000000000000 0.00941500572498023790
0.00000000000000000000 0.00945530599224524496
0.00000000000000000000 0.00947881236330838130
0.00000000000000000000 0.00952657815760146916
0.00000000000000000000 0.00952713244625820986
0.00000000000000000000 0.00955503312767717883
0.00000000000000000000 0.00957320925251036597
0.00000000000000000000 0.00959091584789875662
0.00000000000000000000 0.00962875999779229733
0.00000000000000000000 0.00965175420067180753
0.00000000000000000000 0.00966479303177369443
0.00000000000000000000 0.00970296196880328539
0.00000000000000000000 0.00975692152745942162
0.00000000000000000000 0.00975720157775769245
0.00000000000000000000 0.00977942400421899331
0.00000000000000000000 0.00979517423410181803
0.00000000000000000000 0.00981351734357036390
0.00000000000000000000 0.00987427172415070858
0.00000000000000000000 0.00988050771376840914
0.00000000000000000000 0.00994120096272435583
0.00000000000000000000 0.00999428651752191574
0.00000000000000000000 0.01002499173868028060
0.00000000000000000000 0.01003239278808286394
0.00000000000000000000 0.01005819199925969340
0.00000000000000000000 0.01008570009205374610
0.00000000000000000000 0.01012649763750649717
0.00000000000000000000 0.01024028695653288364
0.00000000000000000000 0.01030388575637014408
0.00000000000000000000 0.01031807912874073939
0.00000000000000000000 0.01034969736150151073
0.00000000000000000000 0.01038735205443530943
0.00000000000000000000 0.01039500192030435796
0.00000000000000000000 0.01045545654983048509
0.00000000000000000000 0.01045575501106375295
0.00000000000000000000 0.01046592498520370305
0.00000000000000000000 0.01048880412695560836
0.00000000000000000000 0.01050618646726632702
0.00000000000000000000 0.01052695840327328748
0.00000000000000000000 0.01058217798314778531
0.00000000000000000000 0.01062917432026393855
0.00000000000000000000 0.01066229098421047142
0.00000000000000000000 0.01069609969805882140
0.00000000000000000000 0.01070577355681979169
0.00000000000000000000 0.01073193696950648125
0.00000000000000000000 0.01073330205798918476
0.00000000000000000000 0.01075861207205856124
0.00000000000000000000 0.01077493776020021186
0.00000000000000000000 0.01078775175283688652
0.00000000000000000000 0.01082278957404720493
0.00000000000000000000 0.01083064745762307365
0.00000000000000000000 0.01084043555630909844
0.00000000000000000000 0.01087746473771886158
0.00000000000000000000 0.01089189166085881809
0.00000000000000000000 0.01094937780658524276
0.00000000000000000000 0.01096467785310417144
0.00000000000000000000 0.01105947380825110342
0.00000000000000000000 0.01107374882969767126
0.00000000000000000000 0.01113843171499682115
0.00000000000000000000 0.01114801654456163034
0.00000000000000000000 0.01118244639657918829
0.00000000000000000000 0.01126110286490570288
0.00000000000000000000 0.01129746192271466679
0.00000000000000000000 0.01131667205409115154
0.00000000000000000000 0.01135457362787720657
0.00000000000000000000 0.01136231573026049400
0.00000000000000000000 0.01137164697232757524
0.00000000000000000000 0.01141083619772966483
0.00000000000000000000 0.01145695315632215029
0.00000000000000000000 0.01153399137789970497
0.00000000000000000000 0.01156597590042332882
0.00000000000000000000 0.01159235085570077713
0.00000000000000000000 0.01162828179798386027
0.00000000000000000000 0.01168536758768233368
0.00000000000000000000 0.01170554407810670688
0.00000000000000000000 0.01171986215661404221
0.00000000000000000000 0.01175340573322364301
0.00000000000000000000 0.01175725385608688417
0.00000000000000000000 0.01177995374484444406
0.00000000000000000000 0.01178864870838080073
0.00000000000000000000 0.01187925449782394928
0.00000000000000000000 0.01188255811510170387
0.00000000000000000000 0.01194068913608443451
0.00000000000000000000 0.01201029557493428490
0.00000000000000000000 0.01202723167984330079
0.00000000000000000000 0.01217044647938914960
0.00000000000000000000 0.01220211227864689482
0.00000000000000000000 0.01222173996289826169
0.00000000000000000000 0.01223314341371758984
0.00000000000000000000 0.01229519629275730927
0.00000000000000000000 0.01233183215356027131
0.00000000000000000000 0.01235382100127649894
0.00000000000000000000 0.01239347995622011589
0.00000000000000000000 0.01239867840931652490
0.00000000000000000000 0.01242425447117988593
0.00000000000000000000 0.01245213771613555911
0.00000000000000000000 0.01250038689244319101
0.00000000000000000000 0.01256523509950396508
0.00000000000000000000 0.01256871032499966290
0.00000000000000000000 0.01258320525811884756
0.00000000000000000000 0.01261727458204874204
0.00000000000000000000 0.01263464110671102571
0.00000000000000000000 0.01265208025470413236
0.00000000000000000000 0.01266349599247495669
0.00000000000000000000 0.01268882939751448703
0.00000000000000000000 0.01273438069022090821
0.00000000000000000000 0.01276141193425756742
0.00000000000000000000 0.01277608543853749924
0.00000000000000000000 0.01286149998524296553
0.00000000000000000000 0.01298001139408703868
0.00000000000000000000 0.01299009922109767290
0.00000000000000000000 0.01307840561333919842
0.00000000000000000000 0.01310919044496380685
0.00000000000000000000 0.01312465404205116586
0.00000000000000000000 0.01316658713162096629
0.00000000000000000000 0.01319733343388678967
0.00000000000000000000 0.01320203625604261105
0.00000000000000000000 0.01323734214364192044
0.00000000000000000000 0.01329157326758998586
0.00000000000000000000 0.01329731200290897551
0.00000000000000000000 0.01334038491821953366
0.00000000000000000000 0.01335080364366525961
0.00000000000000000000 0.01339074027460470002
0.00000000000000000000 0.01346445616626475161
0.00000000000000000000 0.01356264783262174818
0.00000000000000000000 0.01365604678824046403
0.00000000000000000000 0.01367475867375298609
0.00000000000000000000 0.01368876025918768294
0.00000000000000000000 0.01372238820679118516
0.00000000000000000000 0.01377242290678673715
0.00000000000000000000 0.01382209979398262532
0.00000000000000000000 0.01382981132875350100
0.00000000000000000000 0.01389587626798243804
0.00000000000000000000 0.01390169235373388094
0.00000000000000000000 0.01397809428578275157
0.00000000000000000000 0.01405805271991374811
0.00000000000000000000 0.01407718140320938886
0.00000000000000000000 0.01410320637398426898
0.00000000000000000000 0.01410483576195415735
0.00000000000000000000 0.01413215905145779466
0.00000000000000000000 0.01416098432547851713
0.00000000000000000000 0.01418673066828220024
0.00000000000000000000 0.01422252351173662090
0.00000000000000000000 0.01422714889837072526
0.00000000000000000000 0.01425659360415398695
0.00000000000000000000 0.01426631319123955466
0.00000000000000000000 0.01439939988141025057
0.00000000000000000000 0.01441313877797478250
0.00000000000000000000 0.01454462960599092226
0.00000000000000000000 0.01456653317731557672
0.00000000000000000000 0.01460710723632020758
0.00000000000000000000 0.01475474442605930088
0.00000000000000000000 0.01476186778826029181
0.00000000000000000000 0.01478759280419574343
0.00000000000000000000 0.01501408637249966420
0.00000000000000000000 0.01502080440817059846
0.00000000000000000000 0.01507438664850938199
0.00000000000000000000 0.01515370363670281301
0.00000000000000000000 0.01522417407493185590
0.00000000000000000000 0.01535424216988271959
0.00000000000000000000 0.01537713830171127949
0.00000000000000000000 0.01552225766406760410
0.00000000000000000000 0.01568579128763437219
0.00000000000000000000 0.01572704038114756953
0.00000000000000000000 0.01588821059491413168
0.00000000000000000000 0.01589709778982479130
0.00000000000000000000 0.01593507815291416232
0.00000000000000000000 0.01607357580414742193
0.00000000000000000000 0.01623140445690657990
0.00000000000000000000 0.01624486347544669765
0.00000000000000000000 0.01628466109505977144
0.00000000000000000000 0.01650608495671169670
0.00000000000000000000 0.01651294168195081846
0.00000000000000000000 0.01662295943352793542
0.00000000000000000000 0.01673967378081111720
0.00000000000000000000 0.01676721998139590192
0.00000000000000000000 0.01695097893656040064
0.00000000000000000000 0.01700609302209728918
0.00000000000000000000 0.01702696746758338223
0.00000000000000000000 0.01708109953854792390
0.00000000000000000000 0.01720785068236200741
0.00000000000000000000 0.01723630018359237348
0.00000000000000000000 0.01728229824764727918
0.00000000000000000000 0.01731829258720859674
0.00000000000000000000 0.01740521513397877418
0.00000000000000000000 0.01740812832777166586
0.00000000000000000000 0.01746597511708638042
0.00000000000000000000 0.01746597932237376263
0.00000000000000000000 0.01749061492911140048
0.00000000000000000000 0.01757462708715978178
0.00000000000000000000 0.01763184154753556429
0.00000000000000000000 0.01765387779501188803
0.00000000000000000000 0.01769586370777394627
0.00000000000000000000 0.01777697526963411753
0.00000000000000000000 0.01781112544281937896
0.00000000000000000000 0.01782913951781682840
0.00000000000000000000 0.01785340458083831475
0.00000000000000000000 0.01789765983081111761
0.00000000000000000000 0.01802706516821102334
0.00000000000000000000 0.01822619948531342682
0.00000000000000000000 0.01823327581281599177
0.00000000000000000000 0.01835334849605884874
0.00000000000000000000 0.01919231801444786986
0.00000000000000000000 0.01922604563472073147
0.00000000000000000000 0.01924321658726146217
0.00000000000000000000 0.01941540132113268521
0.00000000000000000000 0.01946960583685591537
0.00000000000000000000 0.01947414278352904010
0.00000000000000000000 0.01986630655955611349
0.00000000000000000000 0.01989399333477216009
0.00000000000000000000 0.01991559932800030311
0.00000000000000000000 0.02022513988148568267
0.00000000000000000000 0.02023765697139204983
0.00000000000000000000 0.02049804862295124749
0.00000000000000000000 0.02054568769179111049
0.00000000000000000000 0.02057849289802758663
0.00000000000000000000 0.02083518402722542642
0.00000000000000000000 0.02109695787802384065
0.00000000000000000000 0.02124163859103349664
0.00000000000000000000 0.02136334101420090878
0.00000000000000000000 0.02139728934707907024
0.00000000000000000000 0.02166276438274397642
0.00000000000000000000 0.02168530752727881178
0.00000000000000000000 0.02183012635601236373
0.00000000000000000000 0.02191015315677840788
0.00000000000000000000 0.02224269098379326806
0.00000000000000000000 0.02259306229290029833
0.00000000000000000000 0.02264923530290904874
0.00000000000000000000 0.02273035394863216069
0.00000000000000000000 0.02282992440836188741
0.00000000000000000000 0.02310722981747797070
0.00000000000000000000 0.02313196842875022211
0.00000000000000000000 0.02316591312064040023
0.00000000000000000000 0.02345995830097786713
0.00000000000000000000 0.02350227064149612924
0.00000000000000000000 0.02361500626546780487
0.00000000000000000000 0.02363114609583303813
0.00000000000000000000 0.02380361705149259405
0.00000000000000000000 0.02382053506668262502
0.00000000000000000000 0.02387208777277180158
0.00000000000000000000 0.02399486919229245827
0.00000000000000000000 0.02413132478900264014
0.00000000000000000000 0.02413575898012154664
0.00000000000000000000 0.02419049729377083235
0.00000000000000000000 0.02450214412773084327
0.00000000000000000000 0.02473442410395436386
0.00000000000000000000 0.02473541061656912496
0.00000000000000000000 0.02476292606185948042
0.00000000000000000000 0.02477623198463046322
0.00000000000000000000 0.02481981454728499070
0.00000000000000000000 0.02504398724208814139
0.00000000000000000000 0.02557587330354716554
0.00000000000000000000 0.02581322382099490720
0.00000000000000000000 0.02618234367755086639
0.00000000000000000000 0.02627260683931128063
0.00000000000000000000 0.02636718790864082951
0.00000000000000000000 0.02653936402055371430
0.00000000000000000000 0.02675256255001327854
0.00000000000000000000 0.02693582459799370721
0.00000000000000000000 0.02705059132943553671
0.00000000000000000000 0.02734288172312646439
0.00000000000000000000 0.02740190025308573626
0.00000000000000000000 0.02781425778795399220
0.00000000000000000000 0.02809596567224197788
0.00000000000000000000 0.02978313364390866233
0.00000000000000000000 0.03019696919463370210
0.00000000000000000000 0.03023235417411611337
0.00000000000000000000 0.03034306448309925450
0.00000000000000000000 0.03039503596264809052
0.00000000000000000000 0.03110801797794808879
0.00000000000000000000 0.03134023559971754053
0.00000000000000000000 0.03139349840583371964
0.00000000000000000000 0.03160809385080314005
0.00000000000000000000 0.03173605316423401546
0.00000000000000000000 0.03233974876957729921
0.00000000000000000000 0.03380012121746625575
0.00000000000000000000 0.03457390314387178559
0.00000000000000000000 0.03839532660466395825
0.00000000000000000000 0.04891802739302809899
0.00000000000000000000 0.05962252398623884425
0.00000000000000000000 0.15294011224457662590
0.00000000000000000000 0.37713931975662590146
0.00000000000000000000 1.73205080756887719318
