0.00558360566241726444 0.00574496741240544499
0.00734336254953983376 0.00748085935614645290
0.00689514829483909436 0.00750481941865072631
0.00746104554843330693 0.00776689709719452070
0.00760143671497057367 0.00783243512746050613
0.00731946975469988364 0.00811758214927693449
0.00835976874800738005 0.00849997105291878420
0.00818915991267891649 0.00862991709360285374
0.00905667369999001159 0.01009510863607356208
0.00866017575328192381 0.01027754640621481898
0.00922879517421449497 0.01056016622919812853
0.00900948338148393514 0.01074911415394394672
0.00876747425703078287 0.01096475129256771312
0.01020947895678103907 0.01103900695750821559
0.01073307573800335972 0.01120948985561421619
0.01117950444691014761 0.01123362623600471753
0.00967967742737272339 0.01136915721108292497
0.01047966216622483841 0.01143042242701236902
0.00885735732532805416 0.01191078535256298240
0.01186708313210647209 0.01199649769653081226
0.01128994406412122883 0.01220955289960323070
0.00971693592239153067 0.01226850636295269761
0.01189113272993532790 0.01236286146532023997
0.01228609765959916104 0.01241693443529123808
0.01103305680297250388 0.01243547380192756846
0.01168461570631368004 0.01243614876611985089
0.01165664738779964571 0.01264786397896901574
0.01126614882925078276 0.01280680951982233508
0.01186487923893191597 0.01280680951982233508
0.01104950100734842719 0.01281722717215569469
0.01255111897401672838 0.01303740743431727571
0.01297168857659984284 0.01309906700934734824
0.01249004358905025751 0.01311785460884010678
0.01189507523184577496 0.01317055483796796857
0.01061335878300180384 0.01330165332063374013
0.01223121852341375014 0.01332799285255562190
0.01282716119704136425 0.01332799285255562190
0.01265293735222475756 0.01336636804339558574
0.01276017971065844872 0.01340002982538751261
0.01048457010130214931 0.01354726566599323036
0.01340578084218130815 0.01370024012743659841
0.01141002813148330602 0.01383678915650108157
0.01192819824739742469 0.01386397997866286452
0.01309235551898050610 0.01404084587230986989
0.01342835314079581822 0.01419042391649735259
0.01174668193149010914 0.01419731778477182835
0.01419295173272189931 0.01437076117396933819
0.01330281966147528819 0.01446026797197761012
0.01033387753948044642 0.01448325156820667522
0.01248446671963337161 0.01452450884430755290
0.01359523164469136902 0.01459670275753715933
0.01360176546161511943 0.01463305544560378896
0.00955098916192152064 0.01480358541304010664
0.01100065401600363972 0.01492299539112816598
0.01385451120518567392 0.01501865392038906170
0.01475727437359017520 0.01540473025030870274
0.01510694362288737651 0.01549490972022513242
0.01385138354908787423 0.01555993252914750213
0.01496615147445577720 0.01556716004830895582
0.01052962889270086209 0.01563663336845941276
0.01554594090789742852 0.01566281530547925654
0.01539443645725506286 0.01566943719166766918
0.01380701658119811229 0.01576417781802645288
0.01444417033735675461 0.01600008526090521480
0.01399313590202541473 0.01603979211823301082
0.01142076136985598935 0.01608901629489727786
0.01577945607497358710 0.01614526740980778974
0.01525510945418041484 0.01618927919538655155
0.01244254175242820622 0.01627032384335500015
0.01538059036250991919 0.01627174776623436375
0.01109632337411886605 0.01635625910340931730
0.01347716748292122381 0.01648096483955265382
0.01432075823143043845 0.01651902887086383748
0.01271181596860973713 0.01665517556035131866
0.01416960726424853698 0.01670853813059563001
0.01630827123562028635 0.01671592342981206847
0.01536737380625244516 0.01684372570824728063
0.01624805284336229561 0.01692799845300334283
0.01351464289872737236 0.01695269270708757089
0.01510713893362964147 0.01706750363505886783
0.01616438341923404423 0.01706750363505886783
0.01325118956125733924 0.01711571184285501021
0.01312218399676043021 0.01716923337646047987
0.01594771856549601421 0.01722966152665699607
0.01515153910021018770 0.01747132686780877159
0.01742197477382629797 0.01753294210221881949
0.01742510549798501063 0.01756728879479367220
0.01602592385484132367 0.01757685408562453463
0.01428086474227486212 0.01757685408562453463
0.01708848802144108392 0.01765514235142733035
0.01703428020620694622 0.01767672540335659889
0.01338311470199537827 0.01769055377884164171
0.01646808481156810181 0.01789093283712377136
0.01589029463342249426 0.01800463803940318200
0.01373697638371618006 0.01843475732489673752
0.01330201978502806338 0.01876647505322231665
0.01296919018489419394 0.01880900879550077495
0.01190696742375323657 0.01886908084075781741
0.01683541946148892077 0.01920550839192481513
0.01726240008135549245 0.01965940066477501330
0.01532403519030197184 0.01967210196737998601
0.01528220689267136348 0.01998508087994393945
0.01823573455043099589 0.02016037617854535627
0.01317899533080220224 0.02018541364074177141
0.01886523027311759124 0.02022300805439641511
0.01873427270817330098 0.02023531139733904249
0.01953444308640709184 0.02053326902193510634
0.01957619104206073310 0.02066298274778151714
0.01966657788379569741 0.02084129265266880526
0.02003762024643893427 0.02112314895069613077
0.01331572221558159283 0.02134847402709998815
0.01898937203140284302 0.02142211853848951034
0.01759984817060064946 0.02144312140134548364
0.02103513812899602056 0.02152619115202933017
0.01878813543846029332 0.02159685871962930756
0.02118824917748675721 0.02160443084469269859
0.02117746621668642124 0.02184154573038256733
0.01592365749857663909 0.02187720918958855829
0.02092367102429789488 0.02195728748553419166
0.02025224631907514283 0.02200426761580947382
0.02171777128805650603 0.02201420376516049701
0.01547431827710435588 0.02214526532612579729
0.02192533185355981587 0.02216186280832959168
0.02089963796422760617 0.02219743511942161296
0.02134819997806057523 0.02226713904943457972
0.02024425305490820323 0.02240235727501067170
0.01985618970649688161 0.02283634429370324029
0.02277934943509223389 0.02291177401866446861
0.02291021164106564131 0.02322817510246706976
0.02129483437906782087 0.02328541051598216616
0.01677561856769278076 0.02334387859892787798
0.02323021720901153123 0.02350147827679931190
0.02354394792107646073 0.02369024004432129099
0.02256532050086504718 0.02369478351265716029
0.02227242719648572442 0.02369478351265716029
0.02336273256870326220 0.02370933602877511176
0.02116947383179659456 0.02383800845972965446
0.02169260675207432959 0.02402260003235077643
0.02160061947324791454 0.02407206667516236659
0.02022540398632041367 0.02407332590364233069
0.02113822419419825530 0.02411435687055457980
0.01972292979296341037 0.02413463945852637252
0.02212084783316219452 0.02414436907150043984
0.02224745797215991680 0.02429114237172622440
0.01949905031888618870 0.02442559263554408208
0.02075924135537670495 0.02447821331479552512
0.02123854667742516508 0.02449042873696124362
0.02087383153880780634 0.02449751828602842949
0.02420565162548282689 0.02449873335228934176
0.01933358198089451738 0.02512600690336354997
0.02461276283813020049 0.02526591131220020173
0.02031666097453679529 0.02535127220743285323
0.02219442135295364785 0.02580334437023187530
0.02225041162566223502 0.02614899363463236287
0.02641106011522128746 0.02771222747490790714
0.02201175829401248382 0.02826067942940145572
0.02755513204186265871 0.02900498202499280156
0.02356460348671328420 0.02937190716347456293
0.02933984546846318126 0.02948011615866661869
0.02647289583108638003 0.02956980763153044256
0.02608307399906696286 0.02964403893165104206
0.02089410873056492951 0.02989021094914676158
0.03128871255482508495 0.03134655712045243681
0.02572669678044222502 0.03159192846362573331
0.02793874089414789819 0.03201081506718887748
0.03012139173668321873 0.03221159057659214731
0.03131549041888181256 0.03235552522135294595
0.02875312437406141522 0.03238903356726855615
0.02851228191340262133 0.03307129060081671207
0.02861866205429051263 0.03366218990869974254
0.03248310688004851787 0.03387635076963164960
0.02811532674402609025 0.03503066195285897688
0.02466504930941887733 0.03510564239611487641
0.03250526171917572649 0.03541042863909557581
0.03509607027452642941 0.03577335893753220974
0.03134179018469396977 0.03705708082389645719
0.02937426601449513036 0.03820144644920446531
0.03069043470482495095 0.03843419768294579347
0.03762914070229281260 0.04175578460841727207
0.03903441955965672450 0.04243208318468409679
0.03689516737781041444 0.04416932340093537163
0.03592179314569695497 0.04423632495378959639
0.03922187689468085298 0.04519424721847424553
0.06173051674590095128 0.06422471330311831095
0.28397373068068115787 0.28416180911040833657
