0.00000000000000000000 0.00220419697922984723
0.00000000000000000000 0.00248333795762039093
0.00000000000000000000 0.00325841957762092009
0.00000000000000000000 0.00391965605468376239
0.00000000000000000000 0.00401381287181788032
0.00000000000000000000 0.00422801096598787122
0.00000000000000000000 0.00423594728038693361
0.00000000000000000000 0.00435094470086117274
0.00000000000000000000 0.00461574646128820251
0.00000000000000000000 0.00464673322133932979
0.00000000000000000000 0.00491848725543725992
0.00000000000000000000 0.00523295113690023031
0.00000000000000000000 0.00526539648112239658
0.00000000000000000000 0.00563315552482613127
0.00000000000000000000 0.00595857071043739365
0.00000000000000000000 0.00614658061644366826
0.00000000000000000000 0.00617437731105317366
0.00000000000000000000 0.00621466282438726085
0.00000000000000000000 0.00625808301527544433
0.00000000000000000000 0.00627192392967599287
0.00000000000000000000 0.00653777304834201201
0.00000000000000000000 0.00658565273411547067
0.00000000000000000000 0.00683174412792176243
0.00000000000000000000 0.00690994991498388063
0.00000000000000000000 0.00696363974231924664
0.00000000000000000000 0.00711508977600607863
0.00000000000000000000 0.00723599713392535527
0.00000000000000000000 0.00726812308058154537
0.00000000000000000000 0.00734550329788456052
0.00000000000000000000 0.00748082883307535796
0.00000000000000000000 0.00780836461380551156
0.00000000000000000000 0.00793094516806558229
0.00000000000000000000 0.00812642306340205685
0.00000000000000000000 0.00820821808424242183
0.00000000000000000000 0.00847152960206048848
0.00000000000000000000 0.00852653810024289055
0.00000000000000000000 0.00878929556789402773
0.00000000000000000000 0.00914933845661303376
0.00000000000000000000 0.00924711872741556563
0.00000000000000000000 0.00931154515542488050
0.00000000000000000000 0.00941332401317309005
0.00000000000000000000 0.00971059965858825543
0.00000000000000000000 0.01028004876693113141
0.00000000000000000000 0.01063388169828660863
0.00000000000000000000 0.01080947203446108208
0.00000000000000000000 0.01088934612984460322
0.00000000000000000000 0.01092516857920789938
0.00000000000000000000 0.01095488263748465273
0.00000000000000000000 0.01119621515016875832
0.00000000000000000000 0.01121103070701415932
0.00000000000000000000 0.01140889275735583117
0.00000000000000000000 0.01156039596238017317
0.00000000000000000000 0.01169347938848367893
0.00000000000000000000 0.01182363686485063056
0.00000000000000000000 0.01205581294931195972
0.00000000000000000000 0.01207437741512402615
0.00000000000000000000 0.01222990907137707327
0.00000000000000000000 0.01227131618050101777
0.00000000000000000000 0.01238155854402461092
0.00000000000000000000 0.01241326393375391697
0.00000000000000000000 0.01270503787943780272
0.00000000000000000000 0.01276942361632064926
0.00000000000000000000 0.01290687024273384602
0.00000000000000000000 0.01303637632707758086
0.00000000000000000000 0.01320332791770027943
0.00000000000000000000 0.01343948472686064266
0.00000000000000000000 0.01352944739476382406
0.00000000000000000000 0.01373934722828535834
0.00000000000000000000 0.01380795969814991274
0.00000000000000000000 0.01438740366706158652
0.00000000000000000000 0.01442609830257406307
0.00000000000000000000 0.01456005777865451711
0.00000000000000000000 0.01466017881717691755
0.00000000000000000000 0.01472647600660403032
0.00000000000000000000 0.01472835016372428703
0.00000000000000000000 0.01475711937508134182
0.00000000000000000000 0.01491392743412385015
0.00000000000000000000 0.01492877100496575044
0.00000000000000000000 0.01493436981617589365
0.00000000000000000000 0.01513900764600357822
0.00000000000000000000 0.01514215313342625636
0.00000000000000000000 0.01516801431338319489
0.00000000000000000000 0.01546971978178092108
0.00000000000000000000 0.01553005611271084455
0.00000000000000000000 0.01560881165541738898
0.00000000000000000000 0.01572585155579550933
0.00000000000000000000 0.01576201254209912139
0.00000000000000000000 0.01586451869679358223
0.00000000000000000000 0.01592476028761805051
0.00000000000000000000 0.01597429947722122170
0.00000000000000000000 0.01599697845493347134
0.00000000000000000000 0.01601314901620589162
0.00000000000000000000 0.01610062280588742470
0.00000000000000000000 0.01614253995079212647
0.00000000000000000000 0.01624963235662346336
0.00000000000000000000 0.01631706844183977365
0.00000000000000000000 0.01645182840795220494
0.00000000000000000000 0.01646142160094431553
0.00000000000000000000 0.01668413974368794170
0.00000000000000000000 0.01677669930067864426
0.00000000000000000000 0.01707840071983240254
0.00000000000000000000 0.01714296725783277797
0.00000000000000000000 0.01717883690726721563
0.00000000000000000000 0.01720044798408349937
0.00000000000000000000 0.01725532595541015915
0.00000000000000000000 0.01727127011263840731
0.00000000000000000000 0.01737286110988049692
0.00000000000000000000 0.01739997593388659114
0.00000000000000000000 0.01741483430261095422
0.00000000000000000000 0.01742822353237359970
0.00000000000000000000 0.01757840749018638182
0.00000000000000000000 0.01759197418309239522
0.00000000000000000000 0.01763639812920708011
0.00000000000000000000 0.01765898716992807607
0.00000000000000000000 0.01768141619401431344
0.00000000000000000000 0.01786950073822689278
0.00000000000000000000 0.01824502223179024288
0.00000000000000000000 0.01825567910592070658
0.00000000000000000000 0.01826928852936790526
0.00000000000000000000 0.01851500410143212122
0.00000000000000000000 0.01853739797459236574
0.00000000000000000000 0.01878231748922263092
0.00000000000000000000 0.01880668962952071477
0.00000000000000000000 0.01883999520645545170
0.00000000000000000000 0.01884411985290919064
0.00000000000000000000 0.01890670946049187104
0.00000000000000000000 0.01902664782103875157
0.00000000000000000000 0.01906596961863117959
0.00000000000000000000 0.01908470372864653347
0.00000000000000000000 0.01909232454030544007
0.00000000000000000000 0.01915340204812278693
0.00000000000000000000 0.01917463984075210015
0.00000000000000000000 0.01928022110144603576
0.00000000000000000000 0.01947210151434016975
0.00000000000000000000 0.01952746211484246777
0.00000000000000000000 0.01957132369460224189
0.00000000000000000000 0.01980163659152900379
0.00000000000000000000 0.01987415264920246519
0.00000000000000000000 0.01990144261408680754
0.00000000000000000000 0.01990547869345510312
0.00000000000000000000 0.01991785350779969044
0.00000000000000000000 0.02000807270696267418
0.00000000000000000000 0.02011797158107208119
0.00000000000000000000 0.02016702247114369323
0.00000000000000000000 0.02018207648427679940
0.00000000000000000000 0.02023090148939418048
0.00000000000000000000 0.02028279101819229630
0.00000000000000000000 0.02030233751886069415
0.00000000000000000000 0.02038541168817916555
0.00000000000000000000 0.02039128562243179218
0.00000000000000000000 0.02040596247854968570
0.00000000000000000000 0.02061529991042548512
0.00000000000000000000 0.02071512305488787051
0.00000000000000000000 0.02074326252080166758
0.00000000000000000000 0.02076719658346804290
0.00000000000000000000 0.02095064286816860841
0.00000000000000000000 0.02098378073889410264
0.00000000000000000000 0.02103692855428417399
0.00000000000000000000 0.02103758213814832176
0.00000000000000000000 0.02117905660070669091
0.00000000000000000000 0.02141842985006572192
0.00000000000000000000 0.02162426709590892920
0.00000000000000000000 0.02172691636567559634
0.00000000000000000000 0.02187773531411562472
0.00000000000000000000 0.02198609137720914167
0.00000000000000000000 0.02201421583949272204
0.00000000000000000000 0.02204611259911076412
0.00000000000000000000 0.02207332383471750578
0.00000000000000000000 0.02219112318744593387
0.00000000000000000000 0.02221942999434918520
0.00000000000000000000 0.02229133596132879327
0.00000000000000000000 0.02239473230275803098
0.00000000000000000000 0.02240065804343858297
0.00000000000000000000 0.02243836711599012101
0.00000000000000000000 0.02246355531840847283
0.00000000000000000000 0.02251098102976241064
0.00000000000000000000 0.02255079386882849826
0.00000000000000000000 0.02255369009791085774
0.00000000000000000000 0.02259413198932233233
0.00000000000000000000 0.02271152870503400853
0.00000000000000000000 0.02272103312335136890
0.00000000000000000000 0.02274199534480057447
0.00000000000000000000 0.02292034430288293623
0.00000000000000000000 0.02297201945862053715
0.00000000000000000000 0.02326751513727493004
0.00000000000000000000 0.02334881065247686877
0.00000000000000000000 0.02344151874081382494
0.00000000000000000000 0.02357151991558249782
0.00000000000000000000 0.02363507135625026942
0.00000000000000000000 0.02377499411463350823
0.00000000000000000000 0.02378824569803770009
0.00000000000000000000 0.02385015224190125890
0.00000000000000000000 0.02391779879536555173
0.00000000000000000000 0.02394085968500340306
0.00000000000000000000 0.02397854959589541118
0.00000000000000000000 0.02402216845574565302
0.00000000000000000000 0.02413767922165380858
0.00000000000000000000 0.02423957687047946855
0.00000000000000000000 0.02424649280100441007
0.00000000000000000000 0.02425696439967758508
0.00000000000000000000 0.02428025713616898187
0.00000000000000000000 0.02431967650747920290
0.00000000000000000000 0.02458257442223469452
0.00000000000000000000 0.02458835951688828278
0.00000000000000000000 0.02486665975302416662
0.00000000000000000000 0.02487435036508174255
0.00000000000000000000 0.02505248660139121342
0.00000000000000000000 0.02519551168706596345
0.00000000000000000000 0.02542779343735078121
0.00000000000000000000 0.02552874172030227332
0.00000000000000000000 0.02569367191697470923
0.00000000000000000000 0.02586468927242324689
0.00000000000000000000 0.02590638868202489037
0.00000000000000000000 0.02619109159698018024
0.00000000000000000000 0.02623437440820760441
0.00000000000000000000 0.02633342043027658841
0.00000000000000000000 0.02640407984031243466
0.00000000000000000000 0.02641114583799488921
0.00000000000000000000 0.02643820348727217440
0.00000000000000000000 0.02644831380446386812
0.00000000000000000000 0.02656944799607026744
0.00000000000000000000 0.02669022754021206645
0.00000000000000000000 0.02686602819965491079
0.00000000000000000000 0.02694624395668897970
0.00000000000000000000 0.02707242158822826400
0.00000000000000000000 0.02708573331175533755
0.00000000000000000000 0.02716669027536644174
0.00000000000000000000 0.02725708612703010500
0.00000000000000000000 0.02732086878313931197
0.00000000000000000000 0.02745757160214051112
0.00000000000000000000 0.02754427882127946647
0.00000000000000000000 0.02760734201285012721
0.00000000000000000000 0.02768545553977675572
0.00000000000000000000 0.02774425082933539705
0.00000000000000000000 0.02779394122976066792
0.00000000000000000000 0.02781400264560658642
0.00000000000000000000 0.02805312474363458666
0.00000000000000000000 0.02808818930672906528
0.00000000000000000000 0.02823592070276600280
0.00000000000000000000 0.02829234471566943396
0.00000000000000000000 0.02832863200099427006
0.00000000000000000000 0.02836934931993830011
0.00000000000000000000 0.02839716817525245532
0.00000000000000000000 0.02848431678730406480
0.00000000000000000000 0.02848860366546502459
0.00000000000000000000 0.02849156306398120328
0.00000000000000000000 0.02850842394587699280
0.00000000000000000000 0.02861317650949328842
0.00000000000000000000 0.02865568123441960061
0.00000000000000000000 0.02880103294824578469
0.00000000000000000000 0.02887065423108388720
0.00000000000000000000 0.02888060054484388461
0.00000000000000000000 0.02894678091048086266
0.00000000000000000000 0.02899656732803433667
0.00000000000000000000 0.02908449299355069656
0.00000000000000000000 0.02910173441171864245
0.00000000000000000000 0.02914400674369516109
0.00000000000000000000 0.02915354202023095337
0.00000000000000000000 0.02916840932947957835
0.00000000000000000000 0.02923865587427273635
0.00000000000000000000 0.02944824151809037616
0.00000000000000000000 0.02955512058266913933
0.00000000000000000000 0.02957325289666390758
0.00000000000000000000 0.02972129426811681227
0.00000000000000000000 0.02984767243382115132
0.00000000000000000000 0.03000397768264083040
0.00000000000000000000 0.03003310391628835965
0.00000000000000000000 0.03005062113913505722
0.00000000000000000000 0.03005871703971736350
0.00000000000000000000 0.03008720429333371429
0.00000000000000000000 0.03010922875186172742
0.00000000000000000000 0.03013013104234477449
0.00000000000000000000 0.03028978133808623088
0.00000000000000000000 0.03042974979309180650
0.00000000000000000000 0.03049876695614655783
0.00000000000000000000 0.03051126841191504138
0.00000000000000000000 0.03067908022107634219
0.00000000000000000000 0.03079963190076942872
0.00000000000000000000 0.03135452039030549309
0.00000000000000000000 0.03153465554692175959
0.00000000000000000000 0.03155458433542109031
0.00000000000000000000 0.03189131583395649061
0.00000000000000000000 0.03197983690347774161
0.00000000000000000000 0.03227847853758680774
0.00000000000000000000 0.03245742192859833730
0.00000000000000000000 0.03245850683029392197
0.00000000000000000000 0.03270195946690745981
0.00000000000000000000 0.03275729878259028144
0.00000000000000000000 0.03316708207264824904
0.00000000000000000000 0.03323836480065301552
0.00000000000000000000 0.03343095844333759947
0.00000000000000000000 0.03346326094617005364
0.00000000000000000000 0.03348772272799774297
0.00000000000000000000 0.03358850571899019144
0.00000000000000000000 0.03362844121229890959
0.00000000000000000000 0.03370798561362416124
0.00000000000000000000 0.03371504022212010870
0.00000000000000000000 0.03425370379315661323
0.00000000000000000000 0.03435007134067889073
0.00000000000000000000 0.03442889464079612605
0.00000000000000000000 0.03446536343957309900
0.00000000000000000000 0.03447633182874716706
0.00000000000000000000 0.03448229504228061959
0.00000000000000000000 0.03453102117113104885
0.00000000000000000000 0.03454962464392628829
0.00000000000000000000 0.03458057513602680322
0.00000000000000000000 0.03462668161291684865
0.00000000000000000000 0.03495620103087895142
0.00000000000000000000 0.03509648263825118630
0.00000000000000000000 0.03531102948373419925
0.00000000000000000000 0.03559537865658052302
0.00000000000000000000 0.03564780572698051514
0.00000000000000000000 0.03595359836621280641
0.00000000000000000000 0.03597507902712101385
0.00000000000000000000 0.03612778384832562861
0.00000000000000000000 0.03650783299631085721
0.00000000000000000000 0.03652981441270793106
0.00000000000000000000 0.03656343181537073661
0.00000000000000000000 0.03667220841398496217
0.00000000000000000000 0.03674851911940617971
0.00000000000000000000 0.03708842399759271907
0.00000000000000000000 0.03727006101586146508
0.00000000000000000000 0.03732645240761195415
0.00000000000000000000 0.03736414739219038467
0.00000000000000000000 0.03740438655503321164
0.00000000000000000000 0.03776946236378520005
0.00000000000000000000 0.03777661277155996283
0.00000000000000000000 0.03782979891214105495
0.00000000000000000000 0.03793369041167091171
0.00000000000000000000 0.03795160417553276877
0.00000000000000000000 0.03798971543824144342
0.00000000000000000000 0.03805947527355707516
0.00000000000000000000 0.03815349226499095692
0.00000000000000000000 0.03841122033369675365
0.00000000000000000000 0.03843620503774644592
0.00000000000000000000 0.03847767717263041870
0.00000000000000000000 0.03869348938154881096
0.00000000000000000000 0.03877851143380141308
0.00000000000000000000 0.03902441441219191981
0.00000000000000000000 0.03910694517197819964
0.00000000000000000000 0.03936241892477007620
0.00000000000000000000 0.03939190721416855473
0.00000000000000000000 0.03940777350928572481
0.00000000000000000000 0.03942190678427431871
0.00000000000000000000 0.03948886567018920074
0.00000000000000000000 0.03953160738769295052
0.00000000000000000000 0.03991166768436844176
0.00000000000000000000 0.04000416196389623702
0.00000000000000000000 0.04009864901086750838
0.00000000000000000000 0.04013578645151361091
0.00000000000000000000 0.04014361692063841969
0.00000000000000000000 0.04018252572489834640
0.00000000000000000000 0.04019219986938515898
0.00000000000000000000 0.04021731170225716079
0.00000000000000000000 0.04031980074813333592
0.00000000000000000000 0.04033501423906941247
0.00000000000000000000 0.04057690999320275743
0.00000000000000000000 0.04059415434892892083
0.00000000000000000000 0.04066987285609203334
0.00000000000000000000 0.04130578071745714258
0.00000000000000000000 0.04133265865601803979
0.00000000000000000000 0.04152515355348754961
0.00000000000000000000 0.04168066333353500491
0.00000000000000000000 0.04196969945176295957
0.00000000000000000000 0.04199541507998518636
0.00000000000000000000 0.04212752471895443024
0.00000000000000000000 0.04214765490227219413
0.00000000000000000000 0.04224222498726777630
0.00000000000000000000 0.04228307104052805854
0.00000000000000000000 0.04229269999756757326
0.00000000000000000000 0.04232704307624175072
0.00000000000000000000 0.04241781867222362001
0.00000000000000000000 0.04250032449940486373
0.00000000000000000000 0.04253680220885046326
0.00000000000000000000 0.04262380520550983209
0.00000000000000000000 0.04288260039078308633
0.00000000000000000000 0.04289475579038815045
0.00000000000000000000 0.04292400496987826969
0.00000000000000000000 0.04319664850549870261
0.00000000000000000000 0.04348952023796920363
0.00000000000000000000 0.04352643020090988385
0.00000000000000000000 0.04361878610932594380
0.00000000000000000000 0.04364111669617799089
0.00000000000000000000 0.04373027932189842149
0.00000000000000000000 0.04389779463550512462
0.00000000000000000000 0.04435116369506788420
0.00000000000000000000 0.04446724895699359636
0.00000000000000000000 0.04466397602769736630
0.00000000000000000000 0.04469504125513886622
0.00000000000000000000 0.04474862887713672299
0.00000000000000000000 0.04485410889131079271
0.00000000000000000000 0.04488888615808293153
0.00000000000000000000 0.04510499229150912587
0.00000000000000000000 0.04543418343743622217
0.00000000000000000000 0.04569788858310706164
0.00000000000000000000 0.04574755357821520124
0.00000000000000000000 0.04584074077473221376
0.00000000000000000000 0.04604140323616959934
0.00000000000000000000 0.04619408447249897381
0.00000000000000000000 0.04623783221374953845
0.00000000000000000000 0.04637466489872820591
0.00000000000000000000 0.04650872410600954271
0.00000000000000000000 0.04661115556868361542
0.00000000000000000000 0.04662485618050515868
0.00000000000000000000 0.04690553520544664401
0.00000000000000000000 0.04690887745925926416
0.00000000000000000000 0.04700587209985776505
0.00000000000000000000 0.04714615196948182541
0.00000000000000000000 0.04749208623318913053
0.00000000000000000000 0.04762409136564960815
0.00000000000000000000 0.04768847408047136721
0.00000000000000000000 0.04777352548360299517
0.00000000000000000000 0.04806436275115630319
0.00000000000000000000 0.04857833050650202378
0.00000000000000000000 0.04863957284303584844
0.00000000000000000000 0.04889454060104274358
0.00000000000000000000 0.04898153362686289564
0.00000000000000000000 0.04899702622881273173
0.00000000000000000000 0.04946800383649155308
0.00000000000000000000 0.04963872238956533456
0.00000000000000000000 0.05033154112331468533
0.00000000000000000000 0.05043321502685790825
0.00000000000000000000 0.05063488123441058780
0.00000000000000000000 0.05090746250046700172
0.00000000000000000000 0.05094763933888825369
0.00000000000000000000 0.05095082170728214982
0.00000000000000000000 0.05113989470766582696
0.00000000000000000000 0.05134142665063987088
0.00000000000000000000 0.05153145151117719674
0.00000000000000000000 0.05155998956510011305
0.00000000000000000000 0.05178464129696799811
0.00000000000000000000 0.05186746551981440134
0.00000000000000000000 0.05187180395632616514
0.00000000000000000000 0.05206819743888388419
0.00000000000000000000 0.05224424842269170116
0.00000000000000000000 0.05248027573323420236
0.00000000000000000000 0.05253829101233795790
0.00000000000000000000 0.05295074113427208212
0.00000000000000000000 0.05307198036302566285
0.00000000000000000000 0.05312186557536503068
0.00000000000000000000 0.05330755522483936887
0.00000000000000000000 0.05349633017958202452
0.00000000000000000000 0.05350410878054576158
0.00000000000000000000 0.05407534948179638923
0.00000000000000000000 0.05424088771010796006
0.00000000000000000000 0.05467230695435624371
0.00000000000000000000 0.05586224058499801581
0.00000000000000000000 0.05603276140999178395
0.00000000000000000000 0.05672734660627678366
0.00000000000000000000 0.05672977181516926370
0.00000000000000000000 0.05690644648733562266
0.00000000000000000000 0.05761090545548189917
0.00000000000000000000 0.05762319362095658787
0.00000000000000000000 0.05774741292824225880
0.00000000000000000000 0.05800765762696041827
0.00000000000000000000 0.05823782578881520761
0.00000000000000000000 0.05830271015668716389
0.00000000000000000000 0.05869868010060531188
0.00000000000000000000 0.05961505531775222744
0.00000000000000000000 0.05991645304386284537
0.00000000000000000000 0.06020078578926623541
0.00000000000000000000 0.06034170269693458349
0.00000000000000000000 0.06055468768282924741
0.00000000000000000000 0.06064846106138487708
0.00000000000000000000 0.06114604185747078008
0.00000000000000000000 0.06118444791153242190
0.00000000000000000000 0.06183370358776294623
0.00000000000000000000 0.06248441551810419298
0.00000000000000000000 0.06264749483171455635
0.00000000000000000000 0.06314102908234416056
0.00000000000000000000 0.06340343341916089559
0.00000000000000000000 0.06449848777297208235
0.00000000000000000000 0.06462907062508206624
0.00000000000000000000 0.06475196310106839936
0.00000000000000000000 0.06495469782039228757
0.00000000000000000000 0.06531117445568389301
0.00000000000000000000 0.06539326205256640323
0.00000000000000000000 0.06545749164589280411
0.00000000000000000000 0.06730507194612689315
0.00000000000000000000 0.06838544875780921961
0.00000000000000000000 0.06989728233017676595
0.00000000000000000000 0.06993103960644507511
0.00000000000000000000 0.07032386474608479099
0.00000000000000000000 0.07282663949385806412
0.00000000000000000000 0.07448941750971653508
0.00000000000000000000 0.07567808446734922145
0.00000000000000000000 0.07591396986049127327
0.00000000000000000000 0.07599258562055864752
0.00000000000000000000 0.08167446662009693326
0.00000000000000000000 0.08773615722481625800
0.00000000000000000000 0.09056693406810542579
0.00000000000000000000 0.09828688905113912300
0.00000000000000000000 0.10237493819145680740
0.00000000000000000000 0.10297477141772387599
0.00000000000000000000 0.12154499007245847531
0.00000000000000000000 0.12260280727789056587
0.00000000000000000000 0.14293707474146555292
0.00000000000000000000 0.15527847122638366306
0.00000000000000000000 0.21119247167990440328
0.00000000000000000000 1.73205080756887719318
