0.00000000000000000000 0.00112516259361162131
0.00000000000000000000 0.00137723935831210237
0.00000000000000000000 0.00176750920646309446
0.00000000000000000000 0.00204744574319219068
0.00000000000000000000 0.00226426608275983243
0.00000000000000000000 0.00232676388187700450
0.00000000000000000000 0.00260627364933231891
0.00000000000000000000 0.00273097795122321726
0.00000000000000000000 0.00293587346323549324
0.00000000000000000000 0.00298235564813194645
0.00000000000000000000 0.00312417482982926169
0.00000000000000000000 0.00333466362548476714
0.00000000000000000000 0.00334863401193491754
0.00000000000000000000 0.00336092988633345142
0.00000000000000000000 0.00337796079394211881
0.00000000000000000000 0.00339930118800178815
0.00000000000000000000 0.00347730635219675732
0.00000000000000000000 0.00348079243770906682
0.00000000000000000000 0.00349965315454911800
0.00000000000000000000 0.00355944005148916068
0.00000000000000000000 0.00356122410753975964
0.00000000000000000000 0.00369810297955812080
0.00000000000000000000 0.00377766503246262670
0.00000000000000000000 0.00379296402234122979
0.00000000000000000000 0.00380731110050234805
0.00000000000000000000 0.00386863206221884715
0.00000000000000000000 0.00392620078891240624
0.00000000000000000000 0.00396249167442573515
0.00000000000000000000 0.00398449915664919434
0.00000000000000000000 0.00399713065822028969
0.00000000000000000000 0.00399719618883844462
0.00000000000000000000 0.00404726065645405041
0.00000000000000000000 0.00407089870980859112
0.00000000000000000000 0.00413166305092212572
0.00000000000000000000 0.00418235769439992151
0.00000000000000000000 0.00421469195329352529
0.00000000000000000000 0.00426409966334232674
0.00000000000000000000 0.00436571708088164326
0.00000000000000000000 0.00437920826302751112
0.00000000000000000000 0.00439894551461554335
0.00000000000000000000 0.00442062896956198388
0.00000000000000000000 0.00446269485342311572
0.00000000000000000000 0.00465637210755570803
0.00000000000000000000 0.00470896514588547282
0.00000000000000000000 0.00476771224340559029
0.00000000000000000000 0.00477255068918970311
0.00000000000000000000 0.00480197573666450196
0.00000000000000000000 0.00481242739766347353
0.00000000000000000000 0.00481949348605535764
0.00000000000000000000 0.00485160606153585763
0.00000000000000000000 0.00487963279076417383
0.00000000000000000000 0.00489419701272419006
0.00000000000000000000 0.00493748589765351156
0.00000000000000000000 0.00494213477015112077
0.00000000000000000000 0.00495823319207865619
0.00000000000000000000 0.00498501847837885814
0.00000000000000000000 0.00501680759373871171
0.00000000000000000000 0.00503050500847414522
0.00000000000000000000 0.00508635651550778597
0.00000000000000000000 0.00511662621651406274
0.00000000000000000000 0.00511956915176129193
0.00000000000000000000 0.00517630430277500435
0.00000000000000000000 0.00518189072348365209
0.00000000000000000000 0.00518687158100325073
0.00000000000000000000 0.00520477410650582988
0.00000000000000000000 0.00524625814430640380
0.00000000000000000000 0.00526546976224700602
0.00000000000000000000 0.00529148925910140691
0.00000000000000000000 0.00529724876841687446
0.00000000000000000000 0.00530382056868461405
0.00000000000000000000 0.00531451295119763929
0.00000000000000000000 0.00532338839245928824
0.00000000000000000000 0.00534338192214444188
0.00000000000000000000 0.00540047708744230675
0.00000000000000000000 0.00542688214184595084
0.00000000000000000000 0.00547572047259077023
0.00000000000000000000 0.00553402494344748790
0.00000000000000000000 0.00555990752704527569
0.00000000000000000000 0.00559948418412049495
0.00000000000000000000 0.00564179112056040731
0.00000000000000000000 0.00569516448789318588
0.00000000000000000000 0.00574807466603011099
0.00000000000000000000 0.00577444136481273639
0.00000000000000000000 0.00580258061455671444
0.00000000000000000000 0.00583825602381275646
0.00000000000000000000 0.00586678243694381627
0.00000000000000000000 0.00590572688579796279
0.00000000000000000000 0.00590828781657644613
0.00000000000000000000 0.00594471066191778856
0.00000000000000000000 0.00595097600738751092
0.00000000000000000000 0.00596214767471806278
0.00000000000000000000 0.00605177001607722174
0.00000000000000000000 0.00606734089044334065
0.00000000000000000000 0.00607936627372711487
0.00000000000000000000 0.00615223370790613389
0.00000000000000000000 0.00620781500112916815
0.00000000000000000000 0.00622733563750180619
0.00000000000000000000 0.00626655510452303263
0.00000000000000000000 0.00640372216029887892
0.00000000000000000000 0.00642536586740391404
0.00000000000000000000 0.00643583413706606388
0.00000000000000000000 0.00652035853981156391
0.00000000000000000000 0.00653354137345725939
0.00000000000000000000 0.00654699697958902906
0.00000000000000000000 0.00657039790512506643
0.00000000000000000000 0.00658596806670059664
0.00000000000000000000 0.00660264412837071029
0.00000000000000000000 0.00662222926147325048
0.00000000000000000000 0.00662367768541637612
0.00000000000000000000 0.00663030538417370540
0.00000000000000000000 0.00664173685810433897
0.00000000000000000000 0.00667222286341531516
0.00000000000000000000 0.00667353530469043388
0.00000000000000000000 0.00667437609318411503
0.00000000000000000000 0.00668240665259622196
0.00000000000000000000 0.00668526402606803988
0.00000000000000000000 0.00672286766765850963
0.00000000000000000000 0.00672366806957140975
0.00000000000000000000 0.00676780306329603960
0.00000000000000000000 0.00683843423463705545
0.00000000000000000000 0.00683991718715644317
0.00000000000000000000 0.00692067594808387990
0.00000000000000000000 0.00694034824504095003
0.00000000000000000000 0.00695524973921184553
0.00000000000000000000 0.00696526666934196154
0.00000000000000000000 0.00697479706232958727
0.00000000000000000000 0.00698380326608356340
0.00000000000000000000 0.00699504513000473623
0.00000000000000000000 0.00703977591365181118
0.00000000000000000000 0.00704998249697425319
0.00000000000000000000 0.00708265952522836497
0.00000000000000000000 0.00708435975566698833
0.00000000000000000000 0.00711732946120897849
0.00000000000000000000 0.00711998643035050699
0.00000000000000000000 0.00719113925589952643
0.00000000000000000000 0.00723544207682957040
0.00000000000000000000 0.00724685786037783993
0.00000000000000000000 0.00727860377188470006
0.00000000000000000000 0.00729136102856630958
0.00000000000000000000 0.00732114513346348878
0.00000000000000000000 0.00733091872000050937
0.00000000000000000000 0.00733877621710545252
0.00000000000000000000 0.00736225510113797024
0.00000000000000000000 0.00736989528983950180
0.00000000000000000000 0.00738023974455078759
0.00000000000000000000 0.00740279810131788760
0.00000000000000000000 0.00742315559883437604
0.00000000000000000000 0.00745425042868601978
0.00000000000000000000 0.00746115066119346342
0.00000000000000000000 0.00746397598064645583
0.00000000000000000000 0.00746662757001314518
0.00000000000000000000 0.00747129547351995695
0.00000000000000000000 0.00750571595968880633
0.00000000000000000000 0.00755581985505953020
0.00000000000000000000 0.00757349303428912247
0.00000000000000000000 0.00758944819706976019
0.00000000000000000000 0.00759723212566344036
0.00000000000000000000 0.00759901536149972228
0.00000000000000000000 0.00760422611976330903
0.00000000000000000000 0.00763180822070398494
0.00000000000000000000 0.00765524300198478901
0.00000000000000000000 0.00770299592999843484
0.00000000000000000000 0.00775171474796345229
0.00000000000000000000 0.00776506937386487687
0.00000000000000000000 0.00777697492309769103
0.00000000000000000000 0.00778169316192756956
0.00000000000000000000 0.00779552753964882130
0.00000000000000000000 0.00781206033634099760
0.00000000000000000000 0.00782509952465947414
0.00000000000000000000 0.00782686504347041533
0.00000000000000000000 0.00783317168727730960
0.00000000000000000000 0.00785343906741140657
0.00000000000000000000 0.00786711843918738718
0.00000000000000000000 0.00792315982490463325
0.00000000000000000000 0.00794288916323290968
0.00000000000000000000 0.00795677790954519779
0.00000000000000000000 0.00796685099687231835
0.00000000000000000000 0.00797092417275572368
0.00000000000000000000 0.00800070927278197057
0.00000000000000000000 0.00801791384192558805
0.00000000000000000000 0.00802838515454041592
0.00000000000000000000 0.00809731801102402116
0.00000000000000000000 0.00810765057909902838
0.00000000000000000000 0.00812080447433276634
0.00000000000000000000 0.00812545441022848904
0.00000000000000000000 0.00813575885769565743
0.00000000000000000000 0.00816378398999197986
0.00000000000000000000 0.00817006988891944702
0.00000000000000000000 0.00820712754389597843
0.00000000000000000000 0.00821647717946602692
0.00000000000000000000 0.00826490295677276103
0.00000000000000000000 0.00826585514210925743
0.00000000000000000000 0.00826723103157352493
0.00000000000000000000 0.00829341485628268260
0.00000000000000000000 0.00831410868455167984
0.00000000000000000000 0.00834697765416139194
0.00000000000000000000 0.00840215766820518253
0.00000000000000000000 0.00840243212671301816
0.00000000000000000000 0.00840942229495065391
0.00000000000000000000 0.00845648535833892594
0.00000000000000000000 0.00848353758316033359
0.00000000000000000000 0.00854596754320799401
0.00000000000000000000 0.00858094955240456224
0.00000000000000000000 0.00858735304577049920
0.00000000000000000000 0.00861291972412864953
0.00000000000000000000 0.00862426954207665998
0.00000000000000000000 0.00865112779384588637
0.00000000000000000000 0.00865638643535392681
0.00000000000000000000 0.00865705499545986121
0.00000000000000000000 0.00865726687538853623
0.00000000000000000000 0.00869817141548845200
0.00000000000000000000 0.00870644528984409333
0.00000000000000000000 0.00881087664021516261
0.00000000000000000000 0.00885222612637211713
0.00000000000000000000 0.00886275181965607770
0.00000000000000000000 0.00888041514593705499
0.00000000000000000000 0.00888973447165287631
0.00000000000000000000 0.00895528593292799907
0.00000000000000000000 0.00896472474066773578
0.00000000000000000000 0.00897745482170424908
0.00000000000000000000 0.00899704048481515459
0.00000000000000000000 0.00904497101323493979
0.00000000000000000000 0.00908659669767450384
0.00000000000000000000 0.00908925044764418225
0.00000000000000000000 0.00910175976812348415
0.00000000000000000000 0.00911122953472509253
0.00000000000000000000 0.00914180822915960228
0.00000000000000000000 0.00917307952744346976
0.00000000000000000000 0.00920115723178700079
0.00000000000000000000 0.00921932772211252194
0.00000000000000000000 0.00924146080179337817
0.00000000000000000000 0.00925059553555257832
0.00000000000000000000 0.00925217133873094781
0.00000000000000000000 0.00926000730189492118
0.00000000000000000000 0.00926528555915611882
0.00000000000000000000 0.00932143445880022174
0.00000000000000000000 0.00935523598123878287
0.00000000000000000000 0.00937920666665290753
0.00000000000000000000 0.00944321679797074064
0.00000000000000000000 0.00946290909410368863
0.00000000000000000000 0.00948112583531350930
0.00000000000000000000 0.00954285617394680721
0.00000000000000000000 0.00955177997095025405
0.00000000000000000000 0.00957816909121902114
0.00000000000000000000 0.00968327837106173692
0.00000000000000000000 0.00971812909782068281
0.00000000000000000000 0.00974248202054742683
0.00000000000000000000 0.00980746310104585808
0.00000000000000000000 0.00983239309607287018
0.00000000000000000000 0.00984513129502190276
0.00000000000000000000 0.00986778845597675348
0.00000000000000000000 0.00987991012410807841
0.00000000000000000000 0.00990857039003326112
0.00000000000000000000 0.00992643676862063618
0.00000000000000000000 0.00993693862595887260
0.00000000000000000000 0.00996217810412882050
0.00000000000000000000 0.01004505564887806825
0.00000000000000000000 0.01007060882824622333
0.00000000000000000000 0.01010858796662492121
0.00000000000000000000 0.01016972458482350537
0.00000000000000000000 0.01020617734753903084
0.00000000000000000000 0.01021247034551470145
0.00000000000000000000 0.01022666461218913782
0.00000000000000000000 0.01024463606438799981
0.00000000000000000000 0.01026027163580514427
0.00000000000000000000 0.01028618760825397889
0.00000000000000000000 0.01042538793995603265
0.00000000000000000000 0.01055788038871618983
0.00000000000000000000 0.01062724617340515126
0.00000000000000000000 0.01063806975829411500
0.00000000000000000000 0.01065841027682422511
0.00000000000000000000 0.01067309909817190823
0.00000000000000000000 0.01070782415148435404
0.00000000000000000000 0.01079221483534716260
0.00000000000000000000 0.01080353356976088315
0.00000000000000000000 0.01082766925076078524
0.00000000000000000000 0.01090429524723279461
0.00000000000000000000 0.01100411144416651651
0.00000000000000000000 0.01104992976735979029
0.00000000000000000000 0.01106059599667626875
0.00000000000000000000 0.01108445787489718837
0.00000000000000000000 0.01114237705986190381
0.00000000000000000000 0.01117958127863938333
0.00000000000000000000 0.01120845821730239583
0.00000000000000000000 0.01126103675043286546
0.00000000000000000000 0.01126632806734282656
0.00000000000000000000 0.01130087688821966065
0.00000000000000000000 0.01132224998934691119
0.00000000000000000000 0.01137098017950387632
0.00000000000000000000 0.01139537063119062076
0.00000000000000000000 0.01140579808953583706
0.00000000000000000000 0.01149153625780138105
0.00000000000000000000 0.01154357122918205081
0.00000000000000000000 0.01167637047563307474
0.00000000000000000000 0.01169377512161300960
0.00000000000000000000 0.01170121444166519024
0.00000000000000000000 0.01173857454701504772
0.00000000000000000000 0.01180998954248684701
0.00000000000000000000 0.01186328782259084107
0.00000000000000000000 0.01192392076420210195
0.00000000000000000000 0.01196768411378032124
0.00000000000000000000 0.01198753265441077076
0.00000000000000000000 0.01203746635040625623
0.00000000000000000000 0.01213791278287561053
0.00000000000000000000 0.01216323410420648739
0.00000000000000000000 0.01226309324311334638
0.00000000000000000000 0.01229081565195498486
0.00000000000000000000 0.01239021990392293916
0.00000000000000000000 0.01239770714959429962
0.00000000000000000000 0.01244689728095083915
0.00000000000000000000 0.01251961974271231445
0.00000000000000000000 0.01252910052958620089
0.00000000000000000000 0.01257586869923400276
0.00000000000000000000 0.01261188329688480748
0.00000000000000000000 0.01262349847078826810
0.00000000000000000000 0.01265917436486219474
0.00000000000000000000 0.01266428119880116596
0.00000000000000000000 0.01266519613126293117
0.00000000000000000000 0.01269457171653356684
0.00000000000000000000 0.01277672486871968272
0.00000000000000000000 0.01287071764489888803
0.00000000000000000000 0.01288000249889881786
0.00000000000000000000 0.01292412773175614232
0.00000000000000000000 0.01292600165531046508
0.00000000000000000000 0.01292863620585784842
0.00000000000000000000 0.01300074441983915981
0.00000000000000000000 0.01307584242701687396
0.00000000000000000000 0.01309237755948503348
0.00000000000000000000 0.01315081434767499668
0.00000000000000000000 0.01315401744914216145
0.00000000000000000000 0.01323111523264096714
0.00000000000000000000 0.01337660001423324370
0.00000000000000000000 0.01346545380052034148
0.00000000000000000000 0.01347274801455822756
0.00000000000000000000 0.01349186327128450158
0.00000000000000000000 0.01353827851420764082
0.00000000000000000000 0.01356087604124386024
0.00000000000000000000 0.01357572477618041763
0.00000000000000000000 0.01361082973438560405
0.00000000000000000000 0.01361997840750949623
0.00000000000000000000 0.01379809640294388760
0.00000000000000000000 0.01382095303603838102
0.00000000000000000000 0.01401058715980800506
0.00000000000000000000 0.01405371214577967945
0.00000000000000000000 0.01405684641224596784
0.00000000000000000000 0.01405799881998791995
0.00000000000000000000 0.01406599412698919006
0.00000000000000000000 0.01414348702438356260
0.00000000000000000000 0.01415476848065983298
0.00000000000000000000 0.01417125423233209919
0.00000000000000000000 0.01421751465977926301
0.00000000000000000000 0.01429464331940380126
0.00000000000000000000 0.01435441345432702381
0.00000000000000000000 0.01437557897049055074
0.00000000000000000000 0.01449495258269527589
0.00000000000000000000 0.01465246884244290025
0.00000000000000000000 0.01475665367391084878
0.00000000000000000000 0.01478218524661379166
0.00000000000000000000 0.01480672004251157997
0.00000000000000000000 0.01489759980239981421
0.00000000000000000000 0.01493569918156354391
0.00000000000000000000 0.01495128523265072500
0.00000000000000000000 0.01505073627982584511
0.00000000000000000000 0.01513657486320895730
0.00000000000000000000 0.01518000342768416853
0.00000000000000000000 0.01518535052472565726
0.00000000000000000000 0.01521821953429065323
0.00000000000000000000 0.01523280566129735746
0.00000000000000000000 0.01524274082030549135
0.00000000000000000000 0.01533398019026138703
0.00000000000000000000 0.01536236505339724778
0.00000000000000000000 0.01551072674355217021
0.00000000000000000000 0.01554255133108648282
0.00000000000000000000 0.01555249729520500994
0.00000000000000000000 0.01555543231043938178
0.00000000000000000000 0.01557345963007965815
0.00000000000000000000 0.01569858483510021274
0.00000000000000000000 0.01570684946574561064
0.00000000000000000000 0.01576765934572985778
0.00000000000000000000 0.01577008857768940828
0.00000000000000000000 0.01582912547219362392
0.00000000000000000000 0.01591434680264813828
0.00000000000000000000 0.01595521897926930124
0.00000000000000000000 0.01613293838186573292
0.00000000000000000000 0.01613427684953728375
0.00000000000000000000 0.01614056231168146255
0.00000000000000000000 0.01624131760627456691
0.00000000000000000000 0.01627621913031409781
0.00000000000000000000 0.01636527099651731432
0.00000000000000000000 0.01638438669201102912
0.00000000000000000000 0.01640013410020956658
0.00000000000000000000 0.01662381667304865807
0.00000000000000000000 0.01671787118655882962
0.00000000000000000000 0.01675542280864329020
0.00000000000000000000 0.01687295706061501741
0.00000000000000000000 0.01689081932480409470
0.00000000000000000000 0.01702738513991267078
0.00000000000000000000 0.01710885207176161826
0.00000000000000000000 0.01722685680832230018
0.00000000000000000000 0.01724689725126057893
0.00000000000000000000 0.01739222233901177583
0.00000000000000000000 0.01751043986582259682
0.00000000000000000000 0.01754743156291519238
0.00000000000000000000 0.01776206843022556589
0.00000000000000000000 0.01777744965031170452
0.00000000000000000000 0.01783864659850017617
0.00000000000000000000 0.01790297382505211601
0.00000000000000000000 0.01802712262547487981
0.00000000000000000000 0.01804534000032532309
0.00000000000000000000 0.01813047245676959948
0.00000000000000000000 0.01817348206289003815
0.00000000000000000000 0.01823950237348714171
0.00000000000000000000 0.01840186688318319608
0.00000000000000000000 0.01842584710154092364
0.00000000000000000000 0.01847127338835063970
0.00000000000000000000 0.01849118576318439094
0.00000000000000000000 0.01863675510546372247
0.00000000000000000000 0.01868729558868097856
0.00000000000000000000 0.01892588321020323774
0.00000000000000000000 0.01895727349737562351
0.00000000000000000000 0.01906147003261663905
0.00000000000000000000 0.01908379298200233581
0.00000000000000000000 0.01908621102819288082
0.00000000000000000000 0.01913146456999968367
0.00000000000000000000 0.01929817090123240111
0.00000000000000000000 0.01933395388612734606
0.00000000000000000000 0.01937111116641780303
0.00000000000000000000 0.01938974728840005615
0.00000000000000000000 0.01943753441783235836
0.00000000000000000000 0.01947614863924778186
0.00000000000000000000 0.01949051599782945440
0.00000000000000000000 0.01951820203980890456
0.00000000000000000000 0.01957299522413340556
0.00000000000000000000 0.01957588763333048196
0.00000000000000000000 0.01966155015317353622
0.00000000000000000000 0.01981861082533593540
0.00000000000000000000 0.01989906079152815518
0.00000000000000000000 0.01994027116309158090
0.00000000000000000000 0.02005768221326014247
0.00000000000000000000 0.02030353221960815024
0.00000000000000000000 0.02061760478324926524
0.00000000000000000000 0.02066432744137878738
0.00000000000000000000 0.02074399548896854392
0.00000000000000000000 0.02087006522759659102
0.00000000000000000000 0.02122431659254392713
0.00000000000000000000 0.02133103298965445191
0.00000000000000000000 0.02165981829930503991
0.00000000000000000000 0.02172453604068220676
0.00000000000000000000 0.02193370443294538272
0.00000000000000000000 0.02219564065205184913
0.00000000000000000000 0.02249496585911813992
0.00000000000000000000 0.02258714182785874838
0.00000000000000000000 0.02267020558252148474
0.00000000000000000000 0.02275394995103124582
0.00000000000000000000 0.02283066617396301706
0.00000000000000000000 0.02283789383893333400
0.00000000000000000000 0.02288323297317451308
0.00000000000000000000 0.02301817537632835226
0.00000000000000000000 0.02333825636022926822
0.00000000000000000000 0.02336119770090398437
0.00000000000000000000 0.02343577441992526073
0.00000000000000000000 0.02362529037171524210
0.00000000000000000000 0.02384690372886573775
0.00000000000000000000 0.02405785189130531243
0.00000000000000000000 0.02433190798766590723
0.00000000000000000000 0.02465078081964490811
0.00000000000000000000 0.02487786109645818977
0.00000000000000000000 0.02517671952336550042
0.00000000000000000000 0.02520296195422410887
0.00000000000000000000 0.02533615191068436245
0.00000000000000000000 0.02548602666125630509
0.00000000000000000000 0.02551302837183765451
0.00000000000000000000 0.02577656435982121283
0.00000000000000000000 0.02622659787528628869
0.00000000000000000000 0.02635048649725177383
0.00000000000000000000 0.02680470314023700867
0.00000000000000000000 0.02687598659879415416
0.00000000000000000000 0.02714085607895941679
0.00000000000000000000 0.02896115592698342983
0.00000000000000000000 0.02959794973009776536
0.00000000000000000000 0.03000827049001834890
0.00000000000000000000 0.03025457875886210582
0.00000000000000000000 0.03076044437167659712
0.00000000000000000000 0.03110643326505932449
0.00000000000000000000 0.03265583892539142968
0.00000000000000000000 0.03278676264788720623
0.00000000000000000000 0.03341603542523120807
0.00000000000000000000 0.03656018239102829664
0.00000000000000000000 0.03749317090533706848
0.00000000000000000000 0.03802538106065118245
0.00000000000000000000 0.04020319525107349246
0.00000000000000000000 0.04193876116204044852
0.00000000000000000000 0.04409251996039754290
0.00000000000000000000 0.06690573164735169609
0.00000000000000000000 0.06942151895461239064
0.00000000000000000000 0.06997482198225118966
0.00000000000000000000 0.07020545668532771066
0.00000000000000000000 0.07493616303578622129
0.00000000000000000000 0.27806644111137407416
0.00000000000000000000 1.73205080756887719318
