0.03087548532086777445 0.03694910447394607333
0.03709782065582020033 0.03749840884454135048
0.03001851715553341404 0.03757997656174440204
0.03842527674717777231 0.03931560422349183320
0.03630705945273259017 0.03933806283356677813
0.03467977067055404150 0.03981551175268535636
0.02680685884459537219 0.04079827601752392813
0.03847102129352220068 0.04100199576353971698
0.03786850774648271162 0.04156541612850059991
0.04200356485523535494 0.04283359134698621479
0.04193598264442993662 0.04633582149841814629
0.04038523977357136308 0.04645437184197021702
0.04626731054784877922 0.04757079943804057298
0.03974862589898934401 0.04907208568748876870
0.04028889988046140819 0.04984716584816092227
0.04581139356681186714 0.05050053098671240109
0.04396481780869303940 0.05116764812663058409
0.04482448746513700844 0.05133022074035395454
0.04811603377702972084 0.05141908734102027673
0.04215898959701500776 0.05481142787474943545
0.05181272843644510462 0.05526735815875927910
0.04762675620952813021 0.05535464742995370446
0.05519958089986888583 0.05536059308480665436
0.04821507131885087449 0.05680874186886256116
0.05199112168336880724 0.05698704295545403697
0.04754280846675443956 0.05835403614705846065
0.04965612731301535798 0.05869904802861582171
0.04720087695569414460 0.05981158842645712542
0.05517809634485562609 0.05995288312348884957
0.04907046770009602238 0.06095055187869098667
0.04517770914109732472 0.06160698020714272527
0.05419621927540426570 0.06163105416268224723
0.06033470953874858073 0.06176174324828973689
0.05888430982736607422 0.06297171455679161090
0.05447163704007774998 0.06329491645759317830
0.05954941435612378514 0.06339039100852499053
0.04987344019366429099 0.06357826450733654322
0.05749595698558024326 0.06432331628252126177
0.04756934663909036937 0.06445114885228980794
0.06303591411776819642 0.06648672337163680224
0.06564360235253521858 0.06715114402052352327
0.05093124175667141512 0.06746587628597866537
0.06398261244463034070 0.06759945724331985206
0.05220741867342234416 0.06767263864656598849
0.06730122328174593938 0.06821362861962150526
0.06240326984291439533 0.06823835799431635096
0.05289723929349571252 0.06833023080439640240
0.06225585294908814182 0.06856719729670804342
0.06192937006903586478 0.07010752326329210138
0.05681144342578898360 0.07018015095650224910
0.05539991138495342637 0.07032772506310194793
0.06316472990824492650 0.07041991723432589056
0.06948084179189262244 0.07057983918077088970
0.06587899786708648064 0.07060271803485940190
0.06468233600293173124 0.07069935649571423841
0.05887917154194804298 0.07127504611421488223
0.05807059572394206171 0.07196949071120350983
0.05372201780942489902 0.07269811435336359651
0.06890871151283831098 0.07326708162828574067
0.07420224701514008259 0.07422798294696071608
0.06210583917525174663 0.07518280015622760826
0.07232086836454661161 0.07626562582834395254
0.05907720747399541894 0.07709565330541838513
0.07659279373205524211 0.07722591205333745323
0.06388698050110167004 0.07792714154097020451
0.05578142648202188969 0.08125786280455070398
0.08160086286501770647 0.08224758585994214333
0.06990692951167024050 0.08246729768493760160
0.08205806676645380215 0.08263331514877701733
0.05822158396600090463 0.08533749725734639247
0.06458911004875812767 0.08606089023819118999
0.08059323414772402716 0.08741595366040356974
0.08343777597999614548 0.08776393392691828055
0.08847855081283735601 0.08894817902768327456
0.06036825071670959969 0.09050530508644856476
0.07529170208268237685 0.09092748451048322800
0.07927537789398896029 0.09143486750286544673
0.08201607896442264511 0.09350581529111232082
0.08190433789062488701 0.09510534144378686439
0.08318776452525689091 0.09527327328160149766
0.09658537974495991218 0.09715450187779904601
0.07166685749862530819 0.09768011690499860122
0.07175212824742893680 0.09927605783214105140
0.06411088791803659648 0.10233835469539911966
0.07120946216308733645 0.10291550946648013454
0.09133537717567860592 0.10386000558612976108
0.10225724662342476623 0.10434268697685253335
0.08316141234994418874 0.10591837947178441015
0.06786514156255302188 0.10645126900364743072
0.05059462929531497594 0.10804355813396780694
0.07750696255257985556 0.10838996880447999971
0.08963534978422456334 0.11564678580425016841
0.09080044791362451573 0.11663389499644033487
0.08558097907768283386 0.12160608208159390253
0.09856144464224286805 0.12438912114364195083
0.06109186979872837514 0.12864700413571053539
0.12115086925525309081 0.13382996734603963551
0.07422105472984674712 0.13594891595795077777
0.11256073498261921773 0.13601748793457402176
0.13675131565575568415 0.14030307854319992722
0.10952638381846226123 0.14382760646787035030
0.07802237033827680301 0.50627205194154190071
