0.07677873762597724194 0.08464041509306942379
0.08661753188851854801 0.08996533717754155723
0.08174978448891496996 0.09038470797869228857
0.08979042181255447730 0.09223315065374666777
0.08493445529790044635 0.09463590043070158053
0.08121484936557353540 0.09909113287251740398
0.09902626751890182544 0.09926826918055720039
0.10352002499930555712 0.10634978630032577984
0.10489543135480135227 0.10894426793851635926
0.09915707690200127600 0.11004749352897325032
0.10996060426377675390 0.11020693036403048093
0.10574330185238457747 0.11299753142615430457
0.10446408632509636416 0.11497892712356391764
0.10465436930694387019 0.11645287419147413999
0.11397021487247792348 0.11673659318183189637
0.11133689294106531575 0.11779481341838678177
0.09737941242821029908 0.11786416583535895553
0.11151708354798182954 0.12053485678360051359
0.10396786495449104881 0.12126408869961192993
0.12364922849833166751 0.12375740289052307441
0.11755993673185767545 0.12390894321518185206
0.11159344118847254468 0.12415893552343290618
0.12397166097317668942 0.12452704591320666594
0.11620092354161919157 0.12485660352620341074
0.11993987843143888439 0.12505484616671136422
0.11755172149483326949 0.12627474306175956453
0.12292940423916544346 0.12829590529383552711
0.11494917551063850436 0.12863739574079943728
0.12933880467758365751 0.12962480535959663985
0.12966251293001854195 0.13080225147449014989
0.12300201019965545379 0.13136031824786403854
0.11068236217777266406 0.13241535135666746004
0.11103457060101586118 0.13250539532939720200
0.12142082780711845047 0.13314251558238404671
0.13132054415368757394 0.13331618730220770597
0.11498315624009232405 0.13388368952031046155
0.12639838814207515760 0.13405825419932387854
0.11676052603444254940 0.13421279239889971624
0.13216155625522216233 0.13537707152955533174
0.12397696813726712117 0.13537715688336932063
0.12105090611602545292 0.13571319079841892563
0.12017939746163631975 0.13630702343469144888
0.12807029380280671171 0.13648585079901909278
0.13292250749175929525 0.13698688617311882698
0.12906666855781215308 0.13804578941807232884
0.12533924142864166784 0.13816732488828825653
0.13587687469557804820 0.13845280204815771374
0.13609743775245958242 0.13882509095878664551
0.13111781988914891772 0.14009338537331197938
0.13428025156025011344 0.14035809449622962952
0.11537115331307153110 0.14150420132537197548
0.12815261367263475201 0.14159535625971003681
0.12695395866691752684 0.14236352606591626269
0.14197204709259458877 0.14268627805941452857
0.12280831048972071229 0.14421152982660848108
0.14167166865391475628 0.14464134204132947370
0.12229768730603997329 0.14469851177005393916
0.14261495577653821032 0.14513603581603629067
0.12558380874983685049 0.14596867987990966298
0.14395175573601320940 0.14653512025556847398
0.13623771858918987121 0.14734233761803541829
0.14341584266155257832 0.14907420843063198812
0.11355758023239619081 0.14916137528494360920
0.14625007283742347264 0.14962217189582480148
0.13766245300506341209 0.14989082850209539677
0.13518999156446093179 0.15005367709526257203
0.13103005653522578622 0.15016690367048934895
0.12557215413835343121 0.15148469672348668924
0.15128551408605100947 0.15163864956264885842
0.14082327577706932331 0.15165926206258151243
0.14494010310488703031 0.15239890270916775505
0.14744558685032665979 0.15246709899186994264
0.12443494168869348449 0.15271307825790542134
0.12510754689836220410 0.15342395579797413196
0.11484520066592260323 0.15412301466157329877
0.14033908649994439322 0.15475072424151128936
0.14647836401660721539 0.15490905254427139726
0.12539170549668310350 0.15575532424947627352
0.14639306851362643425 0.15594948640245759330
0.13946682859883913208 0.15644740086417227576
0.14717866722062003526 0.15697317509684913239
0.13211266074888694533 0.15724504279526405059
0.15267926253163757733 0.15725705984025595274
0.12427705779636975814 0.15735398976257830572
0.15596697284843091813 0.15772631927962815768
0.13365091006681140140 0.15799741414544796192
0.13072315800968395405 0.15834902549427887219
0.11608704967108533779 0.15867376173339634016
0.12350134873800623636 0.15932294302691660248
0.12758787715957159437 0.15935428971282639132
0.15991719968223216952 0.16101249162781552937
0.14813016542989701496 0.16114015695480141122
0.15343712107446602633 0.16195345160304266963
0.15952240976247680782 0.16238953055626120792
0.10776352714534785660 0.16262258441346319482
0.15567913272583136508 0.16274747270504252850
0.14720688130771028557 0.16279797145728389096
0.14153535127540933791 0.16279797145728389096
0.13090865033506887682 0.16284092171800360060
0.15318813189056840196 0.16311848608675480476
0.10662923130107544722 0.16407252595707080833
0.14628646540277814858 0.16477161233801562723
0.13359466619336071713 0.16481327706943130207
0.12823389659390507789 0.16493748319209960984
0.13987272935394148843 0.16526981214940275611
0.16489503987629766657 0.16528886669079564942
0.15603400544259124483 0.16605420238911544617
0.15178505071905110113 0.16618928938535462714
0.12213209278822169390 0.16684645328559374877
0.12598018186753220937 0.16701825837275668940
0.13720444613971002901 0.16781634730291403179
0.13242090494431066339 0.16826548207862171425
0.15028863331805619730 0.16865048471626337134
0.12828440026474452473 0.16886666494666749405
0.12777291949683458605 0.16914697618481289165
0.11814825437115297757 0.16915672943914134008
0.11907158906562520517 0.16917407797111183587
0.15851353121252517719 0.16926002368928738662
0.11086193653548520599 0.16979312159462228715
0.15658886073989305987 0.17016511367253309150
0.15728815212647667687 0.17049615345590779514
0.12948217672741133000 0.17062671624875458409
0.15649716984098605010 0.17085317751781525786
0.14679126235772735343 0.17168177954357838333
0.16242081514060666136 0.17252763868378701018
0.16661480543475112870 0.17277830622573728259
0.13787619234654963085 0.17281493808924347499
0.13127562317194924058 0.17290897535819518827
0.15593846898226126907 0.17329228069151150771
0.15182719299938235435 0.17338916518740862815
0.14231033687113806008 0.17359760751392014355
0.13174923219009446185 0.17390894842466600445
0.14728315016684134786 0.17432891197415545381
0.14460759925490368483 0.17471123385399620065
0.11365462045303101335 0.17487523433099827486
0.17455746376918548912 0.17553627457278495050
0.15089198772466783094 0.17568552008317778190
0.13795549672185056234 0.17581090401181884153
0.14117784391545459832 0.17662966411113484311
0.15003774196086464010 0.17668436938404766257
0.15257833219318658879 0.17691489379032224183
0.15321220453207373691 0.17704420244061852552
0.16114354543998971048 0.17712382166793486094
0.14015615494351596482 0.17712382166793486094
0.15562857996928752824 0.17734392349898400743
0.16091855340098820681 0.17836434082504695753
0.15785680056392401016 0.17839487167968506864
0.17770090687765999204 0.17858433157491315768
0.13164734111738388145 0.17892160092002376559
0.12649861645616236605 0.17895628609382049912
0.16931857688903467762 0.17914051607086672879
0.12477618270289482505 0.17948966246481598552
0.12333200610886005388 0.17997201758310468755
0.14347661707835612788 0.18015981941581316050
0.14520160406210860793 0.18025317499212173411
0.17878546471723713585 0.18051392919531555892
0.13460980601955280234 0.18052150227622357215
0.15565931181710263020 0.18083442644151831447
0.10909523896053348324 0.18155487514494761392
0.16113071379277391082 0.18160057126166045949
0.17451619135913606917 0.18211089222320944736
0.16916070441475861141 0.18221260352636459157
0.18002373376924049597 0.18269910361003355304
0.17931184286182930143 0.18298395072352721669
0.15616073963874371744 0.18301035723456218762
0.17231991861841519653 0.18314861031994367213
0.13053288818281710837 0.18426700243345592312
0.16091556851065755285 0.18471256166357982731
0.15294755891181702201 0.18638505719448750231
0.14644090929419958935 0.18658757525240965425
0.16672425395464365860 0.18670925205387645107
0.14239369380062874559 0.18671148552192853853
0.17386165641695350281 0.18687455911798656061
0.13983883950688894005 0.18701473280006170041
0.14378173820786038783 0.18711500758566121383
0.18143835528393956191 0.18740224832772559016
0.17456112816089133788 0.18747223703529622418
0.14402198645921143738 0.18762283711694013877
0.12808549467893848295 0.18792585535356406967
0.14413245074452751826 0.18818725391268770197
0.13526624834449854640 0.18818984666659646643
0.14979317282609019846 0.18842316216055116085
0.14057547675206327753 0.19057814947999823785
0.18153058116959605583 0.19061061620446656528
0.14565632090844990443 0.19149052804173224973
0.14251606144155129496 0.19188781263918247566
0.13944819817860834577 0.19283528647893236063
0.18556670964641497346 0.19348339555632584896
0.11663785697290567078 0.19447477243862870688
0.16736732393451295153 0.19465817791310585649
0.17189782819667809299 0.19518563030923966051
0.15918083536570978853 0.19534828136630791318
0.13861604824355169829 0.19608950360759830334
0.19013189785476028448 0.19753238236410042283
0.13603064200349598845 0.19770405181191541555
0.13483794946417587690 0.19831405628759712911
0.19399048037963229074 0.19953019723853121503
0.15193801290209546506 0.20063635348545799664
0.12706533469740291520 0.20160760021315782264
0.13253000925685903821 0.20235110765320157844
0.13900381558259125581 0.20247951570261901733
0.13438189477880191358 0.20257538954838219536
0.18799175538275936237 0.20326890130035518700
0.19400747267674747776 0.20447543137951657011
0.14128341180577327907 0.20654335553976005402
0.12559760976658784770 0.20683314978358283143
0.21113812120888805768 0.21249381331376460125
0.17796483410780100654 0.21328644017717449111
0.21313772972341565870 0.21465697065086392081
0.19525250020795728578 0.21526026662968369974
0.19621769796386451246 0.21533133891609868016
0.20039893266543390427 0.21625371325897993491
0.16260323282862920724 0.21687537563907210991
0.20129802956577602657 0.21718148025172856475
0.19315787299976469593 0.21836246076382190284
0.12726820784262607433 0.22071772814177692545
0.19363092383131441654 0.22165353927335937345
0.17305425930673282164 0.22330250953171446038
0.18009606809216377465 0.22534663410719574239
0.20029617061812143852 0.22842924120314295200
0.12494790957274115595 0.22861537670367437780
0.15522839232074817084 0.22883910634711507326
0.22167293671898607998 0.22885386789968498178
0.12213707986642304004 0.23081681469356984948
0.17939668970326363984 0.23250565334312647825
0.16319742927070554628 0.23278903931146457951
0.13887061667009367727 0.23378084874967311468
0.23928964079907102946 0.24340153552225959888
0.20477355962628140951 0.25953470384186466680
0.23858607449804236644 0.28400872005314242719
