0.01656611320953466429 0.01683814734761434825
0.01618420889083265965 0.01705422713711261112
0.01657398652492796456 0.01711852320615164444
0.01718846367979381257 0.01723501342971296701
0.01552020755915451550 0.01744300652731851226
0.01584199557388651577 0.01788660125206023577
0.01604541073412973570 0.01830900245921409514
0.01750188012292933776 0.01860468093270891896
0.01882384000967197296 0.01922069703280527772
0.01582512726599905398 0.01998064921769505953
0.01888762632804939778 0.02024528965306366182
0.01705266503095545158 0.02024864701858282781
0.01776917512026801940 0.02051066398080259728
0.01933884076779949709 0.02103915744134406823
0.02104803801974237595 0.02114284924490764106
0.02059259277410406888 0.02120862569415581100
0.01958630045474670997 0.02125879320800384484
0.01949424182708957634 0.02186730802396179632
0.01823423812216231829 0.02209810537600503250
0.02012263088992075760 0.02217181055460608688
0.01913029081546181384 0.02231112043582411664
0.01896378842987567551 0.02251186146598232324
0.01720180740480153556 0.02260448691002615168
0.01913430390414511822 0.02264538100874150667
0.02083469407201518284 0.02280597077569946479
0.02256153695826166802 0.02288756544871274265
0.02251743188082652031 0.02312169065265174545
0.02249913908737183679 0.02326094897854048132
0.01719606102156383959 0.02326908669753257816
0.01777019217717319341 0.02346447233049514178
0.02361653521887903048 0.02363172012610969056
0.02176871364982221890 0.02374213483955997864
0.02371480172768897568 0.02395164109056729940
0.02279884898191008799 0.02426363841990319611
0.01902736040494762762 0.02452532807198707157
0.02051192728435490692 0.02474458079896035487
0.02412049707158597789 0.02509099372579336185
0.02510457920353587752 0.02516699454411361336
0.01767149625457365217 0.02551265284082413973
0.02200925682282792520 0.02557128100853512873
0.01748505161719087972 0.02563869859984593824
0.02000772819383925261 0.02568072622868047480
0.02350907212176802860 0.02568728687079302811
0.02371608260383564412 0.02628475446805808927
0.02453794382810325914 0.02669838015534045650
0.02212916629549429789 0.02678360197800620096
0.01988531630213451196 0.02713444884066987597
0.02624189984597260009 0.02743786581755746842
0.02440527966780555238 0.02753205261310225083
0.01988137808779153262 0.02779813827932981971
0.02611655931033734016 0.02823829730139485253
0.02635211948922027217 0.02825628398730465826
0.02550173792643363815 0.02846026605951470709
0.02725273047621462261 0.02846026605951470709
0.02665415548855455327 0.02852024246713122380
0.02464939394725097419 0.02857359873353417651
0.02469698580532488780 0.02884600861160723992
0.02780383102892177230 0.02892332414538120039
0.02219241867375650046 0.02893102028703023118
0.02809235320836721284 0.02921704984347110040
0.02573846228632738556 0.02949790479070238391
0.02779567051933259578 0.02957508036548808089
0.02970036885270483859 0.02973141440089506829
0.02839961172177167190 0.02976464907208703839
0.02468558494590028171 0.03006571990554647231
0.02452714680877737807 0.03028178748529196385
0.02962029808546211285 0.03061603971900436066
0.02953128044864750112 0.03067266441910616523
0.02286117283524806074 0.03085774686291307620
0.02948660711104205204 0.03099222604362418185
0.03018474672554471300 0.03115169884439023679
0.03056609529985782753 0.03135055814517774542
0.02129936665779072827 0.03173348755654237241
0.03143433712342469377 0.03181633261028024573
0.02634296146120108928 0.03197763347109466164
0.01986130220366387825 0.03202499640111359375
0.01959605576107167554 0.03228515461408657666
0.02149325262384581964 0.03235164045109280295
0.02909121949191988479 0.03241893480910029018
0.03219167506782575489 0.03245082570037621100
0.02408985875671857887 0.03245939456881462987
0.02831422681895323992 0.03250392564294315306
0.02811204954177939919 0.03271430383251546642
0.02593973468990404610 0.03288916917291976466
0.02986426801135790010 0.03301147359446284651
0.02771524765818484184 0.03310931130536069744
0.03048810330184300796 0.03348675234666100703
0.03321364313353408065 0.03354426033657404577
0.03080677589605367375 0.03377163218309720688
0.02998423583589102798 0.03381125921788649680
0.03228554726797006058 0.03382282632824416824
0.02920246280360821317 0.03399413116560193182
0.02785635532756296565 0.03399417608443081051
0.02706661905811863500 0.03433833434390300143
0.03414761555899616802 0.03441271202760868425
0.02412576705428046836 0.03476536412780209528
0.02823801040272388291 0.03591258992275984940
0.03018472846372551380 0.03595297022059569525
0.03446579307728547814 0.03603926519216604785
0.02706175876761545557 0.03614018078120557337
0.03464810311346586125 0.03616522677626820420
0.02647321851745949514 0.03665307831757635276
0.03595201555896670315 0.03672047085252286291
0.03364550773287203894 0.03710952030059877504
0.03372606999091083690 0.03747593402896808035
0.03395129650209963157 0.03756852085369622590
0.02799760706337827906 0.03770295291629782719
0.02900169631997449871 0.03797237183544048544
0.03598369641776216765 0.03801373717414836817
0.02362546297698600931 0.03814681837515531554
0.03325243070960381270 0.03857950100028240820
0.02430772288282042129 0.03883603248147692727
0.03809450220974210793 0.03896810512951986993
0.03483830708677054105 0.03900152761933057405
0.03689539272488342320 0.03938078513612218445
0.03776470302260605261 0.03967011226743945990
0.02672896429266978513 0.03981850896390820571
0.03084215948601261650 0.03986161439313680444
0.03504928816309813705 0.03987594802168017982
0.03849510395203561974 0.04022032596498222728
0.03814128335531129926 0.04057465975326866869
0.03384127741118153621 0.04114867719346951974
0.03741378679429423204 0.04133587441635060838
0.04117362642481801893 0.04198001657170988277
0.03448037307917164312 0.04216579478689811561
0.04039116710987737668 0.04230400682405353885
0.04207141488865642071 0.04239448497494850004
0.03991638554838804198 0.04245933832629163185
0.04099552738819977477 0.04253999150100850474
0.02582454711891943658 0.04266501503172593496
0.03898709702052181869 0.04278167883351408074
0.03596392716900913278 0.04285880325990662487
0.02708089947787483895 0.04412234285884088225
0.04034802884665067424 0.04453393718655822980
0.04053147617778576212 0.04587756896016998570
0.04559498223374867237 0.04624422025973198153
0.04115789688406375213 0.04638301119474415313
0.03695356166347799065 0.04678016289841216424
0.03698997013101026909 0.04759747582381461395
0.04280643522306672860 0.04761755107956051891
0.04004129929726850390 0.04765722430022578671
0.04460238466580734168 0.04786138483406660732
0.04810457554954129800 0.04825757807881216055
0.03756320293884499867 0.04843504060575075376
0.03733057006644954073 0.04847639439099816344
0.03260554413633628967 0.04851063469395695826
0.04575538228788826600 0.04862034097178954961
0.04274938670160688403 0.04881363715790531382
0.04578913323434140314 0.04922500858118971506
0.04669184663183392758 0.04922649482496418288
0.04150853727167475721 0.04938971781227548957
0.04533363579893579659 0.04984528987673911976
0.04091423050257161909 0.05037292651865053067
0.03754296426551729376 0.05039116425010540384
0.04200688040371407250 0.05042191860444457385
0.04693904099698987392 0.05044903832505871072
0.04548134095832565005 0.05056746579235178035
0.04445568560331805003 0.05106258695269473569
0.04054969127868060519 0.05117605310523699186
0.04383878577360773160 0.05176079160962170078
0.04927967985419865610 0.05201398810646368220
0.05151639769939004437 0.05281496634994154588
0.05208124339852642642 0.05313051754487328748
0.04384764123380539141 0.05356177575316626444
0.04713549193964503697 0.05382073135900421884
0.04775231245049016415 0.05388207026827327578
0.04916672612088771738 0.05388475160415100162
0.05338947871879630436 0.05392580102644137924
0.04224063926719745510 0.05423521304754689437
0.04578531642321385237 0.05497443897893578013
0.05444989885080026015 0.05525918485265730873
0.04832046337545497366 0.05530031331317290105
0.05008425107998754761 0.05608350090030317370
0.05275022706835702513 0.05609149002182845650
0.04948799927330593124 0.05618562436189519782
0.05253597679741443122 0.05688391322132298894
0.03962654427152333819 0.05689044106927439864
0.04554271948207756771 0.05720355422012812774
0.04672242808688977650 0.05786939612505477559
0.04893768965877356991 0.05820359906932794092
0.04359847173899488587 0.05820359906932794092
0.04963028325218867692 0.05837898475995044467
0.05804341706940879808 0.05880462518406275041
0.04975943257568363892 0.05928987968397927966
0.05687224340880701889 0.06009216276191153144
0.04632225789872374683 0.06047236322107525652
0.04355275548565110122 0.06060539180356845634
0.06159880189560577174 0.06258175969412575756
0.05889412216059008304 0.06294143921216309445
0.05957229093548076920 0.06380655540913744705
0.05777143560904501179 0.06621651657766507160
0.06385630292893948456 0.06770783988019238309
0.06515194645330601997 0.06953014725991320255
0.06909665436223927371 0.07031401983970164693
0.06712763818735043020 0.07380203595215699408
0.05441241399548423646 0.07689925237701732141
0.07705804548111445940 0.07784339060906821095
0.07849845969407108492 0.08005734831309363475
0.08741609097295956199 0.08779299167777702972
0.09710846867391681458 0.09789306550809109830
0.09285420146987251322 0.10394930799350560191
0.10485715672169056145 0.12592167368986564857
