0.00000000000000000000 0.02362153296594140736
0.00000000000000000000 0.02467397975784547601
0.00000000000000000000 0.02864683481490156586
0.00000000000000000000 0.03031556318295875949
0.00000000000000000000 0.03243667841980484717
0.00000000000000000000 0.03336425946107909185
0.00000000000000000000 0.03767477543903594017
0.00000000000000000000 0.03906529901308838926
0.00000000000000000000 0.03938869234972036670
0.00000000000000000000 0.04054634957299304426
0.00000000000000000000 0.04079873413059806331
0.00000000000000000000 0.04084484158649036994
0.00000000000000000000 0.04219560917062262217
0.00000000000000000000 0.04221295230688595912
0.00000000000000000000 0.04266597138412172446
0.00000000000000000000 0.04310165865941231744
0.00000000000000000000 0.04340891057019596877
0.00000000000000000000 0.04387267452486615094
0.00000000000000000000 0.04400460360192832987
0.00000000000000000000 0.04572464601594532912
0.00000000000000000000 0.04649592767440471203
0.00000000000000000000 0.04673420033524047779
0.00000000000000000000 0.04877546853956118283
0.00000000000000000000 0.04935600465823047206
0.00000000000000000000 0.04964348193958633554
0.00000000000000000000 0.05054499852436430268
0.00000000000000000000 0.05087690777720368929
0.00000000000000000000 0.05092745503402965751
0.00000000000000000000 0.05124368510472168681
0.00000000000000000000 0.05157131588509239473
0.00000000000000000000 0.05182912390833368382
0.00000000000000000000 0.05486246492200066993
0.00000000000000000000 0.05535956999582798688
0.00000000000000000000 0.05632642225402372665
0.00000000000000000000 0.05639061534125140024
0.00000000000000000000 0.05640313231354417145
0.00000000000000000000 0.05751199319864706144
0.00000000000000000000 0.05798544138651090529
0.00000000000000000000 0.05831876878188978902
0.00000000000000000000 0.05985814962026359681
0.00000000000000000000 0.05998135919368466351
0.00000000000000000000 0.06016477241529272907
0.00000000000000000000 0.06028178905140003929
0.00000000000000000000 0.06081160401646178160
0.00000000000000000000 0.06089750837675836359
0.00000000000000000000 0.06100351567349805021
0.00000000000000000000 0.06139273842799655018
0.00000000000000000000 0.06225357967711459689
0.00000000000000000000 0.06263236380497370914
0.00000000000000000000 0.06394800617247421715
0.00000000000000000000 0.06428997368851095684
0.00000000000000000000 0.06431837543666113488
0.00000000000000000000 0.06514911364206697753
0.00000000000000000000 0.06517769648365263901
0.00000000000000000000 0.06519817481868306341
0.00000000000000000000 0.06745712652558571998
0.00000000000000000000 0.06799969143847724162
0.00000000000000000000 0.06811349884375295094
0.00000000000000000000 0.06832041573934892476
0.00000000000000000000 0.06847600975071990725
0.00000000000000000000 0.06911820851225096429
0.00000000000000000000 0.06992742843899878158
0.00000000000000000000 0.07136597186567261719
0.00000000000000000000 0.07168092285061745950
0.00000000000000000000 0.07174853045783313732
0.00000000000000000000 0.07221195510333824896
0.00000000000000000000 0.07241604195223506901
0.00000000000000000000 0.07243715687693641492
0.00000000000000000000 0.07267903526887685428
0.00000000000000000000 0.07343721356542341760
0.00000000000000000000 0.07344460764733651281
0.00000000000000000000 0.07355851480113899388
0.00000000000000000000 0.07374796410781934985
0.00000000000000000000 0.07421716318481053065
0.00000000000000000000 0.07431479073207075681
0.00000000000000000000 0.07436340247100343970
0.00000000000000000000 0.07452158770713840363
0.00000000000000000000 0.07455999547279709705
0.00000000000000000000 0.07488496138287459303
0.00000000000000000000 0.07509164518578363701
0.00000000000000000000 0.07548224161008246225
0.00000000000000000000 0.07552348616200002529
0.00000000000000000000 0.07684138512811825028
0.00000000000000000000 0.07784545999463352017
0.00000000000000000000 0.07807333912792056851
0.00000000000000000000 0.07809961863582814967
0.00000000000000000000 0.07820335610015602401
0.00000000000000000000 0.07835116558992867575
0.00000000000000000000 0.07902505489501560065
0.00000000000000000000 0.07965190522720554112
0.00000000000000000000 0.07973336076609251200
0.00000000000000000000 0.08024556766184783030
0.00000000000000000000 0.08029492337535706903
0.00000000000000000000 0.08034629177089289143
0.00000000000000000000 0.08084274580081889094
0.00000000000000000000 0.08089337210016321611
0.00000000000000000000 0.08097002211022702456
0.00000000000000000000 0.08120125176624277963
0.00000000000000000000 0.08144672319496792934
0.00000000000000000000 0.08161839900797321357
0.00000000000000000000 0.08166432571917993377
0.00000000000000000000 0.08175178810978374344
0.00000000000000000000 0.08190071396605357046
0.00000000000000000000 0.08194470294869182769
0.00000000000000000000 0.08195968144663305643
0.00000000000000000000 0.08199764825552940950
0.00000000000000000000 0.08200724803645818850
0.00000000000000000000 0.08201342550870303894
0.00000000000000000000 0.08311910197259228528
0.00000000000000000000 0.08321885707879671246
0.00000000000000000000 0.08327235278723855993
0.00000000000000000000 0.08329928522470152197
0.00000000000000000000 0.08377222730220451608
0.00000000000000000000 0.08408666806770695445
0.00000000000000000000 0.08409549419456077701
0.00000000000000000000 0.08433263189724872488
0.00000000000000000000 0.08476401832447219564
0.00000000000000000000 0.08478541388812235735
0.00000000000000000000 0.08507040821350687898
0.00000000000000000000 0.08519150394434069073
0.00000000000000000000 0.08564490120392451167
0.00000000000000000000 0.08568241363084376505
0.00000000000000000000 0.08578295611195155268
0.00000000000000000000 0.08606823586750209087
0.00000000000000000000 0.08648277100373198689
0.00000000000000000000 0.08654849965120539612
0.00000000000000000000 0.08674777549964871048
0.00000000000000000000 0.08743607964054478376
0.00000000000000000000 0.08755693519648345691
0.00000000000000000000 0.08762010408396933570
0.00000000000000000000 0.08817648082867350634
0.00000000000000000000 0.08841988841928473397
0.00000000000000000000 0.08850455785045145685
0.00000000000000000000 0.08853634762273487890
0.00000000000000000000 0.08858355537354702103
0.00000000000000000000 0.08866301392859950170
0.00000000000000000000 0.08867571706350216298
0.00000000000000000000 0.08914360218606687258
0.00000000000000000000 0.08917768037164013062
0.00000000000000000000 0.08964500155100263434
0.00000000000000000000 0.08984061427174880321
0.00000000000000000000 0.09117548147841457451
0.00000000000000000000 0.09133889348062504410
0.00000000000000000000 0.09135140726477426754
0.00000000000000000000 0.09161449128480221582
0.00000000000000000000 0.09166099027005632227
0.00000000000000000000 0.09171403681493806026
0.00000000000000000000 0.09188471185334555480
0.00000000000000000000 0.09191403323528789249
0.00000000000000000000 0.09269934433309996724
0.00000000000000000000 0.09284167282414589051
0.00000000000000000000 0.09314470688848719426
0.00000000000000000000 0.09314832425877142552
0.00000000000000000000 0.09425699067573356515
0.00000000000000000000 0.09430792923015092477
0.00000000000000000000 0.09558720508695157936
0.00000000000000000000 0.09562006595973671086
0.00000000000000000000 0.09564751201048891927
0.00000000000000000000 0.09591274514724899836
0.00000000000000000000 0.09592892568958238941
0.00000000000000000000 0.09609219448468055147
0.00000000000000000000 0.09612515698660982488
0.00000000000000000000 0.09612547742481571122
0.00000000000000000000 0.09619691631167952284
0.00000000000000000000 0.09636654860665641587
0.00000000000000000000 0.09663339331422308998
0.00000000000000000000 0.09698449205841837284
0.00000000000000000000 0.09731252501054496462
0.00000000000000000000 0.09767721591402922510
0.00000000000000000000 0.09855619668945377054
0.00000000000000000000 0.09897941166945330160
0.00000000000000000000 0.09910058056814163852
0.00000000000000000000 0.09997789884779870184
0.00000000000000000000 0.10019074774705853670
0.00000000000000000000 0.10076512730058134748
0.00000000000000000000 0.10091487012523628342
0.00000000000000000000 0.10137211936051608585
0.00000000000000000000 0.10138616559117105687
0.00000000000000000000 0.10160902989913410399
0.00000000000000000000 0.10162253233957588283
0.00000000000000000000 0.10195357598059801019
0.00000000000000000000 0.10205388851001821748
0.00000000000000000000 0.10223573423120248249
0.00000000000000000000 0.10303197370495549567
0.00000000000000000000 0.10318227934398527257
0.00000000000000000000 0.10339663082331985999
0.00000000000000000000 0.10341747493129792301
0.00000000000000000000 0.10369335290974647512
0.00000000000000000000 0.10369358827164958103
0.00000000000000000000 0.10383394097485049157
0.00000000000000000000 0.10405350644942075455
0.00000000000000000000 0.10454539650853179877
0.00000000000000000000 0.10456967354316401564
0.00000000000000000000 0.10457676354290847132
0.00000000000000000000 0.10472916593586335809
0.00000000000000000000 0.10493157430990392165
0.00000000000000000000 0.10541638878866903262
0.00000000000000000000 0.10542920058683510898
0.00000000000000000000 0.10580372105254545745
0.00000000000000000000 0.10601648456346049465
0.00000000000000000000 0.10620611823226472348
0.00000000000000000000 0.10620988520818486212
0.00000000000000000000 0.10640767724843609721
0.00000000000000000000 0.10644827135333014001
0.00000000000000000000 0.10661933268687399934
0.00000000000000000000 0.10696392382620123485
0.00000000000000000000 0.10734678024189397982
0.00000000000000000000 0.10774219788063363334
0.00000000000000000000 0.10774660083696949164
0.00000000000000000000 0.10781608988217640521
0.00000000000000000000 0.10783318263804426984
0.00000000000000000000 0.10786623300121617186
0.00000000000000000000 0.10793256833116537940
0.00000000000000000000 0.10803510981618247300
0.00000000000000000000 0.10830966811770963154
0.00000000000000000000 0.10892334937682349172
0.00000000000000000000 0.10901988048445289403
0.00000000000000000000 0.10928274877855317926
0.00000000000000000000 0.10935229426073292402
0.00000000000000000000 0.10950745515613979908
0.00000000000000000000 0.10954849319222202675
0.00000000000000000000 0.10971149392806926748
0.00000000000000000000 0.10978433351538967322
0.00000000000000000000 0.11001450467760355567
0.00000000000000000000 0.11009387797337916171
0.00000000000000000000 0.11026347350141561809
0.00000000000000000000 0.11043939090330488761
0.00000000000000000000 0.11062905777654111206
0.00000000000000000000 0.11066841678138537863
0.00000000000000000000 0.11108554128379086179
0.00000000000000000000 0.11116630536773891569
0.00000000000000000000 0.11140031420144559660
0.00000000000000000000 0.11151621963072569366
0.00000000000000000000 0.11177996469314746553
0.00000000000000000000 0.11224809448560107983
0.00000000000000000000 0.11280021580644869483
0.00000000000000000000 0.11281766998912365341
0.00000000000000000000 0.11301941609838324354
0.00000000000000000000 0.11309326493952530368
0.00000000000000000000 0.11328310466794969114
0.00000000000000000000 0.11343349935824377506
0.00000000000000000000 0.11353736520562177081
0.00000000000000000000 0.11363161718822602231
0.00000000000000000000 0.11403608185778459083
0.00000000000000000000 0.11417618716411513657
0.00000000000000000000 0.11431912977053960978
0.00000000000000000000 0.11449181627810321726
0.00000000000000000000 0.11454877331638424476
0.00000000000000000000 0.11460143935029216966
0.00000000000000000000 0.11461001315978958104
0.00000000000000000000 0.11462210643183839975
0.00000000000000000000 0.11482668098358955744
0.00000000000000000000 0.11509507007956228108
0.00000000000000000000 0.11562105331053251778
0.00000000000000000000 0.11576577433902239533
0.00000000000000000000 0.11580011534595305300
0.00000000000000000000 0.11592960240341820821
0.00000000000000000000 0.11600468818696825501
0.00000000000000000000 0.11611203599601040148
0.00000000000000000000 0.11620603263489866219
0.00000000000000000000 0.11664668517176866869
0.00000000000000000000 0.11681892203233361360
0.00000000000000000000 0.11687540221961245646
0.00000000000000000000 0.11772335378578172027
0.00000000000000000000 0.11782241535418867817
0.00000000000000000000 0.11872178763516519351
0.00000000000000000000 0.11939821947991541284
0.00000000000000000000 0.11999033733390869483
0.00000000000000000000 0.12014233765518102237
0.00000000000000000000 0.12036047008765657362
0.00000000000000000000 0.12055114758997122204
0.00000000000000000000 0.12093149933192674783
0.00000000000000000000 0.12096976620226869426
0.00000000000000000000 0.12099016374892168635
0.00000000000000000000 0.12216679195312153683
0.00000000000000000000 0.12240059178258874684
0.00000000000000000000 0.12240338934008782035
0.00000000000000000000 0.12286124245017711332
0.00000000000000000000 0.12363645137445206101
0.00000000000000000000 0.12401634422261578750
0.00000000000000000000 0.12517653152468813382
0.00000000000000000000 0.12528509144192165325
0.00000000000000000000 0.12546107514111162762
0.00000000000000000000 0.12551583337867411316
0.00000000000000000000 0.12553444918858930324
0.00000000000000000000 0.12556376398157728658
0.00000000000000000000 0.12567755981578723756
0.00000000000000000000 0.12589680660656751843
0.00000000000000000000 0.12598101313110271482
0.00000000000000000000 0.12617674158104252857
0.00000000000000000000 0.12631272435952897726
0.00000000000000000000 0.12632533113736360564
0.00000000000000000000 0.12635647763511898001
0.00000000000000000000 0.12647998146803629549
0.00000000000000000000 0.12663889183179766196
0.00000000000000000000 0.12665607929885783212
0.00000000000000000000 0.12695561205785516057
0.00000000000000000000 0.12711482981373659062
0.00000000000000000000 0.12722985702473424419
0.00000000000000000000 0.12788075249455876925
0.00000000000000000000 0.12854944419142946832
0.00000000000000000000 0.12865047803322496311
0.00000000000000000000 0.12873981581788995765
0.00000000000000000000 0.12880943622041876595
0.00000000000000000000 0.12898705370498908529
0.00000000000000000000 0.12958823808584271631
0.00000000000000000000 0.12976676609357659653
0.00000000000000000000 0.12990295400257600988
0.00000000000000000000 0.13018351721992355019
0.00000000000000000000 0.13044445784929556420
0.00000000000000000000 0.13048899897909924106
0.00000000000000000000 0.13053662117638833995
0.00000000000000000000 0.13058298075415533668
0.00000000000000000000 0.13085298331449918274
0.00000000000000000000 0.13111683602076695809
0.00000000000000000000 0.13141521389047389201
0.00000000000000000000 0.13156461859852683349
0.00000000000000000000 0.13202017739412497122
0.00000000000000000000 0.13217261892178358562
0.00000000000000000000 0.13226223366528372383
0.00000000000000000000 0.13243587766254524829
0.00000000000000000000 0.13269682041895503044
0.00000000000000000000 0.13276333670903373019
0.00000000000000000000 0.13280329596846277007
0.00000000000000000000 0.13293960992552836253
0.00000000000000000000 0.13307562320034088676
0.00000000000000000000 0.13344857975164817199
0.00000000000000000000 0.13347311754330681843
0.00000000000000000000 0.13389333574504108659
0.00000000000000000000 0.13448273403657934333
0.00000000000000000000 0.13456145351944831523
0.00000000000000000000 0.13461930931377519283
0.00000000000000000000 0.13465468220102619346
0.00000000000000000000 0.13466916605710127497
0.00000000000000000000 0.13466972821548001127
0.00000000000000000000 0.13470180286313110374
0.00000000000000000000 0.13477682313470895625
0.00000000000000000000 0.13484895962197099295
0.00000000000000000000 0.13499283669973433097
0.00000000000000000000 0.13546239688878319862
0.00000000000000000000 0.13604823364808141251
0.00000000000000000000 0.13650338375548423664
0.00000000000000000000 0.13656413216439883263
0.00000000000000000000 0.13662891252594874802
0.00000000000000000000 0.13666123687645878593
0.00000000000000000000 0.13715043276712104992
0.00000000000000000000 0.13763061954874616921
0.00000000000000000000 0.13767972705008199585
0.00000000000000000000 0.13805592365665100840
0.00000000000000000000 0.13817777510174017452
0.00000000000000000000 0.13866999121993020538
0.00000000000000000000 0.13867557098255500758
0.00000000000000000000 0.13874227121207435842
0.00000000000000000000 0.13874428097934676796
0.00000000000000000000 0.13901652346990081566
0.00000000000000000000 0.13904325314872170716
0.00000000000000000000 0.13919530850866929095
0.00000000000000000000 0.14071855538564045918
0.00000000000000000000 0.14095097643405513077
0.00000000000000000000 0.14151127830703891242
0.00000000000000000000 0.14165204547073290131
0.00000000000000000000 0.14194265238266579043
0.00000000000000000000 0.14198002700653197805
0.00000000000000000000 0.14212493754475766239
0.00000000000000000000 0.14242339942245152429
0.00000000000000000000 0.14263422297679867468
0.00000000000000000000 0.14267045657488439114
0.00000000000000000000 0.14303445910967843568
0.00000000000000000000 0.14328833013947786523
0.00000000000000000000 0.14332198760775685664
0.00000000000000000000 0.14345872241538037972
0.00000000000000000000 0.14358397512905951565
0.00000000000000000000 0.14359572688728869383
0.00000000000000000000 0.14388212797842467316
0.00000000000000000000 0.14397162122301371268
0.00000000000000000000 0.14440106886120426810
0.00000000000000000000 0.14462514113020880080
0.00000000000000000000 0.14515534287338133224
0.00000000000000000000 0.14532954575046858059
0.00000000000000000000 0.14592107642508250764
0.00000000000000000000 0.14635432663260011799
0.00000000000000000000 0.14678551875474424304
0.00000000000000000000 0.14709779064025355066
0.00000000000000000000 0.14750702819216948702
0.00000000000000000000 0.14761068596343235315
0.00000000000000000000 0.14764594578736270347
0.00000000000000000000 0.14782261921547817929
0.00000000000000000000 0.14791070889812527045
0.00000000000000000000 0.14818500479594015617
0.00000000000000000000 0.14832103611119451525
0.00000000000000000000 0.14834640291956061042
0.00000000000000000000 0.14857572098707910735
0.00000000000000000000 0.14865383438360374457
0.00000000000000000000 0.14875938638836552763
0.00000000000000000000 0.14900766995601469334
0.00000000000000000000 0.14967988590265329796
0.00000000000000000000 0.15009211128124397283
0.00000000000000000000 0.15016288847033473774
0.00000000000000000000 0.15037606441716772077
0.00000000000000000000 0.15076177823532641020
0.00000000000000000000 0.15079523754582180306
0.00000000000000000000 0.15079993032872507364
0.00000000000000000000 0.15095384380560578075
0.00000000000000000000 0.15120571421643161369
0.00000000000000000000 0.15173106749070433552
0.00000000000000000000 0.15194383199066491263
0.00000000000000000000 0.15208833017469733373
0.00000000000000000000 0.15216578655306961521
0.00000000000000000000 0.15229546160729534598
0.00000000000000000000 0.15253786801040986054
0.00000000000000000000 0.15255744087081293814
0.00000000000000000000 0.15260662200863003846
0.00000000000000000000 0.15289722674946948366
0.00000000000000000000 0.15291552538227240476
0.00000000000000000000 0.15343679393195658323
0.00000000000000000000 0.15416582875664031071
0.00000000000000000000 0.15428701629216720614
0.00000000000000000000 0.15435987597666181448
0.00000000000000000000 0.15448973199063320560
0.00000000000000000000 0.15460686806600693055
0.00000000000000000000 0.15468016604143702830
0.00000000000000000000 0.15511187570900206167
0.00000000000000000000 0.15555591253096165416
0.00000000000000000000 0.15573758259937031667
0.00000000000000000000 0.15588465069445037181
0.00000000000000000000 0.15601722908267248724
0.00000000000000000000 0.15632973446850872978
0.00000000000000000000 0.15643016350917873791
0.00000000000000000000 0.15652578851042758812
0.00000000000000000000 0.15667718549759981905
0.00000000000000000000 0.15700714087630671112
0.00000000000000000000 0.15704443253457542329
0.00000000000000000000 0.15710956124806424450
0.00000000000000000000 0.15738332565814983077
0.00000000000000000000 0.15765824904595815426
0.00000000000000000000 0.15766090290777698413
0.00000000000000000000 0.15769840016234001889
0.00000000000000000000 0.15865201798192438143
0.00000000000000000000 0.15905916243052628523
0.00000000000000000000 0.15909192926107662558
0.00000000000000000000 0.16025613142313080428
0.00000000000000000000 0.16026725318535625653
0.00000000000000000000 0.16051917630375686641
0.00000000000000000000 0.16092712087524596587
0.00000000000000000000 0.16119393807387674689
0.00000000000000000000 0.16166071765358375201
0.00000000000000000000 0.16267738530998307467
0.00000000000000000000 0.16289209363324805291
0.00000000000000000000 0.16330365534870372457
0.00000000000000000000 0.16401002303690789819
0.00000000000000000000 0.16427545054802647484
0.00000000000000000000 0.16564348103474066387
0.00000000000000000000 0.16630633939765282481
0.00000000000000000000 0.16643373064819536045
0.00000000000000000000 0.16721279731969618254
0.00000000000000000000 0.16751215293612450874
0.00000000000000000000 0.16758932211579183336
0.00000000000000000000 0.16814158918254337727
0.00000000000000000000 0.16835504012992308365
0.00000000000000000000 0.16855954513557944163
0.00000000000000000000 0.16891419903284166093
0.00000000000000000000 0.16898710310802661505
0.00000000000000000000 0.16903733878902343912
0.00000000000000000000 0.16918185504059299329
0.00000000000000000000 0.16979507059104101407
0.00000000000000000000 0.16992889470195346457
0.00000000000000000000 0.17015163753949727465
0.00000000000000000000 0.17100917302434215372
0.00000000000000000000 0.17119524212126469020
0.00000000000000000000 0.17137607683075481435
0.00000000000000000000 0.17166207272947422990
0.00000000000000000000 0.17176740708031870697
0.00000000000000000000 0.17257338753265089037
0.00000000000000000000 0.17580956989922127964
0.00000000000000000000 0.17617654318445838402
0.00000000000000000000 0.17638536242734684234
0.00000000000000000000 0.17680611256577949408
0.00000000000000000000 0.17790482727004972019
0.00000000000000000000 0.18033052449888736790
0.00000000000000000000 0.18153834393644238676
0.00000000000000000000 0.18252170329726874476
0.00000000000000000000 0.18293288300548093961
0.00000000000000000000 0.18372793597302131130
0.00000000000000000000 0.18424123296530089955
0.00000000000000000000 0.18681068600562306115
0.00000000000000000000 0.18706546896204806485
0.00000000000000000000 0.18725177813592355780
0.00000000000000000000 0.18808259419952402802
0.00000000000000000000 0.19012484034792434540
0.00000000000000000000 0.19334780240254814676
0.00000000000000000000 0.19545253600956646878
0.00000000000000000000 0.19840346888713397688
0.00000000000000000000 0.20382353365719035887
0.00000000000000000000 0.21213160675380710041
0.00000000000000000000 0.21826595267186404969
0.00000000000000000000 0.22430072080910359866
0.00000000000000000000 0.23111003177905284356
0.00000000000000000000 0.24007218642754080129
0.00000000000000000000 0.29383616793999933758
0.00000000000000000000 1.73205080756887719318
