0.00855367297047528001 0.01043923014296184622
0.00965486805724509976 0.01083955864525067321
0.01026680074575715175 0.01083955864525067321
0.01185644096779185988 0.01210741190594846577
0.01032761155358602641 0.01226687886763123091
0.01044555738894982141 0.01235834564497965277
0.01292336059029662934 0.01303765753935768289
0.01325814193243503129 0.01326995584150841151
0.01325145076909489683 0.01349366781835039698
0.01335810507838628217 0.01364829629069183245
0.01296791275491694651 0.01375586675616638152
0.01199445508932094583 0.01392205686924051673
0.01327031827321788031 0.01392233363365148226
0.01219363889325228087 0.01432866508634417745
0.01370529753830776291 0.01440909997013498957
0.01415913370467693569 0.01441047600615142851
0.01365186902420724782 0.01449347898124131971
0.01327814558803216451 0.01458956561803972235
0.01453939301959692766 0.01467542444469605890
0.01357312014332546536 0.01468962297746944680
0.01472500828867136929 0.01480979652412468123
0.01466469007472078097 0.01493496553431642761
0.01260349397132802009 0.01501201198346625854
0.01289545206085959163 0.01503831639534068502
0.01287306667567062086 0.01517324322968378707
0.01367266037896457814 0.01524458649771939962
0.01202685112671791207 0.01528277319345183044
0.01285675131970857692 0.01537248437768960578
0.01202114511537085914 0.01540002723130294744
0.01425266618844992644 0.01542227767642089138
0.01233108972307167539 0.01542486000638625815
0.01509977671894728417 0.01544508429321222835
0.01486100637553823892 0.01550522624228914924
0.01336413663277462825 0.01562309249431389525
0.01318185083298331096 0.01579529281027914484
0.01096305915464233262 0.01580215305055121880
0.01086056975753960270 0.01596678787969438990
0.01376938244777552167 0.01603611910995176096
0.01179283538879736908 0.01620137808319336778
0.01627492670843559350 0.01653967943341335539
0.01382873865864786729 0.01660780656666772243
0.01479405593529535892 0.01666808886446768598
0.01615420187389586884 0.01673716594633266330
0.01682682007871698707 0.01707544406295350911
0.01364734251636872536 0.01708033327935341503
0.01316920627603647420 0.01738693741877403443
0.01363822161988496526 0.01741069165262385671
0.01712168093096170379 0.01742397040888221324
0.01392989384180406791 0.01751501929831545540
0.01610087875170583549 0.01756772187344795774
0.01370582091764095678 0.01758558698068117196
0.01483273280873471760 0.01760028934325143235
0.01331182122175934672 0.01776189434001300069
0.01701136895825978990 0.01779458123304141978
0.01690101417169972281 0.01786825069626730642
0.01553676204041618686 0.01795436988651171253
0.01753712196180532909 0.01813714350343785878
0.01830155097787488847 0.01831410687037712468
0.01385406079409497171 0.01837422120511688489
0.01424569105175450476 0.01840057726518803602
0.01843922999580902000 0.01846023912593680594
0.01708926903968981462 0.01860673295568897670
0.01794839834475541601 0.01862299050728770736
0.01735054204019046212 0.01865069745571351981
0.01866306646708132053 0.01872928252427637219
0.01676357437950661694 0.01877633108136253157
0.01882217822077821706 0.01884736752120334119
0.01702609671973765587 0.01884736752120334119
0.01878089226209354520 0.01898905720253151949
0.01761764609989625863 0.01913005936134334548
0.01848217485069268695 0.01918380772161335998
0.01574712244095596153 0.01929192838698789991
0.01775313374408086717 0.01952576688393921345
0.01738723407581404395 0.01979828782457029868
0.01833881900887199615 0.01980513942626682677
0.01772481495122775474 0.02029786446287161483
0.01490975751269698994 0.02030769027813378313
0.01952901908078795781 0.02037533300689459842
0.01759544431083804802 0.02038756848288932055
0.02023562583698597372 0.02041706007777371532
0.02018651881375932780 0.02047469356719058484
0.01710715415397462066 0.02065872787600391697
0.02062287764005105509 0.02068231906009336540
0.02014815177217793921 0.02079219453325359054
0.01652622370070941024 0.02096467394377743432
0.02033429319797735307 0.02104222736973117985
0.01945235641702091484 0.02112235910460733349
0.01854664581161567793 0.02113717950898054074
0.01678814096907084441 0.02114074941346437420
0.01670212373700421041 0.02129218299418056057
0.01262789204924189695 0.02134593418501039633
0.01293962433346710315 0.02140771922866233426
0.01836127075991681595 0.02146017655501583285
0.01788168459895553633 0.02152485098031271804
0.01990780180669067881 0.02178576600484489340
0.01990513302255999054 0.02178778535082604578
0.01937277223969511783 0.02180513185981005839
0.01882731874515852777 0.02206217116421097316
0.02169423718171519314 0.02211149704678516334
0.01907595281704486945 0.02222817592083332211
0.01903058131455274624 0.02225803698888630805
0.01659539232599950911 0.02233942338128522970
0.01892049900054108835 0.02238395536451131401
0.02050816947071006438 0.02250243345997646541
0.01806393011749880817 0.02250371554253860484
0.02132015135244819115 0.02253545083144318020
0.01700406794925258744 0.02264176251784070712
0.01835531786637305263 0.02274769461778242824
0.01805873009117013248 0.02309169886836203930
0.02287448875665802975 0.02316185248548238707
0.01917386707052552361 0.02343657163437947583
0.02215994967548717484 0.02361633752685115065
0.01793606222035135089 0.02362211796114736112
0.02182240062291408364 0.02367058892832645325
0.01551879729168450031 0.02369664431284995015
0.02021499479620672557 0.02381106166423264253
0.02079661988228420980 0.02383045413487975758
0.01764624363867566686 0.02387152019559108523
0.02357449730906112720 0.02388136511779102855
0.02372432328430174736 0.02401382760838362274
0.01892278510902540428 0.02443417131056447103
0.02449411976882353084 0.02456707806426903368
0.02156328801458843106 0.02458882202551259527
0.01896463397103038614 0.02467243000219278282
0.01804544332279428911 0.02474075561422514613
0.02352209679812488491 0.02515231424916883687
0.02275662360206803445 0.02540251279700977624
0.02495731543632233318 0.02566339764721152494
0.02476286246694710952 0.02596839349556093884
0.01828750019014963035 0.02669016767074300703
0.02423161437693861775 0.02676207380736653901
0.02487753185996519414 0.02693632041264026195
0.01960495321388825915 0.02694835211907576147
0.02518063268507539018 0.02698634179101866773
0.02198224329817013642 0.02740748900591800583
0.02332787220060918501 0.02761007987797483437
0.02660867837314809595 0.02779410387549413955
0.02544488655618083045 0.02808396377495470456
0.02142423062563415109 0.02812746833608060701
0.01668088640306885154 0.02835863424301526478
0.02706283190859892079 0.02879077154595136717
0.02609579669808187799 0.02887177783654874125
0.02478351857778065756 0.02896487124169319291
0.02752723229084881942 0.02921367688166489132
0.02799713100441223249 0.02949144857231156269
0.02723325902105605892 0.02953068847406583111
0.02923431701777395170 0.02965717624785170481
0.02432991453611391824 0.02996586877619741504
0.02220681666891712730 0.03055882701712079805
0.02869270339024024633 0.03062784469992166705
0.03094456923021500147 0.03183579093781269131
0.03182788573776051955 0.03206959155500167108
0.02663276313457821690 0.03220888566210207415
0.02708262535191768849 0.03221627391157538822
0.02488857517198499181 0.03308123794977419624
0.02701181555392698913 0.03476095839547020672
0.03352260175639744377 0.03561918988101242523
0.03115372318340429991 0.03586805400663246185
0.03427920425385811570 0.03600072777391749579
0.03235488561384849276 0.03667328613955050942
0.03493849478111427792 0.03912737333941538470
0.03439948132384507140 0.03941184347476688055
0.03565880158002143752 0.04017080068737269305
0.03438189905701786314 0.04069728548427523768
0.05921603089025630207 0.05947317545373469183
0.04982901934132984850 0.05984205285174536842
