0.00000000000000000000 0.00106786505218431317
0.00000000000000000000 0.00286596355175016467
0.00000000000000000000 0.00377944911202916269
0.00000000000000000000 0.00461338031369171869
0.00000000000000000000 0.00468825078787907419
0.00000000000000000000 0.00469375886156240055
0.00000000000000000000 0.00512143170715445746
0.00000000000000000000 0.00525517130180379235
0.00000000000000000000 0.00532125512113263387
0.00000000000000000000 0.00532869562387839561
0.00000000000000000000 0.00559252285246150845
0.00000000000000000000 0.00584846154951447483
0.00000000000000000000 0.00621543308173680333
0.00000000000000000000 0.00647559182723742629
0.00000000000000000000 0.00675020526094995132
0.00000000000000000000 0.00681147050933505332
0.00000000000000000000 0.00705532371476831361
0.00000000000000000000 0.00709836255468334221
0.00000000000000000000 0.00712256222058409768
0.00000000000000000000 0.00733289681790204057
0.00000000000000000000 0.00745295136211384691
0.00000000000000000000 0.00751381997627115997
0.00000000000000000000 0.00764431677743452210
0.00000000000000000000 0.00771290529747281454
0.00000000000000000000 0.00829246449296749434
0.00000000000000000000 0.00837369789975864545
0.00000000000000000000 0.00847797863463384087
0.00000000000000000000 0.00858940687706478967
0.00000000000000000000 0.00868191352466426980
0.00000000000000000000 0.00874099857571164832
0.00000000000000000000 0.00879040884537928176
0.00000000000000000000 0.00879798941288583401
0.00000000000000000000 0.00900425237235623344
0.00000000000000000000 0.00902294026482127268
0.00000000000000000000 0.00906030924100097342
0.00000000000000000000 0.00922514364873044425
0.00000000000000000000 0.00945555490010084945
0.00000000000000000000 0.00970055237354607025
0.00000000000000000000 0.00971795339747217289
0.00000000000000000000 0.00973122078022922547
0.00000000000000000000 0.00986579013855942190
0.00000000000000000000 0.00991949706773138408
0.00000000000000000000 0.01005518168613189767
0.00000000000000000000 0.01033541504184583119
0.00000000000000000000 0.01038641168319967903
0.00000000000000000000 0.01043948187550499881
0.00000000000000000000 0.01044900027866750916
0.00000000000000000000 0.01046899667115963259
0.00000000000000000000 0.01053327209514719198
0.00000000000000000000 0.01066592880482821089
0.00000000000000000000 0.01066648521381807421
0.00000000000000000000 0.01079683016283717809
0.00000000000000000000 0.01089937591541936986
0.00000000000000000000 0.01093292086633708589
0.00000000000000000000 0.01115134288811550634
0.00000000000000000000 0.01123574263879440101
0.00000000000000000000 0.01126050875803186017
0.00000000000000000000 0.01129968622187339095
0.00000000000000000000 0.01140710923803185325
0.00000000000000000000 0.01155640301655393685
0.00000000000000000000 0.01160399951683590246
0.00000000000000000000 0.01163211793535325403
0.00000000000000000000 0.01165553450274146342
0.00000000000000000000 0.01165951860862742689
0.00000000000000000000 0.01169753634404140617
0.00000000000000000000 0.01177072286521051517
0.00000000000000000000 0.01181859476668451273
0.00000000000000000000 0.01195697869354967087
0.00000000000000000000 0.01197778092107974063
0.00000000000000000000 0.01210163521584296450
0.00000000000000000000 0.01243843332271137546
0.00000000000000000000 0.01251485857489327037
0.00000000000000000000 0.01255350337700366324
0.00000000000000000000 0.01266432070950937287
0.00000000000000000000 0.01274454872635582756
0.00000000000000000000 0.01285082333634822611
0.00000000000000000000 0.01285235385173478379
0.00000000000000000000 0.01292135382543942689
0.00000000000000000000 0.01302520273881337294
0.00000000000000000000 0.01303709093505335363
0.00000000000000000000 0.01309924109858592173
0.00000000000000000000 0.01315648929164611042
0.00000000000000000000 0.01316881927816285040
0.00000000000000000000 0.01317657283923357077
0.00000000000000000000 0.01321043908794275468
0.00000000000000000000 0.01321551802017731543
0.00000000000000000000 0.01328303292919649249
0.00000000000000000000 0.01336107167066535525
0.00000000000000000000 0.01339275884829805273
0.00000000000000000000 0.01345489423921171143
0.00000000000000000000 0.01347604172436754795
0.00000000000000000000 0.01350786119957298435
0.00000000000000000000 0.01355062026006183598
0.00000000000000000000 0.01356744238626944772
0.00000000000000000000 0.01357042285229757145
0.00000000000000000000 0.01365233972079539677
0.00000000000000000000 0.01365657915787027964
0.00000000000000000000 0.01387997128400485745
0.00000000000000000000 0.01391629576360546051
0.00000000000000000000 0.01396512645134396872
0.00000000000000000000 0.01403001572872051607
0.00000000000000000000 0.01413032821353769203
0.00000000000000000000 0.01432091154980307326
0.00000000000000000000 0.01438801871662291100
0.00000000000000000000 0.01442508298521274525
0.00000000000000000000 0.01445337171450047399
0.00000000000000000000 0.01454929178875046664
0.00000000000000000000 0.01456235328927191729
0.00000000000000000000 0.01459655745640116471
0.00000000000000000000 0.01461534383216227251
0.00000000000000000000 0.01464889638798862539
0.00000000000000000000 0.01465577044830502530
0.00000000000000000000 0.01468785964337628556
0.00000000000000000000 0.01469266570414094232
0.00000000000000000000 0.01470323725193603548
0.00000000000000000000 0.01476107457043668303
0.00000000000000000000 0.01483486337255545372
0.00000000000000000000 0.01486209610789798914
0.00000000000000000000 0.01511217709148499934
0.00000000000000000000 0.01513330884535588582
0.00000000000000000000 0.01518801923596039063
0.00000000000000000000 0.01521082514390971474
0.00000000000000000000 0.01521357272763146362
0.00000000000000000000 0.01529807175451227547
0.00000000000000000000 0.01556041072904006638
0.00000000000000000000 0.01561345713988552403
0.00000000000000000000 0.01569313394258897362
0.00000000000000000000 0.01573296421860289479
0.00000000000000000000 0.01576144156491745760
0.00000000000000000000 0.01579115605674577538
0.00000000000000000000 0.01579387006883426273
0.00000000000000000000 0.01583238068430920312
0.00000000000000000000 0.01585621094705893380
0.00000000000000000000 0.01586499819831847791
0.00000000000000000000 0.01590986745062349453
0.00000000000000000000 0.01591034251675085484
0.00000000000000000000 0.01596615289549095304
0.00000000000000000000 0.01598997311753419179
0.00000000000000000000 0.01601798583014318184
0.00000000000000000000 0.01613756298030721500
0.00000000000000000000 0.01622826090009119038
0.00000000000000000000 0.01623176076671363488
0.00000000000000000000 0.01627511967771935394
0.00000000000000000000 0.01627699605150884077
0.00000000000000000000 0.01633813535509474890
0.00000000000000000000 0.01643526107007875492
0.00000000000000000000 0.01646552489231776356
0.00000000000000000000 0.01649191216717541333
0.00000000000000000000 0.01661002531404431534
0.00000000000000000000 0.01664697896761081763
0.00000000000000000000 0.01666516946903138369
0.00000000000000000000 0.01693644492388505715
0.00000000000000000000 0.01695955463780134814
0.00000000000000000000 0.01697600739276956122
0.00000000000000000000 0.01712879475115621636
0.00000000000000000000 0.01715671929712018692
0.00000000000000000000 0.01727439684278822205
0.00000000000000000000 0.01727545927538706033
0.00000000000000000000 0.01728515879070455230
0.00000000000000000000 0.01731489156569667592
0.00000000000000000000 0.01763178337299203813
0.00000000000000000000 0.01764829795147662000
0.00000000000000000000 0.01766665670880954511
0.00000000000000000000 0.01774305980613318998
0.00000000000000000000 0.01777503225230977688
0.00000000000000000000 0.01803379555225581923
0.00000000000000000000 0.01809972276304529573
0.00000000000000000000 0.01814073490341270092
0.00000000000000000000 0.01816616376914300182
0.00000000000000000000 0.01823652320706588281
0.00000000000000000000 0.01824889095403111131
0.00000000000000000000 0.01825295301748599761
0.00000000000000000000 0.01825884431972207844
0.00000000000000000000 0.01834714919785020160
0.00000000000000000000 0.01841776597589947842
0.00000000000000000000 0.01849550125815924151
0.00000000000000000000 0.01852681037408923648
0.00000000000000000000 0.01857455985613753330
0.00000000000000000000 0.01857802004993840128
0.00000000000000000000 0.01867970230466643039
0.00000000000000000000 0.01869190204807314598
0.00000000000000000000 0.01869405998459329130
0.00000000000000000000 0.01871700058886937440
0.00000000000000000000 0.01877457576769903796
0.00000000000000000000 0.01877603989619382185
0.00000000000000000000 0.01880348959219094521
0.00000000000000000000 0.01893133811208990921
0.00000000000000000000 0.01897959114732006985
0.00000000000000000000 0.01901614496381908576
0.00000000000000000000 0.01902856943801229522
0.00000000000000000000 0.01910227134715618974
0.00000000000000000000 0.01911990435221616602
0.00000000000000000000 0.01927052353841547314
0.00000000000000000000 0.01934947439076143555
0.00000000000000000000 0.01935270930811725659
0.00000000000000000000 0.01937209108874025920
0.00000000000000000000 0.01937552423280175865
0.00000000000000000000 0.01941166372956855055
0.00000000000000000000 0.01948627834595556899
0.00000000000000000000 0.01948989856099164752
0.00000000000000000000 0.01962982171457300015
0.00000000000000000000 0.01968001741478787175
0.00000000000000000000 0.01968056264010843714
0.00000000000000000000 0.01969512767867055009
0.00000000000000000000 0.01972995426733193877
0.00000000000000000000 0.01974471570071844109
0.00000000000000000000 0.01975938330767314580
0.00000000000000000000 0.01984459693814188269
0.00000000000000000000 0.01997162131993280437
0.00000000000000000000 0.02000998890623767110
0.00000000000000000000 0.02001883801119123257
0.00000000000000000000 0.02014118927949647142
0.00000000000000000000 0.02021993676496484579
0.00000000000000000000 0.02026383230655795162
0.00000000000000000000 0.02037896462679682219
0.00000000000000000000 0.02039072477990652721
0.00000000000000000000 0.02040055158249189093
0.00000000000000000000 0.02041722993486383073
0.00000000000000000000 0.02042165256863284761
0.00000000000000000000 0.02042521002964513277
0.00000000000000000000 0.02044839121702355864
0.00000000000000000000 0.02049381703747843800
0.00000000000000000000 0.02054155647994514167
0.00000000000000000000 0.02056748569201307178
0.00000000000000000000 0.02057206111091963024
0.00000000000000000000 0.02057630183317965544
0.00000000000000000000 0.02062368516537215271
0.00000000000000000000 0.02073467779549136719
0.00000000000000000000 0.02078541045722913025
0.00000000000000000000 0.02082199424084444847
0.00000000000000000000 0.02085768648837805356
0.00000000000000000000 0.02089581632920340520
0.00000000000000000000 0.02090562203787557638
0.00000000000000000000 0.02090741431502656650
0.00000000000000000000 0.02091599105554486915
0.00000000000000000000 0.02093601654176176913
0.00000000000000000000 0.02100833909237657948
0.00000000000000000000 0.02103128234922624004
0.00000000000000000000 0.02122419548726938582
0.00000000000000000000 0.02123333673215010292
0.00000000000000000000 0.02130200913062858109
0.00000000000000000000 0.02131777345248671296
0.00000000000000000000 0.02146308816580243251
0.00000000000000000000 0.02156929205783942802
0.00000000000000000000 0.02157180619720840478
0.00000000000000000000 0.02159319804371340537
0.00000000000000000000 0.02161571615718269751
0.00000000000000000000 0.02170513508564293759
0.00000000000000000000 0.02179821243773891540
0.00000000000000000000 0.02193567756994533810
0.00000000000000000000 0.02193992577777637357
0.00000000000000000000 0.02199316756178838761
0.00000000000000000000 0.02201595179120769893
0.00000000000000000000 0.02204299472628019549
0.00000000000000000000 0.02205465197093447668
0.00000000000000000000 0.02209742228189904428
0.00000000000000000000 0.02234515530926807145
0.00000000000000000000 0.02245170020009949752
0.00000000000000000000 0.02258131487946727495
0.00000000000000000000 0.02259252925273307414
0.00000000000000000000 0.02264189579620512829
0.00000000000000000000 0.02265140390656660702
0.00000000000000000000 0.02267721454809632636
0.00000000000000000000 0.02271175314073269752
0.00000000000000000000 0.02271870994199898935
0.00000000000000000000 0.02272415950399244919
0.00000000000000000000 0.02277941809653439426
0.00000000000000000000 0.02282104253640518041
0.00000000000000000000 0.02283815783086278264
0.00000000000000000000 0.02286272265793510422
0.00000000000000000000 0.02292100161197025907
0.00000000000000000000 0.02294221684990896404
0.00000000000000000000 0.02297240402981163762
0.00000000000000000000 0.02303939043216287133
0.00000000000000000000 0.02304682520960888575
0.00000000000000000000 0.02306053448112430071
0.00000000000000000000 0.02311378444800655726
0.00000000000000000000 0.02323309414057921074
0.00000000000000000000 0.02323930941030497369
0.00000000000000000000 0.02324405430173033180
0.00000000000000000000 0.02324545079621614246
0.00000000000000000000 0.02324751085604142425
0.00000000000000000000 0.02324826260113228502
0.00000000000000000000 0.02329400285038554785
0.00000000000000000000 0.02332263163909057205
0.00000000000000000000 0.02332497614354298379
0.00000000000000000000 0.02338002357608116172
0.00000000000000000000 0.02343206730768180451
0.00000000000000000000 0.02351015726596441049
0.00000000000000000000 0.02351086603514839293
0.00000000000000000000 0.02352359025835535147
0.00000000000000000000 0.02361637178802419856
0.00000000000000000000 0.02372749249744816880
0.00000000000000000000 0.02373116610304964319
0.00000000000000000000 0.02373559884496625333
0.00000000000000000000 0.02378967050418217405
0.00000000000000000000 0.02382887154730760002
0.00000000000000000000 0.02384276345061668231
0.00000000000000000000 0.02384878935102317798
0.00000000000000000000 0.02388530303099137622
0.00000000000000000000 0.02389911633084887410
0.00000000000000000000 0.02392382363675473606
0.00000000000000000000 0.02395914563435842803
0.00000000000000000000 0.02396817133662259430
0.00000000000000000000 0.02397390956101915285
0.00000000000000000000 0.02405599739183583025
0.00000000000000000000 0.02414233430765230434
0.00000000000000000000 0.02414643443568589148
0.00000000000000000000 0.02428591251547324026
0.00000000000000000000 0.02473452482166937916
0.00000000000000000000 0.02482833650431298667
0.00000000000000000000 0.02496661058504767716
0.00000000000000000000 0.02509269194974115755
0.00000000000000000000 0.02520034879115067364
0.00000000000000000000 0.02536477501623600125
0.00000000000000000000 0.02537272731351191551
0.00000000000000000000 0.02556395778828198656
0.00000000000000000000 0.02619561998820162455
0.00000000000000000000 0.02626258778289435047
0.00000000000000000000 0.02627816322479130037
0.00000000000000000000 0.02634166569936505567
0.00000000000000000000 0.02643303102559836984
0.00000000000000000000 0.02648013332157858266
0.00000000000000000000 0.02648192013280021781
0.00000000000000000000 0.02658080914814191925
0.00000000000000000000 0.02658264138806360616
0.00000000000000000000 0.02682812448594684360
0.00000000000000000000 0.02682894949376198393
0.00000000000000000000 0.02689886616655825374
0.00000000000000000000 0.02695834000504792119
0.00000000000000000000 0.02700836459365008740
0.00000000000000000000 0.02711541687985108418
0.00000000000000000000 0.02732114638768894446
0.00000000000000000000 0.02737090315115282141
0.00000000000000000000 0.02739974098215366277
0.00000000000000000000 0.02743558670323341733
0.00000000000000000000 0.02745731752985715313
0.00000000000000000000 0.02758463576014695551
0.00000000000000000000 0.02772282223427482289
0.00000000000000000000 0.02778569323088398227
0.00000000000000000000 0.02784904930983705951
0.00000000000000000000 0.02786906646868412066
0.00000000000000000000 0.02786915427348525889
0.00000000000000000000 0.02787853140161364318
0.00000000000000000000 0.02787867138919198143
0.00000000000000000000 0.02789389640421912481
0.00000000000000000000 0.02792327540121574206
0.00000000000000000000 0.02808781486790087531
0.00000000000000000000 0.02851535493297188695
0.00000000000000000000 0.02873843006697819266
0.00000000000000000000 0.02878016675153236698
0.00000000000000000000 0.02885564737482870096
0.00000000000000000000 0.02891239936672270264
0.00000000000000000000 0.02900216682935861587
0.00000000000000000000 0.02916063866867258172
0.00000000000000000000 0.02974022983212491408
0.00000000000000000000 0.02992024705114999794
0.00000000000000000000 0.02993024459870366125
0.00000000000000000000 0.02999311230631995784
0.00000000000000000000 0.03007750099229039228
0.00000000000000000000 0.03026024329543503325
0.00000000000000000000 0.03030754959009102079
0.00000000000000000000 0.03036922558536190447
0.00000000000000000000 0.03054063021962292665
0.00000000000000000000 0.03058275132793031661
0.00000000000000000000 0.03083173862174914265
0.00000000000000000000 0.03094176609755697888
0.00000000000000000000 0.03094178341618209968
0.00000000000000000000 0.03097975792862178029
0.00000000000000000000 0.03100874868797734094
0.00000000000000000000 0.03115464015299894418
0.00000000000000000000 0.03117822564092727344
0.00000000000000000000 0.03143483830916141142
0.00000000000000000000 0.03151280485305894136
0.00000000000000000000 0.03166756870943748109
0.00000000000000000000 0.03183918099623268827
0.00000000000000000000 0.03185891324258464941
0.00000000000000000000 0.03188168939753863174
0.00000000000000000000 0.03197419399987812966
0.00000000000000000000 0.03207954781667723271
0.00000000000000000000 0.03210887051331186293
0.00000000000000000000 0.03213305956407263436
0.00000000000000000000 0.03221240845248145301
0.00000000000000000000 0.03222982088021143776
0.00000000000000000000 0.03235038437733514516
0.00000000000000000000 0.03243534528643124415
0.00000000000000000000 0.03245642186207822744
0.00000000000000000000 0.03258662810115005998
0.00000000000000000000 0.03265237345409531533
0.00000000000000000000 0.03268426461780897518
0.00000000000000000000 0.03284078356149583433
0.00000000000000000000 0.03298031150576015424
0.00000000000000000000 0.03303153921878553001
0.00000000000000000000 0.03327641820395662448
0.00000000000000000000 0.03332160704583975869
0.00000000000000000000 0.03337559813550506488
0.00000000000000000000 0.03343045038108469202
0.00000000000000000000 0.03343109057390042382
0.00000000000000000000 0.03353510162223435204
0.00000000000000000000 0.03384931111259180392
0.00000000000000000000 0.03395398837301783629
0.00000000000000000000 0.03415575942557422251
0.00000000000000000000 0.03416611173426017944
0.00000000000000000000 0.03428180094731188982
0.00000000000000000000 0.03430382181681108228
0.00000000000000000000 0.03443275314537391080
0.00000000000000000000 0.03456611585241786688
0.00000000000000000000 0.03461906995118783220
0.00000000000000000000 0.03479888993906925243
0.00000000000000000000 0.03481647206088057250
0.00000000000000000000 0.03481987703078395086
0.00000000000000000000 0.03496296278121896473
0.00000000000000000000 0.03497434963314938194
0.00000000000000000000 0.03508924333966477460
0.00000000000000000000 0.03511690287161773477
0.00000000000000000000 0.03512357600779359573
0.00000000000000000000 0.03538654861154959252
0.00000000000000000000 0.03550357866870156032
0.00000000000000000000 0.03551035741666559026
0.00000000000000000000 0.03567546669206358295
0.00000000000000000000 0.03570115111255200285
0.00000000000000000000 0.03573090665099136476
0.00000000000000000000 0.03583617884897524752
0.00000000000000000000 0.03592887709182893130
0.00000000000000000000 0.03629830614516879606
0.00000000000000000000 0.03642755595541585095
0.00000000000000000000 0.03652792477304494384
0.00000000000000000000 0.03653653763521326481
0.00000000000000000000 0.03662748049241342646
0.00000000000000000000 0.03670632032320451238
0.00000000000000000000 0.03681615246652879953
0.00000000000000000000 0.03687923983124734989
0.00000000000000000000 0.03733587732197962000
0.00000000000000000000 0.03748619630862582569
0.00000000000000000000 0.03751720919830662387
0.00000000000000000000 0.03759621251825946697
0.00000000000000000000 0.03776287249845404481
0.00000000000000000000 0.03779896618589901475
0.00000000000000000000 0.03803171676491768488
0.00000000000000000000 0.03806572791067379391
0.00000000000000000000 0.03859329287438680034
0.00000000000000000000 0.03869603256506994743
0.00000000000000000000 0.03911840518848552772
0.00000000000000000000 0.03929274580456506433
0.00000000000000000000 0.03930939098754548944
0.00000000000000000000 0.03945370147318524173
0.00000000000000000000 0.03945583487164978226
0.00000000000000000000 0.03953643696743833896
0.00000000000000000000 0.03985395118459375552
0.00000000000000000000 0.03989561177969223882
0.00000000000000000000 0.04002508301497639115
0.00000000000000000000 0.04036995047719641599
0.00000000000000000000 0.04047090773377727546
0.00000000000000000000 0.04074555769099136998
0.00000000000000000000 0.04075388319772031698
0.00000000000000000000 0.04076374060679968658
0.00000000000000000000 0.04091742868065333105
0.00000000000000000000 0.04136330436408137967
0.00000000000000000000 0.04185295435482076776
0.00000000000000000000 0.04212684670521814334
0.00000000000000000000 0.04270281393481109578
0.00000000000000000000 0.04347428247976779792
0.00000000000000000000 0.04378599006637969027
0.00000000000000000000 0.04402078673843753259
0.00000000000000000000 0.04460474709438742857
0.00000000000000000000 0.04543083172326001923
0.00000000000000000000 0.04550009894453625053
0.00000000000000000000 0.04573069209947135116
0.00000000000000000000 0.04663340399297718347
0.00000000000000000000 0.04663655783522812487
0.00000000000000000000 0.04710295083850098152
0.00000000000000000000 0.04727290628085435015
0.00000000000000000000 0.04811731780869034358
0.00000000000000000000 0.04854354343303196595
0.00000000000000000000 0.04888842438098955218
0.00000000000000000000 0.04976173225543758377
0.00000000000000000000 0.05026457823896537946
0.00000000000000000000 0.05131907383653799143
0.00000000000000000000 0.05399284427102871153
0.00000000000000000000 0.05401488733181434437
0.00000000000000000000 0.05470494986368577145
0.00000000000000000000 0.05661989687452581577
0.00000000000000000000 0.05679780793506927078
0.00000000000000000000 0.05783070435715569058
0.00000000000000000000 0.05890548382706928959
0.00000000000000000000 0.05948708620862821345
0.00000000000000000000 0.06115995874229772367
0.00000000000000000000 0.06194372798700219923
0.00000000000000000000 0.06196632792403613393
0.00000000000000000000 0.06645816712406944771
0.00000000000000000000 0.06778472114103635537
0.00000000000000000000 0.06915625566472112518
0.00000000000000000000 0.06964142970358452867
0.00000000000000000000 0.07486997455075300456
0.00000000000000000000 0.07696962966210579848
0.00000000000000000000 0.07792481002556528313
0.00000000000000000000 0.07838811094847508709
0.00000000000000000000 0.08775407881668002841
0.00000000000000000000 0.25300408286102832323
0.00000000000000000000 1.73205080756887719318
