0.00000000000000000000 0.00099025478587606440
0.00000000000000000000 0.00163083605878305469
0.00000000000000000000 0.00185738953426594624
0.00000000000000000000 0.00214756493664825052
0.00000000000000000000 0.00239729483209376792
0.00000000000000000000 0.00256615998673852524
0.00000000000000000000 0.00264386107110729579
0.00000000000000000000 0.00264678519138864974
0.00000000000000000000 0.00269943015074693843
0.00000000000000000000 0.00278037516795480704
0.00000000000000000000 0.00283012110646037925
0.00000000000000000000 0.00287197646657653830
0.00000000000000000000 0.00302245446993417051
0.00000000000000000000 0.00317609993763931248
0.00000000000000000000 0.00350039661840585497
0.00000000000000000000 0.00354349424152113068
0.00000000000000000000 0.00356795010652003180
0.00000000000000000000 0.00373664545809469176
0.00000000000000000000 0.00379931821032320188
0.00000000000000000000 0.00382996669411941708
0.00000000000000000000 0.00387406485762488298
0.00000000000000000000 0.00396177098699332202
0.00000000000000000000 0.00399796718487254073
0.00000000000000000000 0.00401795611138038283
0.00000000000000000000 0.00402853371640121694
0.00000000000000000000 0.00411311795822080165
0.00000000000000000000 0.00411611207950191450
0.00000000000000000000 0.00417822894674298780
0.00000000000000000000 0.00434139113412557696
0.00000000000000000000 0.00445415187763721718
0.00000000000000000000 0.00446024161455225911
0.00000000000000000000 0.00457013326591728004
0.00000000000000000000 0.00457972554752976869
0.00000000000000000000 0.00460228341965128636
0.00000000000000000000 0.00461344588626600403
0.00000000000000000000 0.00461763874205544864
0.00000000000000000000 0.00464806126530232806
0.00000000000000000000 0.00465355158076105613
0.00000000000000000000 0.00479047603860273310
0.00000000000000000000 0.00479167897141347630
0.00000000000000000000 0.00479228233553833597
0.00000000000000000000 0.00482818042596111236
0.00000000000000000000 0.00485164123235549711
0.00000000000000000000 0.00485431464366771741
0.00000000000000000000 0.00495923509136291830
0.00000000000000000000 0.00498340283258428066
0.00000000000000000000 0.00500113824375231133
0.00000000000000000000 0.00500519564298767400
0.00000000000000000000 0.00501692668871955415
0.00000000000000000000 0.00509848040416700180
0.00000000000000000000 0.00510315313261354604
0.00000000000000000000 0.00512115686605314670
0.00000000000000000000 0.00517119153986767000
0.00000000000000000000 0.00520125241988326961
0.00000000000000000000 0.00524361583989953542
0.00000000000000000000 0.00527113077990310278
0.00000000000000000000 0.00529410593133673116
0.00000000000000000000 0.00536639287138845292
0.00000000000000000000 0.00537046562743668816
0.00000000000000000000 0.00538332246957426343
0.00000000000000000000 0.00540297537607688748
0.00000000000000000000 0.00541234767750326667
0.00000000000000000000 0.00546711699634401874
0.00000000000000000000 0.00546859800381260461
0.00000000000000000000 0.00551441354043017383
0.00000000000000000000 0.00552631816676243774
0.00000000000000000000 0.00553737098934414720
0.00000000000000000000 0.00554549932231557241
0.00000000000000000000 0.00557470463854855495
0.00000000000000000000 0.00558397275251157343
0.00000000000000000000 0.00561706028289360188
0.00000000000000000000 0.00561781165077116992
0.00000000000000000000 0.00563629608788726155
0.00000000000000000000 0.00571589850491977663
0.00000000000000000000 0.00573624026365950144
0.00000000000000000000 0.00574406172534620146
0.00000000000000000000 0.00581316102483079786
0.00000000000000000000 0.00583364091402020432
0.00000000000000000000 0.00586829869252406856
0.00000000000000000000 0.00587614506323098831
0.00000000000000000000 0.00588616734217770055
0.00000000000000000000 0.00590578005303151517
0.00000000000000000000 0.00592966149784406992
0.00000000000000000000 0.00601133670616208274
0.00000000000000000000 0.00601829940741822889
0.00000000000000000000 0.00613749063295192764
0.00000000000000000000 0.00614535615303841293
0.00000000000000000000 0.00614552784493094858
0.00000000000000000000 0.00615395885896011154
0.00000000000000000000 0.00627972239810518397
0.00000000000000000000 0.00629815569475943981
0.00000000000000000000 0.00632039730187287929
0.00000000000000000000 0.00639953756855725971
0.00000000000000000000 0.00640738353398701346
0.00000000000000000000 0.00641860588228911066
0.00000000000000000000 0.00645871869315294868
0.00000000000000000000 0.00654532529820189488
0.00000000000000000000 0.00656329054303670268
0.00000000000000000000 0.00661679451741143884
0.00000000000000000000 0.00670238827855126722
0.00000000000000000000 0.00673167934914667161
0.00000000000000000000 0.00673949834926997320
0.00000000000000000000 0.00675285201706423473
0.00000000000000000000 0.00677233374930678172
0.00000000000000000000 0.00679738572972754269
0.00000000000000000000 0.00680239053643336491
0.00000000000000000000 0.00680893365076765816
0.00000000000000000000 0.00682333680904148154
0.00000000000000000000 0.00692226493581866130
0.00000000000000000000 0.00696221074768973384
0.00000000000000000000 0.00697028257875668533
0.00000000000000000000 0.00699320337490273725
0.00000000000000000000 0.00702502036487340741
0.00000000000000000000 0.00706003991604705738
0.00000000000000000000 0.00708450978230722520
0.00000000000000000000 0.00712854247302007870
0.00000000000000000000 0.00714724423428111238
0.00000000000000000000 0.00714889040001894308
0.00000000000000000000 0.00719380783579522641
0.00000000000000000000 0.00721322749483388394
0.00000000000000000000 0.00722195503545283723
0.00000000000000000000 0.00728272801550216339
0.00000000000000000000 0.00728532685578794307
0.00000000000000000000 0.00731090962531514774
0.00000000000000000000 0.00733030544331400406
0.00000000000000000000 0.00733712318196972583
0.00000000000000000000 0.00735777211792262506
0.00000000000000000000 0.00737635944653442129
0.00000000000000000000 0.00739179128554610931
0.00000000000000000000 0.00741317988372504864
0.00000000000000000000 0.00742014514853438396
0.00000000000000000000 0.00745677312810747589
0.00000000000000000000 0.00749600784849144969
0.00000000000000000000 0.00753944088012253096
0.00000000000000000000 0.00755690085329512127
0.00000000000000000000 0.00755968286481109239
0.00000000000000000000 0.00762687446899503168
0.00000000000000000000 0.00763276167527703314
0.00000000000000000000 0.00768999223603072501
0.00000000000000000000 0.00769033805675299782
0.00000000000000000000 0.00769856798881653724
0.00000000000000000000 0.00771423483969307499
0.00000000000000000000 0.00776458250339590386
0.00000000000000000000 0.00776692296775167035
0.00000000000000000000 0.00777767762077234519
0.00000000000000000000 0.00777814713048794164
0.00000000000000000000 0.00779337106446512887
0.00000000000000000000 0.00783928426144823304
0.00000000000000000000 0.00786491557509063667
0.00000000000000000000 0.00787586918665107889
0.00000000000000000000 0.00789970674809772552
0.00000000000000000000 0.00790799513577621939
0.00000000000000000000 0.00794217597185752772
0.00000000000000000000 0.00796256354411591268
0.00000000000000000000 0.00797351300531930034
0.00000000000000000000 0.00806329459835712289
0.00000000000000000000 0.00807426335708678541
0.00000000000000000000 0.00807655771650989639
0.00000000000000000000 0.00810033780548737384
0.00000000000000000000 0.00816808155827378202
0.00000000000000000000 0.00822099809394912298
0.00000000000000000000 0.00822390887522630835
0.00000000000000000000 0.00825491268927095248
0.00000000000000000000 0.00825683951339481990
0.00000000000000000000 0.00826202283473894891
0.00000000000000000000 0.00830777080366275518
0.00000000000000000000 0.00831125677901364303
0.00000000000000000000 0.00831180393534499892
0.00000000000000000000 0.00832878097661988830
0.00000000000000000000 0.00832936495625227931
0.00000000000000000000 0.00837723961906240364
0.00000000000000000000 0.00839355821878859897
0.00000000000000000000 0.00840207728988419562
0.00000000000000000000 0.00840756275721974734
0.00000000000000000000 0.00841508593722642417
0.00000000000000000000 0.00842063598202194910
0.00000000000000000000 0.00842788851758870770
0.00000000000000000000 0.00843366378411830771
0.00000000000000000000 0.00852678821450355250
0.00000000000000000000 0.00856553044671935944
0.00000000000000000000 0.00857924138478965807
0.00000000000000000000 0.00863734119488964933
0.00000000000000000000 0.00871510854912277595
0.00000000000000000000 0.00872512194114326289
0.00000000000000000000 0.00873881202814623739
0.00000000000000000000 0.00874696450772131755
0.00000000000000000000 0.00879538184914692260
0.00000000000000000000 0.00883737652620790286
0.00000000000000000000 0.00884910195039161247
0.00000000000000000000 0.00885008273577017265
0.00000000000000000000 0.00888479081107754372
0.00000000000000000000 0.00889316839041712735
0.00000000000000000000 0.00889875942951898723
0.00000000000000000000 0.00890853049848294547
0.00000000000000000000 0.00891664730561728819
0.00000000000000000000 0.00893031312944330379
0.00000000000000000000 0.00896977125846833145
0.00000000000000000000 0.00899013430904301893
0.00000000000000000000 0.00899089757870213772
0.00000000000000000000 0.00901277119705101194
0.00000000000000000000 0.00903859151941926141
0.00000000000000000000 0.00907457396888859506
0.00000000000000000000 0.00907874561934003330
0.00000000000000000000 0.00908777023525951695
0.00000000000000000000 0.00914133787431951374
0.00000000000000000000 0.00927796025030878761
0.00000000000000000000 0.00928569847465780807
0.00000000000000000000 0.00932635373051007507
0.00000000000000000000 0.00936415432993937570
0.00000000000000000000 0.00937842361195050447
0.00000000000000000000 0.00939090421389278916
0.00000000000000000000 0.00943792790613858477
0.00000000000000000000 0.00946734145382821177
0.00000000000000000000 0.00951463938004535985
0.00000000000000000000 0.00957405079531157069
0.00000000000000000000 0.00958644995391724417
0.00000000000000000000 0.00958671804951179846
0.00000000000000000000 0.00962537229866941395
0.00000000000000000000 0.00965705350698232469
0.00000000000000000000 0.00968149977598155298
0.00000000000000000000 0.00972020209273850508
0.00000000000000000000 0.00972824497393001870
0.00000000000000000000 0.00974657607960737783
0.00000000000000000000 0.00974988216911949583
0.00000000000000000000 0.00975700522529502831
0.00000000000000000000 0.00976234504980052868
0.00000000000000000000 0.00976268933274794352
0.00000000000000000000 0.00987334111050653697
0.00000000000000000000 0.00988343221482772608
0.00000000000000000000 0.00989742172202290674
0.00000000000000000000 0.00990322531086230799
0.00000000000000000000 0.00992763484476179812
0.00000000000000000000 0.00999306095036643291
0.00000000000000000000 0.01003731064289078816
0.00000000000000000000 0.01004641914549055971
0.00000000000000000000 0.01004926373775810733
0.00000000000000000000 0.01012148121766542376
0.00000000000000000000 0.01019143185774421499
0.00000000000000000000 0.01020666492630216589
0.00000000000000000000 0.01021136165285433696
0.00000000000000000000 0.01022194621989552972
0.00000000000000000000 0.01024630223792096992
0.00000000000000000000 0.01024732663137023492
0.00000000000000000000 0.01025494202024916993
0.00000000000000000000 0.01025545873815742956
0.00000000000000000000 0.01034720359893790027
0.00000000000000000000 0.01036028210833363217
0.00000000000000000000 0.01036607576862223767
0.00000000000000000000 0.01051624604320013263
0.00000000000000000000 0.01052793366688216728
0.00000000000000000000 0.01060887117514735904
0.00000000000000000000 0.01061647136724975030
0.00000000000000000000 0.01063249557244934709
0.00000000000000000000 0.01064301771904741650
0.00000000000000000000 0.01065512826345169431
0.00000000000000000000 0.01066572637173766359
0.00000000000000000000 0.01067146092511780248
0.00000000000000000000 0.01073655425039854276
0.00000000000000000000 0.01075994243188831134
0.00000000000000000000 0.01078425755066821264
0.00000000000000000000 0.01078667624780807466
0.00000000000000000000 0.01080492172407197284
0.00000000000000000000 0.01083171435997250763
0.00000000000000000000 0.01084847546992393809
0.00000000000000000000 0.01093282308478151291
0.00000000000000000000 0.01094620817127718408
0.00000000000000000000 0.01095642431500780563
0.00000000000000000000 0.01097878975803675584
0.00000000000000000000 0.01097956390345217192
0.00000000000000000000 0.01101484617458900125
0.00000000000000000000 0.01105973908122151461
0.00000000000000000000 0.01105995965146350062
0.00000000000000000000 0.01106289537032151618
0.00000000000000000000 0.01113587714993443875
0.00000000000000000000 0.01116488963946490540
0.00000000000000000000 0.01117444187643877769
0.00000000000000000000 0.01118247288674548492
0.00000000000000000000 0.01119208865861062718
0.00000000000000000000 0.01120769716876271124
0.00000000000000000000 0.01124925139378548170
0.00000000000000000000 0.01131149195919058451
0.00000000000000000000 0.01134910450952307526
0.00000000000000000000 0.01148778804171168844
0.00000000000000000000 0.01154049452699121812
0.00000000000000000000 0.01154780689351721755
0.00000000000000000000 0.01159414329576631542
0.00000000000000000000 0.01168837104108944730
0.00000000000000000000 0.01168847786502610030
0.00000000000000000000 0.01172756215740527845
0.00000000000000000000 0.01173365337552675046
0.00000000000000000000 0.01178005647113572994
0.00000000000000000000 0.01178200503739684768
0.00000000000000000000 0.01180153754650670010
0.00000000000000000000 0.01181111204278741458
0.00000000000000000000 0.01187755269599573456
0.00000000000000000000 0.01202965853327195474
0.00000000000000000000 0.01203768915333712150
0.00000000000000000000 0.01204353035141240459
0.00000000000000000000 0.01208659817743980118
0.00000000000000000000 0.01212865923942426684
0.00000000000000000000 0.01217514917733148426
0.00000000000000000000 0.01217965221247612612
0.00000000000000000000 0.01218095385868163925
0.00000000000000000000 0.01219490996210153069
0.00000000000000000000 0.01219513195379924760
0.00000000000000000000 0.01227047893882886320
0.00000000000000000000 0.01228471494944004261
0.00000000000000000000 0.01229305742278081169
0.00000000000000000000 0.01231780040543799422
0.00000000000000000000 0.01240958916356652876
0.00000000000000000000 0.01244162801282967627
0.00000000000000000000 0.01246535849929148419
0.00000000000000000000 0.01249037935331451417
0.00000000000000000000 0.01250628652101151705
0.00000000000000000000 0.01251835856554597316
0.00000000000000000000 0.01256562161668467632
0.00000000000000000000 0.01257287023650755300
0.00000000000000000000 0.01269996578479690684
0.00000000000000000000 0.01271545467658393228
0.00000000000000000000 0.01278562487783482457
0.00000000000000000000 0.01286595918829239529
0.00000000000000000000 0.01315930748302874577
0.00000000000000000000 0.01318019873293017202
0.00000000000000000000 0.01321262221670221546
0.00000000000000000000 0.01333063916883690629
0.00000000000000000000 0.01339038937312258745
0.00000000000000000000 0.01342401214153621583
0.00000000000000000000 0.01346360572990460552
0.00000000000000000000 0.01349872311170668450
0.00000000000000000000 0.01353000819829380287
0.00000000000000000000 0.01360151146557043132
0.00000000000000000000 0.01360279517723192270
0.00000000000000000000 0.01361111649110818660
0.00000000000000000000 0.01364899685318402348
0.00000000000000000000 0.01374957127930666149
0.00000000000000000000 0.01375282947246833816
0.00000000000000000000 0.01376601329787184927
0.00000000000000000000 0.01386375022145367071
0.00000000000000000000 0.01389792073395425612
0.00000000000000000000 0.01390778871053840494
0.00000000000000000000 0.01391900449494233930
0.00000000000000000000 0.01393848910660771059
0.00000000000000000000 0.01398055625849863037
0.00000000000000000000 0.01404049142652232830
0.00000000000000000000 0.01404107762095764197
0.00000000000000000000 0.01408462495417463906
0.00000000000000000000 0.01410604173679323725
0.00000000000000000000 0.01412437884268227806
0.00000000000000000000 0.01415399855589026361
0.00000000000000000000 0.01417014063242753863
0.00000000000000000000 0.01419410062973910230
0.00000000000000000000 0.01431841479796665609
0.00000000000000000000 0.01441076960943934483
0.00000000000000000000 0.01445274261082618757
0.00000000000000000000 0.01455144268720487931
0.00000000000000000000 0.01455514307111609000
0.00000000000000000000 0.01464536050139840506
0.00000000000000000000 0.01467526035071831103
0.00000000000000000000 0.01467724001966513002
0.00000000000000000000 0.01502223106218631386
0.00000000000000000000 0.01503497174136296174
0.00000000000000000000 0.01505359619686252697
0.00000000000000000000 0.01519783694570508124
0.00000000000000000000 0.01519853035447701027
0.00000000000000000000 0.01523382530203893324
0.00000000000000000000 0.01528759415822245234
0.00000000000000000000 0.01530838111324613407
0.00000000000000000000 0.01532985509415718886
0.00000000000000000000 0.01533913436125906339
0.00000000000000000000 0.01535556106532149669
0.00000000000000000000 0.01537303429160791560
0.00000000000000000000 0.01542826264524314525
0.00000000000000000000 0.01542945537838609146
0.00000000000000000000 0.01543288541442029704
0.00000000000000000000 0.01544725966798923822
0.00000000000000000000 0.01548815418276927591
0.00000000000000000000 0.01564756684156557581
0.00000000000000000000 0.01573544786607601609
0.00000000000000000000 0.01575510670715893694
0.00000000000000000000 0.01583049713860905025
0.00000000000000000000 0.01600029504996705598
0.00000000000000000000 0.01600686916085801090
0.00000000000000000000 0.01601441036386268280
0.00000000000000000000 0.01618235809941423117
0.00000000000000000000 0.01618358263454063029
0.00000000000000000000 0.01622439265283466200
0.00000000000000000000 0.01626696520030965903
0.00000000000000000000 0.01633081176913396548
0.00000000000000000000 0.01635048512082452540
0.00000000000000000000 0.01645097740468899269
0.00000000000000000000 0.01647871825038069865
0.00000000000000000000 0.01651948168623310065
0.00000000000000000000 0.01658256430838774692
0.00000000000000000000 0.01658764097382634320
0.00000000000000000000 0.01667691580027687304
0.00000000000000000000 0.01668275369454185267
0.00000000000000000000 0.01680838814294604786
0.00000000000000000000 0.01684194312171501812
0.00000000000000000000 0.01687119160799284076
0.00000000000000000000 0.01689912883552641132
0.00000000000000000000 0.01690340850683009002
0.00000000000000000000 0.01692132611691141153
0.00000000000000000000 0.01706749999315550215
0.00000000000000000000 0.01709650671061714935
0.00000000000000000000 0.01712794537769906159
0.00000000000000000000 0.01714659041752513921
0.00000000000000000000 0.01719130051287652561
0.00000000000000000000 0.01723710698975479752
0.00000000000000000000 0.01733082405213902388
0.00000000000000000000 0.01735701855870122948
0.00000000000000000000 0.01740834700645727331
0.00000000000000000000 0.01742323608134146995
0.00000000000000000000 0.01756148793124544250
0.00000000000000000000 0.01776964714821903032
0.00000000000000000000 0.01808123540837087637
0.00000000000000000000 0.01823421641929174122
0.00000000000000000000 0.01831878484947058183
0.00000000000000000000 0.01840487024404306379
0.00000000000000000000 0.01840542260509306707
0.00000000000000000000 0.01847065204035248237
0.00000000000000000000 0.01847081786518917426
0.00000000000000000000 0.01851866469403334187
0.00000000000000000000 0.01887011420094344277
0.00000000000000000000 0.01890294694368628570
0.00000000000000000000 0.01898480834685640009
0.00000000000000000000 0.01929209370265849710
0.00000000000000000000 0.01929732995413472804
0.00000000000000000000 0.01947707433980827574
0.00000000000000000000 0.01958523136567247649
0.00000000000000000000 0.01966754504168867490
0.00000000000000000000 0.01968755143639894928
0.00000000000000000000 0.01970699642319144809
0.00000000000000000000 0.01970763439911547843
0.00000000000000000000 0.01981449589481121265
0.00000000000000000000 0.01990376501345783242
0.00000000000000000000 0.02012624465300272628
0.00000000000000000000 0.02017875664050273674
0.00000000000000000000 0.02053752800049907928
0.00000000000000000000 0.02084694154188357351
0.00000000000000000000 0.02108065749298551617
0.00000000000000000000 0.02108448591148136958
0.00000000000000000000 0.02112758074702662803
0.00000000000000000000 0.02116541577657487377
0.00000000000000000000 0.02127797586642300037
0.00000000000000000000 0.02129148774958059334
0.00000000000000000000 0.02142913436218853510
0.00000000000000000000 0.02164667211758413909
0.00000000000000000000 0.02191487527767301685
0.00000000000000000000 0.02207481880922941217
0.00000000000000000000 0.02213583581906380243
0.00000000000000000000 0.02236462422854392992
0.00000000000000000000 0.02244568966191945458
0.00000000000000000000 0.02257285606072364365
0.00000000000000000000 0.02268550203924631081
0.00000000000000000000 0.02282770496646793768
0.00000000000000000000 0.02291521860814014697
0.00000000000000000000 0.02321148757898130674
0.00000000000000000000 0.02369176741642941425
0.00000000000000000000 0.02386678473728344810
0.00000000000000000000 0.02389979686165260089
0.00000000000000000000 0.02407980872787673227
0.00000000000000000000 0.02428866705462185208
0.00000000000000000000 0.02442925519185638883
0.00000000000000000000 0.02451847820340647202
0.00000000000000000000 0.02467352892085367122
0.00000000000000000000 0.02472528276342843279
0.00000000000000000000 0.02502796162796096235
0.00000000000000000000 0.02508744846401347525
0.00000000000000000000 0.02520888399892180429
0.00000000000000000000 0.02555546281678616402
0.00000000000000000000 0.02630526372425748619
0.00000000000000000000 0.02654048130851719214
0.00000000000000000000 0.02654068927609108675
0.00000000000000000000 0.02676706180074403529
0.00000000000000000000 0.02806138595369943312
0.00000000000000000000 0.02887978998311779497
0.00000000000000000000 0.02909537726143322442
0.00000000000000000000 0.02951187248987105841
0.00000000000000000000 0.02976498185112992287
0.00000000000000000000 0.03077228823055913262
0.00000000000000000000 0.03103159482238581138
0.00000000000000000000 0.03172148186199534592
0.00000000000000000000 0.03177718399984476305
0.00000000000000000000 0.03230500900727961006
0.00000000000000000000 0.03247938080479948614
0.00000000000000000000 0.03309917891030653148
0.00000000000000000000 0.03379002371033417579
0.00000000000000000000 0.03443086529139082613
0.00000000000000000000 0.03444170905327417764
0.00000000000000000000 0.03707290201321815359
0.00000000000000000000 0.03886468480680169840
0.00000000000000000000 0.03981414280014948515
0.00000000000000000000 0.04577201267969589760
0.00000000000000000000 0.04604004708997590928
0.00000000000000000000 0.05412521975724945977
0.00000000000000000000 0.06034616555319768233
0.00000000000000000000 0.11630665289213695801
0.00000000000000000000 0.11850802851655892201
0.00000000000000000000 0.58180168735049575535
0.00000000000000000000 1.73205080756887719318
