0.02954774585555704908 0.03141645233366745921
0.03541714009619058301 0.03622792868469695143
0.03669077751727031766 0.03836397275383687799
0.03955210952261698637 0.04307863246151666381
0.04232718174528530414 0.04314558583429236455
0.04138516191940164179 0.04598208471219218663
0.04760011739228708211 0.04809623739647821833
0.03897786344775681922 0.04894362409179215528
0.03922159506608052792 0.04926623356574828805
0.04732878943335258604 0.05145623305886512511
0.05129396708900331447 0.05160554295216731452
0.05064573801283085014 0.05245543757894180481
0.05034648575730060055 0.05387126502564436314
0.04372957086263810911 0.05469480211437938166
0.04235727347797326597 0.05496646018104069109
0.04975542225291375298 0.05615209371675806277
0.05461231380483213410 0.05808313615154626908
0.04600511129190409942 0.05868169802869323270
0.05718410688208990650 0.05995348953501185296
0.05681666930749756927 0.06016859764808967642
0.05704351554107740807 0.06046818163704815313
0.05834696747713062626 0.06063693425181674451
0.05614138819928662927 0.06119302192340252827
0.05247619902348459042 0.06152620480404966813
0.06075388682605657037 0.06195526588472068108
0.04912489666560404533 0.06205242962782826083
0.05458155291845025875 0.06415551550678363912
0.05738113422983952966 0.06743359328465080293
0.06555587501275962625 0.06754136043856187599
0.05970224285824168864 0.06766579222013538453
0.05728663164874014946 0.06775795843779225391
0.05180902302723790903 0.06810366004576655363
0.06195176485745695905 0.06817945933628835609
0.06084840998502419329 0.06854784997355786724
0.05834035555573165166 0.06861293169280076321
0.06355849364049420691 0.07020788776571840195
0.06421635461755348384 0.07045157016645849091
0.05560922327107575835 0.07056408712381810611
0.04326742866619107120 0.07330312571042654768
0.06739080913903029713 0.07349489486099153313
0.07088276976415953945 0.07526111016239560303
0.07029460120704272841 0.07553383359244245088
0.07453185262695893876 0.07612574975633681906
0.07116759724663958286 0.07622022480692486335
0.06373688553481904329 0.07776722176377112716
0.06685864356317709756 0.07832184947338909076
0.06841514379932131518 0.07879399808086472168
0.07233724306174141305 0.07949069554834858886
0.07863694260450543316 0.08126581849065063479
0.05807532412256946608 0.08128395767629352509
0.05563978232895328002 0.08216402233485102513
0.06661110868337168089 0.08355148272283080546
0.06798165341389342253 0.08361929724840351519
0.08019883038407975284 0.08397324701501897304
0.06302676711847339519 0.08413288466141670419
0.06407554945325463769 0.08437246446929774768
0.06642302868502364399 0.08447207650509654109
0.07772854383603206019 0.08476351391028219551
0.07702299062338771596 0.08584394103361855932
0.08451217774514378778 0.08637589127025790958
0.07520554716847382970 0.08639906445126276091
0.07104722710466354618 0.08644650147866173029
0.06351514850832022663 0.08797527660566492602
0.07150348786978302784 0.08812672936817084191
0.08575391641255356023 0.09228061070178665559
0.08655860629067479994 0.09232337312240625204
0.08736001157395800742 0.09237565185480939300
0.07133592949755353241 0.09386325990452770718
0.08896668449379015187 0.09498510524801526134
0.08014661451572491213 0.09509854365129843945
0.07765667853017282907 0.09553826480840833801
0.06485014864188622108 0.09855910497027135786
0.09253149601450744166 0.09912900704248021888
0.08873116203411683667 0.09954689456411058845
0.07524186206575256275 0.09971195652020406475
0.08425163930352201624 0.10029166122061161648
0.09948945055765108514 0.10054750926929494070
0.08987739414099592261 0.10142820794500595483
0.05311629589665495949 0.10166644117793534330
0.07669817321085552198 0.10217415397533817500
0.10186212220494775260 0.10432756627049449838
0.09473058236247565433 0.10502878434482446068
0.07110755495481101141 0.10538764523576642229
0.06694711921641070818 0.10555549530574935557
0.08379858240620971510 0.10814260201194544897
0.08155849404662987578 0.10876831581347357059
0.07533839042650657125 0.10898815765413884249
0.08875832502182724737 0.11157593696739449840
0.06273337104358231442 0.11185549064110951456
0.10269568379134730307 0.11746051769853797786
0.09739571486994784422 0.11888083202990772091
0.08207960983595861959 0.12270132679250417285
0.07383941740994595659 0.12443701944300367135
0.12421032763727495041 0.12628632485483870518
0.09810149055657849115 0.12903890717266142119
0.11713003450913000991 0.13058851408041283193
0.13039254351856024994 0.13185229629983366562
0.11314891934209206359 0.13890895847896467252
0.14362808497730064627 0.14595621838498243350
0.11648745008950824043 0.14617102202065712646
0.15904667396070135132 0.16467204829120402065
0.13070039150847623244 0.17968762942753921386
0.18196546100338634178 0.18543818761892122415
0.22101582745078274250 0.22134756770716487728
0.07038280888953531156 0.45996331011807689571
