0.00000000000000000000 0.00210426428683207437
0.00000000000000000000 0.00262529956751594764
0.00000000000000000000 0.00282383690768399018
0.00000000000000000000 0.00291681010740744593
0.00000000000000000000 0.00350469396684614581
0.00000000000000000000 0.00443383470662712074
0.00000000000000000000 0.00450006576084103181
0.00000000000000000000 0.00478922471688295395
0.00000000000000000000 0.00499852448151819409
0.00000000000000000000 0.00503273776643441053
0.00000000000000000000 0.00504301239245674455
0.00000000000000000000 0.00538410323229972752
0.00000000000000000000 0.00539250526303871811
0.00000000000000000000 0.00544689847784068665
0.00000000000000000000 0.00546667079965801241
0.00000000000000000000 0.00564442098958398402
0.00000000000000000000 0.00662227789375926124
0.00000000000000000000 0.00662470890132597738
0.00000000000000000000 0.00667833037175547418
0.00000000000000000000 0.00696157293671619080
0.00000000000000000000 0.00707151610504839784
0.00000000000000000000 0.00754881634515651087
0.00000000000000000000 0.00760230697022937479
0.00000000000000000000 0.00815969775128185838
0.00000000000000000000 0.00817922986410275950
0.00000000000000000000 0.00822023322439963296
0.00000000000000000000 0.00827701136497940859
0.00000000000000000000 0.00851003417265708099
0.00000000000000000000 0.00865624285688016207
0.00000000000000000000 0.00894709966569589080
0.00000000000000000000 0.00951280950884474466
0.00000000000000000000 0.00955397431321531806
0.00000000000000000000 0.00970309268988617940
0.00000000000000000000 0.00979271081354853717
0.00000000000000000000 0.01002926383225657969
0.00000000000000000000 0.01046171120963421824
0.00000000000000000000 0.01057704901948483198
0.00000000000000000000 0.01057754937704973551
0.00000000000000000000 0.01067022592829005787
0.00000000000000000000 0.01074925095202636932
0.00000000000000000000 0.01084693274256358711
0.00000000000000000000 0.01086220109568608420
0.00000000000000000000 0.01095426932545859496
0.00000000000000000000 0.01101392881613274220
0.00000000000000000000 0.01109442302325450158
0.00000000000000000000 0.01110150729160508387
0.00000000000000000000 0.01136287451017407683
0.00000000000000000000 0.01150722753093556296
0.00000000000000000000 0.01168800654867503674
0.00000000000000000000 0.01183976486931020630
0.00000000000000000000 0.01201633659158574986
0.00000000000000000000 0.01203434805501271687
0.00000000000000000000 0.01220462990842812248
0.00000000000000000000 0.01228450311067868020
0.00000000000000000000 0.01234060969212876641
0.00000000000000000000 0.01250796597634501114
0.00000000000000000000 0.01261796558380721273
0.00000000000000000000 0.01274067042209303668
0.00000000000000000000 0.01275187575265107100
0.00000000000000000000 0.01288661218013969871
0.00000000000000000000 0.01309665313697991676
0.00000000000000000000 0.01323092279804167007
0.00000000000000000000 0.01326257085664240588
0.00000000000000000000 0.01334777184704959672
0.00000000000000000000 0.01352641040140666572
0.00000000000000000000 0.01360328404749650867
0.00000000000000000000 0.01364720665239148138
0.00000000000000000000 0.01378492343097200389
0.00000000000000000000 0.01388316761768451646
0.00000000000000000000 0.01406138215582074247
0.00000000000000000000 0.01423973471040888665
0.00000000000000000000 0.01429546076431181117
0.00000000000000000000 0.01433106070479826279
0.00000000000000000000 0.01440354631794172474
0.00000000000000000000 0.01468125335063968223
0.00000000000000000000 0.01483810884596611750
0.00000000000000000000 0.01517945146558324909
0.00000000000000000000 0.01527730294687396941
0.00000000000000000000 0.01529199847850120156
0.00000000000000000000 0.01535194746286743135
0.00000000000000000000 0.01536684224499928683
0.00000000000000000000 0.01540142730917117703
0.00000000000000000000 0.01540250447748118916
0.00000000000000000000 0.01552187328590054656
0.00000000000000000000 0.01560393117492753744
0.00000000000000000000 0.01578220730235899497
0.00000000000000000000 0.01598121928427657934
0.00000000000000000000 0.01631820366409327330
0.00000000000000000000 0.01636214345802699741
0.00000000000000000000 0.01644962173351297019
0.00000000000000000000 0.01645875092304380921
0.00000000000000000000 0.01650141146206551140
0.00000000000000000000 0.01659808936923120801
0.00000000000000000000 0.01661668525500283392
0.00000000000000000000 0.01680734552079883939
0.00000000000000000000 0.01680747915547191329
0.00000000000000000000 0.01685788004323296105
0.00000000000000000000 0.01686985731894251328
0.00000000000000000000 0.01690061398126690637
0.00000000000000000000 0.01694376513969809289
0.00000000000000000000 0.01701764741646897075
0.00000000000000000000 0.01704720902781493505
0.00000000000000000000 0.01705899153491646780
0.00000000000000000000 0.01706985366426879563
0.00000000000000000000 0.01716069929752749718
0.00000000000000000000 0.01717339108265631201
0.00000000000000000000 0.01723281621387078022
0.00000000000000000000 0.01730093701826781322
0.00000000000000000000 0.01731254301239954982
0.00000000000000000000 0.01742194651693387830
0.00000000000000000000 0.01763076623617481145
0.00000000000000000000 0.01764856513533472060
0.00000000000000000000 0.01780646561501229852
0.00000000000000000000 0.01784479955486074909
0.00000000000000000000 0.01790180490318156112
0.00000000000000000000 0.01792760609086156004
0.00000000000000000000 0.01821652415409616074
0.00000000000000000000 0.01829483898179215529
0.00000000000000000000 0.01842966894508473244
0.00000000000000000000 0.01851874305281675168
0.00000000000000000000 0.01857103693331713795
0.00000000000000000000 0.01863936205190967407
0.00000000000000000000 0.01880997329951192287
0.00000000000000000000 0.01893702939887085754
0.00000000000000000000 0.01898836242675613906
0.00000000000000000000 0.01903115329465254052
0.00000000000000000000 0.01923421769459233294
0.00000000000000000000 0.01924775636319279309
0.00000000000000000000 0.01925969727398604489
0.00000000000000000000 0.01933774263926521866
0.00000000000000000000 0.01943354078230700305
0.00000000000000000000 0.01961587904718963341
0.00000000000000000000 0.01970607475461525968
0.00000000000000000000 0.01975341142699262378
0.00000000000000000000 0.01979715530698130874
0.00000000000000000000 0.01986887289875911150
0.00000000000000000000 0.01995772630153171828
0.00000000000000000000 0.01996619532858537327
0.00000000000000000000 0.01998688301558503022
0.00000000000000000000 0.02001678251298569938
0.00000000000000000000 0.02002211443128806834
0.00000000000000000000 0.02003987625940311865
0.00000000000000000000 0.02021534536570106233
0.00000000000000000000 0.02028679288407714970
0.00000000000000000000 0.02039384393530094958
0.00000000000000000000 0.02047819780929457240
0.00000000000000000000 0.02047828591531288683
0.00000000000000000000 0.02048054481163111284
0.00000000000000000000 0.02060856544623192177
0.00000000000000000000 0.02063730399731890375
0.00000000000000000000 0.02070384351007596019
0.00000000000000000000 0.02078520640241795711
0.00000000000000000000 0.02084447961028128640
0.00000000000000000000 0.02104666274552754665
0.00000000000000000000 0.02113017908863814784
0.00000000000000000000 0.02118047213592873582
0.00000000000000000000 0.02118909828271907381
0.00000000000000000000 0.02121063324888275772
0.00000000000000000000 0.02124630116317818146
0.00000000000000000000 0.02125025689492098316
0.00000000000000000000 0.02143578397838028296
0.00000000000000000000 0.02160638231463111666
0.00000000000000000000 0.02202639965199563662
0.00000000000000000000 0.02226553706482616024
0.00000000000000000000 0.02247593790319841675
0.00000000000000000000 0.02248340223225329601
0.00000000000000000000 0.02252461637894612179
0.00000000000000000000 0.02254085706036441580
0.00000000000000000000 0.02269476093532897532
0.00000000000000000000 0.02275886211141096155
0.00000000000000000000 0.02279228715276126679
0.00000000000000000000 0.02283340673865176182
0.00000000000000000000 0.02283971414209120393
0.00000000000000000000 0.02285468484458337904
0.00000000000000000000 0.02292975378002418477
0.00000000000000000000 0.02295719254992075256
0.00000000000000000000 0.02295821347359389489
0.00000000000000000000 0.02298103463851533176
0.00000000000000000000 0.02299830663262679084
0.00000000000000000000 0.02308894795121855040
0.00000000000000000000 0.02316313379032812134
0.00000000000000000000 0.02318907472088412025
0.00000000000000000000 0.02327524439423821895
0.00000000000000000000 0.02340741515584729773
0.00000000000000000000 0.02343871680991099077
0.00000000000000000000 0.02345608837458349610
0.00000000000000000000 0.02351740290190086277
0.00000000000000000000 0.02359921173137474737
0.00000000000000000000 0.02370039145778247980
0.00000000000000000000 0.02383150085905205370
0.00000000000000000000 0.02389434271834279741
0.00000000000000000000 0.02411745166494502074
0.00000000000000000000 0.02424331532465093600
0.00000000000000000000 0.02427453611590695351
0.00000000000000000000 0.02427819259542958116
0.00000000000000000000 0.02430312011469372077
0.00000000000000000000 0.02434607342386914397
0.00000000000000000000 0.02451844903538744069
0.00000000000000000000 0.02458984078350015187
0.00000000000000000000 0.02459979322529306026
0.00000000000000000000 0.02477030523477233293
0.00000000000000000000 0.02489204671440137587
0.00000000000000000000 0.02495589330618729410
0.00000000000000000000 0.02501338005069299666
0.00000000000000000000 0.02503259090322544622
0.00000000000000000000 0.02518413007564335171
0.00000000000000000000 0.02522460734906950899
0.00000000000000000000 0.02529269272618600226
0.00000000000000000000 0.02530395134677534963
0.00000000000000000000 0.02531651032247347541
0.00000000000000000000 0.02531793752342583609
0.00000000000000000000 0.02533206759110072023
0.00000000000000000000 0.02534979444325557649
0.00000000000000000000 0.02542066142218325775
0.00000000000000000000 0.02556101975946189001
0.00000000000000000000 0.02559253251438161139
0.00000000000000000000 0.02562123428065491565
0.00000000000000000000 0.02578215718219274352
0.00000000000000000000 0.02579263030490170847
0.00000000000000000000 0.02605164646752235191
0.00000000000000000000 0.02609221087154909441
0.00000000000000000000 0.02611486185150750997
0.00000000000000000000 0.02619647785243886876
0.00000000000000000000 0.02677637248709412165
0.00000000000000000000 0.02678851720932967639
0.00000000000000000000 0.02689822414428705635
0.00000000000000000000 0.02706801312502412488
0.00000000000000000000 0.02711593212662268687
0.00000000000000000000 0.02719857444927391982
0.00000000000000000000 0.02724156860237932770
0.00000000000000000000 0.02728887773427921340
0.00000000000000000000 0.02745045032704382729
0.00000000000000000000 0.02756918308103585222
0.00000000000000000000 0.02762260883706539952
0.00000000000000000000 0.02802701326452299024
0.00000000000000000000 0.02817213772858479306
0.00000000000000000000 0.02827095825423316805
0.00000000000000000000 0.02828519977794018841
0.00000000000000000000 0.02850189512002521824
0.00000000000000000000 0.02868973633115609947
0.00000000000000000000 0.02873617793672566395
0.00000000000000000000 0.02890726668575550537
0.00000000000000000000 0.02895995293573247475
0.00000000000000000000 0.02899989153210230999
0.00000000000000000000 0.02900679975001385982
0.00000000000000000000 0.02923181835370035689
0.00000000000000000000 0.02926773135176927859
0.00000000000000000000 0.02937484276399035185
0.00000000000000000000 0.02939053582293435843
0.00000000000000000000 0.02952165103006049174
0.00000000000000000000 0.02962252591421787179
0.00000000000000000000 0.02965265167942668714
0.00000000000000000000 0.02965708933415692888
0.00000000000000000000 0.02967698701963415731
0.00000000000000000000 0.02975134487518175247
0.00000000000000000000 0.02987737974598779142
0.00000000000000000000 0.02989001726952628460
0.00000000000000000000 0.03002003719608812085
0.00000000000000000000 0.03007590198126177186
0.00000000000000000000 0.03008517608715158970
0.00000000000000000000 0.03008862516346746604
0.00000000000000000000 0.03011224539208328874
0.00000000000000000000 0.03020438031726710784
0.00000000000000000000 0.03037576223122415153
0.00000000000000000000 0.03044538638882322498
0.00000000000000000000 0.03049343308158353888
0.00000000000000000000 0.03068941237017128523
0.00000000000000000000 0.03071292472673228108
0.00000000000000000000 0.03090897280343099865
0.00000000000000000000 0.03108436669378151704
0.00000000000000000000 0.03137588012957580330
0.00000000000000000000 0.03141981018682484667
0.00000000000000000000 0.03150641520233062043
0.00000000000000000000 0.03181091902595217791
0.00000000000000000000 0.03184868250646493565
0.00000000000000000000 0.03205720745782510844
0.00000000000000000000 0.03231894168518084642
0.00000000000000000000 0.03233420151300498563
0.00000000000000000000 0.03234044394579570908
0.00000000000000000000 0.03235301524375138599
0.00000000000000000000 0.03249913590406723618
0.00000000000000000000 0.03251490664885341164
0.00000000000000000000 0.03253259228020786292
0.00000000000000000000 0.03280831652571500334
0.00000000000000000000 0.03297833616508517168
0.00000000000000000000 0.03300186626890001113
0.00000000000000000000 0.03308561605807965045
0.00000000000000000000 0.03310337453316260226
0.00000000000000000000 0.03317629964293283135
0.00000000000000000000 0.03330426006198549532
0.00000000000000000000 0.03330433008000528716
0.00000000000000000000 0.03333902204144842396
0.00000000000000000000 0.03335169558816172830
0.00000000000000000000 0.03349917979866025297
0.00000000000000000000 0.03354296227085294679
0.00000000000000000000 0.03374203978185369435
0.00000000000000000000 0.03378916406497605579
0.00000000000000000000 0.03394407750230916260
0.00000000000000000000 0.03396028796489306001
0.00000000000000000000 0.03398864797890725070
0.00000000000000000000 0.03410240017372067473
0.00000000000000000000 0.03430341616950083328
0.00000000000000000000 0.03441745638443922256
0.00000000000000000000 0.03456488464031818447
0.00000000000000000000 0.03463072107777460246
0.00000000000000000000 0.03470673682943467564
0.00000000000000000000 0.03482184774739137401
0.00000000000000000000 0.03489774230670052851
0.00000000000000000000 0.03497404954667054922
0.00000000000000000000 0.03522305362553753566
0.00000000000000000000 0.03524364093455142899
0.00000000000000000000 0.03532452147020952865
0.00000000000000000000 0.03550929719735731321
0.00000000000000000000 0.03566299977018703299
0.00000000000000000000 0.03570996956861718918
0.00000000000000000000 0.03577637583851512454
0.00000000000000000000 0.03578259943211119232
0.00000000000000000000 0.03579853597343071042
0.00000000000000000000 0.03580142876940373836
0.00000000000000000000 0.03586911919888208927
0.00000000000000000000 0.03592740335449653294
0.00000000000000000000 0.03626415792681744049
0.00000000000000000000 0.03650028737315680338
0.00000000000000000000 0.03665808721899577877
0.00000000000000000000 0.03679330110177179286
0.00000000000000000000 0.03685088826957846897
0.00000000000000000000 0.03691008504378609500
0.00000000000000000000 0.03717124534392655250
0.00000000000000000000 0.03719186033387007762
0.00000000000000000000 0.03745699770657453381
0.00000000000000000000 0.03757611674941505053
0.00000000000000000000 0.03764901499777444094
0.00000000000000000000 0.03780952193372875969
0.00000000000000000000 0.03794622437014770477
0.00000000000000000000 0.03808643300890757893
0.00000000000000000000 0.03815546150943632808
0.00000000000000000000 0.03817675253208947100
0.00000000000000000000 0.03819192737627716966
0.00000000000000000000 0.03871835694484566937
0.00000000000000000000 0.03875555438424665294
0.00000000000000000000 0.03912407678742927525
0.00000000000000000000 0.03915908263120509991
0.00000000000000000000 0.03928006249243077425
0.00000000000000000000 0.03936390371503138697
0.00000000000000000000 0.03939074549897098737
0.00000000000000000000 0.03952030697915576846
0.00000000000000000000 0.03956764633789943558
0.00000000000000000000 0.03957533036144195160
0.00000000000000000000 0.04007130890190898492
0.00000000000000000000 0.04011928014817119775
0.00000000000000000000 0.04023557425329852416
0.00000000000000000000 0.04061293267167833537
0.00000000000000000000 0.04083439877210751773
0.00000000000000000000 0.04090282230969027183
0.00000000000000000000 0.04094025957084904133
0.00000000000000000000 0.04101572381320184313
0.00000000000000000000 0.04104823935610824037
0.00000000000000000000 0.04153569226145688298
0.00000000000000000000 0.04182772489083629031
0.00000000000000000000 0.04183097822539766364
0.00000000000000000000 0.04184977506208525239
0.00000000000000000000 0.04191040452040245556
0.00000000000000000000 0.04200953526599664201
0.00000000000000000000 0.04202967472484085698
0.00000000000000000000 0.04212335775989584780
0.00000000000000000000 0.04215516240561537065
0.00000000000000000000 0.04227676817632129713
0.00000000000000000000 0.04232880225247152156
0.00000000000000000000 0.04238439034639370634
0.00000000000000000000 0.04256835335770062928
0.00000000000000000000 0.04257025652672968841
0.00000000000000000000 0.04259218791694291406
0.00000000000000000000 0.04265489803365669907
0.00000000000000000000 0.04290532819897419775
0.00000000000000000000 0.04298490710206536586
0.00000000000000000000 0.04300872249588618551
0.00000000000000000000 0.04316999801118900915
0.00000000000000000000 0.04327402159000451332
0.00000000000000000000 0.04329854461852191555
0.00000000000000000000 0.04348714501055597065
0.00000000000000000000 0.04351389013450691207
0.00000000000000000000 0.04369730711797305267
0.00000000000000000000 0.04401208819828143076
0.00000000000000000000 0.04412521083493706198
0.00000000000000000000 0.04416093148138149765
0.00000000000000000000 0.04426095882187366243
0.00000000000000000000 0.04428449501573051422
0.00000000000000000000 0.04435771838848285437
0.00000000000000000000 0.04452147229756232144
0.00000000000000000000 0.04452777947362174943
0.00000000000000000000 0.04457305664715141558
0.00000000000000000000 0.04459704538833052234
0.00000000000000000000 0.04478206509422039128
0.00000000000000000000 0.04490577712356712270
0.00000000000000000000 0.04508333104171909078
0.00000000000000000000 0.04531446928273070995
0.00000000000000000000 0.04540696553357537885
0.00000000000000000000 0.04544408055160979731
0.00000000000000000000 0.04573138525594222514
0.00000000000000000000 0.04574562533552641030
0.00000000000000000000 0.04579742819767372575
0.00000000000000000000 0.04628989461218229601
0.00000000000000000000 0.04633505458323453063
0.00000000000000000000 0.04651194793038963132
0.00000000000000000000 0.04657906613316423888
0.00000000000000000000 0.04671162969317541741
0.00000000000000000000 0.04676348982559098977
0.00000000000000000000 0.04677921971180655503
0.00000000000000000000 0.04680624222941665025
0.00000000000000000000 0.04685899304383141922
0.00000000000000000000 0.04689062888891933761
0.00000000000000000000 0.04702459095350847856
0.00000000000000000000 0.04704787673859617270
0.00000000000000000000 0.04709605191808378943
0.00000000000000000000 0.04713631713014891644
0.00000000000000000000 0.04716725327324595290
0.00000000000000000000 0.04744096295960257420
0.00000000000000000000 0.04754276237085455770
0.00000000000000000000 0.04797119358027394920
0.00000000000000000000 0.04848365671093137624
0.00000000000000000000 0.04865168900319356143
0.00000000000000000000 0.04904507361779140984
0.00000000000000000000 0.04907951607488506701
0.00000000000000000000 0.04926944786166361639
0.00000000000000000000 0.04936685457326055182
0.00000000000000000000 0.04944157507432787868
0.00000000000000000000 0.04950388523129443247
0.00000000000000000000 0.04958696078290885517
0.00000000000000000000 0.04961590729197977445
0.00000000000000000000 0.05011453533485946132
0.00000000000000000000 0.05017873998930009322
0.00000000000000000000 0.05064821517401765089
0.00000000000000000000 0.05097547194668628628
0.00000000000000000000 0.05136783451897564134
0.00000000000000000000 0.05203298552157226836
0.00000000000000000000 0.05228723958210544642
0.00000000000000000000 0.05233135349927271751
0.00000000000000000000 0.05254187415858775634
0.00000000000000000000 0.05344671249834366533
0.00000000000000000000 0.05351865175508015160
0.00000000000000000000 0.05397212949915865948
0.00000000000000000000 0.05405164442660446295
0.00000000000000000000 0.05472126966258977765
0.00000000000000000000 0.05478864948451015598
0.00000000000000000000 0.05514400528123796635
0.00000000000000000000 0.05546673877264200053
0.00000000000000000000 0.05557411649671331610
0.00000000000000000000 0.05593107302973095163
0.00000000000000000000 0.05613141957159898526
0.00000000000000000000 0.05615769316185981880
0.00000000000000000000 0.05626542051323710908
0.00000000000000000000 0.05698247293824118542
0.00000000000000000000 0.05731490624731156586
0.00000000000000000000 0.05815375972561767637
0.00000000000000000000 0.05836559519704081350
0.00000000000000000000 0.05893158403033441767
0.00000000000000000000 0.05901989386659293318
0.00000000000000000000 0.05905198158637965655
0.00000000000000000000 0.05955833316485700801
0.00000000000000000000 0.05994717601299552612
0.00000000000000000000 0.06022765228224137568
0.00000000000000000000 0.06037582462936632449
0.00000000000000000000 0.06040736322572082262
0.00000000000000000000 0.06052253212365062834
0.00000000000000000000 0.06057002177237415241
0.00000000000000000000 0.06082937510184979052
0.00000000000000000000 0.06093949872507874177
0.00000000000000000000 0.06179246151218310834
0.00000000000000000000 0.06267509939086787774
0.00000000000000000000 0.06284534318360562866
0.00000000000000000000 0.06404538100880100004
0.00000000000000000000 0.06508294106677081636
0.00000000000000000000 0.06554785148882814882
0.00000000000000000000 0.06571552254494798795
0.00000000000000000000 0.06616207914092224474
0.00000000000000000000 0.06671114448035532496
0.00000000000000000000 0.06683137086354189182
0.00000000000000000000 0.06698785339037358066
0.00000000000000000000 0.06814287127658254228
0.00000000000000000000 0.06840157282544087614
0.00000000000000000000 0.06862878474381881033
0.00000000000000000000 0.06865587695290863157
0.00000000000000000000 0.06933298261044978927
0.00000000000000000000 0.07010236577973945338
0.00000000000000000000 0.07025744328473966516
0.00000000000000000000 0.07026184726821911586
0.00000000000000000000 0.07199595941351813466
0.00000000000000000000 0.07235054492175166385
0.00000000000000000000 0.07346254710997082715
0.00000000000000000000 0.07440180076623705008
0.00000000000000000000 0.07558178647001519146
0.00000000000000000000 0.07798353182393656657
0.00000000000000000000 0.08164387818736361380
0.00000000000000000000 0.08273976155567047686
0.00000000000000000000 0.08288683586741962817
0.00000000000000000000 0.08309155566647118130
0.00000000000000000000 0.09506939934278439697
0.00000000000000000000 0.09852375612695637996
0.00000000000000000000 0.12395171889749700966
0.00000000000000000000 1.73205080756887719318
