0.00000000000000000000 0.00273550043592255075
0.00000000000000000000 0.00274634139598401317
0.00000000000000000000 0.00313378259092647734
0.00000000000000000000 0.00332124724988391243
0.00000000000000000000 0.00355668736853587434
0.00000000000000000000 0.00365103597167624463
0.00000000000000000000 0.00403291245045974724
0.00000000000000000000 0.00411238476146688365
0.00000000000000000000 0.00480793010377725608
0.00000000000000000000 0.00490415362363718840
0.00000000000000000000 0.00495612139756784493
0.00000000000000000000 0.00497497613822137259
0.00000000000000000000 0.00538289765159263769
0.00000000000000000000 0.00545798144507526287
0.00000000000000000000 0.00547372165672500507
0.00000000000000000000 0.00557204337137055198
0.00000000000000000000 0.00582881991811498319
0.00000000000000000000 0.00615601793658462817
0.00000000000000000000 0.00644578652304553072
0.00000000000000000000 0.00676232690190251701
0.00000000000000000000 0.00733820107967137012
0.00000000000000000000 0.00735911399593172037
0.00000000000000000000 0.00743809934247750305
0.00000000000000000000 0.00776993924235528342
0.00000000000000000000 0.00777806659536675431
0.00000000000000000000 0.00780999854726408590
0.00000000000000000000 0.00782048816907546240
0.00000000000000000000 0.00790340813637555213
0.00000000000000000000 0.00823009805385024017
0.00000000000000000000 0.00831410578094678686
0.00000000000000000000 0.00838965890598174918
0.00000000000000000000 0.00856539068795659185
0.00000000000000000000 0.00865688862968729510
0.00000000000000000000 0.00866361816515162121
0.00000000000000000000 0.00871151233767659613
0.00000000000000000000 0.00879653637458718135
0.00000000000000000000 0.00882945035926661730
0.00000000000000000000 0.00888156404717744749
0.00000000000000000000 0.00888438782812538130
0.00000000000000000000 0.00892291371410967003
0.00000000000000000000 0.00916939608734879640
0.00000000000000000000 0.00917181995219374692
0.00000000000000000000 0.00918791356697333701
0.00000000000000000000 0.00922314709013514339
0.00000000000000000000 0.00923276189590418843
0.00000000000000000000 0.00923802566156017510
0.00000000000000000000 0.00927850752379565276
0.00000000000000000000 0.00931850284446720557
0.00000000000000000000 0.00935338295113834553
0.00000000000000000000 0.00936141452112202593
0.00000000000000000000 0.00938407548925826451
0.00000000000000000000 0.00943002567363509896
0.00000000000000000000 0.00956449313426710121
0.00000000000000000000 0.00961551665650524703
0.00000000000000000000 0.00970176257862495964
0.00000000000000000000 0.00970330185419534044
0.00000000000000000000 0.00977149843806123658
0.00000000000000000000 0.00978658383760496429
0.00000000000000000000 0.00980828981767521008
0.00000000000000000000 0.00991149171328651636
0.00000000000000000000 0.01004030853491152432
0.00000000000000000000 0.01005532726568460385
0.00000000000000000000 0.01024706265621574269
0.00000000000000000000 0.01025037246807512445
0.00000000000000000000 0.01025209040962511524
0.00000000000000000000 0.01025434661665710484
0.00000000000000000000 0.01028349043007435563
0.00000000000000000000 0.01028786876699955971
0.00000000000000000000 0.01033506992383557282
0.00000000000000000000 0.01040948858146272145
0.00000000000000000000 0.01049120162345322342
0.00000000000000000000 0.01049764325687077907
0.00000000000000000000 0.01055301122182679061
0.00000000000000000000 0.01059591094375448260
0.00000000000000000000 0.01066370563127910266
0.00000000000000000000 0.01076461402658321180
0.00000000000000000000 0.01078587455501154972
0.00000000000000000000 0.01083232135061387713
0.00000000000000000000 0.01096567571513196518
0.00000000000000000000 0.01108940571392932894
0.00000000000000000000 0.01110560852895415423
0.00000000000000000000 0.01113548730940757889
0.00000000000000000000 0.01116639544376289532
0.00000000000000000000 0.01119786684402677458
0.00000000000000000000 0.01124216684553192534
0.00000000000000000000 0.01135393385383360806
0.00000000000000000000 0.01142804570506771901
0.00000000000000000000 0.01143017933385216504
0.00000000000000000000 0.01156628965517956034
0.00000000000000000000 0.01163899216549863815
0.00000000000000000000 0.01164865817334597223
0.00000000000000000000 0.01166452236533666899
0.00000000000000000000 0.01166518464084798611
0.00000000000000000000 0.01173456378057025594
0.00000000000000000000 0.01176349592415168455
0.00000000000000000000 0.01180765448024836961
0.00000000000000000000 0.01181964282478175851
0.00000000000000000000 0.01183465299060835856
0.00000000000000000000 0.01188619360495620815
0.00000000000000000000 0.01203390224470395758
0.00000000000000000000 0.01206671420131967543
0.00000000000000000000 0.01207118683953521329
0.00000000000000000000 0.01208324010009176504
0.00000000000000000000 0.01214295068667204866
0.00000000000000000000 0.01219625953839034542
0.00000000000000000000 0.01225869563934377932
0.00000000000000000000 0.01234902094409218686
0.00000000000000000000 0.01239851279286937995
0.00000000000000000000 0.01241617705145196121
0.00000000000000000000 0.01242200274960949570
0.00000000000000000000 0.01246684079219156568
0.00000000000000000000 0.01256075097616161755
0.00000000000000000000 0.01271429317069916638
0.00000000000000000000 0.01272605369124854557
0.00000000000000000000 0.01276949379921371933
0.00000000000000000000 0.01279421660893979504
0.00000000000000000000 0.01281096442210327355
0.00000000000000000000 0.01289572231387786823
0.00000000000000000000 0.01293930081412231377
0.00000000000000000000 0.01299430851111245226
0.00000000000000000000 0.01303913095737664965
0.00000000000000000000 0.01309843743866943855
0.00000000000000000000 0.01314106324319732483
0.00000000000000000000 0.01319039735081534853
0.00000000000000000000 0.01321167620848219190
0.00000000000000000000 0.01335759433496584020
0.00000000000000000000 0.01342050661575047016
0.00000000000000000000 0.01350003711163943673
0.00000000000000000000 0.01350225703301695390
0.00000000000000000000 0.01351550729542993698
0.00000000000000000000 0.01366408539779915589
0.00000000000000000000 0.01370523063967964486
0.00000000000000000000 0.01373606934699220933
0.00000000000000000000 0.01373962431921828264
0.00000000000000000000 0.01375901968836672554
0.00000000000000000000 0.01377390684541836795
0.00000000000000000000 0.01389896369937283771
0.00000000000000000000 0.01391380171925347617
0.00000000000000000000 0.01396726138043574879
0.00000000000000000000 0.01408973361987302282
0.00000000000000000000 0.01418144457557560419
0.00000000000000000000 0.01419275010619330465
0.00000000000000000000 0.01424556164534377181
0.00000000000000000000 0.01442014810453844456
0.00000000000000000000 0.01445492825750826181
0.00000000000000000000 0.01445918249403234553
0.00000000000000000000 0.01447403361338035245
0.00000000000000000000 0.01450827088624531865
0.00000000000000000000 0.01451349525824728245
0.00000000000000000000 0.01452975697842763710
0.00000000000000000000 0.01453014940001175551
0.00000000000000000000 0.01453034205907247252
0.00000000000000000000 0.01461011468657986111
0.00000000000000000000 0.01476379310164206184
0.00000000000000000000 0.01485952614423971876
0.00000000000000000000 0.01493169744432918181
0.00000000000000000000 0.01493793965110792182
0.00000000000000000000 0.01519670631981012363
0.00000000000000000000 0.01521304503405410471
0.00000000000000000000 0.01522364644888365461
0.00000000000000000000 0.01523289539053215326
0.00000000000000000000 0.01529347728601773530
0.00000000000000000000 0.01529395707530754357
0.00000000000000000000 0.01535973587615293082
0.00000000000000000000 0.01543540424412950807
0.00000000000000000000 0.01545688344681958939
0.00000000000000000000 0.01549079781573884339
0.00000000000000000000 0.01550038231108720466
0.00000000000000000000 0.01556920562726853662
0.00000000000000000000 0.01558932121726238837
0.00000000000000000000 0.01562165372442328622
0.00000000000000000000 0.01565619163199296129
0.00000000000000000000 0.01572282280093972862
0.00000000000000000000 0.01576049421291890809
0.00000000000000000000 0.01584771225950536849
0.00000000000000000000 0.01585619377838594357
0.00000000000000000000 0.01586194459115050290
0.00000000000000000000 0.01591680691139497894
0.00000000000000000000 0.01596912535033671518
0.00000000000000000000 0.01597560633487620299
0.00000000000000000000 0.01599947170859159981
0.00000000000000000000 0.01604324590155678867
0.00000000000000000000 0.01612114514433585569
0.00000000000000000000 0.01615933841777026161
0.00000000000000000000 0.01616142015333162790
0.00000000000000000000 0.01627515660467976702
0.00000000000000000000 0.01631128452914169455
0.00000000000000000000 0.01632597217318134189
0.00000000000000000000 0.01634372341775664275
0.00000000000000000000 0.01638609598122192645
0.00000000000000000000 0.01639854208205493089
0.00000000000000000000 0.01640662024889410694
0.00000000000000000000 0.01643230764972760174
0.00000000000000000000 0.01654270870037577446
0.00000000000000000000 0.01655331010007179277
0.00000000000000000000 0.01666681706559906134
0.00000000000000000000 0.01668588213763999573
0.00000000000000000000 0.01674850591939631636
0.00000000000000000000 0.01679630018246893591
0.00000000000000000000 0.01694376988570545084
0.00000000000000000000 0.01694415232836087720
0.00000000000000000000 0.01696453129679338298
0.00000000000000000000 0.01699966395539159042
0.00000000000000000000 0.01702468980851049030
0.00000000000000000000 0.01708655279722978704
0.00000000000000000000 0.01709904603019583511
0.00000000000000000000 0.01725106500325005940
0.00000000000000000000 0.01729077439945695890
0.00000000000000000000 0.01731067177572917157
0.00000000000000000000 0.01731253051812110463
0.00000000000000000000 0.01738754433902728325
0.00000000000000000000 0.01742604762865988463
0.00000000000000000000 0.01747938335232852858
0.00000000000000000000 0.01756624207422248160
0.00000000000000000000 0.01768541601736574667
0.00000000000000000000 0.01771657530464480768
0.00000000000000000000 0.01773408084931077724
0.00000000000000000000 0.01774181969823124955
0.00000000000000000000 0.01779023287556716001
0.00000000000000000000 0.01782120633163622805
0.00000000000000000000 0.01788112101890977287
0.00000000000000000000 0.01788330053552723495
0.00000000000000000000 0.01788449007520542811
0.00000000000000000000 0.01798024535307504029
0.00000000000000000000 0.01805008544135995596
0.00000000000000000000 0.01812903282995112844
0.00000000000000000000 0.01816130304855768235
0.00000000000000000000 0.01816415545305881743
0.00000000000000000000 0.01816422998638912711
0.00000000000000000000 0.01818162267030561455
0.00000000000000000000 0.01830200801913738420
0.00000000000000000000 0.01847858866339918693
0.00000000000000000000 0.01850930689491795539
0.00000000000000000000 0.01854967996894466356
0.00000000000000000000 0.01856736675982877463
0.00000000000000000000 0.01857016942846648547
0.00000000000000000000 0.01860400749060731052
0.00000000000000000000 0.01861053768680602169
0.00000000000000000000 0.01865537691919341018
0.00000000000000000000 0.01866716282917933387
0.00000000000000000000 0.01868213532598515803
0.00000000000000000000 0.01884459432375253443
0.00000000000000000000 0.01888580975798574701
0.00000000000000000000 0.01893517402814016287
0.00000000000000000000 0.01900397606877414838
0.00000000000000000000 0.01900710505082648522
0.00000000000000000000 0.01904114774661715484
0.00000000000000000000 0.01911341989562109420
0.00000000000000000000 0.01912840304716462159
0.00000000000000000000 0.01913563606654352170
0.00000000000000000000 0.01915632592888482158
0.00000000000000000000 0.01919470447660575826
0.00000000000000000000 0.01920565652933286030
0.00000000000000000000 0.01921308831318709054
0.00000000000000000000 0.01921364873750330132
0.00000000000000000000 0.01921555213647035965
0.00000000000000000000 0.01926190457176015294
0.00000000000000000000 0.01939873617595426133
0.00000000000000000000 0.01940226368429106424
0.00000000000000000000 0.01940820829541511569
0.00000000000000000000 0.01941450226898027223
0.00000000000000000000 0.01942258022148040525
0.00000000000000000000 0.01942904817896745628
0.00000000000000000000 0.01943282224332008173
0.00000000000000000000 0.01947980851177915154
0.00000000000000000000 0.01955041772986167506
0.00000000000000000000 0.01961850514933341852
0.00000000000000000000 0.01964428061988726312
0.00000000000000000000 0.01974825042294230809
0.00000000000000000000 0.01979161383437326796
0.00000000000000000000 0.01982048746447216334
0.00000000000000000000 0.01982544712530177541
0.00000000000000000000 0.01985294075803122754
0.00000000000000000000 0.01986825275840633023
0.00000000000000000000 0.01993590840740268322
0.00000000000000000000 0.01995471118149984985
0.00000000000000000000 0.01998198758199005998
0.00000000000000000000 0.01998378805457744559
0.00000000000000000000 0.02002748671984171114
0.00000000000000000000 0.02007918029259805198
0.00000000000000000000 0.02008211373713886944
0.00000000000000000000 0.02011496237415748983
0.00000000000000000000 0.02012476634346881121
0.00000000000000000000 0.02015191247804776903
0.00000000000000000000 0.02015522003864134853
0.00000000000000000000 0.02022886483108559535
0.00000000000000000000 0.02023034063614811626
0.00000000000000000000 0.02032204955287337730
0.00000000000000000000 0.02036759000712507275
0.00000000000000000000 0.02041466764254545874
0.00000000000000000000 0.02042197810252563417
0.00000000000000000000 0.02048435133212504755
0.00000000000000000000 0.02049290516079548333
0.00000000000000000000 0.02049469671367849105
0.00000000000000000000 0.02058647518257530548
0.00000000000000000000 0.02068624998883852872
0.00000000000000000000 0.02072400560354599117
0.00000000000000000000 0.02076820832403416042
0.00000000000000000000 0.02082905461625866872
0.00000000000000000000 0.02093141024941807746
0.00000000000000000000 0.02094033613833300514
0.00000000000000000000 0.02096562039990319121
0.00000000000000000000 0.02098226673513283597
0.00000000000000000000 0.02109159919055758267
0.00000000000000000000 0.02114612227873381017
0.00000000000000000000 0.02114620983581803199
0.00000000000000000000 0.02135556129383640520
0.00000000000000000000 0.02136904231488608724
0.00000000000000000000 0.02143133415159096875
0.00000000000000000000 0.02150013723316443470
0.00000000000000000000 0.02172049331612428691
0.00000000000000000000 0.02177798323809421524
0.00000000000000000000 0.02182264914349767507
0.00000000000000000000 0.02184523673484782200
0.00000000000000000000 0.02186250016346655278
0.00000000000000000000 0.02198249404292237225
0.00000000000000000000 0.02201425033822625166
0.00000000000000000000 0.02208038499027326421
0.00000000000000000000 0.02212953436050077091
0.00000000000000000000 0.02214160443308359552
0.00000000000000000000 0.02220603636111890405
0.00000000000000000000 0.02223658373220418691
0.00000000000000000000 0.02227076746992042236
0.00000000000000000000 0.02235329439708792429
0.00000000000000000000 0.02238859065650202276
0.00000000000000000000 0.02242991801645803640
0.00000000000000000000 0.02246931665586317933
0.00000000000000000000 0.02247904247859395729
0.00000000000000000000 0.02254084350690604630
0.00000000000000000000 0.02271941377444911328
0.00000000000000000000 0.02287298908263381281
0.00000000000000000000 0.02292019694337942004
0.00000000000000000000 0.02299063132662954728
0.00000000000000000000 0.02300101126450463870
0.00000000000000000000 0.02308016586473196977
0.00000000000000000000 0.02320692429946221921
0.00000000000000000000 0.02323041113371309210
0.00000000000000000000 0.02331793335203399820
0.00000000000000000000 0.02337536369230565347
0.00000000000000000000 0.02348765865467345587
0.00000000000000000000 0.02350361160541602004
0.00000000000000000000 0.02357947898487561950
0.00000000000000000000 0.02362814445192112922
0.00000000000000000000 0.02363833140319436185
0.00000000000000000000 0.02418935919372426288
0.00000000000000000000 0.02421953357174836882
0.00000000000000000000 0.02426703496003388208
0.00000000000000000000 0.02433098759350242613
0.00000000000000000000 0.02438343355756977804
0.00000000000000000000 0.02444433935270017358
0.00000000000000000000 0.02446856141922039429
0.00000000000000000000 0.02483086466175666793
0.00000000000000000000 0.02488239962966725186
0.00000000000000000000 0.02497395456868006097
0.00000000000000000000 0.02500884044773109965
0.00000000000000000000 0.02513998608132329490
0.00000000000000000000 0.02518355225661274635
0.00000000000000000000 0.02534813334615856895
0.00000000000000000000 0.02534849598952500574
0.00000000000000000000 0.02566992536211239531
0.00000000000000000000 0.02569316725290617109
0.00000000000000000000 0.02570437228806132790
0.00000000000000000000 0.02590526430519551546
0.00000000000000000000 0.02598537178082886701
0.00000000000000000000 0.02602888781820928907
0.00000000000000000000 0.02603898465942778087
0.00000000000000000000 0.02604023837010138731
0.00000000000000000000 0.02614980517863970538
0.00000000000000000000 0.02619037346254437376
0.00000000000000000000 0.02637178578796266215
0.00000000000000000000 0.02648306386895816003
0.00000000000000000000 0.02700607988099782558
0.00000000000000000000 0.02729669337013281710
0.00000000000000000000 0.02744049699120324620
0.00000000000000000000 0.02746537426527620798
0.00000000000000000000 0.02747087457560250245
0.00000000000000000000 0.02752786896806675571
0.00000000000000000000 0.02753634204442997196
0.00000000000000000000 0.02755145153451960330
0.00000000000000000000 0.02762368030228766827
0.00000000000000000000 0.02763008574380433971
0.00000000000000000000 0.02784594632425870311
0.00000000000000000000 0.02789866520222500715
0.00000000000000000000 0.02789973551685324266
0.00000000000000000000 0.02805952886247792960
0.00000000000000000000 0.02810796195150738405
0.00000000000000000000 0.02817027282519983869
0.00000000000000000000 0.02821781466342504138
0.00000000000000000000 0.02821877220893793600
0.00000000000000000000 0.02824678956079925210
0.00000000000000000000 0.02833394425075995079
0.00000000000000000000 0.02841576218007271781
0.00000000000000000000 0.02859522619399134172
0.00000000000000000000 0.02868754691677983040
0.00000000000000000000 0.02902302822429462387
0.00000000000000000000 0.02905333843857692624
0.00000000000000000000 0.02919601305349698792
0.00000000000000000000 0.02947884788975094206
0.00000000000000000000 0.02948241966657527691
0.00000000000000000000 0.02954324608507566396
0.00000000000000000000 0.02957741496831694378
0.00000000000000000000 0.02983665963105898780
0.00000000000000000000 0.02997833310507424381
0.00000000000000000000 0.03006934493068558895
0.00000000000000000000 0.03013949174432046033
0.00000000000000000000 0.03022118240122137478
0.00000000000000000000 0.03031700308925108084
0.00000000000000000000 0.03051135745516336123
0.00000000000000000000 0.03069687787961526693
0.00000000000000000000 0.03071489386694303825
0.00000000000000000000 0.03075321976441635491
0.00000000000000000000 0.03117737488091693043
0.00000000000000000000 0.03119179350958357563
0.00000000000000000000 0.03148607484875236284
0.00000000000000000000 0.03157241423253424190
0.00000000000000000000 0.03169536274979128931
0.00000000000000000000 0.03176070130971159200
0.00000000000000000000 0.03181505409135421125
0.00000000000000000000 0.03204183762953861925
0.00000000000000000000 0.03219051301165837264
0.00000000000000000000 0.03219220558119083309
0.00000000000000000000 0.03267719823148354519
0.00000000000000000000 0.03301356517690440251
0.00000000000000000000 0.03317096432715972709
0.00000000000000000000 0.03321795647840941612
0.00000000000000000000 0.03335409549109230598
0.00000000000000000000 0.03347949848654926258
0.00000000000000000000 0.03352221588492065169
0.00000000000000000000 0.03388493411831738217
0.00000000000000000000 0.03430151694783645233
0.00000000000000000000 0.03452572315036214062
0.00000000000000000000 0.03468380701447511955
0.00000000000000000000 0.03528649429686450678
0.00000000000000000000 0.03533054678586591835
0.00000000000000000000 0.03533438607321066904
0.00000000000000000000 0.03561778534537217433
0.00000000000000000000 0.03562753276469615010
0.00000000000000000000 0.03564223668788625565
0.00000000000000000000 0.03597014148354865659
0.00000000000000000000 0.03619755571753600215
0.00000000000000000000 0.03638891909036098826
0.00000000000000000000 0.03642886850105335472
0.00000000000000000000 0.03660249645928959766
0.00000000000000000000 0.03697827089578217818
0.00000000000000000000 0.03712743417585314537
0.00000000000000000000 0.03718320468249090849
0.00000000000000000000 0.03756182672980541704
0.00000000000000000000 0.03765012763801476453
0.00000000000000000000 0.03769306410513648120
0.00000000000000000000 0.03795513609051728854
0.00000000000000000000 0.03844208241926254377
0.00000000000000000000 0.03848845063448003145
0.00000000000000000000 0.03875664221349547217
0.00000000000000000000 0.03896554074296708359
0.00000000000000000000 0.03941473668381477446
0.00000000000000000000 0.03956424751006246132
0.00000000000000000000 0.04003133853676243276
0.00000000000000000000 0.04010589493544471779
0.00000000000000000000 0.04094577042694166891
0.00000000000000000000 0.04102061284684822146
0.00000000000000000000 0.04104405002744095088
0.00000000000000000000 0.04106597973813869151
0.00000000000000000000 0.04122502095213571166
0.00000000000000000000 0.04201738242334429607
0.00000000000000000000 0.04274135658498459667
0.00000000000000000000 0.04370039037227323869
0.00000000000000000000 0.04401098700701756156
0.00000000000000000000 0.04421666346062823327
0.00000000000000000000 0.04520506382448614968
0.00000000000000000000 0.04541916508170044942
0.00000000000000000000 0.04548202668413740823
0.00000000000000000000 0.04658866220845844092
0.00000000000000000000 0.04685295156925389781
0.00000000000000000000 0.04700205289439522011
0.00000000000000000000 0.04701883141351761303
0.00000000000000000000 0.04875358417812626632
0.00000000000000000000 0.04921645088215404612
0.00000000000000000000 0.05006217767932306245
0.00000000000000000000 0.05013151014574298431
0.00000000000000000000 0.05014534922884606588
0.00000000000000000000 0.05040192081551089082
0.00000000000000000000 0.05054578410185599224
0.00000000000000000000 0.05169097033347194031
0.00000000000000000000 0.05209122225546367752
0.00000000000000000000 0.05245700894035789513
0.00000000000000000000 0.05773542174196917565
0.00000000000000000000 0.05861242219060095598
0.00000000000000000000 0.05890057157067578320
0.00000000000000000000 0.05929382461945853500
0.00000000000000000000 0.06173537226717409898
0.00000000000000000000 0.06221213656279134252
0.00000000000000000000 0.06224004755834535579
0.00000000000000000000 0.06394217182156231027
0.00000000000000000000 0.06424194632004731620
0.00000000000000000000 0.07216130785941088366
0.00000000000000000000 0.07749526955586896748
0.00000000000000000000 0.07774132664191613085
0.00000000000000000000 0.25923497445600990341
0.00000000000000000000 0.46619557436908420911
0.00000000000000000000 1.73205080756887719318
