0.00000000000000000000 0.00798339536121620008
0.00000000000000000000 0.01041167937355683137
0.00000000000000000000 0.01240140826665772113
0.00000000000000000000 0.01539082653982424241
0.00000000000000000000 0.01762609156194567053
0.00000000000000000000 0.01823842909763448775
0.00000000000000000000 0.02013026997769577428
0.00000000000000000000 0.02076423710364919475
0.00000000000000000000 0.02155231977045283728
0.00000000000000000000 0.02239985997597495823
0.00000000000000000000 0.02255917636195953549
0.00000000000000000000 0.02298236372777427358
0.00000000000000000000 0.02519749744338851613
0.00000000000000000000 0.02523640901604750839
0.00000000000000000000 0.02537320424117252976
0.00000000000000000000 0.02557366051868878790
0.00000000000000000000 0.02569113218515868546
0.00000000000000000000 0.02613688532293544434
0.00000000000000000000 0.02706316243279883668
0.00000000000000000000 0.02947392341704386728
0.00000000000000000000 0.02978342554173840293
0.00000000000000000000 0.02984022449552868606
0.00000000000000000000 0.03002167121061238841
0.00000000000000000000 0.03139894041775749545
0.00000000000000000000 0.03148540156616482649
0.00000000000000000000 0.03167535568532239137
0.00000000000000000000 0.03225700754955974914
0.00000000000000000000 0.03231892080160445740
0.00000000000000000000 0.03297594806285593372
0.00000000000000000000 0.03303261004752273966
0.00000000000000000000 0.03337037693276576067
0.00000000000000000000 0.03360752293233909560
0.00000000000000000000 0.03422856814422396005
0.00000000000000000000 0.03454444228995227906
0.00000000000000000000 0.03462057790082627429
0.00000000000000000000 0.03503450786091073105
0.00000000000000000000 0.03598650022581331015
0.00000000000000000000 0.03616947305002567170
0.00000000000000000000 0.03621027255189216559
0.00000000000000000000 0.03678335962624733335
0.00000000000000000000 0.03678867661991298832
0.00000000000000000000 0.03701376365057486989
0.00000000000000000000 0.03738954839322191498
0.00000000000000000000 0.03755231696955450144
0.00000000000000000000 0.03759338226858017357
0.00000000000000000000 0.03781409624072775560
0.00000000000000000000 0.03812873469961000628
0.00000000000000000000 0.03838171332010198444
0.00000000000000000000 0.03854486560799665062
0.00000000000000000000 0.03869532939332812060
0.00000000000000000000 0.03885605077870711577
0.00000000000000000000 0.03899221336800624826
0.00000000000000000000 0.03905185690532205628
0.00000000000000000000 0.03972746641768150344
0.00000000000000000000 0.04004178002627703514
0.00000000000000000000 0.04055706356766904802
0.00000000000000000000 0.04055778694922887451
0.00000000000000000000 0.04067980152198332616
0.00000000000000000000 0.04089603919705752516
0.00000000000000000000 0.04121496751605625147
0.00000000000000000000 0.04142977527470050048
0.00000000000000000000 0.04220350789515898982
0.00000000000000000000 0.04257595749682779873
0.00000000000000000000 0.04274650538089159318
0.00000000000000000000 0.04282226511985016970
0.00000000000000000000 0.04326880894169629621
0.00000000000000000000 0.04333535431467446658
0.00000000000000000000 0.04381259430693958123
0.00000000000000000000 0.04407622139953126794
0.00000000000000000000 0.04419346916932177793
0.00000000000000000000 0.04422343592229522474
0.00000000000000000000 0.04426823822125883212
0.00000000000000000000 0.04464930290170707888
0.00000000000000000000 0.04469441856335791552
0.00000000000000000000 0.04496875870930697877
0.00000000000000000000 0.04509310552535107652
0.00000000000000000000 0.04529784972659867820
0.00000000000000000000 0.04569171672599111472
0.00000000000000000000 0.04583934261770520463
0.00000000000000000000 0.04610648527068138963
0.00000000000000000000 0.04643914463165820655
0.00000000000000000000 0.04645089714467484643
0.00000000000000000000 0.04672924312474970726
0.00000000000000000000 0.04676729488098765875
0.00000000000000000000 0.04713066945479987141
0.00000000000000000000 0.04737532986326729173
0.00000000000000000000 0.04749475484672113085
0.00000000000000000000 0.04788139756890364557
0.00000000000000000000 0.04790530832082953022
0.00000000000000000000 0.04809682907660629836
0.00000000000000000000 0.04871242078475216536
0.00000000000000000000 0.04875044112105722527
0.00000000000000000000 0.04890348358015521313
0.00000000000000000000 0.04922534449003954787
0.00000000000000000000 0.04950203717612879778
0.00000000000000000000 0.04960254172684711721
0.00000000000000000000 0.05029860087957020026
0.00000000000000000000 0.05043220882922051784
0.00000000000000000000 0.05074245958835268966
0.00000000000000000000 0.05092349152419017866
0.00000000000000000000 0.05127682221471271257
0.00000000000000000000 0.05197323320774623057
0.00000000000000000000 0.05198023892460217066
0.00000000000000000000 0.05210965666298644078
0.00000000000000000000 0.05226482227478024267
0.00000000000000000000 0.05239667676608691926
0.00000000000000000000 0.05249001271448679173
0.00000000000000000000 0.05249434326920426885
0.00000000000000000000 0.05285085281910799349
0.00000000000000000000 0.05298369001057001010
0.00000000000000000000 0.05303994978384386078
0.00000000000000000000 0.05323144502963707281
0.00000000000000000000 0.05330994378876174888
0.00000000000000000000 0.05334622711374058246
0.00000000000000000000 0.05347801053848177250
0.00000000000000000000 0.05352268462244155062
0.00000000000000000000 0.05369262855357359587
0.00000000000000000000 0.05370495078248233023
0.00000000000000000000 0.05375279000017280789
0.00000000000000000000 0.05377160457622834344
0.00000000000000000000 0.05407123663112741591
0.00000000000000000000 0.05410934190827998425
0.00000000000000000000 0.05424684781564351882
0.00000000000000000000 0.05454627961466922831
0.00000000000000000000 0.05475747666878526265
0.00000000000000000000 0.05489134093184113578
0.00000000000000000000 0.05496352503962203401
0.00000000000000000000 0.05499869713836225138
0.00000000000000000000 0.05501606716697919619
0.00000000000000000000 0.05502935187315256826
0.00000000000000000000 0.05503027512146518169
0.00000000000000000000 0.05513487819532620487
0.00000000000000000000 0.05520907091553572260
0.00000000000000000000 0.05529644115729009241
0.00000000000000000000 0.05545459321339971104
0.00000000000000000000 0.05547115129703215908
0.00000000000000000000 0.05555550784672586700
0.00000000000000000000 0.05566859120850422421
0.00000000000000000000 0.05566984155175021265
0.00000000000000000000 0.05590899216779519898
0.00000000000000000000 0.05593703782182683770
0.00000000000000000000 0.05613918845322130036
0.00000000000000000000 0.05616029859824586690
0.00000000000000000000 0.05636024457500839191
0.00000000000000000000 0.05645868050503608654
0.00000000000000000000 0.05646618927541516980
0.00000000000000000000 0.05648748399220535066
0.00000000000000000000 0.05663666056696353701
0.00000000000000000000 0.05683869947273233886
0.00000000000000000000 0.05695407704261057358
0.00000000000000000000 0.05696805326314911821
0.00000000000000000000 0.05733864628697252219
0.00000000000000000000 0.05740430731624753674
0.00000000000000000000 0.05767345562542941506
0.00000000000000000000 0.05781908546176749153
0.00000000000000000000 0.05822795541758740701
0.00000000000000000000 0.05860918565434240085
0.00000000000000000000 0.05875206948180227567
0.00000000000000000000 0.05896910928441246452
0.00000000000000000000 0.05928634912486625830
0.00000000000000000000 0.05945731222096444640
0.00000000000000000000 0.05946465504710019001
0.00000000000000000000 0.05971741206132199359
0.00000000000000000000 0.05975729371080229502
0.00000000000000000000 0.05982823137919731499
0.00000000000000000000 0.06002204616701549422
0.00000000000000000000 0.06039969261863446098
0.00000000000000000000 0.06040577776020038953
0.00000000000000000000 0.06056375112107488523
0.00000000000000000000 0.06084859568834927873
0.00000000000000000000 0.06091938926772657442
0.00000000000000000000 0.06097072320215802393
0.00000000000000000000 0.06099628052754170471
0.00000000000000000000 0.06139549939127566386
0.00000000000000000000 0.06142146044608178673
0.00000000000000000000 0.06172037489353890405
0.00000000000000000000 0.06172369623320840548
0.00000000000000000000 0.06190500388253795255
0.00000000000000000000 0.06195278176169077833
0.00000000000000000000 0.06218199570447283803
0.00000000000000000000 0.06225855136270190548
0.00000000000000000000 0.06227280027659741479
0.00000000000000000000 0.06256690337100509480
0.00000000000000000000 0.06276361670689921402
0.00000000000000000000 0.06294561381300484149
0.00000000000000000000 0.06304333706031386986
0.00000000000000000000 0.06311101837162358397
0.00000000000000000000 0.06324500485374788539
0.00000000000000000000 0.06326679960426265237
0.00000000000000000000 0.06329527995322664635
0.00000000000000000000 0.06352014757328573735
0.00000000000000000000 0.06363472972049577514
0.00000000000000000000 0.06363914667838928285
0.00000000000000000000 0.06374617969958903951
0.00000000000000000000 0.06383636670836904947
0.00000000000000000000 0.06416741031935596640
0.00000000000000000000 0.06417157861983965872
0.00000000000000000000 0.06417723903379767003
0.00000000000000000000 0.06470096738836782213
0.00000000000000000000 0.06471522502892007589
0.00000000000000000000 0.06473932017899097779
0.00000000000000000000 0.06483153457129363362
0.00000000000000000000 0.06494947802164881268
0.00000000000000000000 0.06526273852232820916
0.00000000000000000000 0.06565611026119802518
0.00000000000000000000 0.06608939789014468824
0.00000000000000000000 0.06635899116075161253
0.00000000000000000000 0.06652351257213826030
0.00000000000000000000 0.06665710558701043453
0.00000000000000000000 0.06700510419769889481
0.00000000000000000000 0.06726267325538477782
0.00000000000000000000 0.06735032971524740342
0.00000000000000000000 0.06742416779149977557
0.00000000000000000000 0.06747389432824556221
0.00000000000000000000 0.06758126015592441638
0.00000000000000000000 0.06759573511258588907
0.00000000000000000000 0.06767934173623761651
0.00000000000000000000 0.06778383278876920492
0.00000000000000000000 0.06785872698550461657
0.00000000000000000000 0.06838540533025642965
0.00000000000000000000 0.06849317503250214323
0.00000000000000000000 0.06859120480435212941
0.00000000000000000000 0.06860304216754604945
0.00000000000000000000 0.06895374296572930051
0.00000000000000000000 0.06901350409862840041
0.00000000000000000000 0.06912776418170017700
0.00000000000000000000 0.06932406665464420359
0.00000000000000000000 0.06979502928342432022
0.00000000000000000000 0.06994752552309041471
0.00000000000000000000 0.06998785630079545905
0.00000000000000000000 0.07001240199504270290
0.00000000000000000000 0.07054784029884959839
0.00000000000000000000 0.07059271270520740826
0.00000000000000000000 0.07065589582618603259
0.00000000000000000000 0.07095006065706156717
0.00000000000000000000 0.07104526349944310926
0.00000000000000000000 0.07128239145903936258
0.00000000000000000000 0.07138834686696508836
0.00000000000000000000 0.07159628458375617843
0.00000000000000000000 0.07171959089184837266
0.00000000000000000000 0.07174055183822364290
0.00000000000000000000 0.07180859452845747559
0.00000000000000000000 0.07188388472462277357
0.00000000000000000000 0.07203447302742189973
0.00000000000000000000 0.07207149780789520732
0.00000000000000000000 0.07240905308564402065
0.00000000000000000000 0.07250074402937699281
0.00000000000000000000 0.07261323740242028868
0.00000000000000000000 0.07274320438041127768
0.00000000000000000000 0.07281831079602976708
0.00000000000000000000 0.07296737256587314258
0.00000000000000000000 0.07305482697422245597
0.00000000000000000000 0.07311522814031166939
0.00000000000000000000 0.07317411797108903937
0.00000000000000000000 0.07339093036248695023
0.00000000000000000000 0.07351746727234041712
0.00000000000000000000 0.07370758277296356187
0.00000000000000000000 0.07377100326294946941
0.00000000000000000000 0.07384244932215144885
0.00000000000000000000 0.07401483165866812319
0.00000000000000000000 0.07403974586013788162
0.00000000000000000000 0.07423167237406509689
0.00000000000000000000 0.07435829164958751569
0.00000000000000000000 0.07436686426990413157
0.00000000000000000000 0.07436877981187978159
0.00000000000000000000 0.07437805208111812616
0.00000000000000000000 0.07460349516258639457
0.00000000000000000000 0.07473093985973813802
0.00000000000000000000 0.07479210676527446588
0.00000000000000000000 0.07482792231370564984
0.00000000000000000000 0.07497580205134846132
0.00000000000000000000 0.07500397222479460169
0.00000000000000000000 0.07507438562239453217
0.00000000000000000000 0.07549545653437081394
0.00000000000000000000 0.07556296801854886502
0.00000000000000000000 0.07564030024063862767
0.00000000000000000000 0.07577517440609453370
0.00000000000000000000 0.07584496235704857314
0.00000000000000000000 0.07586308975820044154
0.00000000000000000000 0.07587050465879409400
0.00000000000000000000 0.07626927005371873791
0.00000000000000000000 0.07630225230055154295
0.00000000000000000000 0.07636750467764788497
0.00000000000000000000 0.07647046485371308822
0.00000000000000000000 0.07676988148033400683
0.00000000000000000000 0.07689946293987164061
0.00000000000000000000 0.07695096708425701315
0.00000000000000000000 0.07699136297223851955
0.00000000000000000000 0.07718521353753367287
0.00000000000000000000 0.07738451298393866917
0.00000000000000000000 0.07801871485187124311
0.00000000000000000000 0.07820049688897864892
0.00000000000000000000 0.07852390552933737056
0.00000000000000000000 0.07859341303482125785
0.00000000000000000000 0.07892404317000373259
0.00000000000000000000 0.07908076555289179910
0.00000000000000000000 0.07921472601742372832
0.00000000000000000000 0.07922427753910254999
0.00000000000000000000 0.07934049753285794815
0.00000000000000000000 0.07958570059392318374
0.00000000000000000000 0.07964733266520769572
0.00000000000000000000 0.07969522437426448946
0.00000000000000000000 0.07977360096511826315
0.00000000000000000000 0.07988936305713810471
0.00000000000000000000 0.07989011329614430224
0.00000000000000000000 0.08017628181859805248
0.00000000000000000000 0.08038310793903508111
0.00000000000000000000 0.08038652118508701760
0.00000000000000000000 0.08042283935170856102
0.00000000000000000000 0.08044033271019082609
0.00000000000000000000 0.08048067186339270818
0.00000000000000000000 0.08053496131039841743
0.00000000000000000000 0.08067090410486765784
0.00000000000000000000 0.08072012056477513575
0.00000000000000000000 0.08108700281448169567
0.00000000000000000000 0.08123369929228568820
0.00000000000000000000 0.08128113761461087938
0.00000000000000000000 0.08137942792424479599
0.00000000000000000000 0.08178983440484380307
0.00000000000000000000 0.08182900827041098002
0.00000000000000000000 0.08189733951670652434
0.00000000000000000000 0.08223117477205890702
0.00000000000000000000 0.08243579040531674729
0.00000000000000000000 0.08250417986349148358
0.00000000000000000000 0.08265073440627164481
0.00000000000000000000 0.08270149173609543658
0.00000000000000000000 0.08277055282557450877
0.00000000000000000000 0.08281430268845738074
0.00000000000000000000 0.08294589086275987178
0.00000000000000000000 0.08300751633920867845
0.00000000000000000000 0.08309203443712502579
0.00000000000000000000 0.08310746182761845346
0.00000000000000000000 0.08331817412746278517
0.00000000000000000000 0.08343767141635190232
0.00000000000000000000 0.08364101021352725318
0.00000000000000000000 0.08369103892102303099
0.00000000000000000000 0.08374065577053964315
0.00000000000000000000 0.08379477928586932800
0.00000000000000000000 0.08380421889219810683
0.00000000000000000000 0.08383843555528891489
0.00000000000000000000 0.08391984732459577268
0.00000000000000000000 0.08407811193153959251
0.00000000000000000000 0.08475322529879622535
0.00000000000000000000 0.08478361326844273405
0.00000000000000000000 0.08507437643380917625
0.00000000000000000000 0.08530138171727941199
0.00000000000000000000 0.08543317624353297113
0.00000000000000000000 0.08556560490444972689
0.00000000000000000000 0.08559903266189410054
0.00000000000000000000 0.08564130161870438240
0.00000000000000000000 0.08590854250075723175
0.00000000000000000000 0.08624020493058207060
0.00000000000000000000 0.08627138586647235818
0.00000000000000000000 0.08638079654275050701
0.00000000000000000000 0.08643760182580498275
0.00000000000000000000 0.08644973829311027036
0.00000000000000000000 0.08681559834606671078
0.00000000000000000000 0.08692831631728252517
0.00000000000000000000 0.08701810628966621941
0.00000000000000000000 0.08702122584260699178
0.00000000000000000000 0.08708741609871803457
0.00000000000000000000 0.08733607684359837031
0.00000000000000000000 0.08739222247478188599
0.00000000000000000000 0.08744273746284535187
0.00000000000000000000 0.08777644586820522454
0.00000000000000000000 0.08790535939842067381
0.00000000000000000000 0.08825089479551244398
0.00000000000000000000 0.08832385246277160706
0.00000000000000000000 0.08835433889702003218
0.00000000000000000000 0.08855558090114049041
0.00000000000000000000 0.08867093400927411606
0.00000000000000000000 0.08885686023542058165
0.00000000000000000000 0.08889633917294743892
0.00000000000000000000 0.08917942309611412433
0.00000000000000000000 0.08947160081487579020
0.00000000000000000000 0.08949834854289863417
0.00000000000000000000 0.08957750578497011840
0.00000000000000000000 0.08957907150891804282
0.00000000000000000000 0.08979207330829203082
0.00000000000000000000 0.08982290506643231254
0.00000000000000000000 0.08987940593862324412
0.00000000000000000000 0.08989860314812782305
0.00000000000000000000 0.08990371648260260529
0.00000000000000000000 0.09020744294865148949
0.00000000000000000000 0.09025624368157608712
0.00000000000000000000 0.09025855235588074732
0.00000000000000000000 0.09033672644942067342
0.00000000000000000000 0.09034857846025692862
0.00000000000000000000 0.09049362622156163771
0.00000000000000000000 0.09070764189258542776
0.00000000000000000000 0.09076117009487956466
0.00000000000000000000 0.09088116710782172258
0.00000000000000000000 0.09106679495670980118
0.00000000000000000000 0.09110393342730153943
0.00000000000000000000 0.09136547484639276351
0.00000000000000000000 0.09148065463146538845
0.00000000000000000000 0.09166113351104022977
0.00000000000000000000 0.09169770076135801140
0.00000000000000000000 0.09224233953277122255
0.00000000000000000000 0.09225104514729497163
0.00000000000000000000 0.09252194714724172597
0.00000000000000000000 0.09256858381006846659
0.00000000000000000000 0.09338091621858334024
0.00000000000000000000 0.09368772699748131871
0.00000000000000000000 0.09377909743425649758
0.00000000000000000000 0.09385165319183078059
0.00000000000000000000 0.09393825525514330754
0.00000000000000000000 0.09405230001488495972
0.00000000000000000000 0.09416525555291212213
0.00000000000000000000 0.09429389582858822838
0.00000000000000000000 0.09440246405039057209
0.00000000000000000000 0.09470046367723257419
0.00000000000000000000 0.09472142317224663266
0.00000000000000000000 0.09499844534788348671
0.00000000000000000000 0.09547619132881141057
0.00000000000000000000 0.09570371442656928906
0.00000000000000000000 0.09571074628735377898
0.00000000000000000000 0.09585740168773013159
0.00000000000000000000 0.09587930210007955534
0.00000000000000000000 0.09592783249889728914
0.00000000000000000000 0.09602776625928204079
0.00000000000000000000 0.09647708356669792984
0.00000000000000000000 0.09662368045124770932
0.00000000000000000000 0.09679044860518645765
0.00000000000000000000 0.09692967625817985877
0.00000000000000000000 0.09693819240791508307
0.00000000000000000000 0.09714594047287072875
0.00000000000000000000 0.09725337364188643696
0.00000000000000000000 0.09731945277900960756
0.00000000000000000000 0.09761083200649244007
0.00000000000000000000 0.09769281228736804989
0.00000000000000000000 0.09777525882624761577
0.00000000000000000000 0.09778854734459936637
0.00000000000000000000 0.09790188069000990700
0.00000000000000000000 0.09803515040340875231
0.00000000000000000000 0.09825641154949656120
0.00000000000000000000 0.09851101143140997274
0.00000000000000000000 0.09857579221553683380
0.00000000000000000000 0.09870563898797896085
0.00000000000000000000 0.09889802498433857003
0.00000000000000000000 0.09901596937989025349
0.00000000000000000000 0.09911850779226079322
0.00000000000000000000 0.09916023971297330264
0.00000000000000000000 0.09922991155467757174
0.00000000000000000000 0.09926152632483359328
0.00000000000000000000 0.09963196708201979557
0.00000000000000000000 0.10007183131197693038
0.00000000000000000000 0.10032026839339340529
0.00000000000000000000 0.10074714763066540402
0.00000000000000000000 0.10140118535910631892
0.00000000000000000000 0.10153857046057450375
0.00000000000000000000 0.10162080852374096029
0.00000000000000000000 0.10162688267932903918
0.00000000000000000000 0.10165936022800321770
0.00000000000000000000 0.10174333616865549601
0.00000000000000000000 0.10182138201180949977
0.00000000000000000000 0.10184489122829007424
0.00000000000000000000 0.10191405837905617715
0.00000000000000000000 0.10236598831150613143
0.00000000000000000000 0.10256238912437939947
0.00000000000000000000 0.10305563023263847322
0.00000000000000000000 0.10319681594971355509
0.00000000000000000000 0.10384389525798810860
0.00000000000000000000 0.10438630705655162212
0.00000000000000000000 0.10483098155545649000
0.00000000000000000000 0.10487222109507152168
0.00000000000000000000 0.10493447044469568497
0.00000000000000000000 0.10495626249435349719
0.00000000000000000000 0.10499613180693985470
0.00000000000000000000 0.10548166175850683113
0.00000000000000000000 0.10593232444486204435
0.00000000000000000000 0.10613195951643719650
0.00000000000000000000 0.10646204863524572071
0.00000000000000000000 0.10661946717897627379
0.00000000000000000000 0.10706958996356678859
0.00000000000000000000 0.10732474178949032162
0.00000000000000000000 0.10757546235961448766
0.00000000000000000000 0.10792582246863788309
0.00000000000000000000 0.10822643564553798001
0.00000000000000000000 0.10883794071675187420
0.00000000000000000000 0.10890154290077930233
0.00000000000000000000 0.10916628855852815450
0.00000000000000000000 0.10960956494323031984
0.00000000000000000000 0.10965258789979499821
0.00000000000000000000 0.11045104192267751753
0.00000000000000000000 0.11067801210342953500
0.00000000000000000000 0.11077933508745815838
0.00000000000000000000 0.11237437418516228738
0.00000000000000000000 0.11384809637229999224
0.00000000000000000000 0.11628973163634835630
0.00000000000000000000 0.11699188818367818599
0.00000000000000000000 0.11832248632315538195
0.00000000000000000000 0.12571185512917834592
0.00000000000000000000 0.13083048169679067918
0.00000000000000000000 0.13199608735133139259
0.00000000000000000000 0.13360586043031516534
0.00000000000000000000 0.13651195565268794962
0.00000000000000000000 0.13732965870275515297
0.00000000000000000000 0.15585595900297144478
0.00000000000000000000 1.73205080756887719318
