0.00000000000000000000 0.01558746353738085788
0.00000000000000000000 0.02064768742058308362
0.00000000000000000000 0.02360010789124266511
0.00000000000000000000 0.02525496881957588549
0.00000000000000000000 0.02803721313802349027
0.00000000000000000000 0.03118549915602655473
0.00000000000000000000 0.03246539272890003325
0.00000000000000000000 0.03426645236754114615
0.00000000000000000000 0.03587290507985398808
0.00000000000000000000 0.03666655319937177360
0.00000000000000000000 0.03739058882608732592
0.00000000000000000000 0.03750591236263699224
0.00000000000000000000 0.03809964532952193200
0.00000000000000000000 0.03946910419649275747
0.00000000000000000000 0.04019653708117102570
0.00000000000000000000 0.04150325552261003442
0.00000000000000000000 0.04253683096263925073
0.00000000000000000000 0.04322499161383384914
0.00000000000000000000 0.04353441082770177079
0.00000000000000000000 0.04365939983698150645
0.00000000000000000000 0.04460948894283803257
0.00000000000000000000 0.04482511763172579433
0.00000000000000000000 0.04566522043203175008
0.00000000000000000000 0.04578043633429892956
0.00000000000000000000 0.04608730295230827750
0.00000000000000000000 0.04637615446349274695
0.00000000000000000000 0.04639225290479467856
0.00000000000000000000 0.04704390666919519570
0.00000000000000000000 0.04721415494844167365
0.00000000000000000000 0.04776342308854916036
0.00000000000000000000 0.04790933496234563854
0.00000000000000000000 0.04851043021408002476
0.00000000000000000000 0.04976458572935860830
0.00000000000000000000 0.05118217415256291064
0.00000000000000000000 0.05136053629652279767
0.00000000000000000000 0.05247688719845373245
0.00000000000000000000 0.05397657578287478469
0.00000000000000000000 0.05504364375958858274
0.00000000000000000000 0.05569858456155419441
0.00000000000000000000 0.05608038904738211344
0.00000000000000000000 0.05670301056952246899
0.00000000000000000000 0.05704106188291851315
0.00000000000000000000 0.05796843996763526019
0.00000000000000000000 0.05844532354658148882
0.00000000000000000000 0.05853442659661466096
0.00000000000000000000 0.05859116141751662121
0.00000000000000000000 0.05976936793222034638
0.00000000000000000000 0.06119347883694225415
0.00000000000000000000 0.06174018122505665895
0.00000000000000000000 0.06233149842578305372
0.00000000000000000000 0.06243302399038276607
0.00000000000000000000 0.06271081141940873516
0.00000000000000000000 0.06318135692231320599
0.00000000000000000000 0.06326018169719524464
0.00000000000000000000 0.06337777380690380602
0.00000000000000000000 0.06355606286347698086
0.00000000000000000000 0.06367702485673867874
0.00000000000000000000 0.06374744837134721509
0.00000000000000000000 0.06387590111281216121
0.00000000000000000000 0.06564096736300847890
0.00000000000000000000 0.06646894215794678373
0.00000000000000000000 0.06706186368255454000
0.00000000000000000000 0.06752834829143031237
0.00000000000000000000 0.06784191895754809742
0.00000000000000000000 0.06838772922366999352
0.00000000000000000000 0.06882660966661093005
0.00000000000000000000 0.06912979893437840029
0.00000000000000000000 0.06915621448499247037
0.00000000000000000000 0.06916448722462750776
0.00000000000000000000 0.06928946784548531412
0.00000000000000000000 0.06936503211938749303
0.00000000000000000000 0.06967123917438289293
0.00000000000000000000 0.07009819663191294015
0.00000000000000000000 0.07027851580972409307
0.00000000000000000000 0.07049627608553142577
0.00000000000000000000 0.07064208465513439894
0.00000000000000000000 0.07112334374233206247
0.00000000000000000000 0.07116606968906992459
0.00000000000000000000 0.07160106746818500900
0.00000000000000000000 0.07174302582176310394
0.00000000000000000000 0.07175190298053031601
0.00000000000000000000 0.07188124588603606036
0.00000000000000000000 0.07207421749017790813
0.00000000000000000000 0.07237015589264529647
0.00000000000000000000 0.07270711668640063297
0.00000000000000000000 0.07278901261731146599
0.00000000000000000000 0.07305043842661609887
0.00000000000000000000 0.07458575427387349743
0.00000000000000000000 0.07461550799501075193
0.00000000000000000000 0.07461989161409349203
0.00000000000000000000 0.07496140390101356521
0.00000000000000000000 0.07504593345636340063
0.00000000000000000000 0.07542385947092188070
0.00000000000000000000 0.07556320279550007846
0.00000000000000000000 0.07570070653017950402
0.00000000000000000000 0.07592399795828133624
0.00000000000000000000 0.07596148963360523088
0.00000000000000000000 0.07608173394621327301
0.00000000000000000000 0.07614061812632538784
0.00000000000000000000 0.07659296282092822872
0.00000000000000000000 0.07672909715800212138
0.00000000000000000000 0.07683301260966092505
0.00000000000000000000 0.07703499858206908080
0.00000000000000000000 0.07724391977726494107
0.00000000000000000000 0.07766653614086851953
0.00000000000000000000 0.07767607239622389970
0.00000000000000000000 0.07788121518138471644
0.00000000000000000000 0.07836264049724156466
0.00000000000000000000 0.07858851077789033579
0.00000000000000000000 0.07864778560750311509
0.00000000000000000000 0.07888041355741114147
0.00000000000000000000 0.07904634443521875442
0.00000000000000000000 0.07925331932470920659
0.00000000000000000000 0.07975127533655811118
0.00000000000000000000 0.07992884071753951492
0.00000000000000000000 0.08019931063771543189
0.00000000000000000000 0.08023352486648539783
0.00000000000000000000 0.08124731839324068894
0.00000000000000000000 0.08171424722854665756
0.00000000000000000000 0.08220321241592384864
0.00000000000000000000 0.08261148987224219142
0.00000000000000000000 0.08272291507217421902
0.00000000000000000000 0.08327910236909226438
0.00000000000000000000 0.08358549755752466004
0.00000000000000000000 0.08380930261675488546
0.00000000000000000000 0.08505666350660835706
0.00000000000000000000 0.08507316424020605616
0.00000000000000000000 0.08518696394434588370
0.00000000000000000000 0.08518910261083489921
0.00000000000000000000 0.08550988788556297682
0.00000000000000000000 0.08596539914535948623
0.00000000000000000000 0.08600375129782331096
0.00000000000000000000 0.08613531217814249241
0.00000000000000000000 0.08663492389246817138
0.00000000000000000000 0.08665321913649977337
0.00000000000000000000 0.08718236714988340796
0.00000000000000000000 0.08743142963055491879
0.00000000000000000000 0.08804818677513716330
0.00000000000000000000 0.08813144065422727491
0.00000000000000000000 0.08880333419635408343
0.00000000000000000000 0.08884463681087692577
0.00000000000000000000 0.08895271442690443064
0.00000000000000000000 0.08938057545006973525
0.00000000000000000000 0.08957398901777854916
0.00000000000000000000 0.09026522750653490079
0.00000000000000000000 0.09050866152052179647
0.00000000000000000000 0.09080406230688599367
0.00000000000000000000 0.09094850127983421240
0.00000000000000000000 0.09102286301813949931
0.00000000000000000000 0.09102801971586478580
0.00000000000000000000 0.09165979468109410055
0.00000000000000000000 0.09166469086738705807
0.00000000000000000000 0.09210140985968251481
0.00000000000000000000 0.09217630844318748518
0.00000000000000000000 0.09254085206918447049
0.00000000000000000000 0.09266072904096435414
0.00000000000000000000 0.09291353948677566477
0.00000000000000000000 0.09332613066636689936
0.00000000000000000000 0.09399398949338218234
0.00000000000000000000 0.09408389585143225875
0.00000000000000000000 0.09424972735703551763
0.00000000000000000000 0.09452956834003695130
0.00000000000000000000 0.09462008308575885207
0.00000000000000000000 0.09513414739889756999
0.00000000000000000000 0.09542036386926149027
0.00000000000000000000 0.09551435852361532530
0.00000000000000000000 0.09600408924838979563
0.00000000000000000000 0.09623834672714809413
0.00000000000000000000 0.09627837060746201325
0.00000000000000000000 0.09664687980421669822
0.00000000000000000000 0.09674318365832954014
0.00000000000000000000 0.09681859851148744145
0.00000000000000000000 0.09713094220264524570
0.00000000000000000000 0.09733154749212377665
0.00000000000000000000 0.09736509354845936104
0.00000000000000000000 0.09736514874187231217
0.00000000000000000000 0.09759362082434046293
0.00000000000000000000 0.09772770110391632015
0.00000000000000000000 0.09776062316624324622
0.00000000000000000000 0.09793314248032940206
0.00000000000000000000 0.09803222876038758526
0.00000000000000000000 0.09838134322560433687
0.00000000000000000000 0.09845268945355933887
0.00000000000000000000 0.09875094261819905572
0.00000000000000000000 0.09901553799174425685
0.00000000000000000000 0.09910594368274454335
0.00000000000000000000 0.10049560972122120739
0.00000000000000000000 0.10058149698063406641
0.00000000000000000000 0.10088068414880937973
0.00000000000000000000 0.10109272638981695036
0.00000000000000000000 0.10112603984819354408
0.00000000000000000000 0.10130975789128679465
0.00000000000000000000 0.10145301167554351962
0.00000000000000000000 0.10145607260736486110
0.00000000000000000000 0.10157910291077582032
0.00000000000000000000 0.10179620705148595405
0.00000000000000000000 0.10204308087733064692
0.00000000000000000000 0.10207178536558188242
0.00000000000000000000 0.10253935611129799677
0.00000000000000000000 0.10265000042452712692
0.00000000000000000000 0.10266011910118280626
0.00000000000000000000 0.10278104303085361382
0.00000000000000000000 0.10382165138995122500
0.00000000000000000000 0.10420019889687580361
0.00000000000000000000 0.10427255961014383900
0.00000000000000000000 0.10430917591041866110
0.00000000000000000000 0.10435048471094436617
0.00000000000000000000 0.10437003908599229440
0.00000000000000000000 0.10438029618221084105
0.00000000000000000000 0.10465067793230453663
0.00000000000000000000 0.10470298070536029900
0.00000000000000000000 0.10474164165757732237
0.00000000000000000000 0.10487147929234753863
0.00000000000000000000 0.10564532492777441164
0.00000000000000000000 0.10567491686655786087
0.00000000000000000000 0.10589635452057889753
0.00000000000000000000 0.10598795894591472866
0.00000000000000000000 0.10660897523892252925
0.00000000000000000000 0.10670555709401054190
0.00000000000000000000 0.10702604505627764941
0.00000000000000000000 0.10724543841724926141
0.00000000000000000000 0.10728946502679047315
0.00000000000000000000 0.10777446049766918612
0.00000000000000000000 0.10779764869481761602
0.00000000000000000000 0.10780785189899756704
0.00000000000000000000 0.10783816252854362683
0.00000000000000000000 0.10792963124651391849
0.00000000000000000000 0.10809792759787212324
0.00000000000000000000 0.10818228751657658904
0.00000000000000000000 0.10841657902844044348
0.00000000000000000000 0.10861252745446683954
0.00000000000000000000 0.10886130570173797871
0.00000000000000000000 0.10923977045917745987
0.00000000000000000000 0.10926732319711876529
0.00000000000000000000 0.10939418997986626036
0.00000000000000000000 0.10939946366110281373
0.00000000000000000000 0.10953362838945282509
0.00000000000000000000 0.10957761814176361637
0.00000000000000000000 0.10964803796504218880
0.00000000000000000000 0.10985018777588168026
0.00000000000000000000 0.11020560305941058676
0.00000000000000000000 0.11029528065729830855
0.00000000000000000000 0.11074542502046168246
0.00000000000000000000 0.11109730675159430746
0.00000000000000000000 0.11120833385245652847
0.00000000000000000000 0.11123155182585411915
0.00000000000000000000 0.11138544723220934751
0.00000000000000000000 0.11193248932200559886
0.00000000000000000000 0.11320919174363602844
0.00000000000000000000 0.11327511402255696638
0.00000000000000000000 0.11365265741719378367
0.00000000000000000000 0.11380838871262645429
0.00000000000000000000 0.11490156682662326648
0.00000000000000000000 0.11512433216464589003
0.00000000000000000000 0.11514810747796414003
0.00000000000000000000 0.11526103246403528180
0.00000000000000000000 0.11528631175025309819
0.00000000000000000000 0.11533308298185702967
0.00000000000000000000 0.11618601945187573277
0.00000000000000000000 0.11619721563782965668
0.00000000000000000000 0.11627721677947019940
0.00000000000000000000 0.11660347706817587865
0.00000000000000000000 0.11664889064125734397
0.00000000000000000000 0.11678095870333086992
0.00000000000000000000 0.11703554216577662095
0.00000000000000000000 0.11731753086330777569
0.00000000000000000000 0.11786683847014864379
0.00000000000000000000 0.11786937762068618041
0.00000000000000000000 0.11793863160437940973
0.00000000000000000000 0.11805553562256529410
0.00000000000000000000 0.11842889148233336216
0.00000000000000000000 0.11848533626013507680
0.00000000000000000000 0.11858864327586224330
0.00000000000000000000 0.11872383499600623613
0.00000000000000000000 0.11877281202207694288
0.00000000000000000000 0.11909194385701982188
0.00000000000000000000 0.11926632546936774548
0.00000000000000000000 0.11942133612156262401
0.00000000000000000000 0.11943591081330055814
0.00000000000000000000 0.11950744908165843172
0.00000000000000000000 0.11957226279716709483
0.00000000000000000000 0.11967561257465890445
0.00000000000000000000 0.11973989241002171158
0.00000000000000000000 0.12020330371797896540
0.00000000000000000000 0.12025012834059829736
0.00000000000000000000 0.12027266417902533757
0.00000000000000000000 0.12041804105550424353
0.00000000000000000000 0.12064094137949954444
0.00000000000000000000 0.12075299984477058657
0.00000000000000000000 0.12119174648883331014
0.00000000000000000000 0.12164119385908957194
0.00000000000000000000 0.12210968740374034125
0.00000000000000000000 0.12211469511135931987
0.00000000000000000000 0.12245202885462565245
0.00000000000000000000 0.12250720136111692415
0.00000000000000000000 0.12275143163096773058
0.00000000000000000000 0.12353584433016175093
0.00000000000000000000 0.12355552294296431870
0.00000000000000000000 0.12402479997994998728
0.00000000000000000000 0.12406298751873183484
0.00000000000000000000 0.12489794892415498340
0.00000000000000000000 0.12508474537755978617
0.00000000000000000000 0.12510803002037323983
0.00000000000000000000 0.12573819648903691859
0.00000000000000000000 0.12611861439325883216
0.00000000000000000000 0.12618849228304238053
0.00000000000000000000 0.12651856418297352525
0.00000000000000000000 0.12658221295849317323
0.00000000000000000000 0.12721437739351118545
0.00000000000000000000 0.12723720978737462772
0.00000000000000000000 0.12792573490294817384
0.00000000000000000000 0.12801889462486371052
0.00000000000000000000 0.12825971690291090854
0.00000000000000000000 0.12827394430534574954
0.00000000000000000000 0.12834805404417012897
0.00000000000000000000 0.12888396410240096635
0.00000000000000000000 0.12916137691105969432
0.00000000000000000000 0.12917028965811874763
0.00000000000000000000 0.12931252280481064787
0.00000000000000000000 0.12957403781549076127
0.00000000000000000000 0.12969822024400995408
0.00000000000000000000 0.13018615577260181371
0.00000000000000000000 0.13046943847074249367
0.00000000000000000000 0.13053264805135986193
0.00000000000000000000 0.13054983274332573884
0.00000000000000000000 0.13066960187226828172
0.00000000000000000000 0.13117169421504715210
0.00000000000000000000 0.13119101544258637837
0.00000000000000000000 0.13146571138360296782
0.00000000000000000000 0.13222798471582228319
0.00000000000000000000 0.13285813425910908414
0.00000000000000000000 0.13314678093065657194
0.00000000000000000000 0.13330095718733747656
0.00000000000000000000 0.13362416301335799940
0.00000000000000000000 0.13380049848124550560
0.00000000000000000000 0.13424196738860902367
0.00000000000000000000 0.13441054603100818787
0.00000000000000000000 0.13518769656534529444
0.00000000000000000000 0.13521003334478162716
0.00000000000000000000 0.13522546806099586258
0.00000000000000000000 0.13533858426511000128
0.00000000000000000000 0.13541792051994530621
0.00000000000000000000 0.13585155825510086824
0.00000000000000000000 0.13601335733289124375
0.00000000000000000000 0.13604133119147523989
0.00000000000000000000 0.13639388623036455273
0.00000000000000000000 0.13646197641844828863
0.00000000000000000000 0.13649979500528497400
0.00000000000000000000 0.13681555390899768909
0.00000000000000000000 0.13685068869797026303
0.00000000000000000000 0.13690658275522621379
0.00000000000000000000 0.13740704541550699536
0.00000000000000000000 0.13764064405290740711
0.00000000000000000000 0.13778419837465599729
0.00000000000000000000 0.13793417530985166430
0.00000000000000000000 0.13796879771261066905
0.00000000000000000000 0.13812578228493749277
0.00000000000000000000 0.13827830436082719223
0.00000000000000000000 0.13836066536147589856
0.00000000000000000000 0.13922164211415105628
0.00000000000000000000 0.13948656348642471392
0.00000000000000000000 0.13977944633234926086
0.00000000000000000000 0.14007180188922477293
0.00000000000000000000 0.14025929867871608780
0.00000000000000000000 0.14036291882399967723
0.00000000000000000000 0.14125533370167747682
0.00000000000000000000 0.14132086520667730412
0.00000000000000000000 0.14136714496498900551
0.00000000000000000000 0.14150143756860347755
0.00000000000000000000 0.14205562051016193403
0.00000000000000000000 0.14208105677565119329
0.00000000000000000000 0.14256281457847622129
0.00000000000000000000 0.14257391561564827787
0.00000000000000000000 0.14260500850409454920
0.00000000000000000000 0.14267469935042481621
0.00000000000000000000 0.14279388274360049760
0.00000000000000000000 0.14281979263428706828
0.00000000000000000000 0.14285208905565954796
0.00000000000000000000 0.14287199548211593214
0.00000000000000000000 0.14376561353424902046
0.00000000000000000000 0.14404428662514040527
0.00000000000000000000 0.14412475134970745283
0.00000000000000000000 0.14431114558778337931
0.00000000000000000000 0.14454218287705980495
0.00000000000000000000 0.14473544480707267734
0.00000000000000000000 0.14535940434119087872
0.00000000000000000000 0.14545737349686355122
0.00000000000000000000 0.14546113302744451135
0.00000000000000000000 0.14552534090832688896
0.00000000000000000000 0.14559298862328490243
0.00000000000000000000 0.14628550951229032928
0.00000000000000000000 0.14669658515155159506
0.00000000000000000000 0.14669695524449968826
0.00000000000000000000 0.14672815603421054953
0.00000000000000000000 0.14764950962711781424
0.00000000000000000000 0.14841106324308847575
0.00000000000000000000 0.14870142344297548886
0.00000000000000000000 0.14871002806884145442
0.00000000000000000000 0.14948966598088048174
0.00000000000000000000 0.14953984038524187339
0.00000000000000000000 0.14991564723856473651
0.00000000000000000000 0.15005227524547903872
0.00000000000000000000 0.15008025308854025526
0.00000000000000000000 0.15038919267637204658
0.00000000000000000000 0.15122809548742499608
0.00000000000000000000 0.15136303236105233538
0.00000000000000000000 0.15172897063395632267
0.00000000000000000000 0.15238034961478513774
0.00000000000000000000 0.15238972546823456589
0.00000000000000000000 0.15269265143666743700
0.00000000000000000000 0.15283687620960048625
0.00000000000000000000 0.15303250921291114417
0.00000000000000000000 0.15323231822651206535
0.00000000000000000000 0.15325151564177502683
0.00000000000000000000 0.15353154633350840630
0.00000000000000000000 0.15355377963688560117
0.00000000000000000000 0.15376946765675458817
0.00000000000000000000 0.15386344217183317573
0.00000000000000000000 0.15404114027188473002
0.00000000000000000000 0.15421382742709946467
0.00000000000000000000 0.15484522359514232837
0.00000000000000000000 0.15562487524947565820
0.00000000000000000000 0.15673901917892499314
0.00000000000000000000 0.15728470170411704143
0.00000000000000000000 0.15761703500472890038
0.00000000000000000000 0.15827593708930950966
0.00000000000000000000 0.15831804318000680665
0.00000000000000000000 0.15834655745166997809
0.00000000000000000000 0.15932562537066383146
0.00000000000000000000 0.15952728704345089938
0.00000000000000000000 0.15973553291872630289
0.00000000000000000000 0.15996049781200669115
0.00000000000000000000 0.16008882839748075910
0.00000000000000000000 0.16079573044256895153
0.00000000000000000000 0.16189037048202511992
0.00000000000000000000 0.16203256170054647356
0.00000000000000000000 0.16217822021898925522
0.00000000000000000000 0.16381823379054860634
0.00000000000000000000 0.16429024499071209764
0.00000000000000000000 0.16437108850429568707
0.00000000000000000000 0.16551174217964528812
0.00000000000000000000 0.16579148673287563698
0.00000000000000000000 0.16607513974704088411
0.00000000000000000000 0.16669261523697409544
0.00000000000000000000 0.16703016586103816565
0.00000000000000000000 0.16764913627393707163
0.00000000000000000000 0.16768792527529977066
0.00000000000000000000 0.16775513573225414587
0.00000000000000000000 0.16823089806217747522
0.00000000000000000000 0.16881324114949081139
0.00000000000000000000 0.17014270767959524533
0.00000000000000000000 0.17023548035697241843
0.00000000000000000000 0.17046479641718476072
0.00000000000000000000 0.17054386646752497936
0.00000000000000000000 0.17076458538048572278
0.00000000000000000000 0.17088110210504262043
0.00000000000000000000 0.17191719301722915847
0.00000000000000000000 0.17195970867325907627
0.00000000000000000000 0.17237580019054538072
0.00000000000000000000 0.17239893274435769133
0.00000000000000000000 0.17245208867813074938
0.00000000000000000000 0.17331636436986064265
0.00000000000000000000 0.17379173104531453475
0.00000000000000000000 0.17400624798118058401
0.00000000000000000000 0.17426219621803001880
0.00000000000000000000 0.17596427202555880998
0.00000000000000000000 0.17611250718602483589
0.00000000000000000000 0.17655425872550664645
0.00000000000000000000 0.17791120563739992733
0.00000000000000000000 0.17860154459413160599
0.00000000000000000000 0.17959359391541274142
0.00000000000000000000 0.18092899860560221481
0.00000000000000000000 0.18261992663103479573
0.00000000000000000000 0.18354780679557974876
0.00000000000000000000 0.18488328933204822846
0.00000000000000000000 0.18661640461604916963
0.00000000000000000000 0.19071172545769476958
0.00000000000000000000 0.19126739139992018912
0.00000000000000000000 0.19522764915262866281
0.00000000000000000000 0.19593617116149902868
0.00000000000000000000 0.19998302925247060657
0.00000000000000000000 0.20107321729177479730
0.00000000000000000000 0.20116841287022088625
0.00000000000000000000 0.20240440434187373375
0.00000000000000000000 0.20454903808509689034
0.00000000000000000000 0.20684086235095719419
0.00000000000000000000 0.20833209387979964577
0.00000000000000000000 0.20923301410985897797
0.00000000000000000000 0.20938381907635317258
0.00000000000000000000 0.21578214739523438048
0.00000000000000000000 0.21691584854443624053
0.00000000000000000000 0.22189553985791612978
0.00000000000000000000 0.23378331576975192041
0.00000000000000000000 0.23558072999243859225
0.00000000000000000000 0.23738849226640995616
0.00000000000000000000 0.25917197570246353067
0.00000000000000000000 0.26835160995700885200
0.00000000000000000000 0.26926383181904917086
0.00000000000000000000 0.27644189803527524640
0.00000000000000000000 1.73205080756887719318
