0.00000000000000000000 0.01058057132113058955
0.00000000000000000000 0.01561331258266377905
0.00000000000000000000 0.01741641991483075178
0.00000000000000000000 0.02117976217091729549
0.00000000000000000000 0.02177062560417755699
0.00000000000000000000 0.02291011534032607461
0.00000000000000000000 0.02357794719073485687
0.00000000000000000000 0.02578280675581486395
0.00000000000000000000 0.02646067501135237685
0.00000000000000000000 0.02721970643154844952
0.00000000000000000000 0.02961602847743885492
0.00000000000000000000 0.03128736761906041053
0.00000000000000000000 0.03258646115835860113
0.00000000000000000000 0.03368492056538643226
0.00000000000000000000 0.03384593087628250813
0.00000000000000000000 0.03463142214389800660
0.00000000000000000000 0.03702591554546025981
0.00000000000000000000 0.03927603936226287812
0.00000000000000000000 0.03952788725061252145
0.00000000000000000000 0.04025715587456136363
0.00000000000000000000 0.04132307146050719776
0.00000000000000000000 0.04327729109961980097
0.00000000000000000000 0.04452234486383025575
0.00000000000000000000 0.04483153535282117380
0.00000000000000000000 0.04508657765704966042
0.00000000000000000000 0.04530799165798683747
0.00000000000000000000 0.04549642437965141506
0.00000000000000000000 0.04568627255120684405
0.00000000000000000000 0.04570654365534163044
0.00000000000000000000 0.04579750148910845253
0.00000000000000000000 0.04763651638956041545
0.00000000000000000000 0.04766344537567610701
0.00000000000000000000 0.04961269995879550448
0.00000000000000000000 0.04966923592643557317
0.00000000000000000000 0.04982280899509052702
0.00000000000000000000 0.05046048610504953735
0.00000000000000000000 0.05338928358902373522
0.00000000000000000000 0.05353193990537637864
0.00000000000000000000 0.05390998677489720198
0.00000000000000000000 0.05489456440053440411
0.00000000000000000000 0.05491947309264098159
0.00000000000000000000 0.05494319402353387699
0.00000000000000000000 0.05527215557942050800
0.00000000000000000000 0.05555343066837717392
0.00000000000000000000 0.05647950140375924966
0.00000000000000000000 0.05709806071666322785
0.00000000000000000000 0.05729797212327481654
0.00000000000000000000 0.05766420361871843481
0.00000000000000000000 0.05891672745978038944
0.00000000000000000000 0.05915408859234069783
0.00000000000000000000 0.06188315563317321050
0.00000000000000000000 0.06275186495324494573
0.00000000000000000000 0.06418935811081155629
0.00000000000000000000 0.06428358007359261106
0.00000000000000000000 0.06471448433176166248
0.00000000000000000000 0.06526485020255512470
0.00000000000000000000 0.06529973451211180946
0.00000000000000000000 0.06586234078264181779
0.00000000000000000000 0.06589709047786093676
0.00000000000000000000 0.06607761148725960210
0.00000000000000000000 0.06608428668657094496
0.00000000000000000000 0.06614403636771438999
0.00000000000000000000 0.06648395125120064308
0.00000000000000000000 0.06687743059812002733
0.00000000000000000000 0.06712370178363698259
0.00000000000000000000 0.06738756827674347027
0.00000000000000000000 0.06747394254963140492
0.00000000000000000000 0.06823569884352478909
0.00000000000000000000 0.06835193498101552190
0.00000000000000000000 0.06837662172717626219
0.00000000000000000000 0.07003388174693436774
0.00000000000000000000 0.07007476035399345937
0.00000000000000000000 0.07039955821601732999
0.00000000000000000000 0.07072755954847802229
0.00000000000000000000 0.07076841351556655002
0.00000000000000000000 0.07079404317143035696
0.00000000000000000000 0.07083294912075591143
0.00000000000000000000 0.07091503558483738812
0.00000000000000000000 0.07138958264795798592
0.00000000000000000000 0.07140489583996037504
0.00000000000000000000 0.07143008280412380118
0.00000000000000000000 0.07145548281292965487
0.00000000000000000000 0.07146126530493163154
0.00000000000000000000 0.07177404789340512126
0.00000000000000000000 0.07197681008887399368
0.00000000000000000000 0.07209299577293964978
0.00000000000000000000 0.07256027309656004620
0.00000000000000000000 0.07274911847725640257
0.00000000000000000000 0.07287247034205272811
0.00000000000000000000 0.07301689564150319611
0.00000000000000000000 0.07326294836541351330
0.00000000000000000000 0.07366151259255276917
0.00000000000000000000 0.07377080537587225872
0.00000000000000000000 0.07403047381966214313
0.00000000000000000000 0.07434408891065291680
0.00000000000000000000 0.07483734904837645308
0.00000000000000000000 0.07553043605944917416
0.00000000000000000000 0.07562387094528659481
0.00000000000000000000 0.07573862749282959939
0.00000000000000000000 0.07617876901644120291
0.00000000000000000000 0.07652211089836188918
0.00000000000000000000 0.07697015097155003593
0.00000000000000000000 0.07723262971772586194
0.00000000000000000000 0.07742805011095743595
0.00000000000000000000 0.07782600559874022772
0.00000000000000000000 0.07796402918641862079
0.00000000000000000000 0.07810211427643970472
0.00000000000000000000 0.07823068966808804925
0.00000000000000000000 0.07838533553839159562
0.00000000000000000000 0.07859885453994826243
0.00000000000000000000 0.07891250356835070867
0.00000000000000000000 0.07934546451987573024
0.00000000000000000000 0.07939783728017976716
0.00000000000000000000 0.07986356284563632391
0.00000000000000000000 0.07991422489736463297
0.00000000000000000000 0.08009404426785086961
0.00000000000000000000 0.08012879345756557248
0.00000000000000000000 0.08014225199997139504
0.00000000000000000000 0.08018912459089756750
0.00000000000000000000 0.08027961915330039666
0.00000000000000000000 0.08060268388076868851
0.00000000000000000000 0.08072751411301606894
0.00000000000000000000 0.08082579726014284260
0.00000000000000000000 0.08086073432494512991
0.00000000000000000000 0.08105637440490853773
0.00000000000000000000 0.08145824397157000463
0.00000000000000000000 0.08155658034213823793
0.00000000000000000000 0.08162124610226528798
0.00000000000000000000 0.08173526501881177297
0.00000000000000000000 0.08184041039792018524
0.00000000000000000000 0.08204915142052646160
0.00000000000000000000 0.08233572784501823338
0.00000000000000000000 0.08254266543648249022
0.00000000000000000000 0.08300284352510549357
0.00000000000000000000 0.08312412111277409088
0.00000000000000000000 0.08354566097071274011
0.00000000000000000000 0.08390245856647371436
0.00000000000000000000 0.08411208914506465573
0.00000000000000000000 0.08505801968341400454
0.00000000000000000000 0.08511416083672945776
0.00000000000000000000 0.08541379891335307284
0.00000000000000000000 0.08699825584912274090
0.00000000000000000000 0.08704991182816267103
0.00000000000000000000 0.08708534146862213776
0.00000000000000000000 0.08731489327363138597
0.00000000000000000000 0.08740791078703205597
0.00000000000000000000 0.08763521819357789067
0.00000000000000000000 0.08824017100921796586
0.00000000000000000000 0.08860630045505714369
0.00000000000000000000 0.08861368274072628504
0.00000000000000000000 0.08891415273156763610
0.00000000000000000000 0.08942485059292666627
0.00000000000000000000 0.08949017865105821090
0.00000000000000000000 0.08972033325974802798
0.00000000000000000000 0.09012429375980041124
0.00000000000000000000 0.09158048455567177615
0.00000000000000000000 0.09183911809862017883
0.00000000000000000000 0.09213540002095063630
0.00000000000000000000 0.09226930358898260964
0.00000000000000000000 0.09307053015890383307
0.00000000000000000000 0.09321634758291036382
0.00000000000000000000 0.09340331664978133996
0.00000000000000000000 0.09352093058958629856
0.00000000000000000000 0.09366213479537044417
0.00000000000000000000 0.09376212179996450125
0.00000000000000000000 0.09380344416376197592
0.00000000000000000000 0.09409949551769186682
0.00000000000000000000 0.09479119342999554887
0.00000000000000000000 0.09537218726592405771
0.00000000000000000000 0.09543775469436963088
0.00000000000000000000 0.09556420075982133278
0.00000000000000000000 0.09556807054571225812
0.00000000000000000000 0.09560976544169430547
0.00000000000000000000 0.09600184925994140195
0.00000000000000000000 0.09621054771268665318
0.00000000000000000000 0.09640121780426777476
0.00000000000000000000 0.09645426906297852043
0.00000000000000000000 0.09668267319515168323
0.00000000000000000000 0.09676279254906874905
0.00000000000000000000 0.09698128228318794730
0.00000000000000000000 0.09806386979241324409
0.00000000000000000000 0.09877764387989386441
0.00000000000000000000 0.09925499068104685907
0.00000000000000000000 0.09927771511602923038
0.00000000000000000000 0.09959813968931631456
0.00000000000000000000 0.09977993817373584373
0.00000000000000000000 0.09980575919906610471
0.00000000000000000000 0.09981526372198588903
0.00000000000000000000 0.10011373634155051882
0.00000000000000000000 0.10045968931909163291
0.00000000000000000000 0.10084460422834178039
0.00000000000000000000 0.10093252731102725361
0.00000000000000000000 0.10126781075033232382
0.00000000000000000000 0.10163195920174257492
0.00000000000000000000 0.10169952976926290023
0.00000000000000000000 0.10194350594242936048
0.00000000000000000000 0.10235185340486736838
0.00000000000000000000 0.10241205221788440838
0.00000000000000000000 0.10275156283539867152
0.00000000000000000000 0.10324521850827356184
0.00000000000000000000 0.10357107239179326463
0.00000000000000000000 0.10366925609603083736
0.00000000000000000000 0.10441621033078450631
0.00000000000000000000 0.10463454357122876914
0.00000000000000000000 0.10508265780501234443
0.00000000000000000000 0.10526203529854752383
0.00000000000000000000 0.10547156981861693925
0.00000000000000000000 0.10556780804348160629
0.00000000000000000000 0.10560510046552072649
0.00000000000000000000 0.10575313135568427392
0.00000000000000000000 0.10594521203676532384
0.00000000000000000000 0.10605559253165795786
0.00000000000000000000 0.10674605456529223657
0.00000000000000000000 0.10695772472364926953
0.00000000000000000000 0.10704672486003447007
0.00000000000000000000 0.10706048215601278450
0.00000000000000000000 0.10754870590761285432
0.00000000000000000000 0.10762616914947047142
0.00000000000000000000 0.10776032946656030620
0.00000000000000000000 0.10783920096500067276
0.00000000000000000000 0.10800761863582469813
0.00000000000000000000 0.10810098235445647630
0.00000000000000000000 0.10829810370956202692
0.00000000000000000000 0.10842688859974622395
0.00000000000000000000 0.10846839169398285463
0.00000000000000000000 0.10978693857058718919
0.00000000000000000000 0.11005619541428342256
0.00000000000000000000 0.11052989413710362365
0.00000000000000000000 0.11131993613439379598
0.00000000000000000000 0.11148729224521175540
0.00000000000000000000 0.11164444237803652915
0.00000000000000000000 0.11175866667062235582
0.00000000000000000000 0.11187341775507719799
0.00000000000000000000 0.11231230982931861284
0.00000000000000000000 0.11264535926668435561
0.00000000000000000000 0.11327832855373834442
0.00000000000000000000 0.11340726694956126952
0.00000000000000000000 0.11362403007029724111
0.00000000000000000000 0.11394219967102615920
0.00000000000000000000 0.11422442772004412492
0.00000000000000000000 0.11478168763589179091
0.00000000000000000000 0.11521427263888263381
0.00000000000000000000 0.11551166296796476496
0.00000000000000000000 0.11555176977980452513
0.00000000000000000000 0.11558998192664642068
0.00000000000000000000 0.11635591518243797171
0.00000000000000000000 0.11693973920969069624
0.00000000000000000000 0.11700271836209089060
0.00000000000000000000 0.11701988235847357589
0.00000000000000000000 0.11708442166610623369
0.00000000000000000000 0.11719870028020094865
0.00000000000000000000 0.11750000122215559228
0.00000000000000000000 0.11787869934068199995
0.00000000000000000000 0.11796357680693694836
0.00000000000000000000 0.11803010568304614369
0.00000000000000000000 0.11955720831854202424
0.00000000000000000000 0.12004323243963974099
0.00000000000000000000 0.12032344407967636435
0.00000000000000000000 0.12037081915756392414
0.00000000000000000000 0.12051922364406392196
0.00000000000000000000 0.12088063270392730708
0.00000000000000000000 0.12090586355570967503
0.00000000000000000000 0.12096578694429038769
0.00000000000000000000 0.12119025224228664739
0.00000000000000000000 0.12136344938124150883
0.00000000000000000000 0.12139289622598266327
0.00000000000000000000 0.12201580846031233329
0.00000000000000000000 0.12264697897451816433
0.00000000000000000000 0.12325655190320321253
0.00000000000000000000 0.12326233135140948760
0.00000000000000000000 0.12333238008971021682
0.00000000000000000000 0.12361472380135474225
0.00000000000000000000 0.12370584186438307595
0.00000000000000000000 0.12430950830311651711
0.00000000000000000000 0.12467686068225454499
0.00000000000000000000 0.12492927570788560365
0.00000000000000000000 0.12501040876929980783
0.00000000000000000000 0.12504870054783631672
0.00000000000000000000 0.12553072584636112974
0.00000000000000000000 0.12583969313326312522
0.00000000000000000000 0.12600725040295893131
0.00000000000000000000 0.12608297441607427269
0.00000000000000000000 0.12617844775443440297
0.00000000000000000000 0.12652069343225313958
0.00000000000000000000 0.12657653946398125799
0.00000000000000000000 0.12659133128073268848
0.00000000000000000000 0.12669340382896321362
0.00000000000000000000 0.12679713234118078491
0.00000000000000000000 0.12699083729512455898
0.00000000000000000000 0.12713679544874859073
0.00000000000000000000 0.12727305534049571101
0.00000000000000000000 0.12729950462963982027
0.00000000000000000000 0.12737021713493459907
0.00000000000000000000 0.12753336705468248935
0.00000000000000000000 0.12765342022963524493
0.00000000000000000000 0.12787914238900741082
0.00000000000000000000 0.12797040313754054486
0.00000000000000000000 0.12840596305565113444
0.00000000000000000000 0.12894290904677668808
0.00000000000000000000 0.12912690579610922037
0.00000000000000000000 0.12986704825886169479
0.00000000000000000000 0.13057626950282286149
0.00000000000000000000 0.13096286899771750201
0.00000000000000000000 0.13118780086026390896
0.00000000000000000000 0.13134119800222590624
0.00000000000000000000 0.13162633141817750571
0.00000000000000000000 0.13196618444177793394
0.00000000000000000000 0.13215110170379673615
0.00000000000000000000 0.13218136242279260317
0.00000000000000000000 0.13219497139230307337
0.00000000000000000000 0.13227025854240093139
0.00000000000000000000 0.13241930246511998681
0.00000000000000000000 0.13251543427232337358
0.00000000000000000000 0.13255783713837623883
0.00000000000000000000 0.13256243049906002440
0.00000000000000000000 0.13293194298011351551
0.00000000000000000000 0.13299809523082820051
0.00000000000000000000 0.13311804196870224981
0.00000000000000000000 0.13359830408001072133
0.00000000000000000000 0.13377817946680450878
0.00000000000000000000 0.13426501218230779688
0.00000000000000000000 0.13434382890308180225
0.00000000000000000000 0.13436407937045449779
0.00000000000000000000 0.13471299058572575036
0.00000000000000000000 0.13481339962147217970
0.00000000000000000000 0.13501575556369832531
0.00000000000000000000 0.13566238072816766413
0.00000000000000000000 0.13585538984738557144
0.00000000000000000000 0.13596870826412399413
0.00000000000000000000 0.13597512517306561963
0.00000000000000000000 0.13621539541739169366
0.00000000000000000000 0.13672436427317424812
0.00000000000000000000 0.13678074477311555346
0.00000000000000000000 0.13740132631503196303
0.00000000000000000000 0.13751955983781011250
0.00000000000000000000 0.13756049393152758320
0.00000000000000000000 0.13766028590102447060
0.00000000000000000000 0.13796220127355374174
0.00000000000000000000 0.13867020791572004512
0.00000000000000000000 0.13870436144491396502
0.00000000000000000000 0.13886369625245620352
0.00000000000000000000 0.13898971023140194170
0.00000000000000000000 0.13916069632437880199
0.00000000000000000000 0.13953299043754663344
0.00000000000000000000 0.13959574122301385279
0.00000000000000000000 0.13967446937352154257
0.00000000000000000000 0.13993459652482137523
0.00000000000000000000 0.14003737002996571870
0.00000000000000000000 0.14007975980402975757
0.00000000000000000000 0.14015226298553307149
0.00000000000000000000 0.14037200715838604737
0.00000000000000000000 0.14056583751777260161
0.00000000000000000000 0.14084647891352844451
0.00000000000000000000 0.14090159440297850280
0.00000000000000000000 0.14090724809162219477
0.00000000000000000000 0.14109963625835705847
0.00000000000000000000 0.14123534359950898343
0.00000000000000000000 0.14137801795316806697
0.00000000000000000000 0.14186376475868411884
0.00000000000000000000 0.14205115800044529339
0.00000000000000000000 0.14209371617574562130
0.00000000000000000000 0.14239740800243586016
0.00000000000000000000 0.14259140880346796165
0.00000000000000000000 0.14340011303642813401
0.00000000000000000000 0.14341979444420480116
0.00000000000000000000 0.14344565993525246195
0.00000000000000000000 0.14374578376072827401
0.00000000000000000000 0.14389277256592181153
0.00000000000000000000 0.14446118401178534296
0.00000000000000000000 0.14480168870679765991
0.00000000000000000000 0.14536897839284260159
0.00000000000000000000 0.14547346626070506437
0.00000000000000000000 0.14556076381344121295
0.00000000000000000000 0.14573453259739985177
0.00000000000000000000 0.14583774028038559711
0.00000000000000000000 0.14614092248137269814
0.00000000000000000000 0.14616980470142904025
0.00000000000000000000 0.14619518642194459512
0.00000000000000000000 0.14644253997330688999
0.00000000000000000000 0.14655345628726221263
0.00000000000000000000 0.14729942763006373396
0.00000000000000000000 0.14748264137571406862
0.00000000000000000000 0.14785046837253215668
0.00000000000000000000 0.14802530066965621791
0.00000000000000000000 0.14845514611124854820
0.00000000000000000000 0.14845583397276468363
0.00000000000000000000 0.14909906824120408575
0.00000000000000000000 0.14950116420558370867
0.00000000000000000000 0.14956186579345395748
0.00000000000000000000 0.14966513915195681084
0.00000000000000000000 0.14972530845578313485
0.00000000000000000000 0.14997363745392863765
0.00000000000000000000 0.15007201752138241146
0.00000000000000000000 0.15034403879988170183
0.00000000000000000000 0.15040580284489840635
0.00000000000000000000 0.15053504751342611234
0.00000000000000000000 0.15108179445510411254
0.00000000000000000000 0.15113798990189522553
0.00000000000000000000 0.15122284754173415111
0.00000000000000000000 0.15133448190391218802
0.00000000000000000000 0.15152745781589974094
0.00000000000000000000 0.15169583394079719230
0.00000000000000000000 0.15261477697075168103
0.00000000000000000000 0.15295393421918537791
0.00000000000000000000 0.15328258151869192383
0.00000000000000000000 0.15346225760673354310
0.00000000000000000000 0.15383996459335147478
0.00000000000000000000 0.15405330001341416279
0.00000000000000000000 0.15446842871792418328
0.00000000000000000000 0.15470215363191228142
0.00000000000000000000 0.15508767900153422326
0.00000000000000000000 0.15553277766984568986
0.00000000000000000000 0.15575431034054054713
0.00000000000000000000 0.15584786592573637853
0.00000000000000000000 0.15661332785605638906
0.00000000000000000000 0.15696094145827502175
0.00000000000000000000 0.15744360586399994140
0.00000000000000000000 0.15761956692773682054
0.00000000000000000000 0.15815532520899183710
0.00000000000000000000 0.15945821257126105430
0.00000000000000000000 0.15951909314679504903
0.00000000000000000000 0.15958134142634047836
0.00000000000000000000 0.15961494335790366028
0.00000000000000000000 0.15988009635669098163
0.00000000000000000000 0.15994469071598499399
0.00000000000000000000 0.16002149940770102332
0.00000000000000000000 0.16006983863139326307
0.00000000000000000000 0.16015042845866436783
0.00000000000000000000 0.16070127631993053052
0.00000000000000000000 0.16157025055325144325
0.00000000000000000000 0.16203749416966778396
0.00000000000000000000 0.16210994630846933817
0.00000000000000000000 0.16246703831883532732
0.00000000000000000000 0.16247293782299515597
0.00000000000000000000 0.16254013598038508093
0.00000000000000000000 0.16275858655024275090
0.00000000000000000000 0.16285186651118216394
0.00000000000000000000 0.16288735818753286022
0.00000000000000000000 0.16361040788334238472
0.00000000000000000000 0.16369032080244891314
0.00000000000000000000 0.16472105117118124307
0.00000000000000000000 0.16509931981208619822
0.00000000000000000000 0.16537860443993607218
0.00000000000000000000 0.16560617555986370530
0.00000000000000000000 0.16607792685759148466
0.00000000000000000000 0.16616322396672589257
0.00000000000000000000 0.16661207089482754640
0.00000000000000000000 0.16814185993676561415
0.00000000000000000000 0.16830799724439574061
0.00000000000000000000 0.16875624988466303433
0.00000000000000000000 0.16964239851706394702
0.00000000000000000000 0.16983328064762240328
0.00000000000000000000 0.17009781546768931726
0.00000000000000000000 0.17142811617384767775
0.00000000000000000000 0.17242435737170622168
0.00000000000000000000 0.17262956993821024221
0.00000000000000000000 0.17275270729365993505
0.00000000000000000000 0.17472406801012860256
0.00000000000000000000 0.17569901021861697443
0.00000000000000000000 0.17592557674205613893
0.00000000000000000000 0.17627420303879709484
0.00000000000000000000 0.17680595297920445597
0.00000000000000000000 0.17727079166179829373
0.00000000000000000000 0.17861577266786757279
0.00000000000000000000 0.17974152924621034089
0.00000000000000000000 0.18003594932748254176
0.00000000000000000000 0.18012176044060076996
0.00000000000000000000 0.18027926422082993230
0.00000000000000000000 0.18104383764713818938
0.00000000000000000000 0.18229376342044167902
0.00000000000000000000 0.18392994143570912113
0.00000000000000000000 0.18486689969199260331
0.00000000000000000000 0.18527713963676278874
0.00000000000000000000 0.18608515229380395706
0.00000000000000000000 0.18773660684182452707
0.00000000000000000000 0.18774125076058476025
0.00000000000000000000 0.18791072775713849041
0.00000000000000000000 0.18942415133431755869
0.00000000000000000000 0.19023832394605158513
0.00000000000000000000 0.19115909412484566321
0.00000000000000000000 0.19143372018194429462
0.00000000000000000000 0.19316900664701810997
0.00000000000000000000 0.19555300061102165454
0.00000000000000000000 0.19775656882401509984
0.00000000000000000000 0.19980399811134963439
0.00000000000000000000 0.20192114884501885519
0.00000000000000000000 0.20222768340399285836
0.00000000000000000000 0.20331926273599396082
0.00000000000000000000 0.20371245278392438594
0.00000000000000000000 0.21054380330459909754
0.00000000000000000000 0.21080759353319247773
0.00000000000000000000 0.21811718744406424775
0.00000000000000000000 0.22125698912857458267
0.00000000000000000000 0.23825004175369279835
0.00000000000000000000 0.23906263233748475949
0.00000000000000000000 0.24628080124026696662
0.00000000000000000000 0.24882750075163312387
0.00000000000000000000 0.26615751266181081336
0.00000000000000000000 0.30257044411019234920
0.00000000000000000000 1.73205080756887719318
