0.00000000000000000000 0.00793567811254456031
0.00000000000000000000 0.00997604776324244151
0.00000000000000000000 0.01053386723922839809
0.00000000000000000000 0.01536228476815093731
0.00000000000000000000 0.01577311196364833412
0.00000000000000000000 0.01945454446456406153
0.00000000000000000000 0.02369141354158298476
0.00000000000000000000 0.02387575360271505104
0.00000000000000000000 0.02392534924217415773
0.00000000000000000000 0.02395353496854503439
0.00000000000000000000 0.02627665813394963745
0.00000000000000000000 0.02662117783524877920
0.00000000000000000000 0.02697394381287420914
0.00000000000000000000 0.02739010782450175541
0.00000000000000000000 0.02926171807627331312
0.00000000000000000000 0.03036190482179137659
0.00000000000000000000 0.03038141133269792529
0.00000000000000000000 0.03041015687688248051
0.00000000000000000000 0.03211028888486633370
0.00000000000000000000 0.03222235488732493047
0.00000000000000000000 0.03255464306799117635
0.00000000000000000000 0.03355432971409553350
0.00000000000000000000 0.03413855884247087719
0.00000000000000000000 0.03468213984123986321
0.00000000000000000000 0.03516855367092723561
0.00000000000000000000 0.03519994862195802848
0.00000000000000000000 0.03530367329265002296
0.00000000000000000000 0.03613166642511811411
0.00000000000000000000 0.03621331523045170919
0.00000000000000000000 0.03679288168222253491
0.00000000000000000000 0.03700107987351224786
0.00000000000000000000 0.03762621067720969825
0.00000000000000000000 0.03835331718960488523
0.00000000000000000000 0.03892709752842431203
0.00000000000000000000 0.04012982012040672286
0.00000000000000000000 0.04051627199768591259
0.00000000000000000000 0.04133353209698406583
0.00000000000000000000 0.04173430420976341482
0.00000000000000000000 0.04359733878621178255
0.00000000000000000000 0.04367777081205657941
0.00000000000000000000 0.04460629317121260484
0.00000000000000000000 0.04486849437815741692
0.00000000000000000000 0.04529916222309676721
0.00000000000000000000 0.04560576793583483168
0.00000000000000000000 0.04564540317331031855
0.00000000000000000000 0.04577964526025781605
0.00000000000000000000 0.04589874172204547187
0.00000000000000000000 0.04664052556489103885
0.00000000000000000000 0.04676801008040444574
0.00000000000000000000 0.04710228598945378348
0.00000000000000000000 0.04777607134794754212
0.00000000000000000000 0.04784523324238374592
0.00000000000000000000 0.04786260970903563616
0.00000000000000000000 0.04818076653646775204
0.00000000000000000000 0.04848148441386530144
0.00000000000000000000 0.04862195922856686614
0.00000000000000000000 0.04885844379639021906
0.00000000000000000000 0.04909624706547580097
0.00000000000000000000 0.04918916591000395411
0.00000000000000000000 0.04925767212200540118
0.00000000000000000000 0.04931893524132752171
0.00000000000000000000 0.04954836466028897379
0.00000000000000000000 0.04956321309555571791
0.00000000000000000000 0.04964574537070463867
0.00000000000000000000 0.05039585715575691655
0.00000000000000000000 0.05057545609922595164
0.00000000000000000000 0.05061365342406006634
0.00000000000000000000 0.05062207293244243983
0.00000000000000000000 0.05096466909797163491
0.00000000000000000000 0.05209852792548334832
0.00000000000000000000 0.05222656047799680012
0.00000000000000000000 0.05232588090704622108
0.00000000000000000000 0.05248676277250739763
0.00000000000000000000 0.05355005137761814638
0.00000000000000000000 0.05406581382938106112
0.00000000000000000000 0.05472605390002797943
0.00000000000000000000 0.05503452672564169285
0.00000000000000000000 0.05508606200353067389
0.00000000000000000000 0.05534641238855018269
0.00000000000000000000 0.05537830002073117902
0.00000000000000000000 0.05547748515395203861
0.00000000000000000000 0.05576059858347052339
0.00000000000000000000 0.05599403173553179486
0.00000000000000000000 0.05607036036231135417
0.00000000000000000000 0.05630400545589397954
0.00000000000000000000 0.05630707534869902608
0.00000000000000000000 0.05646253246295565575
0.00000000000000000000 0.05665541967026031800
0.00000000000000000000 0.05697443060588286423
0.00000000000000000000 0.05713833942855139902
0.00000000000000000000 0.05727001955376555264
0.00000000000000000000 0.05747071424141343005
0.00000000000000000000 0.05786053228087202627
0.00000000000000000000 0.05817141277739591720
0.00000000000000000000 0.05820566006080159227
0.00000000000000000000 0.05822088973760720237
0.00000000000000000000 0.05852201145668983057
0.00000000000000000000 0.05854739229474933970
0.00000000000000000000 0.05913874007083722711
0.00000000000000000000 0.05931360568456242599
0.00000000000000000000 0.05982544799851074319
0.00000000000000000000 0.05992593227525407074
0.00000000000000000000 0.06024540867679862438
0.00000000000000000000 0.06028053775221389743
0.00000000000000000000 0.06049697902568881847
0.00000000000000000000 0.06052881854724361660
0.00000000000000000000 0.06059126647905401647
0.00000000000000000000 0.06078074443796580018
0.00000000000000000000 0.06094639188989517398
0.00000000000000000000 0.06119047750036869793
0.00000000000000000000 0.06164831873698270459
0.00000000000000000000 0.06178629072254920168
0.00000000000000000000 0.06220564603548580512
0.00000000000000000000 0.06234650347325566139
0.00000000000000000000 0.06274067317928007370
0.00000000000000000000 0.06337361618633394200
0.00000000000000000000 0.06340901877710874990
0.00000000000000000000 0.06428608740944277700
0.00000000000000000000 0.06442823483003838614
0.00000000000000000000 0.06452908991444321340
0.00000000000000000000 0.06484132157401388541
0.00000000000000000000 0.06500862642922958234
0.00000000000000000000 0.06521086782548191074
0.00000000000000000000 0.06558555470065041693
0.00000000000000000000 0.06569953717395418669
0.00000000000000000000 0.06608336204070754116
0.00000000000000000000 0.06609030509462288094
0.00000000000000000000 0.06615398399516703165
0.00000000000000000000 0.06631717494951079594
0.00000000000000000000 0.06696574886182125874
0.00000000000000000000 0.06699129042115829769
0.00000000000000000000 0.06704699377064322896
0.00000000000000000000 0.06729186205098336426
0.00000000000000000000 0.06804427043397126562
0.00000000000000000000 0.06822752365122207452
0.00000000000000000000 0.06850320679549734559
0.00000000000000000000 0.06853094884136377851
0.00000000000000000000 0.06910005138759592325
0.00000000000000000000 0.06947345283314064479
0.00000000000000000000 0.06985294338747288778
0.00000000000000000000 0.07030289672318847105
0.00000000000000000000 0.07065428852311225749
0.00000000000000000000 0.07075077543629423871
0.00000000000000000000 0.07083172359271594498
0.00000000000000000000 0.07127711336609283965
0.00000000000000000000 0.07163818501287784468
0.00000000000000000000 0.07178289773062157542
0.00000000000000000000 0.07179958412458654904
0.00000000000000000000 0.07191706035057489343
0.00000000000000000000 0.07221920367154256726
0.00000000000000000000 0.07268515716026725804
0.00000000000000000000 0.07289897082972440767
0.00000000000000000000 0.07290340045055967999
0.00000000000000000000 0.07300875923542989032
0.00000000000000000000 0.07306690703343847459
0.00000000000000000000 0.07319002946860357628
0.00000000000000000000 0.07329641774574230384
0.00000000000000000000 0.07362109004439942872
0.00000000000000000000 0.07399996603719066757
0.00000000000000000000 0.07417107447543960785
0.00000000000000000000 0.07445163804514125239
0.00000000000000000000 0.07482091698954800030
0.00000000000000000000 0.07482502033348886750
0.00000000000000000000 0.07483127024816764450
0.00000000000000000000 0.07528275802758399582
0.00000000000000000000 0.07592689475022483536
0.00000000000000000000 0.07594752564493985336
0.00000000000000000000 0.07613786161675432929
0.00000000000000000000 0.07622896619909638738
0.00000000000000000000 0.07624281652235941065
0.00000000000000000000 0.07644642754353933589
0.00000000000000000000 0.07695582446711399238
0.00000000000000000000 0.07703874551074052501
0.00000000000000000000 0.07710867487301445444
0.00000000000000000000 0.07738595327480689290
0.00000000000000000000 0.07745458050464466837
0.00000000000000000000 0.07782762253207453629
0.00000000000000000000 0.07794757995277475093
0.00000000000000000000 0.07827367492682764383
0.00000000000000000000 0.07860992887669050744
0.00000000000000000000 0.07865438154485152045
0.00000000000000000000 0.07892365373152109009
0.00000000000000000000 0.07936072539760020972
0.00000000000000000000 0.07945999272419342063
0.00000000000000000000 0.07983098457459680830
0.00000000000000000000 0.08047386272418564912
0.00000000000000000000 0.08060135203424143024
0.00000000000000000000 0.08102095249656063314
0.00000000000000000000 0.08103297715165951043
0.00000000000000000000 0.08160794067716477251
0.00000000000000000000 0.08176893563412171440
0.00000000000000000000 0.08202446396174710441
0.00000000000000000000 0.08208154313201866670
0.00000000000000000000 0.08211217344908541826
0.00000000000000000000 0.08245949845652505994
0.00000000000000000000 0.08271809306583370602
0.00000000000000000000 0.08275808554675219419
0.00000000000000000000 0.08284934599891650986
0.00000000000000000000 0.08287540344936850101
0.00000000000000000000 0.08303651170017824212
0.00000000000000000000 0.08340477330077993023
0.00000000000000000000 0.08398081953617636541
0.00000000000000000000 0.08475715816195586449
0.00000000000000000000 0.08509302965895569615
0.00000000000000000000 0.08547767731653004020
0.00000000000000000000 0.08550083671083180681
0.00000000000000000000 0.08550495361230765756
0.00000000000000000000 0.08553440578731602573
0.00000000000000000000 0.08555775330235206033
0.00000000000000000000 0.08557560165291222543
0.00000000000000000000 0.08577297889357715643
0.00000000000000000000 0.08592900152428238625
0.00000000000000000000 0.08679144614456736628
0.00000000000000000000 0.08709058937191135885
0.00000000000000000000 0.08719291806157269953
0.00000000000000000000 0.08730259836468484691
0.00000000000000000000 0.08757481053907149871
0.00000000000000000000 0.08830728218568802135
0.00000000000000000000 0.08837259570183848834
0.00000000000000000000 0.08843380691875515898
0.00000000000000000000 0.08853943892301491259
0.00000000000000000000 0.08896544290050931170
0.00000000000000000000 0.08906024215649953335
0.00000000000000000000 0.08907608739844076473
0.00000000000000000000 0.08955539234422840722
0.00000000000000000000 0.09006915372717705370
0.00000000000000000000 0.09028795053901174372
0.00000000000000000000 0.09036091376050875423
0.00000000000000000000 0.09053654953539200245
0.00000000000000000000 0.09063400469619008193
0.00000000000000000000 0.09092572699324094621
0.00000000000000000000 0.09100463477288044112
0.00000000000000000000 0.09133781597519131934
0.00000000000000000000 0.09140743820020647004
0.00000000000000000000 0.09166232075849459204
0.00000000000000000000 0.09228799405563808955
0.00000000000000000000 0.09229901596477831094
0.00000000000000000000 0.09249780526221182408
0.00000000000000000000 0.09256210142519818995
0.00000000000000000000 0.09267772490178367850
0.00000000000000000000 0.09356988883215501540
0.00000000000000000000 0.09396015393634926660
0.00000000000000000000 0.09435775126599889318
0.00000000000000000000 0.09487266493887043517
0.00000000000000000000 0.09511760270317642929
0.00000000000000000000 0.09590791562528054592
0.00000000000000000000 0.09592011504966697910
0.00000000000000000000 0.09598205143524002336
0.00000000000000000000 0.09627996439008269791
0.00000000000000000000 0.09649395191959241058
0.00000000000000000000 0.09652932994843824166
0.00000000000000000000 0.09662396784263500848
0.00000000000000000000 0.09677813135694829372
0.00000000000000000000 0.09689623058057132698
0.00000000000000000000 0.09714459844543929523
0.00000000000000000000 0.09729795792417272882
0.00000000000000000000 0.09768203433150136894
0.00000000000000000000 0.09773741269669475318
0.00000000000000000000 0.09785530145576354366
0.00000000000000000000 0.09791919798749099124
0.00000000000000000000 0.09802986279236186595
0.00000000000000000000 0.09806065605811600805
0.00000000000000000000 0.09811592763506130077
0.00000000000000000000 0.09839277322180996210
0.00000000000000000000 0.09885071712008579314
0.00000000000000000000 0.09896917240794271542
0.00000000000000000000 0.09913715823475684197
0.00000000000000000000 0.09931140323319241625
0.00000000000000000000 0.09953578796282876173
0.00000000000000000000 0.10066908644424947539
0.00000000000000000000 0.10081191370302672317
0.00000000000000000000 0.10082700074503503362
0.00000000000000000000 0.10109223947850236314
0.00000000000000000000 0.10171523919009158032
0.00000000000000000000 0.10182997284082637157
0.00000000000000000000 0.10209426959663145396
0.00000000000000000000 0.10227615864591682593
0.00000000000000000000 0.10269198730002353226
0.00000000000000000000 0.10270259604488385374
0.00000000000000000000 0.10272409815715627390
0.00000000000000000000 0.10354516986194520212
0.00000000000000000000 0.10373456670143690883
0.00000000000000000000 0.10445245376694597961
0.00000000000000000000 0.10498866403934427327
0.00000000000000000000 0.10513747852485583190
0.00000000000000000000 0.10595223195427085072
0.00000000000000000000 0.10595544116078794983
0.00000000000000000000 0.10598448662823579947
0.00000000000000000000 0.10600187124167755048
0.00000000000000000000 0.10601398398974330728
0.00000000000000000000 0.10631731814818293214
0.00000000000000000000 0.10638745188231341077
0.00000000000000000000 0.10671982257713849562
0.00000000000000000000 0.10692528519179195223
0.00000000000000000000 0.10704168136081890217
0.00000000000000000000 0.10704342255585944099
0.00000000000000000000 0.10771128776351168721
0.00000000000000000000 0.10797403100416336219
0.00000000000000000000 0.10819053700075739743
0.00000000000000000000 0.10823557098061578619
0.00000000000000000000 0.10837020209545275562
0.00000000000000000000 0.10845928203828153480
0.00000000000000000000 0.10893702126342791336
0.00000000000000000000 0.10910148343536271720
0.00000000000000000000 0.10926228312069245774
0.00000000000000000000 0.10927458155213728985
0.00000000000000000000 0.10970273793328975953
0.00000000000000000000 0.11007828305324891816
0.00000000000000000000 0.11019758937896680095
0.00000000000000000000 0.11035855337484613836
0.00000000000000000000 0.11037492669451189065
0.00000000000000000000 0.11068773854466665285
0.00000000000000000000 0.11079825174243512764
0.00000000000000000000 0.11087192028547854239
0.00000000000000000000 0.11095216924743754594
0.00000000000000000000 0.11134138484902056376
0.00000000000000000000 0.11162068005884573374
0.00000000000000000000 0.11163224957393226566
0.00000000000000000000 0.11163552547083011035
0.00000000000000000000 0.11302548415087612654
0.00000000000000000000 0.11308807717186139530
0.00000000000000000000 0.11370011077178476810
0.00000000000000000000 0.11428182780528374496
0.00000000000000000000 0.11428667984313790884
0.00000000000000000000 0.11432122641730099732
0.00000000000000000000 0.11461199497583984819
0.00000000000000000000 0.11467424557336849955
0.00000000000000000000 0.11474450405456301794
0.00000000000000000000 0.11492316087437227934
0.00000000000000000000 0.11494662649232885443
0.00000000000000000000 0.11509042568194827183
0.00000000000000000000 0.11550454888409412979
0.00000000000000000000 0.11569721226939125303
0.00000000000000000000 0.11597381895314316791
0.00000000000000000000 0.11624204964404570573
0.00000000000000000000 0.11651869991121323322
0.00000000000000000000 0.11670140523511386699
0.00000000000000000000 0.11683149085378392862
0.00000000000000000000 0.11701863965778876164
0.00000000000000000000 0.11710101428887645381
0.00000000000000000000 0.11720632279137598031
0.00000000000000000000 0.11762094244715128044
0.00000000000000000000 0.11784774738978537334
0.00000000000000000000 0.11795999162963256846
0.00000000000000000000 0.11822790915408139256
0.00000000000000000000 0.11863530492022524021
0.00000000000000000000 0.11871952326764534380
0.00000000000000000000 0.11884529535207925821
0.00000000000000000000 0.11887090293168156574
0.00000000000000000000 0.11916069928672579081
0.00000000000000000000 0.11916814745039945589
0.00000000000000000000 0.11945003216633501286
0.00000000000000000000 0.11957541620173579855
0.00000000000000000000 0.12028362464686552513
0.00000000000000000000 0.12046232347430546605
0.00000000000000000000 0.12061847540311154692
0.00000000000000000000 0.12074269362252665339
0.00000000000000000000 0.12107376442629765034
0.00000000000000000000 0.12133498522632787942
0.00000000000000000000 0.12166372125489069433
0.00000000000000000000 0.12176690169883341852
0.00000000000000000000 0.12236969792182485206
0.00000000000000000000 0.12266448492511930479
0.00000000000000000000 0.12276648576968625382
0.00000000000000000000 0.12277873367134475857
0.00000000000000000000 0.12334148263520347544
0.00000000000000000000 0.12337829904287402061
0.00000000000000000000 0.12344993688013532196
0.00000000000000000000 0.12357839418170202261
0.00000000000000000000 0.12375253416635970116
0.00000000000000000000 0.12375831573028750476
0.00000000000000000000 0.12419348843832406226
0.00000000000000000000 0.12493566019754230589
0.00000000000000000000 0.12528014022356975810
0.00000000000000000000 0.12532682474048670307
0.00000000000000000000 0.12646456328274860437
0.00000000000000000000 0.12672648924295684680
0.00000000000000000000 0.12728386608415995229
0.00000000000000000000 0.12768207190895339287
0.00000000000000000000 0.12813451446256662880
0.00000000000000000000 0.12829774100552307492
0.00000000000000000000 0.12844373083659008095
0.00000000000000000000 0.12851008325215135253
0.00000000000000000000 0.12862432341982271700
0.00000000000000000000 0.12864269815278400744
0.00000000000000000000 0.12923652579539066099
0.00000000000000000000 0.13008073103952361160
0.00000000000000000000 0.13009505229674500626
0.00000000000000000000 0.13012158568414616822
0.00000000000000000000 0.13054870976015320316
0.00000000000000000000 0.13066378648164161946
0.00000000000000000000 0.13071091220769467944
0.00000000000000000000 0.13181490025264841481
0.00000000000000000000 0.13188563909829584264
0.00000000000000000000 0.13201940096671421765
0.00000000000000000000 0.13222787554886025752
0.00000000000000000000 0.13225739274415704294
0.00000000000000000000 0.13226109275329908654
0.00000000000000000000 0.13238805329308492298
0.00000000000000000000 0.13295853937196683292
0.00000000000000000000 0.13298017662911496006
0.00000000000000000000 0.13303748678094365343
0.00000000000000000000 0.13312114259726484655
0.00000000000000000000 0.13322491134574407368
0.00000000000000000000 0.13348875386934988541
0.00000000000000000000 0.13352167128369310523
0.00000000000000000000 0.13362706249895225930
0.00000000000000000000 0.13364098434210883171
0.00000000000000000000 0.13366136758164973153
0.00000000000000000000 0.13369243741997449693
0.00000000000000000000 0.13369724663926968455
0.00000000000000000000 0.13388803701608026353
0.00000000000000000000 0.13425413416419318402
0.00000000000000000000 0.13441472060707565506
0.00000000000000000000 0.13453231205145085858
0.00000000000000000000 0.13581365646206242093
0.00000000000000000000 0.13632593204815024457
0.00000000000000000000 0.13637569477404129503
0.00000000000000000000 0.13680504451988434456
0.00000000000000000000 0.13719307980469339081
0.00000000000000000000 0.13748706063666257804
0.00000000000000000000 0.13790988253170269329
0.00000000000000000000 0.13801751540367784843
0.00000000000000000000 0.13830885515746460523
0.00000000000000000000 0.13862686201355525761
0.00000000000000000000 0.13867960352418068348
0.00000000000000000000 0.13882085037190658450
0.00000000000000000000 0.13957279440730693820
0.00000000000000000000 0.13989229831882088462
0.00000000000000000000 0.14021675954516946150
0.00000000000000000000 0.14030324603506433290
0.00000000000000000000 0.14062282441388720966
0.00000000000000000000 0.14108515956632472488
0.00000000000000000000 0.14199027443720432795
0.00000000000000000000 0.14218162933195627184
0.00000000000000000000 0.14266887040548253962
0.00000000000000000000 0.14294747951393202423
0.00000000000000000000 0.14360147431606007373
0.00000000000000000000 0.14399667029906346172
0.00000000000000000000 0.14469844709736587318
0.00000000000000000000 0.14502882771848088495
0.00000000000000000000 0.14555233262392114346
0.00000000000000000000 0.14581054518709926637
0.00000000000000000000 0.14594131436201338015
0.00000000000000000000 0.14646971774381553622
0.00000000000000000000 0.14658623116989419333
0.00000000000000000000 0.14721945712738934708
0.00000000000000000000 0.14738145195051369218
0.00000000000000000000 0.14853798576655671826
0.00000000000000000000 0.14856377704912349103
0.00000000000000000000 0.15193844715711124493
0.00000000000000000000 0.15213209537795305271
0.00000000000000000000 0.15288844413240015863
0.00000000000000000000 0.15493421609015475826
0.00000000000000000000 0.15508254870422211180
0.00000000000000000000 0.15508429824696814969
0.00000000000000000000 0.15545940193826934816
0.00000000000000000000 0.15556470947287764917
0.00000000000000000000 0.15576688668398835924
0.00000000000000000000 0.15674516178462413740
0.00000000000000000000 0.15706001735658853269
0.00000000000000000000 0.15732230709984185157
0.00000000000000000000 0.15770983904817276189
0.00000000000000000000 0.15861919566985385743
0.00000000000000000000 0.15946215810224029230
0.00000000000000000000 0.16006765289418012355
0.00000000000000000000 0.16233670137485853302
0.00000000000000000000 0.16280411169907330060
0.00000000000000000000 0.16285893073038393286
0.00000000000000000000 0.16372730744643043677
0.00000000000000000000 0.16441141712425783039
0.00000000000000000000 0.16513197314001407112
0.00000000000000000000 0.16563490750233156312
0.00000000000000000000 0.16608158734394495859
0.00000000000000000000 0.16731954839142587632
0.00000000000000000000 0.16823995275215478107
0.00000000000000000000 0.16840601228923698929
0.00000000000000000000 0.16897340790726117499
0.00000000000000000000 0.16917212952756754962
0.00000000000000000000 0.17307320584520882734
0.00000000000000000000 0.17449082986200498135
0.00000000000000000000 0.17536215735863944221
0.00000000000000000000 0.17538841305780145108
0.00000000000000000000 0.17583470895328354167
0.00000000000000000000 0.17756260216877392533
0.00000000000000000000 0.17927758571538290888
0.00000000000000000000 0.18246795407501711916
0.00000000000000000000 0.18372610478752723906
0.00000000000000000000 0.18525417379260256112
0.00000000000000000000 0.18595684926198882692
0.00000000000000000000 0.18651879402775087269
0.00000000000000000000 0.19589294698034470654
0.00000000000000000000 0.19727331888246804614
0.00000000000000000000 0.20155439720629134137
0.00000000000000000000 0.20434668444607745341
0.00000000000000000000 0.20471395010328558017
0.00000000000000000000 0.20658681868603198661
0.00000000000000000000 0.21270802960518570002
0.00000000000000000000 0.22622540561439266615
0.00000000000000000000 1.73205080756887719318
