0.00789531090881119731 0.00815907071557858340
0.00738612070151403993 0.00832420320226701961
0.00830613117347444099 0.00870401813232444220
0.00916082793939101796 0.00932198741170863626
0.00775675781074710441 0.00963381528017849195
0.00853244299412920029 0.00974256052643129172
0.00924668914814085266 0.00974650547176873425
0.00949487887804320932 0.00977931765015024011
0.00975844585872407376 0.00988397897005034373
0.00922786191095821204 0.01009774686573245567
0.00879460567728091065 0.01020846453621945815
0.00916317399958621256 0.01035172089537060407
0.00874702465973991976 0.01041971686697177636
0.00954903438023728922 0.01056710701207173690
0.00967256302979239285 0.01069717041980357448
0.01058708271032198292 0.01082971044319805398
0.01039527479770871454 0.01098290054198741185
0.00838034407366753872 0.01101147734464911349
0.01021915391884692381 0.01111690434052312049
0.00950120466826925858 0.01113235624830197397
0.00945307119653521037 0.01128675651986997368
0.00812591658300109571 0.01130706180835097836
0.00887365783748256080 0.01131186864874889758
0.00889226075192163685 0.01145398653510988109
0.01117431806527165693 0.01151016268659335769
0.01091899950849030410 0.01158752981849552055
0.00772926719702282747 0.01168648972822673195
0.01156322053124968219 0.01187374572579225594
0.01105802485811791663 0.01193915984046450308
0.01190899242510507113 0.01194646462279945996
0.01130979023342988492 0.01213443005375090984
0.00815884680912949342 0.01231210790097408102
0.01130639621874386484 0.01239453248410199611
0.01158846815056084091 0.01243673917573327042
0.01236887130931591493 0.01248345963374538486
0.01142244267309070437 0.01249116406541225625
0.01132829262480654700 0.01260621700581722113
0.01150923170718662868 0.01266252218699093733
0.01252195090816237040 0.01288491447402955424
0.00846861328597301767 0.01298085433882189936
0.01241639065107108357 0.01301293356504740206
0.00993160268493822711 0.01301786979131410241
0.01249029990833432600 0.01316059389399583217
0.01278520766566984372 0.01331042271534816496
0.01051513234266446620 0.01331427559991866724
0.01072266391846164388 0.01331790368675816669
0.00765654551052347664 0.01350174736774757168
0.01128473364491034032 0.01362492969769279159
0.01221846481587993138 0.01363413862218584328
0.01188640123065835830 0.01363947354225009991
0.01335960468433125894 0.01366482972265905572
0.01264294139089103958 0.01370175704270051517
0.00959877505202417006 0.01374663331936916075
0.01328025724645784215 0.01383530388623797902
0.01070103502009471519 0.01390630079252479570
0.01080989585265170090 0.01414033926045353724
0.01398893942893838886 0.01419811906087459739
0.01420193934420073759 0.01420339230631204042
0.01336539942493088391 0.01422827685427726502
0.01199495550454850352 0.01424797723548573009
0.01388509771463439235 0.01433077193098141779
0.01365233940278443719 0.01443016142154569630
0.01435990012623774605 0.01465221283245515815
0.00812513363259775509 0.01478354748749027142
0.01453151482147379235 0.01480631516470143003
0.01442672559330790416 0.01500229307499857147
0.01265977938398169834 0.01501065990487604473
0.01344748571586334290 0.01504740217746973995
0.01430935258059794386 0.01505877504968470768
0.01455555287750408960 0.01524570851013615572
0.01421326760333646577 0.01524702906001673339
0.01348103110158166765 0.01534877877721152473
0.01371167990585474457 0.01536774195515574516
0.01535993899008008742 0.01536774195515574516
0.01530175665483623527 0.01546340401554238166
0.01247181353445197920 0.01571103740049450623
0.01065966631738498802 0.01581606006676419818
0.01514831877809447169 0.01583944981499018495
0.01446602280190382658 0.01584514664751931687
0.01438988381057426311 0.01593618226137080360
0.01283745239384212825 0.01603981909584032903
0.01199349649515606998 0.01605754501663372510
0.01130796262775255433 0.01612698710811184127
0.01427377372739440341 0.01631854531338954722
0.01326121939805350279 0.01638121202980880389
0.01246145237784490253 0.01641549716978772666
0.01427119631635410946 0.01658971204691343446
0.01594034388132316640 0.01659836183404755222
0.01135355841377007520 0.01664664236469643940
0.00905685239113889276 0.01675489297082480289
0.01276412143016053373 0.01675603100196716710
0.01613513415256247543 0.01679936036518167586
0.01529144058666288310 0.01684212314171590688
0.00954183289829697856 0.01688063718648964359
0.01314347651010893021 0.01689145934029075494
0.01628209752114223585 0.01692191214620674886
0.01502969377331748145 0.01715101930254377474
0.01476950756634246194 0.01719940534884157810
0.01243988125413570886 0.01722497386189335983
0.01581290430736200306 0.01743776639994819647
0.01454099130849594544 0.01779300156061105684
0.01708147750070723378 0.01788768553502727288
0.01722664759699629733 0.01796229337833402454
0.01777555809696475253 0.01798111489142701150
0.01633274132545467841 0.01802443242062884074
0.01374407165277692112 0.01807015252257774401
0.01195970889759698577 0.01807015252257774401
0.01038664514360593261 0.01807989334256038944
0.01656647041528803641 0.01835378313852181059
0.01615697467103988441 0.01867049006797141461
0.01843548132999814002 0.01882437434245344543
0.01473976221136145959 0.01888512006076181055
0.01195567299009539335 0.01901966745675635895
0.01925474005400754085 0.01944509290678551536
0.01873755600672437002 0.02004532306674620956
0.01643411120962638000 0.02007055056616986397
0.01464970014620158890 0.02009015874573588309
0.01328716799206141295 0.02026067781332791667
0.01961779379085840103 0.02026088756459659690
0.01558225770666487632 0.02032585962133497820
0.01935650399214506462 0.02041169926681864893
0.01950898984478802514 0.02042271054160273505
0.02059857775709024799 0.02086609102170025598
0.02049132365685518709 0.02087137596702754935
0.02023388672197608262 0.02094723908938126919
0.02049502521286001785 0.02096094552835043798
0.01981192757113577757 0.02105137184688252866
0.02007873806389301463 0.02107885430739404528
0.01901044288458774920 0.02108905641681936560
0.01820027871321428653 0.02117447360773797721
0.02010561748123444389 0.02118431575107570727
0.01809198490869457290 0.02118522943402513514
0.02049408535094661421 0.02123697984056279256
0.01971946286339309670 0.02148670928097379598
0.02169710180751924927 0.02184852625222881775
0.01830010124336804711 0.02207739401229677489
0.02067086676110453311 0.02216785610543416801
0.01818112821717035241 0.02221159416293166239
0.02119657518347891484 0.02232770617591881002
0.02144598847890596266 0.02248678649151865383
0.02204477087917170591 0.02256185909213632643
0.02135117537438030802 0.02260156519695313837
0.01877200440526125350 0.02279057141675002937
0.01902891792342709804 0.02282099310378261220
0.01831175118034783153 0.02283361769365281277
0.02191860191341967259 0.02363895675960992274
0.02072841247734339212 0.02400265613359653036
0.01965951565174818907 0.02410871649326682895
0.01926116907150571961 0.02417586067342943415
0.02136968087257479915 0.02421456275594534996
0.02036624620028772148 0.02468264405245331611
0.02385791249086710933 0.02500880585134762982
0.01953872714574768354 0.02506767641942810390
0.01934886958671869217 0.02512296059360935238
0.02407291879892620862 0.02517731740062902415
0.02457524530015226319 0.02522360572194407707
0.02470838945696339842 0.02542576053911236450
0.01846518061320617105 0.02593134819950436779
0.01858984894397108442 0.02601437295621349469
0.02563164611314772828 0.02642577219755120124
0.02453052623807024449 0.02680338079365809228
0.02587422158792828178 0.02689937191100910674
0.02197153105052777194 0.02718199876670579843
0.02117994550796540448 0.02729470247532640378
0.02576154615893979163 0.02743417600139756371
0.02711592361378294472 0.02780287549133217059
0.02711722903509448251 0.02807864570932365814
0.02808154536764986484 0.02830241245449150247
0.02257291286246390291 0.02861381738559700544
0.02636707648249056110 0.02865212577805617208
0.02891682542113080748 0.02900751053788695397
0.02482836059248398272 0.02917317845307630317
0.01867875410214239057 0.02926412857698209441
0.02484448049284299076 0.02954073784437862005
0.02601203743096419316 0.02995152178161554837
0.02801884559774134656 0.03016258321387152441
0.03042610769535094087 0.03084949742917326293
0.02407104298567782491 0.03098795658267893341
0.02533546639316860624 0.03152657296250571672
0.02824524923578261223 0.03164312393682909563
0.02854437507951483599 0.03303077609131688241
0.02922786623293872205 0.03304744419213422740
0.03176462795573027631 0.03419124875567314259
0.03398949685224677414 0.03560390921222114646
0.03169128432602446449 0.03696825027221351673
0.03531477565184396039 0.03768281430258937220
0.03785077420692058853 0.03801428614195075800
0.03523392054170959575 0.03802297096990535363
0.03413270653820436179 0.03824192341198030115
0.03512977804748062399 0.03868929210121617446
0.04277661635152863601 0.04317817990237297898
0.03482460133691972493 0.04365430712321561463
0.04209162652708363372 0.04392538783152287463
0.03485248137337672303 0.04586711798623700070
0.04374322406666741186 0.05298783541183314794
