0.00000000000000000000 0.00761323180839799333
0.00000000000000000000 0.00834961501937358207
0.00000000000000000000 0.01140099380189918063
0.00000000000000000000 0.01242954850303448940
0.00000000000000000000 0.01390615238206599491
0.00000000000000000000 0.01622303286171361547
0.00000000000000000000 0.01721066988616789389
0.00000000000000000000 0.02210063426863839373
0.00000000000000000000 0.02219826356757116995
0.00000000000000000000 0.02277184244599190360
0.00000000000000000000 0.02535988111737101300
0.00000000000000000000 0.02741355013495101398
0.00000000000000000000 0.02764673536315695110
0.00000000000000000000 0.02873712280408115965
0.00000000000000000000 0.02927481020352716221
0.00000000000000000000 0.02941107178274030703
0.00000000000000000000 0.02982542643026572099
0.00000000000000000000 0.03019855118317115589
0.00000000000000000000 0.03106365707492025896
0.00000000000000000000 0.03124096857242044528
0.00000000000000000000 0.03146437033185735949
0.00000000000000000000 0.03172765833420562037
0.00000000000000000000 0.03194287282898299746
0.00000000000000000000 0.03227503793903845064
0.00000000000000000000 0.03333326976106881778
0.00000000000000000000 0.03392066676215188537
0.00000000000000000000 0.03446856521995643463
0.00000000000000000000 0.03580012056701203926
0.00000000000000000000 0.03625638341216744220
0.00000000000000000000 0.03631522974875793508
0.00000000000000000000 0.03647637474189387857
0.00000000000000000000 0.03735536319098545222
0.00000000000000000000 0.03754558122960015287
0.00000000000000000000 0.03771535003721500356
0.00000000000000000000 0.03811248086602534585
0.00000000000000000000 0.03813248947983396281
0.00000000000000000000 0.03936523522041361633
0.00000000000000000000 0.03949797626213016888
0.00000000000000000000 0.03976184714703365208
0.00000000000000000000 0.03986504845246469780
0.00000000000000000000 0.04098758746960049631
0.00000000000000000000 0.04107902699975026634
0.00000000000000000000 0.04239132189766860181
0.00000000000000000000 0.04241603500192475673
0.00000000000000000000 0.04353122202320843653
0.00000000000000000000 0.04582211670112747853
0.00000000000000000000 0.04587305266132913478
0.00000000000000000000 0.04602301192620419923
0.00000000000000000000 0.04636103694162287125
0.00000000000000000000 0.04747260658547381579
0.00000000000000000000 0.04757483515721106643
0.00000000000000000000 0.04887024165173910889
0.00000000000000000000 0.04907013175510197694
0.00000000000000000000 0.05006255038385285655
0.00000000000000000000 0.05024892646378072841
0.00000000000000000000 0.05077837718720921989
0.00000000000000000000 0.05103798000957630865
0.00000000000000000000 0.05107674853192899211
0.00000000000000000000 0.05139878295574151074
0.00000000000000000000 0.05141320634682498836
0.00000000000000000000 0.05300093082470525019
0.00000000000000000000 0.05407145671284686178
0.00000000000000000000 0.05429512283262282607
0.00000000000000000000 0.05466673889350700394
0.00000000000000000000 0.05480534018485617304
0.00000000000000000000 0.05480561626471927572
0.00000000000000000000 0.05505463693661515057
0.00000000000000000000 0.05505716086125631015
0.00000000000000000000 0.05518756703359404409
0.00000000000000000000 0.05533533857535458123
0.00000000000000000000 0.05536569760851313415
0.00000000000000000000 0.05543223077918591618
0.00000000000000000000 0.05565468237327102913
0.00000000000000000000 0.05610821232387547264
0.00000000000000000000 0.05665764402798530164
0.00000000000000000000 0.05686958416628919155
0.00000000000000000000 0.05698216610817685712
0.00000000000000000000 0.05737646545828367639
0.00000000000000000000 0.05773710850228274544
0.00000000000000000000 0.05785581755672974946
0.00000000000000000000 0.05790441224442711282
0.00000000000000000000 0.05793336443134584207
0.00000000000000000000 0.05797703585327617509
0.00000000000000000000 0.05807944852869442037
0.00000000000000000000 0.05809577025268098521
0.00000000000000000000 0.05810835688282500744
0.00000000000000000000 0.05848784511008242593
0.00000000000000000000 0.05876871975227055539
0.00000000000000000000 0.05908915113181889556
0.00000000000000000000 0.05934295940979626705
0.00000000000000000000 0.05939239620465093517
0.00000000000000000000 0.05985688708981108663
0.00000000000000000000 0.05990217850183801596
0.00000000000000000000 0.06023791437737251869
0.00000000000000000000 0.06045771523400271519
0.00000000000000000000 0.06088028623128731442
0.00000000000000000000 0.06165969279918659396
0.00000000000000000000 0.06167098531749298784
0.00000000000000000000 0.06178051264482829763
0.00000000000000000000 0.06179721336189598208
0.00000000000000000000 0.06184114701806968373
0.00000000000000000000 0.06184295631225602413
0.00000000000000000000 0.06220505788433441235
0.00000000000000000000 0.06272704596478702321
0.00000000000000000000 0.06337604616867684171
0.00000000000000000000 0.06356514893955533818
0.00000000000000000000 0.06372317041623221101
0.00000000000000000000 0.06380420981048379181
0.00000000000000000000 0.06382064639256704308
0.00000000000000000000 0.06387403507116505563
0.00000000000000000000 0.06396098752397472165
0.00000000000000000000 0.06399063474974094057
0.00000000000000000000 0.06413055899984225483
0.00000000000000000000 0.06431983287545270378
0.00000000000000000000 0.06436504152090710695
0.00000000000000000000 0.06445965030792935591
0.00000000000000000000 0.06472564908186675958
0.00000000000000000000 0.06525900091528195890
0.00000000000000000000 0.06534451087525471047
0.00000000000000000000 0.06537783852898369774
0.00000000000000000000 0.06570211640019539556
0.00000000000000000000 0.06623547466545193219
0.00000000000000000000 0.06648554844423160137
0.00000000000000000000 0.06656073386858224472
0.00000000000000000000 0.06667345391928468368
0.00000000000000000000 0.06668405024502020717
0.00000000000000000000 0.06721416049790551739
0.00000000000000000000 0.06751757434161748117
0.00000000000000000000 0.06762789008828773429
0.00000000000000000000 0.06767091666567473518
0.00000000000000000000 0.06776243160854661385
0.00000000000000000000 0.06781556538885094576
0.00000000000000000000 0.06801207611390693020
0.00000000000000000000 0.06820388247632552803
0.00000000000000000000 0.06820808351132606751
0.00000000000000000000 0.06832866407916290963
0.00000000000000000000 0.06837285577634741318
0.00000000000000000000 0.06855784691463484570
0.00000000000000000000 0.06903214249146862047
0.00000000000000000000 0.06994908850587865101
0.00000000000000000000 0.07015685070530433554
0.00000000000000000000 0.07038086673634090518
0.00000000000000000000 0.07084074315938797273
0.00000000000000000000 0.07153704268612172401
0.00000000000000000000 0.07206967246076094458
0.00000000000000000000 0.07243048967817218575
0.00000000000000000000 0.07245953309110841900
0.00000000000000000000 0.07269995733759691825
0.00000000000000000000 0.07275613252869914116
0.00000000000000000000 0.07288381619350853269
0.00000000000000000000 0.07296251674851320090
0.00000000000000000000 0.07302577597582887714
0.00000000000000000000 0.07316257475689388889
0.00000000000000000000 0.07323631675373064309
0.00000000000000000000 0.07333069308639343642
0.00000000000000000000 0.07337884902907491902
0.00000000000000000000 0.07355824594756930901
0.00000000000000000000 0.07383697927995508392
0.00000000000000000000 0.07390850950426042232
0.00000000000000000000 0.07394627924170983635
0.00000000000000000000 0.07407451229223323275
0.00000000000000000000 0.07412526353940200596
0.00000000000000000000 0.07421442785617728133
0.00000000000000000000 0.07427875056770998075
0.00000000000000000000 0.07443554096875361348
0.00000000000000000000 0.07448963251259324569
0.00000000000000000000 0.07474243295949289934
0.00000000000000000000 0.07477467543745797141
0.00000000000000000000 0.07501497607127180500
0.00000000000000000000 0.07527060808978576489
0.00000000000000000000 0.07553767796480187480
0.00000000000000000000 0.07565502449937906715
0.00000000000000000000 0.07580357033747338324
0.00000000000000000000 0.07581228786457866464
0.00000000000000000000 0.07586428000466766131
0.00000000000000000000 0.07590860621956031784
0.00000000000000000000 0.07593997040774946861
0.00000000000000000000 0.07596550976135237054
0.00000000000000000000 0.07637582615239255079
0.00000000000000000000 0.07638073002420484037
0.00000000000000000000 0.07657009412346837962
0.00000000000000000000 0.07670988402508815973
0.00000000000000000000 0.07677611538902998078
0.00000000000000000000 0.07715873613387295993
0.00000000000000000000 0.07739426230988601108
0.00000000000000000000 0.07743993916231656227
0.00000000000000000000 0.07762345445428835145
0.00000000000000000000 0.07763835178520624158
0.00000000000000000000 0.07788139667045305969
0.00000000000000000000 0.07823263704679542241
0.00000000000000000000 0.07846905712504627373
0.00000000000000000000 0.07862481737716289776
0.00000000000000000000 0.07876142242543668348
0.00000000000000000000 0.07914504142148730270
0.00000000000000000000 0.07938364620499026303
0.00000000000000000000 0.07958038352458426945
0.00000000000000000000 0.08034549454799552737
0.00000000000000000000 0.08056598124474924350
0.00000000000000000000 0.08060640021090392793
0.00000000000000000000 0.08074806699554379352
0.00000000000000000000 0.08092807386700705263
0.00000000000000000000 0.08094920633274298172
0.00000000000000000000 0.08108492442319516214
0.00000000000000000000 0.08133902904489617725
0.00000000000000000000 0.08159194893390002423
0.00000000000000000000 0.08172120410604397089
0.00000000000000000000 0.08174549791390524345
0.00000000000000000000 0.08189495518843355193
0.00000000000000000000 0.08214189753614019318
0.00000000000000000000 0.08218725099549076263
0.00000000000000000000 0.08229004085051479234
0.00000000000000000000 0.08230416449952987490
0.00000000000000000000 0.08234972464506055967
0.00000000000000000000 0.08247638481949960687
0.00000000000000000000 0.08289806808225037849
0.00000000000000000000 0.08290344059600461557
0.00000000000000000000 0.08294792722648527961
0.00000000000000000000 0.08304823488174861712
0.00000000000000000000 0.08310235647571118101
0.00000000000000000000 0.08311506480298400112
0.00000000000000000000 0.08314496856413795822
0.00000000000000000000 0.08334860977218931655
0.00000000000000000000 0.08338439712260102554
0.00000000000000000000 0.08364645366888467937
0.00000000000000000000 0.08367156701359504400
0.00000000000000000000 0.08377920761439704156
0.00000000000000000000 0.08393928472524314621
0.00000000000000000000 0.08397080501369462435
0.00000000000000000000 0.08403009631181453110
0.00000000000000000000 0.08413402374196556066
0.00000000000000000000 0.08417633776220814767
0.00000000000000000000 0.08437374065637953668
0.00000000000000000000 0.08441562886551930156
0.00000000000000000000 0.08458745443749289550
0.00000000000000000000 0.08479148338845250710
0.00000000000000000000 0.08490598126690671044
0.00000000000000000000 0.08491506999641015851
0.00000000000000000000 0.08510129182099243628
0.00000000000000000000 0.08513956477168438397
0.00000000000000000000 0.08520516413682900636
0.00000000000000000000 0.08543688314205100109
0.00000000000000000000 0.08589395593290780062
0.00000000000000000000 0.08591547869461536868
0.00000000000000000000 0.08591902007534357733
0.00000000000000000000 0.08592663141586412423
0.00000000000000000000 0.08618223701321978125
0.00000000000000000000 0.08641190737989966342
0.00000000000000000000 0.08649381186712014336
0.00000000000000000000 0.08664705465058486489
0.00000000000000000000 0.08667835876588224353
0.00000000000000000000 0.08669322118891298334
0.00000000000000000000 0.08669934633354738074
0.00000000000000000000 0.08673563262384469119
0.00000000000000000000 0.08688489724377759793
0.00000000000000000000 0.08703361340667879753
0.00000000000000000000 0.08708045110975140557
0.00000000000000000000 0.08712468292896204114
0.00000000000000000000 0.08730390031901086312
0.00000000000000000000 0.08735181986527089382
0.00000000000000000000 0.08741144815754975372
0.00000000000000000000 0.08742826448376207760
0.00000000000000000000 0.08759453160764826829
0.00000000000000000000 0.08765508933075832898
0.00000000000000000000 0.08790024450473116202
0.00000000000000000000 0.08790260940538288659
0.00000000000000000000 0.08825691931792335743
0.00000000000000000000 0.08828736876465433092
0.00000000000000000000 0.08831375871055159588
0.00000000000000000000 0.08838146628954005046
0.00000000000000000000 0.08839848573871572635
0.00000000000000000000 0.08847829294003443923
0.00000000000000000000 0.08853810084513887013
0.00000000000000000000 0.08880711270428158499
0.00000000000000000000 0.08903077678097984227
0.00000000000000000000 0.08932280405204011398
0.00000000000000000000 0.08934766047039542636
0.00000000000000000000 0.08945414801187741294
0.00000000000000000000 0.08960752858203951954
0.00000000000000000000 0.08970476897074226852
0.00000000000000000000 0.08975548168507613278
0.00000000000000000000 0.09009856706124884373
0.00000000000000000000 0.09056973905193400898
0.00000000000000000000 0.09079197331071954535
0.00000000000000000000 0.09096366136856010032
0.00000000000000000000 0.09099095202240514713
0.00000000000000000000 0.09103344395230245079
0.00000000000000000000 0.09115245851510613007
0.00000000000000000000 0.09144250036261773740
0.00000000000000000000 0.09154181316630964627
0.00000000000000000000 0.09185704902138246142
0.00000000000000000000 0.09195861799475726905
0.00000000000000000000 0.09198371336787584951
0.00000000000000000000 0.09205639291438716398
0.00000000000000000000 0.09208254148752974266
0.00000000000000000000 0.09222079602472184334
0.00000000000000000000 0.09225878638723082614
0.00000000000000000000 0.09238054959513004871
0.00000000000000000000 0.09290756250132101157
0.00000000000000000000 0.09299632224068475617
0.00000000000000000000 0.09330751519953027484
0.00000000000000000000 0.09341506470589747146
0.00000000000000000000 0.09370791970534046722
0.00000000000000000000 0.09372228308672653219
0.00000000000000000000 0.09389547691541631769
0.00000000000000000000 0.09427982514559044014
0.00000000000000000000 0.09450030187787433755
0.00000000000000000000 0.09488266896658337224
0.00000000000000000000 0.09491116053229740890
0.00000000000000000000 0.09494811438298079997
0.00000000000000000000 0.09522799395001108058
0.00000000000000000000 0.09523232834193758045
0.00000000000000000000 0.09524151900377901547
0.00000000000000000000 0.09525720485469101051
0.00000000000000000000 0.09526251958774938078
0.00000000000000000000 0.09535460007353642464
0.00000000000000000000 0.09574216710379042372
0.00000000000000000000 0.09601193117757056417
0.00000000000000000000 0.09614979798618486506
0.00000000000000000000 0.09618258660669655458
0.00000000000000000000 0.09628400531553577002
0.00000000000000000000 0.09651732851964431315
0.00000000000000000000 0.09653880140198341231
0.00000000000000000000 0.09662631014413944341
0.00000000000000000000 0.09668924815408831697
0.00000000000000000000 0.09676071000352666485
0.00000000000000000000 0.09683715223190039745
0.00000000000000000000 0.09692059240050310276
0.00000000000000000000 0.09692524395170010187
0.00000000000000000000 0.09726136345503573477
0.00000000000000000000 0.09738796672754897188
0.00000000000000000000 0.09740658029471149781
0.00000000000000000000 0.09748964607991346398
0.00000000000000000000 0.09852235523423978625
0.00000000000000000000 0.09873123766906782839
0.00000000000000000000 0.09884145383910430960
0.00000000000000000000 0.09884484353662363609
0.00000000000000000000 0.09891917115575295238
0.00000000000000000000 0.09935966726531435256
0.00000000000000000000 0.09939815110964192457
0.00000000000000000000 0.09968533280801485097
0.00000000000000000000 0.09972507010444718600
0.00000000000000000000 0.09992381795318179549
0.00000000000000000000 0.09993431762271662300
0.00000000000000000000 0.10000796031780133377
0.00000000000000000000 0.10003248887718672877
0.00000000000000000000 0.10005311984216358479
0.00000000000000000000 0.10018503211271355402
0.00000000000000000000 0.10025791420881821625
0.00000000000000000000 0.10029000567906466712
0.00000000000000000000 0.10031163834633409493
0.00000000000000000000 0.10033693932965548345
0.00000000000000000000 0.10057736621113973208
0.00000000000000000000 0.10095665264368422487
0.00000000000000000000 0.10099714078089948310
0.00000000000000000000 0.10100511785311402924
0.00000000000000000000 0.10156224113559031430
0.00000000000000000000 0.10163340522852636061
0.00000000000000000000 0.10163675538740231385
0.00000000000000000000 0.10168253168326760183
0.00000000000000000000 0.10190616039372771273
0.00000000000000000000 0.10195029317929268919
0.00000000000000000000 0.10230459715874232196
0.00000000000000000000 0.10262695011542219414
0.00000000000000000000 0.10267311988309828219
0.00000000000000000000 0.10279329746222461150
0.00000000000000000000 0.10301439480288270001
0.00000000000000000000 0.10302685153964723230
0.00000000000000000000 0.10315846223077701493
0.00000000000000000000 0.10401216329122892068
0.00000000000000000000 0.10407009544641414311
0.00000000000000000000 0.10410065358795012047
0.00000000000000000000 0.10449071059861117505
0.00000000000000000000 0.10486486716044150780
0.00000000000000000000 0.10511118062307393817
0.00000000000000000000 0.10511176023078498687
0.00000000000000000000 0.10516898169030197696
0.00000000000000000000 0.10558667968673252080
0.00000000000000000000 0.10655980889794033906
0.00000000000000000000 0.10677068946641861402
0.00000000000000000000 0.10685016415380459154
0.00000000000000000000 0.10685129587822943253
0.00000000000000000000 0.10688450206357712202
0.00000000000000000000 0.10756505718616242440
0.00000000000000000000 0.10773725340790842042
0.00000000000000000000 0.10780153127881673958
0.00000000000000000000 0.10803571391435716487
0.00000000000000000000 0.10820884351837800619
0.00000000000000000000 0.10831893136558647106
0.00000000000000000000 0.10847975100480057586
0.00000000000000000000 0.10859102868456263491
0.00000000000000000000 0.10862319131705763797
0.00000000000000000000 0.10878520804740519912
0.00000000000000000000 0.10889429144551472650
0.00000000000000000000 0.10897034168464225790
0.00000000000000000000 0.10946168322473699697
0.00000000000000000000 0.10969593994376633517
0.00000000000000000000 0.10975118143193961229
0.00000000000000000000 0.11000225450919320913
0.00000000000000000000 0.11013524062471996556
0.00000000000000000000 0.11018510568127157234
0.00000000000000000000 0.11028567568044495006
0.00000000000000000000 0.11031861034989649817
0.00000000000000000000 0.11042930169956655106
0.00000000000000000000 0.11097392671438185974
0.00000000000000000000 0.11116169522938387781
0.00000000000000000000 0.11124626983694613225
0.00000000000000000000 0.11194002338747277570
0.00000000000000000000 0.11254152472751478842
0.00000000000000000000 0.11276366780692528846
0.00000000000000000000 0.11281410643351305612
0.00000000000000000000 0.11297025069286394106
0.00000000000000000000 0.11298056955698722315
0.00000000000000000000 0.11300272280287732007
0.00000000000000000000 0.11318695292091067450
0.00000000000000000000 0.11344542508085804500
0.00000000000000000000 0.11382578461511223822
0.00000000000000000000 0.11404111193298317739
0.00000000000000000000 0.11407053002004900744
0.00000000000000000000 0.11421199266417933482
0.00000000000000000000 0.11423825192420768160
0.00000000000000000000 0.11484266366569635676
0.00000000000000000000 0.11522033939482219378
0.00000000000000000000 0.11534117830664715465
0.00000000000000000000 0.11547286690894489891
0.00000000000000000000 0.11574796642207199615
0.00000000000000000000 0.11574827741000828785
0.00000000000000000000 0.11584883633822989912
0.00000000000000000000 0.11679327265770515776
0.00000000000000000000 0.11691156805368366212
0.00000000000000000000 0.11699050074022826484
0.00000000000000000000 0.11769824914863495635
0.00000000000000000000 0.11792234761634785845
0.00000000000000000000 0.11796894686211102654
0.00000000000000000000 0.11855420601207640463
0.00000000000000000000 0.11879634090931584511
0.00000000000000000000 0.11897285486880895822
0.00000000000000000000 0.11902706278939352569
0.00000000000000000000 0.11926663824143687864
0.00000000000000000000 0.11957286878643726136
0.00000000000000000000 0.12006656152960175354
0.00000000000000000000 0.12026866674877656482
0.00000000000000000000 0.12153761200830688616
0.00000000000000000000 0.12158807626797039914
0.00000000000000000000 0.12169086788012847822
0.00000000000000000000 0.12207702085057718644
0.00000000000000000000 0.12264002814584058776
0.00000000000000000000 0.12271632836003995570
0.00000000000000000000 0.12282808696087897660
0.00000000000000000000 0.12300394950337960320
0.00000000000000000000 0.12325828899773302871
0.00000000000000000000 0.12363222044518952514
0.00000000000000000000 0.12408797300995801083
0.00000000000000000000 0.12417173916089566110
0.00000000000000000000 0.12433006693145169652
0.00000000000000000000 0.12505388344015319624
0.00000000000000000000 0.12528674154193006340
0.00000000000000000000 0.12531991147360688199
0.00000000000000000000 0.12549643031325377618
0.00000000000000000000 0.12569697189224177114
0.00000000000000000000 0.12586231447700577113
0.00000000000000000000 0.12612907676996928941
0.00000000000000000000 0.12640531329593102106
0.00000000000000000000 0.12742695541183007846
0.00000000000000000000 0.12910468159816654299
0.00000000000000000000 0.13046624898325900888
0.00000000000000000000 0.13094950023360363289
0.00000000000000000000 0.13151010319932568415
0.00000000000000000000 0.13176624512075640894
0.00000000000000000000 0.13208662210766061729
0.00000000000000000000 0.13218849677146682353
0.00000000000000000000 0.13295581858772881345
0.00000000000000000000 0.13368028939828188739
0.00000000000000000000 0.13410008011277221862
0.00000000000000000000 0.13439331455659375703
0.00000000000000000000 0.13480759311298826097
0.00000000000000000000 0.13485968206333298625
0.00000000000000000000 0.13496459543155545080
0.00000000000000000000 0.13676263292439233554
0.00000000000000000000 0.13815196823936853887
0.00000000000000000000 0.13873705373004524555
0.00000000000000000000 0.14020495713856037656
0.00000000000000000000 0.14112867703214990178
0.00000000000000000000 0.14130769540364424008
0.00000000000000000000 0.14202068707889947685
0.00000000000000000000 0.14242832781284961441
0.00000000000000000000 0.14247244890038066045
0.00000000000000000000 0.14699449692109511911
0.00000000000000000000 0.14713130799806498072
0.00000000000000000000 0.14801118825493830844
0.00000000000000000000 0.14933283393143423345
0.00000000000000000000 0.15086306102772595317
0.00000000000000000000 0.15144503307064327569
0.00000000000000000000 0.15320743340423961798
0.00000000000000000000 0.15345679360898889509
0.00000000000000000000 0.16208451317547745152
0.00000000000000000000 0.16627709604211640682
0.00000000000000000000 0.17078735679615297816
0.00000000000000000000 0.18679120762605286310
0.00000000000000000000 0.18861232549700626682
0.00000000000000000000 1.73205080756887719318
