0.00000000000000000000 0.00749327266575028957
0.00000000000000000000 0.01311351224082648800
0.00000000000000000000 0.01790027253309362659
0.00000000000000000000 0.01911928380270981956
0.00000000000000000000 0.02129402481321934076
0.00000000000000000000 0.02157149934378203154
0.00000000000000000000 0.02159248733848103188
0.00000000000000000000 0.02345903662191269057
0.00000000000000000000 0.02346962735964891467
0.00000000000000000000 0.02518052010789992995
0.00000000000000000000 0.02520382119883313871
0.00000000000000000000 0.02615456751692819826
0.00000000000000000000 0.02701450272860713916
0.00000000000000000000 0.02830562631423490239
0.00000000000000000000 0.02844348034542093853
0.00000000000000000000 0.02925381556723074747
0.00000000000000000000 0.02948827314449415857
0.00000000000000000000 0.03004791361564474253
0.00000000000000000000 0.03117258228459625358
0.00000000000000000000 0.03158564520914346890
0.00000000000000000000 0.03210187524178612778
0.00000000000000000000 0.03280787630047664327
0.00000000000000000000 0.03289007627477426310
0.00000000000000000000 0.03289318323205597111
0.00000000000000000000 0.03313096741869960699
0.00000000000000000000 0.03464870290720299673
0.00000000000000000000 0.03475440140337877210
0.00000000000000000000 0.03498258953225245882
0.00000000000000000000 0.03505254355186645382
0.00000000000000000000 0.03535259629664933012
0.00000000000000000000 0.03555999822076080785
0.00000000000000000000 0.03598396922534130571
0.00000000000000000000 0.03632053969064565763
0.00000000000000000000 0.03638577035795283188
0.00000000000000000000 0.03694688603275553263
0.00000000000000000000 0.03695517585332906696
0.00000000000000000000 0.03704212883143043894
0.00000000000000000000 0.03711387094153448946
0.00000000000000000000 0.03744908418223759361
0.00000000000000000000 0.03818294119859522856
0.00000000000000000000 0.03874460527237083562
0.00000000000000000000 0.03882864081709368892
0.00000000000000000000 0.03887172026126464730
0.00000000000000000000 0.03904621248105116099
0.00000000000000000000 0.03929781548298367372
0.00000000000000000000 0.03983884313280515455
0.00000000000000000000 0.04019420352037696154
0.00000000000000000000 0.04027368167712124664
0.00000000000000000000 0.04107384150926331190
0.00000000000000000000 0.04130264793712835891
0.00000000000000000000 0.04130503637001706196
0.00000000000000000000 0.04211593734035068426
0.00000000000000000000 0.04224462690158244799
0.00000000000000000000 0.04240765302133015641
0.00000000000000000000 0.04291015165471898790
0.00000000000000000000 0.04298510826646578104
0.00000000000000000000 0.04327952395481769049
0.00000000000000000000 0.04330469790026127835
0.00000000000000000000 0.04343421517517224301
0.00000000000000000000 0.04348446943247101515
0.00000000000000000000 0.04359541591954127493
0.00000000000000000000 0.04371800950339682634
0.00000000000000000000 0.04379180487587151782
0.00000000000000000000 0.04388767033610839474
0.00000000000000000000 0.04397415342548980505
0.00000000000000000000 0.04397834320651271278
0.00000000000000000000 0.04400723876984068833
0.00000000000000000000 0.04412437915431828561
0.00000000000000000000 0.04414280677417486976
0.00000000000000000000 0.04421783164459570231
0.00000000000000000000 0.04457809774451083201
0.00000000000000000000 0.04564730645188245367
0.00000000000000000000 0.04601920745229341053
0.00000000000000000000 0.04615824208891772945
0.00000000000000000000 0.04619498311499174725
0.00000000000000000000 0.04627912767724673415
0.00000000000000000000 0.04632350764259670489
0.00000000000000000000 0.04638075048495125807
0.00000000000000000000 0.04685792211682737046
0.00000000000000000000 0.04685818960148924184
0.00000000000000000000 0.04695466577806551439
0.00000000000000000000 0.04774683836800422410
0.00000000000000000000 0.04781510983700558437
0.00000000000000000000 0.04807796213127833035
0.00000000000000000000 0.04816154907990764095
0.00000000000000000000 0.04822849181386087286
0.00000000000000000000 0.04823019212279205242
0.00000000000000000000 0.04828557739136786486
0.00000000000000000000 0.04834238405308005637
0.00000000000000000000 0.04870954827358205813
0.00000000000000000000 0.04885235096403144073
0.00000000000000000000 0.04887375854848162449
0.00000000000000000000 0.04894160432158396051
0.00000000000000000000 0.04895787639111323641
0.00000000000000000000 0.04908032261557538495
0.00000000000000000000 0.04934412562727293061
0.00000000000000000000 0.04939220728362472140
0.00000000000000000000 0.04955589487979906310
0.00000000000000000000 0.04982405886506193621
0.00000000000000000000 0.04991354101786323744
0.00000000000000000000 0.05002127507404056234
0.00000000000000000000 0.05020384614036809551
0.00000000000000000000 0.05053990317853108982
0.00000000000000000000 0.05056971986087147736
0.00000000000000000000 0.05062736568530657594
0.00000000000000000000 0.05082128790614150876
0.00000000000000000000 0.05094302608506291047
0.00000000000000000000 0.05095683010364827209
0.00000000000000000000 0.05096319878830137678
0.00000000000000000000 0.05100581120144569158
0.00000000000000000000 0.05166114319909887592
0.00000000000000000000 0.05211965626011014208
0.00000000000000000000 0.05240080848132310648
0.00000000000000000000 0.05269593374342124853
0.00000000000000000000 0.05273628828488673148
0.00000000000000000000 0.05297799251607864662
0.00000000000000000000 0.05355119459924998632
0.00000000000000000000 0.05374888448307154482
0.00000000000000000000 0.05393917193488111800
0.00000000000000000000 0.05397142528275347684
0.00000000000000000000 0.05398463553952674576
0.00000000000000000000 0.05444939684966107474
0.00000000000000000000 0.05445288137506448106
0.00000000000000000000 0.05489373184298737551
0.00000000000000000000 0.05497772438596842948
0.00000000000000000000 0.05558957208230335539
0.00000000000000000000 0.05608117074508561783
0.00000000000000000000 0.05623902471626101435
0.00000000000000000000 0.05643131735646159108
0.00000000000000000000 0.05649268428320992907
0.00000000000000000000 0.05655585543271808568
0.00000000000000000000 0.05662393773672506209
0.00000000000000000000 0.05665281328140976680
0.00000000000000000000 0.05668918524044895546
0.00000000000000000000 0.05673633374873353341
0.00000000000000000000 0.05675512384715521164
0.00000000000000000000 0.05675873231719559542
0.00000000000000000000 0.05681346236474504180
0.00000000000000000000 0.05701691454993493974
0.00000000000000000000 0.05703510358685182774
0.00000000000000000000 0.05708861356633667533
0.00000000000000000000 0.05721246425679356318
0.00000000000000000000 0.05739128705042765427
0.00000000000000000000 0.05754971892117394933
0.00000000000000000000 0.05765948125479797293
0.00000000000000000000 0.05774036020460387997
0.00000000000000000000 0.05796729325542046563
0.00000000000000000000 0.05800467194885126909
0.00000000000000000000 0.05808078043557792641
0.00000000000000000000 0.05833233836274073769
0.00000000000000000000 0.05834073876535916109
0.00000000000000000000 0.05846762538795912539
0.00000000000000000000 0.05948348952290444247
0.00000000000000000000 0.05961196174365166606
0.00000000000000000000 0.05968383236366888583
0.00000000000000000000 0.05974341446830527119
0.00000000000000000000 0.05980934061053089917
0.00000000000000000000 0.05985831622410536096
0.00000000000000000000 0.06012069770005382813
0.00000000000000000000 0.06016199971431676619
0.00000000000000000000 0.06032149591580278358
0.00000000000000000000 0.06041375534680161474
0.00000000000000000000 0.06047269160854247538
0.00000000000000000000 0.06070713712879489965
0.00000000000000000000 0.06092897968449275531
0.00000000000000000000 0.06093823049695055311
0.00000000000000000000 0.06097860174684201912
0.00000000000000000000 0.06099303699135888435
0.00000000000000000000 0.06102060662593229712
0.00000000000000000000 0.06104460996119107780
0.00000000000000000000 0.06124299862466802552
0.00000000000000000000 0.06126472713160471817
0.00000000000000000000 0.06150013115636602384
0.00000000000000000000 0.06157820035644525486
0.00000000000000000000 0.06170318992549714970
0.00000000000000000000 0.06178994143972916381
0.00000000000000000000 0.06188720223986675373
0.00000000000000000000 0.06201671406727309044
0.00000000000000000000 0.06210302096066553507
0.00000000000000000000 0.06235504062077001919
0.00000000000000000000 0.06250014337166732992
0.00000000000000000000 0.06253710948221410937
0.00000000000000000000 0.06270533213842033327
0.00000000000000000000 0.06277904927546883174
0.00000000000000000000 0.06294982850720130807
0.00000000000000000000 0.06317698402529076107
0.00000000000000000000 0.06324655585803125313
0.00000000000000000000 0.06331689705529214285
0.00000000000000000000 0.06334389634330792052
0.00000000000000000000 0.06358370029176589611
0.00000000000000000000 0.06380662028690128884
0.00000000000000000000 0.06385526678017447444
0.00000000000000000000 0.06389807141929199075
0.00000000000000000000 0.06402704905681329273
0.00000000000000000000 0.06424922039034129673
0.00000000000000000000 0.06435786196896198241
0.00000000000000000000 0.06452255495780519212
0.00000000000000000000 0.06468581922751698299
0.00000000000000000000 0.06475086732001844592
0.00000000000000000000 0.06475801039819319149
0.00000000000000000000 0.06482157361547437324
0.00000000000000000000 0.06493594179362935370
0.00000000000000000000 0.06497323615383578110
0.00000000000000000000 0.06537024119990512971
0.00000000000000000000 0.06591615342489746954
0.00000000000000000000 0.06605698265594449337
0.00000000000000000000 0.06610679976977303085
0.00000000000000000000 0.06610822914275339690
0.00000000000000000000 0.06624366557526260857
0.00000000000000000000 0.06625782323841994392
0.00000000000000000000 0.06687928186020619670
0.00000000000000000000 0.06725785993332204782
0.00000000000000000000 0.06726768871839530761
0.00000000000000000000 0.06729229030211152096
0.00000000000000000000 0.06733990413918475304
0.00000000000000000000 0.06748027846063801849
0.00000000000000000000 0.06785966617034348836
0.00000000000000000000 0.06794855669912833185
0.00000000000000000000 0.06798696696017035579
0.00000000000000000000 0.06802251756967225838
0.00000000000000000000 0.06811906931577768609
0.00000000000000000000 0.06839260473863417733
0.00000000000000000000 0.06839297094084953454
0.00000000000000000000 0.06840500581368978705
0.00000000000000000000 0.06887954951575546436
0.00000000000000000000 0.06898701077788561842
0.00000000000000000000 0.06927716593704874581
0.00000000000000000000 0.06943362473092633269
0.00000000000000000000 0.06943685185701993501
0.00000000000000000000 0.06950381650758021002
0.00000000000000000000 0.06964772780466710334
0.00000000000000000000 0.06997296714867537459
0.00000000000000000000 0.07010172003576461974
0.00000000000000000000 0.07028311299755773955
0.00000000000000000000 0.07033095740916904537
0.00000000000000000000 0.07052196618710142306
0.00000000000000000000 0.07091491829332224883
0.00000000000000000000 0.07092838922256863854
0.00000000000000000000 0.07117627401886192362
0.00000000000000000000 0.07123697049444928375
0.00000000000000000000 0.07132756816780326525
0.00000000000000000000 0.07139770841354282915
0.00000000000000000000 0.07167806201001851452
0.00000000000000000000 0.07204291483993469081
0.00000000000000000000 0.07212280375430821233
0.00000000000000000000 0.07221889679760051806
0.00000000000000000000 0.07251600415600797933
0.00000000000000000000 0.07276134427167563201
0.00000000000000000000 0.07331030188046293306
0.00000000000000000000 0.07338266429751683084
0.00000000000000000000 0.07382407619442006574
0.00000000000000000000 0.07384414240690904963
0.00000000000000000000 0.07395065255932328774
0.00000000000000000000 0.07396161802360728954
0.00000000000000000000 0.07398998965185182852
0.00000000000000000000 0.07424171012637371947
0.00000000000000000000 0.07433817657986298288
0.00000000000000000000 0.07477540126965628864
0.00000000000000000000 0.07477981813567724512
0.00000000000000000000 0.07487726738592895281
0.00000000000000000000 0.07489124544437780751
0.00000000000000000000 0.07499933872469642659
0.00000000000000000000 0.07500156590711160032
0.00000000000000000000 0.07511661652236770181
0.00000000000000000000 0.07541073849483166669
0.00000000000000000000 0.07547681499127817384
0.00000000000000000000 0.07564590841005017219
0.00000000000000000000 0.07608136093095567432
0.00000000000000000000 0.07608218078390657779
0.00000000000000000000 0.07637731654103109558
0.00000000000000000000 0.07639038239247222806
0.00000000000000000000 0.07648690917636909170
0.00000000000000000000 0.07652569806691658649
0.00000000000000000000 0.07659075647194008019
0.00000000000000000000 0.07676290731371122888
0.00000000000000000000 0.07687728534473543818
0.00000000000000000000 0.07691935719271797423
0.00000000000000000000 0.07719930495903573608
0.00000000000000000000 0.07733379795617691121
0.00000000000000000000 0.07738759958184075749
0.00000000000000000000 0.07744940684540128906
0.00000000000000000000 0.07745876611857129002
0.00000000000000000000 0.07747394002700724869
0.00000000000000000000 0.07752487521775730528
0.00000000000000000000 0.07768085373079067213
0.00000000000000000000 0.07794123619810292003
0.00000000000000000000 0.07854332169295080712
0.00000000000000000000 0.07868422687674672678
0.00000000000000000000 0.07900794934383476020
0.00000000000000000000 0.07906946636229990333
0.00000000000000000000 0.07914354687303427893
0.00000000000000000000 0.07919600160061880667
0.00000000000000000000 0.07921327138983765004
0.00000000000000000000 0.07922890434516310920
0.00000000000000000000 0.07930829451597186386
0.00000000000000000000 0.07932333023732945909
0.00000000000000000000 0.07934744661518441933
0.00000000000000000000 0.07953695866963346461
0.00000000000000000000 0.07960043717863768409
0.00000000000000000000 0.07962103236875829604
0.00000000000000000000 0.07997185106282947431
0.00000000000000000000 0.08000473298358710961
0.00000000000000000000 0.08003346902113318839
0.00000000000000000000 0.08014521274044103527
0.00000000000000000000 0.08025038738881211386
0.00000000000000000000 0.08027525857068328052
0.00000000000000000000 0.08049869575297917412
0.00000000000000000000 0.08084745040823998474
0.00000000000000000000 0.08087905472969224296
0.00000000000000000000 0.08143194499849668033
0.00000000000000000000 0.08152746315332481952
0.00000000000000000000 0.08185161673350853373
0.00000000000000000000 0.08191783604138874741
0.00000000000000000000 0.08201813267500783489
0.00000000000000000000 0.08213895032508339300
0.00000000000000000000 0.08236553760474671360
0.00000000000000000000 0.08237985362554575697
0.00000000000000000000 0.08257410749696215968
0.00000000000000000000 0.08260197462798199441
0.00000000000000000000 0.08279827376529146077
0.00000000000000000000 0.08300641554130273880
0.00000000000000000000 0.08303504704633445088
0.00000000000000000000 0.08305929055316706167
0.00000000000000000000 0.08312788291488393266
0.00000000000000000000 0.08315835266095114586
0.00000000000000000000 0.08316197157397452189
0.00000000000000000000 0.08316903625698721103
0.00000000000000000000 0.08318807927111300515
0.00000000000000000000 0.08331799734709369187
0.00000000000000000000 0.08336198590816937259
0.00000000000000000000 0.08365389604164166770
0.00000000000000000000 0.08383198916596139305
0.00000000000000000000 0.08392826181338004787
0.00000000000000000000 0.08395069087050006928
0.00000000000000000000 0.08400552763439546322
0.00000000000000000000 0.08417696936965393673
0.00000000000000000000 0.08435724930451451997
0.00000000000000000000 0.08443736323758641027
0.00000000000000000000 0.08449199724598993599
0.00000000000000000000 0.08459482199030368688
0.00000000000000000000 0.08474421282917375675
0.00000000000000000000 0.08488546513784378522
0.00000000000000000000 0.08494839451547007980
0.00000000000000000000 0.08499528117871621435
0.00000000000000000000 0.08513411574124998826
0.00000000000000000000 0.08525389984390650822
0.00000000000000000000 0.08536709249473641015
0.00000000000000000000 0.08554466595463837419
0.00000000000000000000 0.08558785866935036957
0.00000000000000000000 0.08561789721248272422
0.00000000000000000000 0.08575962011199322887
0.00000000000000000000 0.08582101886274667857
0.00000000000000000000 0.08584129305318236036
0.00000000000000000000 0.08585368338334430083
0.00000000000000000000 0.08587633281438405985
0.00000000000000000000 0.08652620271999127144
0.00000000000000000000 0.08652846201700288564
0.00000000000000000000 0.08658276113916035799
0.00000000000000000000 0.08670653225115246276
0.00000000000000000000 0.08677273811168502438
0.00000000000000000000 0.08704561427575238652
0.00000000000000000000 0.08715591926509297371
0.00000000000000000000 0.08771643469831233442
0.00000000000000000000 0.08817095799577960580
0.00000000000000000000 0.08827872449163827462
0.00000000000000000000 0.08859598073715388433
0.00000000000000000000 0.08876614861863933725
0.00000000000000000000 0.08906494016824328952
0.00000000000000000000 0.08911499434709448109
0.00000000000000000000 0.08938584922031576896
0.00000000000000000000 0.08957520975656799167
0.00000000000000000000 0.08990347251403277284
0.00000000000000000000 0.08996204997847609408
0.00000000000000000000 0.09023979394465020398
0.00000000000000000000 0.09028174160619741040
0.00000000000000000000 0.09044130185000727462
0.00000000000000000000 0.09049998447537889457
0.00000000000000000000 0.09081248648575328264
0.00000000000000000000 0.09102448040029303966
0.00000000000000000000 0.09103647065271346095
0.00000000000000000000 0.09105058451354428040
0.00000000000000000000 0.09140457809383756294
0.00000000000000000000 0.09190540890909826288
0.00000000000000000000 0.09207831802121058118
0.00000000000000000000 0.09214548714619121006
0.00000000000000000000 0.09218016386433888765
0.00000000000000000000 0.09234555701713566267
0.00000000000000000000 0.09249378731266377773
0.00000000000000000000 0.09253998731169098269
0.00000000000000000000 0.09257810672410257680
0.00000000000000000000 0.09289331333881831188
0.00000000000000000000 0.09291409444863100997
0.00000000000000000000 0.09305479576978552270
0.00000000000000000000 0.09331123970626123421
0.00000000000000000000 0.09341029509340480208
0.00000000000000000000 0.09354847073489951093
0.00000000000000000000 0.09361062112545247282
0.00000000000000000000 0.09365182760895174319
0.00000000000000000000 0.09369736039048542908
0.00000000000000000000 0.09371328363349150370
0.00000000000000000000 0.09373305352367944376
0.00000000000000000000 0.09375443128625933487
0.00000000000000000000 0.09383521118389953619
0.00000000000000000000 0.09389793828199284598
0.00000000000000000000 0.09393396798675891779
0.00000000000000000000 0.09400467888544929151
0.00000000000000000000 0.09402251176734452431
0.00000000000000000000 0.09411908575291269563
0.00000000000000000000 0.09466645026355606507
0.00000000000000000000 0.09556383568559714825
0.00000000000000000000 0.09558070979049917981
0.00000000000000000000 0.09568317911723793479
0.00000000000000000000 0.09575493720455827140
0.00000000000000000000 0.09577754236011089273
0.00000000000000000000 0.09601247979215367379
0.00000000000000000000 0.09612872088054444375
0.00000000000000000000 0.09618421340143944176
0.00000000000000000000 0.09652820951059033761
0.00000000000000000000 0.09669137342655913236
0.00000000000000000000 0.09670678392640932874
0.00000000000000000000 0.09702993342592811099
0.00000000000000000000 0.09720860675890473368
0.00000000000000000000 0.09727419550214200239
0.00000000000000000000 0.09761660890707651861
0.00000000000000000000 0.09807098999914944104
0.00000000000000000000 0.09837196243899304360
0.00000000000000000000 0.09864076369815480416
0.00000000000000000000 0.09878836925362929899
0.00000000000000000000 0.09942530171144484119
0.00000000000000000000 0.09982853236374729378
0.00000000000000000000 0.09988095907195605749
0.00000000000000000000 0.10014728972128003615
0.00000000000000000000 0.10043900133762827254
0.00000000000000000000 0.10048925779056336327
0.00000000000000000000 0.10056804316808651278
0.00000000000000000000 0.10119295875586387101
0.00000000000000000000 0.10162710375265715523
0.00000000000000000000 0.10171290571283908566
0.00000000000000000000 0.10188483559315308913
0.00000000000000000000 0.10188694729463629307
0.00000000000000000000 0.10211039376867402095
0.00000000000000000000 0.10216778967916377574
0.00000000000000000000 0.10217907993736280448
0.00000000000000000000 0.10220214206667031787
0.00000000000000000000 0.10236440731696996864
0.00000000000000000000 0.10242984033312189929
0.00000000000000000000 0.10245295324460386432
0.00000000000000000000 0.10254543295199371189
0.00000000000000000000 0.10274516067262487451
0.00000000000000000000 0.10383064870619705677
0.00000000000000000000 0.10385842608894384209
0.00000000000000000000 0.10394235783383465321
0.00000000000000000000 0.10399272587308490412
0.00000000000000000000 0.10485149889814601720
0.00000000000000000000 0.10493393548031931806
0.00000000000000000000 0.10504218850941145214
0.00000000000000000000 0.10516889873233614683
0.00000000000000000000 0.10536529465794657046
0.00000000000000000000 0.10545539806118758852
0.00000000000000000000 0.10548421317123320151
0.00000000000000000000 0.10551771792529834881
0.00000000000000000000 0.10554477562213454567
0.00000000000000000000 0.10643242032286508170
0.00000000000000000000 0.10681961700545139493
0.00000000000000000000 0.10688841401952423049
0.00000000000000000000 0.10691123089120303791
0.00000000000000000000 0.10724573511983165330
0.00000000000000000000 0.10810880042139295321
0.00000000000000000000 0.10814287319312283764
0.00000000000000000000 0.10828322447105295789
0.00000000000000000000 0.10843855395719916024
0.00000000000000000000 0.10856368725072747250
0.00000000000000000000 0.10857951415390165728
0.00000000000000000000 0.10895951117775190542
0.00000000000000000000 0.10957990105983268780
0.00000000000000000000 0.11008661775965128404
0.00000000000000000000 0.11043158733295496687
0.00000000000000000000 0.11128767290541731472
0.00000000000000000000 0.11174649557715078674
0.00000000000000000000 0.11273225888027942065
0.00000000000000000000 0.11296488166165050138
0.00000000000000000000 0.11382206821195821334
0.00000000000000000000 0.11451734942266533768
0.00000000000000000000 0.11718001297656198412
0.00000000000000000000 0.11787075305891146770
0.00000000000000000000 0.11800872646104032526
0.00000000000000000000 0.11927361237587798259
0.00000000000000000000 0.11945849587083248733
0.00000000000000000000 0.11951173251571317602
0.00000000000000000000 0.12381880895097144291
0.00000000000000000000 0.12477069827798298318
0.00000000000000000000 0.12634703268684252531
0.00000000000000000000 0.12693364044953378555
0.00000000000000000000 0.12823872255500085027
0.00000000000000000000 0.13102614115727267974
0.00000000000000000000 0.13304891833407200830
0.00000000000000000000 0.13427770701690330823
0.00000000000000000000 0.13830564315823920540
0.00000000000000000000 0.15436982514955466250
0.00000000000000000000 1.73205080756887719318
