0.00000000000000000000 0.00755423444961433009
0.00000000000000000000 0.01179143545991432132
0.00000000000000000000 0.01324852060914498246
0.00000000000000000000 0.01559526565942024635
0.00000000000000000000 0.01896483200957526163
0.00000000000000000000 0.01921605412034561519
0.00000000000000000000 0.01943811486499963381
0.00000000000000000000 0.02012881263249447980
0.00000000000000000000 0.02062427954415154904
0.00000000000000000000 0.02169053296971577491
0.00000000000000000000 0.02261666993606647677
0.00000000000000000000 0.02298149989962837772
0.00000000000000000000 0.02320387666183101188
0.00000000000000000000 0.02330273071475028740
0.00000000000000000000 0.02437430374062578634
0.00000000000000000000 0.02517675780531261967
0.00000000000000000000 0.02664952860257802439
0.00000000000000000000 0.02666128339022183144
0.00000000000000000000 0.02668306275187001114
0.00000000000000000000 0.02703882310224015734
0.00000000000000000000 0.02773399850026115818
0.00000000000000000000 0.02802892945215711834
0.00000000000000000000 0.02806654904501854064
0.00000000000000000000 0.02815898976179468174
0.00000000000000000000 0.02828691855840755054
0.00000000000000000000 0.02841485154455617237
0.00000000000000000000 0.02864772467123578858
0.00000000000000000000 0.02894252553930650937
0.00000000000000000000 0.02954168397838631555
0.00000000000000000000 0.02960070421184304162
0.00000000000000000000 0.03016648793300618497
0.00000000000000000000 0.03074501590861485056
0.00000000000000000000 0.03233273280393336724
0.00000000000000000000 0.03238305949512112342
0.00000000000000000000 0.03239446674468725307
0.00000000000000000000 0.03255075985554726353
0.00000000000000000000 0.03266994174456434863
0.00000000000000000000 0.03381014409263558007
0.00000000000000000000 0.03413529676285628062
0.00000000000000000000 0.03464819312487985026
0.00000000000000000000 0.03472732988919557950
0.00000000000000000000 0.03542888817218259323
0.00000000000000000000 0.03573206105363638252
0.00000000000000000000 0.03600077756877041041
0.00000000000000000000 0.03600275994570587001
0.00000000000000000000 0.03634740408553089469
0.00000000000000000000 0.03646727970381876544
0.00000000000000000000 0.03706275454851075402
0.00000000000000000000 0.03764781473490493718
0.00000000000000000000 0.03847586224251636072
0.00000000000000000000 0.03858724445926052515
0.00000000000000000000 0.03886709460532392080
0.00000000000000000000 0.03898515208291941647
0.00000000000000000000 0.03932304331463728347
0.00000000000000000000 0.03977484057611921364
0.00000000000000000000 0.03994730800176253538
0.00000000000000000000 0.04022451386699583270
0.00000000000000000000 0.04024304102668795763
0.00000000000000000000 0.04059136660111789530
0.00000000000000000000 0.04083916932514990161
0.00000000000000000000 0.04092856022528534865
0.00000000000000000000 0.04093877991913127262
0.00000000000000000000 0.04130838877508764134
0.00000000000000000000 0.04140149856874985462
0.00000000000000000000 0.04161987405728730799
0.00000000000000000000 0.04166829732893560095
0.00000000000000000000 0.04182138470435783906
0.00000000000000000000 0.04196963018061272005
0.00000000000000000000 0.04225787900845314610
0.00000000000000000000 0.04247853691235715240
0.00000000000000000000 0.04264008781910895440
0.00000000000000000000 0.04288540505931855845
0.00000000000000000000 0.04314230171778429823
0.00000000000000000000 0.04321075808997140028
0.00000000000000000000 0.04344890316987554124
0.00000000000000000000 0.04353646001800678261
0.00000000000000000000 0.04373775631012263854
0.00000000000000000000 0.04401025368834827339
0.00000000000000000000 0.04408991913813854052
0.00000000000000000000 0.04412452838813131495
0.00000000000000000000 0.04446314828604183700
0.00000000000000000000 0.04450326050599374278
0.00000000000000000000 0.04472190512818868119
0.00000000000000000000 0.04475867676248100613
0.00000000000000000000 0.04489762114743989924
0.00000000000000000000 0.04518112504395416923
0.00000000000000000000 0.04526459400568029479
0.00000000000000000000 0.04547758680648174984
0.00000000000000000000 0.04567487610957073063
0.00000000000000000000 0.04584362816617675029
0.00000000000000000000 0.04595552399424950030
0.00000000000000000000 0.04615530778035743104
0.00000000000000000000 0.04636903714608716504
0.00000000000000000000 0.04685621611890231075
0.00000000000000000000 0.04730752409467483405
0.00000000000000000000 0.04746995779863632386
0.00000000000000000000 0.04876050660196908082
0.00000000000000000000 0.04913162237358393442
0.00000000000000000000 0.04916841032273244760
0.00000000000000000000 0.04925896447647375165
0.00000000000000000000 0.04926085400249138185
0.00000000000000000000 0.04972580193862830705
0.00000000000000000000 0.04986817453965274732
0.00000000000000000000 0.05036325245676342988
0.00000000000000000000 0.05040515155244770090
0.00000000000000000000 0.05044704334321493261
0.00000000000000000000 0.05048053202273796586
0.00000000000000000000 0.05054551816272853659
0.00000000000000000000 0.05070687366916504235
0.00000000000000000000 0.05090361189648512363
0.00000000000000000000 0.05119165243636190216
0.00000000000000000000 0.05139916757816945236
0.00000000000000000000 0.05157800738046400268
0.00000000000000000000 0.05157880717953156752
0.00000000000000000000 0.05160269656798624482
0.00000000000000000000 0.05175029088137296507
0.00000000000000000000 0.05271326761923791904
0.00000000000000000000 0.05279726027893171664
0.00000000000000000000 0.05317108410399944834
0.00000000000000000000 0.05343919745333861049
0.00000000000000000000 0.05352954333259745540
0.00000000000000000000 0.05379881183954753759
0.00000000000000000000 0.05390613808171228899
0.00000000000000000000 0.05440853897198089095
0.00000000000000000000 0.05469789636105116398
0.00000000000000000000 0.05516261443560729200
0.00000000000000000000 0.05520701110039661491
0.00000000000000000000 0.05597462928741434723
0.00000000000000000000 0.05599035835780990372
0.00000000000000000000 0.05634270932803471521
0.00000000000000000000 0.05646586098935299503
0.00000000000000000000 0.05658191126646470309
0.00000000000000000000 0.05668665363246926103
0.00000000000000000000 0.05679017242047718073
0.00000000000000000000 0.05701138643046178844
0.00000000000000000000 0.05709293630229411720
0.00000000000000000000 0.05710447260103655720
0.00000000000000000000 0.05710484415048023427
0.00000000000000000000 0.05712377709973684436
0.00000000000000000000 0.05713478855412613272
0.00000000000000000000 0.05722280061349967195
0.00000000000000000000 0.05725969568118033370
0.00000000000000000000 0.05728324654633673574
0.00000000000000000000 0.05737154179434051510
0.00000000000000000000 0.05737376819376617532
0.00000000000000000000 0.05752664728953553464
0.00000000000000000000 0.05762724174216832945
0.00000000000000000000 0.05763721397339887503
0.00000000000000000000 0.05767419497748847018
0.00000000000000000000 0.05777293915566863308
0.00000000000000000000 0.05802026521875499471
0.00000000000000000000 0.05833144224938466987
0.00000000000000000000 0.05846147007430123332
0.00000000000000000000 0.05862549758689464957
0.00000000000000000000 0.05868470286467158264
0.00000000000000000000 0.05868626500509288579
0.00000000000000000000 0.05873879830543930064
0.00000000000000000000 0.05876087599968953662
0.00000000000000000000 0.05880733060837774195
0.00000000000000000000 0.05888445251590922191
0.00000000000000000000 0.05902247860055871015
0.00000000000000000000 0.05908260462944846247
0.00000000000000000000 0.05946940405967997972
0.00000000000000000000 0.05967711312674837260
0.00000000000000000000 0.05975707997885231632
0.00000000000000000000 0.05990282248032161722
0.00000000000000000000 0.05991830093599183338
0.00000000000000000000 0.06050671399820756191
0.00000000000000000000 0.06052774751000018771
0.00000000000000000000 0.06057401804847428045
0.00000000000000000000 0.06061393687116657658
0.00000000000000000000 0.06063877116982706317
0.00000000000000000000 0.06076832314633962007
0.00000000000000000000 0.06089731397890187081
0.00000000000000000000 0.06091939214958777549
0.00000000000000000000 0.06093890167196833879
0.00000000000000000000 0.06094290995583129950
0.00000000000000000000 0.06123090544233328325
0.00000000000000000000 0.06128532575354831563
0.00000000000000000000 0.06141431227151722405
0.00000000000000000000 0.06142956962756584288
0.00000000000000000000 0.06154297024602194133
0.00000000000000000000 0.06164364357732342314
0.00000000000000000000 0.06228887603293030428
0.00000000000000000000 0.06259391087590265856
0.00000000000000000000 0.06261278609449197341
0.00000000000000000000 0.06291028008121715698
0.00000000000000000000 0.06314459372042384444
0.00000000000000000000 0.06322607033291489931
0.00000000000000000000 0.06392352510270063459
0.00000000000000000000 0.06394426695145113970
0.00000000000000000000 0.06395075737357122647
0.00000000000000000000 0.06417080571620785434
0.00000000000000000000 0.06439584087545920099
0.00000000000000000000 0.06440960486928645756
0.00000000000000000000 0.06443966015767101096
0.00000000000000000000 0.06467285924926298446
0.00000000000000000000 0.06476244615555257211
0.00000000000000000000 0.06492950324459717537
0.00000000000000000000 0.06519403712959637165
0.00000000000000000000 0.06525635818423296264
0.00000000000000000000 0.06568296126344207175
0.00000000000000000000 0.06573075065761162239
0.00000000000000000000 0.06574993012354191091
0.00000000000000000000 0.06575327929224930590
0.00000000000000000000 0.06595051485252692580
0.00000000000000000000 0.06604156930505722389
0.00000000000000000000 0.06604185038761005433
0.00000000000000000000 0.06619617234240877945
0.00000000000000000000 0.06625531052206595772
0.00000000000000000000 0.06630959078942846863
0.00000000000000000000 0.06644445630601386599
0.00000000000000000000 0.06649373295733540523
0.00000000000000000000 0.06667399162668551094
0.00000000000000000000 0.06689114096266794707
0.00000000000000000000 0.06702122282869872605
0.00000000000000000000 0.06708694979874696429
0.00000000000000000000 0.06727982049487174487
0.00000000000000000000 0.06758197060689544178
0.00000000000000000000 0.06769785401522229740
0.00000000000000000000 0.06773007317423228313
0.00000000000000000000 0.06786112605625638228
0.00000000000000000000 0.06787106869992583225
0.00000000000000000000 0.06791453927959607839
0.00000000000000000000 0.06802963367478019607
0.00000000000000000000 0.06815964446525081544
0.00000000000000000000 0.06827689202850238670
0.00000000000000000000 0.06834472309233011189
0.00000000000000000000 0.06845725317842543678
0.00000000000000000000 0.06894118172269481093
0.00000000000000000000 0.06894783696375310356
0.00000000000000000000 0.06896655600423305665
0.00000000000000000000 0.06902227182811526696
0.00000000000000000000 0.06912414989437966339
0.00000000000000000000 0.06927508595335682418
0.00000000000000000000 0.06950002258490584062
0.00000000000000000000 0.06957998276678453720
0.00000000000000000000 0.06958038642972862176
0.00000000000000000000 0.06963849967024648979
0.00000000000000000000 0.06970649107039586512
0.00000000000000000000 0.06986469035494952129
0.00000000000000000000 0.07029762972055682291
0.00000000000000000000 0.07036276705813263033
0.00000000000000000000 0.07093748676085115390
0.00000000000000000000 0.07094473426361200263
0.00000000000000000000 0.07097170170229104291
0.00000000000000000000 0.07105794568296304459
0.00000000000000000000 0.07113868318802778201
0.00000000000000000000 0.07133361468976147368
0.00000000000000000000 0.07134459473449142330
0.00000000000000000000 0.07170880662912715309
0.00000000000000000000 0.07180610641943591110
0.00000000000000000000 0.07187068461360104910
0.00000000000000000000 0.07197532790246609358
0.00000000000000000000 0.07207926491939158076
0.00000000000000000000 0.07223130213703865543
0.00000000000000000000 0.07225774166189798120
0.00000000000000000000 0.07237944734694591598
0.00000000000000000000 0.07259833169433636824
0.00000000000000000000 0.07270963838991494066
0.00000000000000000000 0.07294089301513544121
0.00000000000000000000 0.07320322236291558482
0.00000000000000000000 0.07341773609694721148
0.00000000000000000000 0.07388270788479767148
0.00000000000000000000 0.07395899763467971011
0.00000000000000000000 0.07397010641053509972
0.00000000000000000000 0.07403750944214555763
0.00000000000000000000 0.07433756958326773190
0.00000000000000000000 0.07446385302846450505
0.00000000000000000000 0.07477697336019195617
0.00000000000000000000 0.07496850473554793337
0.00000000000000000000 0.07503099193270035272
0.00000000000000000000 0.07522321803193240952
0.00000000000000000000 0.07523569979276753528
0.00000000000000000000 0.07530568907793262767
0.00000000000000000000 0.07534072842666086900
0.00000000000000000000 0.07543230964444866404
0.00000000000000000000 0.07545909807511290424
0.00000000000000000000 0.07545937071429879850
0.00000000000000000000 0.07564913993187051544
0.00000000000000000000 0.07571941991565907248
0.00000000000000000000 0.07600389868770121571
0.00000000000000000000 0.07627959593132213612
0.00000000000000000000 0.07638825495009013422
0.00000000000000000000 0.07648886816164214564
0.00000000000000000000 0.07651264903781003490
0.00000000000000000000 0.07652502045875476944
0.00000000000000000000 0.07661640462586469247
0.00000000000000000000 0.07692663477596968502
0.00000000000000000000 0.07698960944951906138
0.00000000000000000000 0.07703886749711975901
0.00000000000000000000 0.07705753657449759819
0.00000000000000000000 0.07723085902501543309
0.00000000000000000000 0.07726425214031033828
0.00000000000000000000 0.07757701845296177678
0.00000000000000000000 0.07790550077421240505
0.00000000000000000000 0.07801694504492524829
0.00000000000000000000 0.07807973524953820688
0.00000000000000000000 0.07825058756821090533
0.00000000000000000000 0.07841271791675021030
0.00000000000000000000 0.07844211537352047126
0.00000000000000000000 0.07844503347205643295
0.00000000000000000000 0.07849837158745599786
0.00000000000000000000 0.07853444857973942983
0.00000000000000000000 0.07857198409303879638
0.00000000000000000000 0.07872060268296679486
0.00000000000000000000 0.07890492489538336596
0.00000000000000000000 0.07904537232518431267
0.00000000000000000000 0.07926795355049637282
0.00000000000000000000 0.07936986032684424652
0.00000000000000000000 0.07946307800111071518
0.00000000000000000000 0.07953590390047528269
0.00000000000000000000 0.07958012075794623774
0.00000000000000000000 0.07981360172237987605
0.00000000000000000000 0.07997175777977336142
0.00000000000000000000 0.08040325906050893590
0.00000000000000000000 0.08040811944241053888
0.00000000000000000000 0.08121409918192630528
0.00000000000000000000 0.08138152068254127236
0.00000000000000000000 0.08148253340102612485
0.00000000000000000000 0.08168958053762728766
0.00000000000000000000 0.08201716455750938939
0.00000000000000000000 0.08204477223423879695
0.00000000000000000000 0.08206822106690379870
0.00000000000000000000 0.08215574964022089033
0.00000000000000000000 0.08260279222805963495
0.00000000000000000000 0.08284203945032919680
0.00000000000000000000 0.08294456311992011444
0.00000000000000000000 0.08323553726477267434
0.00000000000000000000 0.08346631820896477372
0.00000000000000000000 0.08355418849449940122
0.00000000000000000000 0.08357643023277989969
0.00000000000000000000 0.08411598992833899113
0.00000000000000000000 0.08427180277878591752
0.00000000000000000000 0.08429708482962128269
0.00000000000000000000 0.08472674880980841927
0.00000000000000000000 0.08475864290565612857
0.00000000000000000000 0.08531803651821449896
0.00000000000000000000 0.08537381357415736727
0.00000000000000000000 0.08544549824785424574
0.00000000000000000000 0.08546440692236484393
0.00000000000000000000 0.08552868752640864491
0.00000000000000000000 0.08573840535135937579
0.00000000000000000000 0.08579892329170617227
0.00000000000000000000 0.08602538560986691674
0.00000000000000000000 0.08605334691720796514
0.00000000000000000000 0.08605847415628767316
0.00000000000000000000 0.08645957439990140103
0.00000000000000000000 0.08653356943578160987
0.00000000000000000000 0.08653504254031163523
0.00000000000000000000 0.08670809545998861556
0.00000000000000000000 0.08703596690682988135
0.00000000000000000000 0.08715260549037613658
0.00000000000000000000 0.08722513344463470042
0.00000000000000000000 0.08750104059784361010
0.00000000000000000000 0.08783265524222429177
0.00000000000000000000 0.08786319156142174958
0.00000000000000000000 0.08837670190339476373
0.00000000000000000000 0.08843676664945097909
0.00000000000000000000 0.08887699700087520194
0.00000000000000000000 0.08894076774534580287
0.00000000000000000000 0.08902874977730008965
0.00000000000000000000 0.08910315277739053186
0.00000000000000000000 0.08915194003569310022
0.00000000000000000000 0.08939132883589445688
0.00000000000000000000 0.08949291458215363759
0.00000000000000000000 0.08962694465010997980
0.00000000000000000000 0.08975420846592221946
0.00000000000000000000 0.08975585568198470032
0.00000000000000000000 0.08981212570217655955
0.00000000000000000000 0.08984312471754023199
0.00000000000000000000 0.08989695694380686608
0.00000000000000000000 0.09001285747160936435
0.00000000000000000000 0.09022359398212839721
0.00000000000000000000 0.09028197328362418117
0.00000000000000000000 0.09113360743755848092
0.00000000000000000000 0.09121822132250462234
0.00000000000000000000 0.09136369518507382603
0.00000000000000000000 0.09152052390408263460
0.00000000000000000000 0.09155507264124099209
0.00000000000000000000 0.09158252265206257015
0.00000000000000000000 0.09173376696975921174
0.00000000000000000000 0.09178304975533976839
0.00000000000000000000 0.09187553746317553283
0.00000000000000000000 0.09205362055453863990
0.00000000000000000000 0.09216950802629615691
0.00000000000000000000 0.09227804033742767476
0.00000000000000000000 0.09240091874521165483
0.00000000000000000000 0.09241014295470488527
0.00000000000000000000 0.09243515997515168447
0.00000000000000000000 0.09244047767516963554
0.00000000000000000000 0.09256451429890986959
0.00000000000000000000 0.09262080483858342594
0.00000000000000000000 0.09267860957914936249
0.00000000000000000000 0.09276173059287647071
0.00000000000000000000 0.09288351983703017900
0.00000000000000000000 0.09297292164614563703
0.00000000000000000000 0.09307316106608659600
0.00000000000000000000 0.09315991773683349186
0.00000000000000000000 0.09319620909457980440
0.00000000000000000000 0.09331428100235676648
0.00000000000000000000 0.09338070709763504618
0.00000000000000000000 0.09354109843356481213
0.00000000000000000000 0.09361412623451724480
0.00000000000000000000 0.09362511611445556436
0.00000000000000000000 0.09363132660950536368
0.00000000000000000000 0.09372641800698836012
0.00000000000000000000 0.09373220536452077367
0.00000000000000000000 0.09381208567181989477
0.00000000000000000000 0.09439434846348407349
0.00000000000000000000 0.09453724203712191021
0.00000000000000000000 0.09510694970523353442
0.00000000000000000000 0.09522436163946762511
0.00000000000000000000 0.09531847388885683614
0.00000000000000000000 0.09534228516418512267
0.00000000000000000000 0.09547334042020862166
0.00000000000000000000 0.09583573364764033653
0.00000000000000000000 0.09670547431195093691
0.00000000000000000000 0.09670942136214891183
0.00000000000000000000 0.09685760217535975547
0.00000000000000000000 0.09726460304307744942
0.00000000000000000000 0.09734026294408512636
0.00000000000000000000 0.09741633138961196259
0.00000000000000000000 0.09748383714521358101
0.00000000000000000000 0.09752402711534305380
0.00000000000000000000 0.09761724833220980502
0.00000000000000000000 0.09839608677499273037
0.00000000000000000000 0.09839932910510987285
0.00000000000000000000 0.09851395855938351043
0.00000000000000000000 0.09854517018824845986
0.00000000000000000000 0.09870941814814407356
0.00000000000000000000 0.09942091626499002799
0.00000000000000000000 0.10004827280918694721
0.00000000000000000000 0.10029238369009979559
0.00000000000000000000 0.10035985039954184450
0.00000000000000000000 0.10063590591700689869
0.00000000000000000000 0.10068431523837834130
0.00000000000000000000 0.10072679778266487027
0.00000000000000000000 0.10078570975783891772
0.00000000000000000000 0.10079698483702281830
0.00000000000000000000 0.10085408557876396340
0.00000000000000000000 0.10089953033010810868
0.00000000000000000000 0.10105724157494037907
0.00000000000000000000 0.10178553297106572584
0.00000000000000000000 0.10217829492953683923
0.00000000000000000000 0.10221422952971696840
0.00000000000000000000 0.10263544899258407461
0.00000000000000000000 0.10316266843029885114
0.00000000000000000000 0.10320625396652180483
0.00000000000000000000 0.10357457511975989850
0.00000000000000000000 0.10455178343932779172
0.00000000000000000000 0.10460835174797522562
0.00000000000000000000 0.10518945920556868612
0.00000000000000000000 0.10519755438156377925
0.00000000000000000000 0.10535689942311210476
0.00000000000000000000 0.10545947116914979047
0.00000000000000000000 0.10552097353041799133
0.00000000000000000000 0.10576706226574789094
0.00000000000000000000 0.10615911914318323928
0.00000000000000000000 0.10733101329550813474
0.00000000000000000000 0.10735083588034034785
0.00000000000000000000 0.10736575350033561449
0.00000000000000000000 0.10747876461057556674
0.00000000000000000000 0.10754583526134288418
0.00000000000000000000 0.10758213765603356904
0.00000000000000000000 0.10794350825526552451
0.00000000000000000000 0.10837326816690520670
0.00000000000000000000 0.10850580040653574898
0.00000000000000000000 0.10867389035054886293
0.00000000000000000000 0.10882271120148538646
0.00000000000000000000 0.10926834835674334445
0.00000000000000000000 0.10976255350094865637
0.00000000000000000000 0.10985764558162179616
0.00000000000000000000 0.11094639477602437350
0.00000000000000000000 0.11110696853876905754
0.00000000000000000000 0.11191242252605265728
0.00000000000000000000 0.11201096325837806011
0.00000000000000000000 0.11267475187231135170
0.00000000000000000000 0.11330446236070040866
0.00000000000000000000 0.11476501043507215949
0.00000000000000000000 0.11478459415226424656
0.00000000000000000000 0.11514459532719457935
0.00000000000000000000 0.11554501998458227563
0.00000000000000000000 0.11554660836462211926
0.00000000000000000000 0.11601258393336415231
0.00000000000000000000 0.11626919217682242513
0.00000000000000000000 0.11683064981640213509
0.00000000000000000000 0.11709326030050745682
0.00000000000000000000 0.11882464241840218211
0.00000000000000000000 0.11915039189091962413
0.00000000000000000000 0.12334727810409436277
0.00000000000000000000 0.12395885715320541232
0.00000000000000000000 0.12786072746449769766
0.00000000000000000000 0.12910622386179401722
0.00000000000000000000 0.12946069500523685325
0.00000000000000000000 0.13031748939935683396
0.00000000000000000000 0.13165381954850199908
0.00000000000000000000 0.13744897664299024487
0.00000000000000000000 0.13914202014116888728
0.00000000000000000000 1.73205080756887719318
