0.00000000000000000000 0.02254195591394639320
0.00000000000000000000 0.02280679562570442354
0.00000000000000000000 0.02380365306925862415
0.00000000000000000000 0.02512176984273654934
0.00000000000000000000 0.02754521176319297410
0.00000000000000000000 0.02798065943927430937
0.00000000000000000000 0.02921076221063370268
0.00000000000000000000 0.02983592191969174079
0.00000000000000000000 0.03091547023951045012
0.00000000000000000000 0.03373314669754868406
0.00000000000000000000 0.03471972866286545528
0.00000000000000000000 0.03627885465151065025
0.00000000000000000000 0.03640690970688087447
0.00000000000000000000 0.03716812279190288143
0.00000000000000000000 0.03741194484962528932
0.00000000000000000000 0.03769039089933916981
0.00000000000000000000 0.03897598338645408972
0.00000000000000000000 0.03901241740759678334
0.00000000000000000000 0.03978492663648863781
0.00000000000000000000 0.04028329944986046990
0.00000000000000000000 0.04101821221520655231
0.00000000000000000000 0.04105068262238185939
0.00000000000000000000 0.04224808309403092765
0.00000000000000000000 0.04338612569219614523
0.00000000000000000000 0.04338881497529759740
0.00000000000000000000 0.04362304365594919797
0.00000000000000000000 0.04408132688753649969
0.00000000000000000000 0.04506638596464510732
0.00000000000000000000 0.04529091132325663988
0.00000000000000000000 0.04587741707034775906
0.00000000000000000000 0.04622145076465804941
0.00000000000000000000 0.04625864502584784571
0.00000000000000000000 0.04664590108086535958
0.00000000000000000000 0.04693913929202420815
0.00000000000000000000 0.04703162180104467072
0.00000000000000000000 0.04735713857812040573
0.00000000000000000000 0.04798298925194551673
0.00000000000000000000 0.04819835221646662921
0.00000000000000000000 0.04836109639497674501
0.00000000000000000000 0.04860262814976992751
0.00000000000000000000 0.04862527449586556000
0.00000000000000000000 0.04871448594520867703
0.00000000000000000000 0.04881818349439781546
0.00000000000000000000 0.04885255301589749855
0.00000000000000000000 0.04962012748655685035
0.00000000000000000000 0.04979516365360912161
0.00000000000000000000 0.05002526341112806252
0.00000000000000000000 0.05007766940661861205
0.00000000000000000000 0.05073025309966842922
0.00000000000000000000 0.05141777868413066610
0.00000000000000000000 0.05157951913046166653
0.00000000000000000000 0.05166373160921733376
0.00000000000000000000 0.05192268281448957773
0.00000000000000000000 0.05454222054465895225
0.00000000000000000000 0.05471843680143258920
0.00000000000000000000 0.05472793175327345799
0.00000000000000000000 0.05493078717556681978
0.00000000000000000000 0.05500802264920542223
0.00000000000000000000 0.05514047119168150740
0.00000000000000000000 0.05547052870858070611
0.00000000000000000000 0.05564486369596097909
0.00000000000000000000 0.05601304514193274076
0.00000000000000000000 0.05635422055948430958
0.00000000000000000000 0.05635525903186387048
0.00000000000000000000 0.05644358454454952850
0.00000000000000000000 0.05688749893759392773
0.00000000000000000000 0.05703228689887556574
0.00000000000000000000 0.05720203715178180659
0.00000000000000000000 0.05836820133165910446
0.00000000000000000000 0.05885680882339860281
0.00000000000000000000 0.05899095342931253566
0.00000000000000000000 0.05912612991523694822
0.00000000000000000000 0.05920384103637373052
0.00000000000000000000 0.06023675181299770892
0.00000000000000000000 0.06041598736873787096
0.00000000000000000000 0.06068417179293547625
0.00000000000000000000 0.06129638361908894967
0.00000000000000000000 0.06133851033150015952
0.00000000000000000000 0.06167097409920860307
0.00000000000000000000 0.06180320255885551201
0.00000000000000000000 0.06183599053845591220
0.00000000000000000000 0.06186150908296397105
0.00000000000000000000 0.06235719993410022283
0.00000000000000000000 0.06307497300138999174
0.00000000000000000000 0.06325836409589893905
0.00000000000000000000 0.06329361304132337385
0.00000000000000000000 0.06419480447127663691
0.00000000000000000000 0.06464677312677218068
0.00000000000000000000 0.06464679492686005446
0.00000000000000000000 0.06473817956173701094
0.00000000000000000000 0.06478927936251636932
0.00000000000000000000 0.06523713775725320518
0.00000000000000000000 0.06568459143746349649
0.00000000000000000000 0.06577403857083112537
0.00000000000000000000 0.06606328967247671047
0.00000000000000000000 0.06614575266280364740
0.00000000000000000000 0.06631971533054389911
0.00000000000000000000 0.06663846230542933013
0.00000000000000000000 0.06699780759806210628
0.00000000000000000000 0.06706545505417950415
0.00000000000000000000 0.06747981549917578259
0.00000000000000000000 0.06772251636049941848
0.00000000000000000000 0.06793957616583380654
0.00000000000000000000 0.06814640204331437467
0.00000000000000000000 0.06862018497919129822
0.00000000000000000000 0.06884529547756434997
0.00000000000000000000 0.06926171650607307329
0.00000000000000000000 0.06934637580251713784
0.00000000000000000000 0.06980318783296052265
0.00000000000000000000 0.06989384502298948143
0.00000000000000000000 0.07010280984617486832
0.00000000000000000000 0.07050674529856641726
0.00000000000000000000 0.07057315515533145456
0.00000000000000000000 0.07134001367600739663
0.00000000000000000000 0.07136841636372233399
0.00000000000000000000 0.07177048769948103646
0.00000000000000000000 0.07184449402393140727
0.00000000000000000000 0.07276934679437806197
0.00000000000000000000 0.07285310507097539356
0.00000000000000000000 0.07286063064840944681
0.00000000000000000000 0.07299622746534834006
0.00000000000000000000 0.07306703978743854522
0.00000000000000000000 0.07315862865689094774
0.00000000000000000000 0.07478882325620060667
0.00000000000000000000 0.07510422653781861912
0.00000000000000000000 0.07525448385559141418
0.00000000000000000000 0.07531774405135154005
0.00000000000000000000 0.07576965340693446460
0.00000000000000000000 0.07589491913288712310
0.00000000000000000000 0.07625210687549405231
0.00000000000000000000 0.07648270365921432112
0.00000000000000000000 0.07704089195909248622
0.00000000000000000000 0.07713431758475348954
0.00000000000000000000 0.07741436206025906208
0.00000000000000000000 0.07774432469664824263
0.00000000000000000000 0.07811421800522766468
0.00000000000000000000 0.07850105486582213687
0.00000000000000000000 0.07860040291485770325
0.00000000000000000000 0.07863808286110272883
0.00000000000000000000 0.07867502583361342394
0.00000000000000000000 0.07908674924848128895
0.00000000000000000000 0.07935721164358101876
0.00000000000000000000 0.07944168336417302412
0.00000000000000000000 0.07947441987979798894
0.00000000000000000000 0.07974960201068855004
0.00000000000000000000 0.07984100286998874196
0.00000000000000000000 0.07984599684942857156
0.00000000000000000000 0.07998914533738914201
0.00000000000000000000 0.08023746852585765532
0.00000000000000000000 0.08030640943344116711
0.00000000000000000000 0.08034559825800453858
0.00000000000000000000 0.08069626028483709024
0.00000000000000000000 0.08071786184059227820
0.00000000000000000000 0.08074007388929332896
0.00000000000000000000 0.08115395992094222299
0.00000000000000000000 0.08140688762588944860
0.00000000000000000000 0.08145794921184086601
0.00000000000000000000 0.08168219977112549379
0.00000000000000000000 0.08223890654017750046
0.00000000000000000000 0.08227162343553810764
0.00000000000000000000 0.08250803491609273732
0.00000000000000000000 0.08269337524314319954
0.00000000000000000000 0.08272093028699996353
0.00000000000000000000 0.08308700855460199319
0.00000000000000000000 0.08350826208642890547
0.00000000000000000000 0.08371977716330096519
0.00000000000000000000 0.08389384401106192435
0.00000000000000000000 0.08416379862798396838
0.00000000000000000000 0.08426929206135769235
0.00000000000000000000 0.08432982750429288132
0.00000000000000000000 0.08438765088634470057
0.00000000000000000000 0.08447809749844040206
0.00000000000000000000 0.08498799909337712011
0.00000000000000000000 0.08524347260872684739
0.00000000000000000000 0.08528960702640704661
0.00000000000000000000 0.08532950756233065315
0.00000000000000000000 0.08540970628112577734
0.00000000000000000000 0.08554611579588398962
0.00000000000000000000 0.08554654488532177636
0.00000000000000000000 0.08580469653174831179
0.00000000000000000000 0.08600532244406981774
0.00000000000000000000 0.08607377027891012500
0.00000000000000000000 0.08608256489735457984
0.00000000000000000000 0.08620146043904654276
0.00000000000000000000 0.08662862019650280354
0.00000000000000000000 0.08681415036464398827
0.00000000000000000000 0.08702153312910845817
0.00000000000000000000 0.08708741613238241142
0.00000000000000000000 0.08726377185173350703
0.00000000000000000000 0.08730263952845963848
0.00000000000000000000 0.08808768244457397534
0.00000000000000000000 0.08823497109790512383
0.00000000000000000000 0.08834264899860606868
0.00000000000000000000 0.08843979674985230632
0.00000000000000000000 0.08851674564898982800
0.00000000000000000000 0.08885451286059101172
0.00000000000000000000 0.08889980927682133993
0.00000000000000000000 0.08986847815732577904
0.00000000000000000000 0.08995118617780337167
0.00000000000000000000 0.09018655396358633836
0.00000000000000000000 0.09029322684885579542
0.00000000000000000000 0.09046874100798719953
0.00000000000000000000 0.09052562565008609452
0.00000000000000000000 0.09070379811041451301
0.00000000000000000000 0.09070852778644923620
0.00000000000000000000 0.09076071532905161110
0.00000000000000000000 0.09112902302888446771
0.00000000000000000000 0.09129254506170413064
0.00000000000000000000 0.09132755230387509804
0.00000000000000000000 0.09168494658266047870
0.00000000000000000000 0.09231794581354441087
0.00000000000000000000 0.09240018935404112344
0.00000000000000000000 0.09257435626500823411
0.00000000000000000000 0.09264645924266058652
0.00000000000000000000 0.09279443876993416496
0.00000000000000000000 0.09354724700850244878
0.00000000000000000000 0.09356400270830007859
0.00000000000000000000 0.09392406407823850056
0.00000000000000000000 0.09399588544563672321
0.00000000000000000000 0.09402401527013960758
0.00000000000000000000 0.09459366886523470908
0.00000000000000000000 0.09484885980249617432
0.00000000000000000000 0.09555451868174061336
0.00000000000000000000 0.09573284878247845242
0.00000000000000000000 0.09577736668872158243
0.00000000000000000000 0.09586687831833544393
0.00000000000000000000 0.09629697889829894053
0.00000000000000000000 0.09698622206657235567
0.00000000000000000000 0.09757358772582204465
0.00000000000000000000 0.09760627449861009053
0.00000000000000000000 0.09771375904898507714
0.00000000000000000000 0.09786402346846576061
0.00000000000000000000 0.09791898007665433834
0.00000000000000000000 0.09818377332792098400
0.00000000000000000000 0.09892396234843646441
0.00000000000000000000 0.09901268196621836049
0.00000000000000000000 0.09979395186873943335
0.00000000000000000000 0.09985771434155704673
0.00000000000000000000 0.09997694076694139953
0.00000000000000000000 0.10014692030113075960
0.00000000000000000000 0.10031094827154073135
0.00000000000000000000 0.10087966288300788398
0.00000000000000000000 0.10112241643024551252
0.00000000000000000000 0.10113546414637965276
0.00000000000000000000 0.10127206788293548201
0.00000000000000000000 0.10153065970194438683
0.00000000000000000000 0.10247999535633454948
0.00000000000000000000 0.10252799894426324612
0.00000000000000000000 0.10259602861392412565
0.00000000000000000000 0.10262410886456581338
0.00000000000000000000 0.10273714216710841396
0.00000000000000000000 0.10282609798573402737
0.00000000000000000000 0.10290209438593822533
0.00000000000000000000 0.10356207958754720666
0.00000000000000000000 0.10364415784479982796
0.00000000000000000000 0.10365641919496654255
0.00000000000000000000 0.10374812181965625824
0.00000000000000000000 0.10403367976294358721
0.00000000000000000000 0.10416402821728842909
0.00000000000000000000 0.10445494922977338614
0.00000000000000000000 0.10472363787507210642
0.00000000000000000000 0.10474148868680938085
0.00000000000000000000 0.10503890188759398838
0.00000000000000000000 0.10557298772272286080
0.00000000000000000000 0.10561305906682363909
0.00000000000000000000 0.10563785631998133530
0.00000000000000000000 0.10569706521424217238
0.00000000000000000000 0.10592850778712546711
0.00000000000000000000 0.10622149782275557006
0.00000000000000000000 0.10626994488559941832
0.00000000000000000000 0.10660222234681476783
0.00000000000000000000 0.10696741765820862169
0.00000000000000000000 0.10702669982444072694
0.00000000000000000000 0.10727624403096029659
0.00000000000000000000 0.10744535430946561272
0.00000000000000000000 0.10774805038344761887
0.00000000000000000000 0.10784562544040263155
0.00000000000000000000 0.10806106024433674573
0.00000000000000000000 0.10841981066947624368
0.00000000000000000000 0.10843276831447958009
0.00000000000000000000 0.10851966227169673740
0.00000000000000000000 0.10867043908740232905
0.00000000000000000000 0.10888946055589412976
0.00000000000000000000 0.10893733409563914616
0.00000000000000000000 0.10897654504246052920
0.00000000000000000000 0.10941533355538834993
0.00000000000000000000 0.11025188181056590209
0.00000000000000000000 0.11042142744092704743
0.00000000000000000000 0.11067020514366085471
0.00000000000000000000 0.11073714517623332865
0.00000000000000000000 0.11115654044807733725
0.00000000000000000000 0.11171121241179110539
0.00000000000000000000 0.11176813396894058616
0.00000000000000000000 0.11177443592791119764
0.00000000000000000000 0.11217671992218859744
0.00000000000000000000 0.11233718077927311307
0.00000000000000000000 0.11237574691360281698
0.00000000000000000000 0.11266239378610930222
0.00000000000000000000 0.11285610531947434798
0.00000000000000000000 0.11306080531138222589
0.00000000000000000000 0.11311259388773139967
0.00000000000000000000 0.11334554486799475193
0.00000000000000000000 0.11349858953042042675
0.00000000000000000000 0.11370809552428363942
0.00000000000000000000 0.11375840885777491196
0.00000000000000000000 0.11399078253243050129
0.00000000000000000000 0.11428817269769850351
0.00000000000000000000 0.11432637027871538071
0.00000000000000000000 0.11442052882513474577
0.00000000000000000000 0.11456634872371335154
0.00000000000000000000 0.11461516932614186637
0.00000000000000000000 0.11476906879334747291
0.00000000000000000000 0.11510974646380063569
0.00000000000000000000 0.11556493704318128446
0.00000000000000000000 0.11560330606638660744
0.00000000000000000000 0.11565782351353946777
0.00000000000000000000 0.11584601474818088940
0.00000000000000000000 0.11612404883730750860
0.00000000000000000000 0.11661764927390420865
0.00000000000000000000 0.11695406996481656769
0.00000000000000000000 0.11701060111038240341
0.00000000000000000000 0.11720675453252256404
0.00000000000000000000 0.11739298328197220189
0.00000000000000000000 0.11739781406724945911
0.00000000000000000000 0.11758882371355386387
0.00000000000000000000 0.11798185665909982633
0.00000000000000000000 0.11806707799574527040
0.00000000000000000000 0.11809925870718050722
0.00000000000000000000 0.11829283594627568177
0.00000000000000000000 0.11844434603602962963
0.00000000000000000000 0.11851213943197794198
0.00000000000000000000 0.11883216748856635647
0.00000000000000000000 0.11909463865270822347
0.00000000000000000000 0.11921967881738600170
0.00000000000000000000 0.11927740505617141775
0.00000000000000000000 0.11963692608153247976
0.00000000000000000000 0.11969976234379932356
0.00000000000000000000 0.12034189065298693533
0.00000000000000000000 0.12035382288147442043
0.00000000000000000000 0.12053954493313361052
0.00000000000000000000 0.12065976481117077213
0.00000000000000000000 0.12068454699285259546
0.00000000000000000000 0.12074701237525449493
0.00000000000000000000 0.12115960879917932191
0.00000000000000000000 0.12195423696448036421
0.00000000000000000000 0.12223326128678189961
0.00000000000000000000 0.12256318273589357493
0.00000000000000000000 0.12324464312813332434
0.00000000000000000000 0.12327366051331421770
0.00000000000000000000 0.12343100702178935735
0.00000000000000000000 0.12350568618197139970
0.00000000000000000000 0.12354515196431535562
0.00000000000000000000 0.12376285885975910062
0.00000000000000000000 0.12431165515508416086
0.00000000000000000000 0.12454563506329160982
0.00000000000000000000 0.12465801385315192218
0.00000000000000000000 0.12564586279710993066
0.00000000000000000000 0.12630550377658356087
0.00000000000000000000 0.12633149477470986821
0.00000000000000000000 0.12636263556875534930
0.00000000000000000000 0.12640944507439841327
0.00000000000000000000 0.12656359499266189861
0.00000000000000000000 0.12663675252465023124
0.00000000000000000000 0.12667032614040030225
0.00000000000000000000 0.12670595325862232805
0.00000000000000000000 0.12682238814230947788
0.00000000000000000000 0.12747161900786241340
0.00000000000000000000 0.12788602056167305832
0.00000000000000000000 0.12827358193080329318
0.00000000000000000000 0.12920228140126610583
0.00000000000000000000 0.12953786776060208230
0.00000000000000000000 0.13055744141115438461
0.00000000000000000000 0.13106137962189332025
0.00000000000000000000 0.13106551193762308594
0.00000000000000000000 0.13119777818030387007
0.00000000000000000000 0.13139482577648389783
0.00000000000000000000 0.13188637201218222916
0.00000000000000000000 0.13208315508243526071
0.00000000000000000000 0.13213429843038551614
0.00000000000000000000 0.13283829673015654094
0.00000000000000000000 0.13323885755899575467
0.00000000000000000000 0.13332518627052350468
0.00000000000000000000 0.13355022872267574563
0.00000000000000000000 0.13370364225574371542
0.00000000000000000000 0.13380018760313730497
0.00000000000000000000 0.13407109355052421185
0.00000000000000000000 0.13420139906900210858
0.00000000000000000000 0.13481512054308766868
0.00000000000000000000 0.13490509182218457518
0.00000000000000000000 0.13518973348918492117
0.00000000000000000000 0.13524492628123788163
0.00000000000000000000 0.13618650738527718347
0.00000000000000000000 0.13624998113519676268
0.00000000000000000000 0.13645613237644929616
0.00000000000000000000 0.13667022275501880535
0.00000000000000000000 0.13681589729448753734
0.00000000000000000000 0.13691586334318964213
0.00000000000000000000 0.13696124697383510460
0.00000000000000000000 0.13753757305799610422
0.00000000000000000000 0.13754760843867652742
0.00000000000000000000 0.13783284681708216080
0.00000000000000000000 0.13785680934968694289
0.00000000000000000000 0.13802839391971669092
0.00000000000000000000 0.13870457419351536754
0.00000000000000000000 0.13900715696986845615
0.00000000000000000000 0.13912143653602412896
0.00000000000000000000 0.13915847901224662198
0.00000000000000000000 0.13923196022063769051
0.00000000000000000000 0.13942195568670120998
0.00000000000000000000 0.13983205890246427905
0.00000000000000000000 0.14006946773134801298
0.00000000000000000000 0.14030562144407662806
0.00000000000000000000 0.14077031633628883656
0.00000000000000000000 0.14094320239927049521
0.00000000000000000000 0.14106781311579405513
0.00000000000000000000 0.14112179382806652739
0.00000000000000000000 0.14170882643320489858
0.00000000000000000000 0.14203668564652932593
0.00000000000000000000 0.14275791361854345274
0.00000000000000000000 0.14295311222067427770
0.00000000000000000000 0.14296591012219506123
0.00000000000000000000 0.14307906140770912384
0.00000000000000000000 0.14312850295633530728
0.00000000000000000000 0.14329545143700536669
0.00000000000000000000 0.14375424004806505729
0.00000000000000000000 0.14391235725948786639
0.00000000000000000000 0.14468745311960068411
0.00000000000000000000 0.14474195538038808762
0.00000000000000000000 0.14488369469391995659
0.00000000000000000000 0.14515618160963383865
0.00000000000000000000 0.14566844834441808332
0.00000000000000000000 0.14578165778753038317
0.00000000000000000000 0.14578280932993278873
0.00000000000000000000 0.14653963155566823717
0.00000000000000000000 0.14740457426085670778
0.00000000000000000000 0.14757005755872179553
0.00000000000000000000 0.14812831887427313493
0.00000000000000000000 0.14922696158018575185
0.00000000000000000000 0.14982333026744557025
0.00000000000000000000 0.15036047287085974045
0.00000000000000000000 0.15105965330933060486
0.00000000000000000000 0.15165454367502065325
0.00000000000000000000 0.15176351819359035211
0.00000000000000000000 0.15206078764638503165
0.00000000000000000000 0.15237193747124938570
0.00000000000000000000 0.15253465753191314258
0.00000000000000000000 0.15269344487357808249
0.00000000000000000000 0.15334872875062921516
0.00000000000000000000 0.15344304342043413314
0.00000000000000000000 0.15446722382712002597
0.00000000000000000000 0.15552493992059676642
0.00000000000000000000 0.15564071792692141250
0.00000000000000000000 0.15618358897532599872
0.00000000000000000000 0.15659941305398322742
0.00000000000000000000 0.15705673417253235291
0.00000000000000000000 0.15714001377891748112
0.00000000000000000000 0.15724635654135149521
0.00000000000000000000 0.15752126323175208444
0.00000000000000000000 0.15792911447017435322
0.00000000000000000000 0.15951726907598506866
0.00000000000000000000 0.16156933723168043215
0.00000000000000000000 0.16157702511676388935
0.00000000000000000000 0.16199054712800500799
0.00000000000000000000 0.16223691794052483295
0.00000000000000000000 0.16228948694777223238
0.00000000000000000000 0.16280663113472165771
0.00000000000000000000 0.16292332373752121955
0.00000000000000000000 0.16421453872884358982
0.00000000000000000000 0.16597292322251264163
0.00000000000000000000 0.16746997606377633794
0.00000000000000000000 0.16881972506276327062
0.00000000000000000000 0.17079491331643426033
0.00000000000000000000 0.17257203237002999296
0.00000000000000000000 0.17300868753998469018
0.00000000000000000000 0.17318483483646016086
0.00000000000000000000 0.17371504830301182087
0.00000000000000000000 0.17527410143049268476
0.00000000000000000000 0.17791214703457597368
0.00000000000000000000 0.17822591795300579687
0.00000000000000000000 0.17846945484406662175
0.00000000000000000000 0.17881687701810830560
0.00000000000000000000 0.18098170590178239148
0.00000000000000000000 0.18164006463402967984
0.00000000000000000000 0.18166062336408922429
0.00000000000000000000 0.18208923416500358283
0.00000000000000000000 0.18561785631193258861
0.00000000000000000000 0.18767587582849748484
0.00000000000000000000 0.18789601178547946092
0.00000000000000000000 0.18882100905376625333
0.00000000000000000000 0.19109830870527846902
0.00000000000000000000 0.19140642420243578203
0.00000000000000000000 0.19433674960778971053
0.00000000000000000000 0.19725685872893081174
0.00000000000000000000 0.19849574305929440499
0.00000000000000000000 0.21173878007794741385
0.00000000000000000000 0.21721016394385689319
0.00000000000000000000 0.22887963478260930916
0.00000000000000000000 0.23369031921822561171
0.00000000000000000000 0.24314459957454725991
0.00000000000000000000 1.73205080756887719318
