0.00000000000000000000 0.00151002840166968976
0.00000000000000000000 0.00180791098384789077
0.00000000000000000000 0.00251051172630682067
0.00000000000000000000 0.00296139266312089085
0.00000000000000000000 0.00306366284037718926
0.00000000000000000000 0.00320021747791534661
0.00000000000000000000 0.00333157440371996795
0.00000000000000000000 0.00335743041330635811
0.00000000000000000000 0.00373014815581288470
0.00000000000000000000 0.00378391218867266382
0.00000000000000000000 0.00383835755157818821
0.00000000000000000000 0.00389934725379617771
0.00000000000000000000 0.00425372727982175139
0.00000000000000000000 0.00445047556400953326
0.00000000000000000000 0.00450125069602666343
0.00000000000000000000 0.00458783916414916889
0.00000000000000000000 0.00465325333559265652
0.00000000000000000000 0.00495739146033350765
0.00000000000000000000 0.00498397598895770726
0.00000000000000000000 0.00510143789786679860
0.00000000000000000000 0.00513284303212960952
0.00000000000000000000 0.00530247022939314347
0.00000000000000000000 0.00537090406763946360
0.00000000000000000000 0.00543080519060794298
0.00000000000000000000 0.00544102283784228882
0.00000000000000000000 0.00611030847628314493
0.00000000000000000000 0.00612675849888154756
0.00000000000000000000 0.00623750424198752859
0.00000000000000000000 0.00628287503551580931
0.00000000000000000000 0.00633130237542116510
0.00000000000000000000 0.00641331275999932823
0.00000000000000000000 0.00663920563999368350
0.00000000000000000000 0.00671179966224614080
0.00000000000000000000 0.00690247099976333978
0.00000000000000000000 0.00693470813473735272
0.00000000000000000000 0.00695138245806530171
0.00000000000000000000 0.00710728849931424773
0.00000000000000000000 0.00720025043585817773
0.00000000000000000000 0.00721776749931190859
0.00000000000000000000 0.00726235403032742931
0.00000000000000000000 0.00730517894102223220
0.00000000000000000000 0.00732158774356026637
0.00000000000000000000 0.00736752680481785310
0.00000000000000000000 0.00765142994933572761
0.00000000000000000000 0.00771713819139691840
0.00000000000000000000 0.00773577803922339321
0.00000000000000000000 0.00785031296885318683
0.00000000000000000000 0.00797936064775430463
0.00000000000000000000 0.00811476609113447392
0.00000000000000000000 0.00812256255833668749
0.00000000000000000000 0.00815862648070780384
0.00000000000000000000 0.00821525917552185306
0.00000000000000000000 0.00836569156799783255
0.00000000000000000000 0.00841792297340452148
0.00000000000000000000 0.00852423456528920639
0.00000000000000000000 0.00854877726278103177
0.00000000000000000000 0.00855659751083196439
0.00000000000000000000 0.00855944526971129035
0.00000000000000000000 0.00860512116757041097
0.00000000000000000000 0.00881220852441149186
0.00000000000000000000 0.00881611731861733569
0.00000000000000000000 0.00888818555726007993
0.00000000000000000000 0.00889714164520996262
0.00000000000000000000 0.00893434174528284775
0.00000000000000000000 0.00928332395822342379
0.00000000000000000000 0.00929046028986503861
0.00000000000000000000 0.00934604764302614591
0.00000000000000000000 0.00937823413574228812
0.00000000000000000000 0.00960153105924015787
0.00000000000000000000 0.00971359226698078476
0.00000000000000000000 0.00980351324234196575
0.00000000000000000000 0.00982173449676335825
0.00000000000000000000 0.00985939535852278087
0.00000000000000000000 0.00987844484760674879
0.00000000000000000000 0.00990267824725430540
0.00000000000000000000 0.01004895520625448575
0.00000000000000000000 0.01007302066135657564
0.00000000000000000000 0.01019831611342478066
0.00000000000000000000 0.01027702406958643302
0.00000000000000000000 0.01050958756402394466
0.00000000000000000000 0.01058164561306799978
0.00000000000000000000 0.01058786925164728610
0.00000000000000000000 0.01066991327451479593
0.00000000000000000000 0.01076477248989628384
0.00000000000000000000 0.01090567889323168331
0.00000000000000000000 0.01093078525073138720
0.00000000000000000000 0.01103856221421040118
0.00000000000000000000 0.01104760619694038215
0.00000000000000000000 0.01110357439531133895
0.00000000000000000000 0.01115892830696476982
0.00000000000000000000 0.01142613885898208399
0.00000000000000000000 0.01152197375078149906
0.00000000000000000000 0.01153247217101899952
0.00000000000000000000 0.01161700559907700124
0.00000000000000000000 0.01161728586592540059
0.00000000000000000000 0.01164670119896410623
0.00000000000000000000 0.01167320229387324923
0.00000000000000000000 0.01168483754818410054
0.00000000000000000000 0.01175561916594772965
0.00000000000000000000 0.01177711025489917851
0.00000000000000000000 0.01201497535750249007
0.00000000000000000000 0.01225509093753297807
0.00000000000000000000 0.01228997270752430100
0.00000000000000000000 0.01255169857746433679
0.00000000000000000000 0.01267955236297261049
0.00000000000000000000 0.01272718736444874120
0.00000000000000000000 0.01277602388452312929
0.00000000000000000000 0.01287261086161630742
0.00000000000000000000 0.01299017133833055629
0.00000000000000000000 0.01313238110462086432
0.00000000000000000000 0.01350123591836990822
0.00000000000000000000 0.01362749420356493095
0.00000000000000000000 0.01366297413303662993
0.00000000000000000000 0.01368886208015087681
0.00000000000000000000 0.01370771576148424424
0.00000000000000000000 0.01371442854014108190
0.00000000000000000000 0.01374392138573230469
0.00000000000000000000 0.01377098790680536880
0.00000000000000000000 0.01380435556329163115
0.00000000000000000000 0.01380673253433494820
0.00000000000000000000 0.01386486259998018396
0.00000000000000000000 0.01392302451781798033
0.00000000000000000000 0.01405498016953143740
0.00000000000000000000 0.01422501777882879438
0.00000000000000000000 0.01427467894372241343
0.00000000000000000000 0.01433036051747687070
0.00000000000000000000 0.01434087209104095706
0.00000000000000000000 0.01444718263122437944
0.00000000000000000000 0.01450277105146253673
0.00000000000000000000 0.01456541713235124172
0.00000000000000000000 0.01456803062749850199
0.00000000000000000000 0.01466200916687090613
0.00000000000000000000 0.01466798128681146181
0.00000000000000000000 0.01477448444492807447
0.00000000000000000000 0.01480508896788609863
0.00000000000000000000 0.01481293482652930142
0.00000000000000000000 0.01488514758840119023
0.00000000000000000000 0.01489317240136269101
0.00000000000000000000 0.01495756739583208560
0.00000000000000000000 0.01497317727544850326
0.00000000000000000000 0.01509359716100421543
0.00000000000000000000 0.01509976446453040536
0.00000000000000000000 0.01511425683909816027
0.00000000000000000000 0.01518690196689802610
0.00000000000000000000 0.01531310623631484090
0.00000000000000000000 0.01538469107652644559
0.00000000000000000000 0.01538692597938245456
0.00000000000000000000 0.01539539556281566655
0.00000000000000000000 0.01546928602892552393
0.00000000000000000000 0.01551327686530566512
0.00000000000000000000 0.01553100514077653503
0.00000000000000000000 0.01553930950776327875
0.00000000000000000000 0.01558425095632306329
0.00000000000000000000 0.01559232780331131808
0.00000000000000000000 0.01578174367131819633
0.00000000000000000000 0.01580888575696526299
0.00000000000000000000 0.01587513127019382284
0.00000000000000000000 0.01619290755067699650
0.00000000000000000000 0.01630089213873710599
0.00000000000000000000 0.01632666504664493159
0.00000000000000000000 0.01638788473375097851
0.00000000000000000000 0.01644100555832809368
0.00000000000000000000 0.01644570241759392773
0.00000000000000000000 0.01659169442522235097
0.00000000000000000000 0.01667966103002592806
0.00000000000000000000 0.01679493776176740547
0.00000000000000000000 0.01680500840584751160
0.00000000000000000000 0.01691672166364093996
0.00000000000000000000 0.01692334373092336045
0.00000000000000000000 0.01694957274628498475
0.00000000000000000000 0.01707927243438085718
0.00000000000000000000 0.01711038752249530864
0.00000000000000000000 0.01722541484294565911
0.00000000000000000000 0.01728611259255575724
0.00000000000000000000 0.01731120563506491003
0.00000000000000000000 0.01735983606797789416
0.00000000000000000000 0.01740194677198280901
0.00000000000000000000 0.01757612404682367888
0.00000000000000000000 0.01766261715602891053
0.00000000000000000000 0.01768321569315181238
0.00000000000000000000 0.01788518496581430889
0.00000000000000000000 0.01800722549438021208
0.00000000000000000000 0.01801307523681471012
0.00000000000000000000 0.01809540989477264814
0.00000000000000000000 0.01816219747828672418
0.00000000000000000000 0.01818938109823955290
0.00000000000000000000 0.01820373404434710504
0.00000000000000000000 0.01824044569664962784
0.00000000000000000000 0.01826348063163691152
0.00000000000000000000 0.01832494887519419552
0.00000000000000000000 0.01834534996081360614
0.00000000000000000000 0.01847089627688409952
0.00000000000000000000 0.01861155644099588696
0.00000000000000000000 0.01862490753131276072
0.00000000000000000000 0.01866879003193428269
0.00000000000000000000 0.01867891472604592262
0.00000000000000000000 0.01876653558087273965
0.00000000000000000000 0.01885671531757003930
0.00000000000000000000 0.01887674853618766593
0.00000000000000000000 0.01890210721385312750
0.00000000000000000000 0.01893376819525007665
0.00000000000000000000 0.01897965772252643846
0.00000000000000000000 0.01915213923566146809
0.00000000000000000000 0.01926529287202838683
0.00000000000000000000 0.01933817255387733705
0.00000000000000000000 0.01935916601006667029
0.00000000000000000000 0.01937234304109320890
0.00000000000000000000 0.01938263399731712799
0.00000000000000000000 0.01944280266296944185
0.00000000000000000000 0.01954456827605445535
0.00000000000000000000 0.01965431062870387144
0.00000000000000000000 0.01976384658998202662
0.00000000000000000000 0.01979637373252697563
0.00000000000000000000 0.02001214274250003033
0.00000000000000000000 0.02017462275329969662
0.00000000000000000000 0.02042400285377676816
0.00000000000000000000 0.02050498571775839080
0.00000000000000000000 0.02051831383364762992
0.00000000000000000000 0.02060450455635750439
0.00000000000000000000 0.02064696559868389042
0.00000000000000000000 0.02075659108896146798
0.00000000000000000000 0.02089278275559224365
0.00000000000000000000 0.02092219304008139172
0.00000000000000000000 0.02093106875110232329
0.00000000000000000000 0.02096554409053631718
0.00000000000000000000 0.02098529571962127332
0.00000000000000000000 0.02102193678116192829
0.00000000000000000000 0.02103361655098564403
0.00000000000000000000 0.02104023698474958778
0.00000000000000000000 0.02106473673982046241
0.00000000000000000000 0.02112470639484380699
0.00000000000000000000 0.02129214569877006802
0.00000000000000000000 0.02137877203887069907
0.00000000000000000000 0.02142867763621973676
0.00000000000000000000 0.02145733805618109391
0.00000000000000000000 0.02147725552836984159
0.00000000000000000000 0.02150658670257758059
0.00000000000000000000 0.02154470428167794965
0.00000000000000000000 0.02167726846826220979
0.00000000000000000000 0.02172024442460932306
0.00000000000000000000 0.02173105518665554431
0.00000000000000000000 0.02174937821462677098
0.00000000000000000000 0.02175175117588782486
0.00000000000000000000 0.02188222381961962143
0.00000000000000000000 0.02201039038628574765
0.00000000000000000000 0.02201404188829348893
0.00000000000000000000 0.02203037914524166516
0.00000000000000000000 0.02214513596038227006
0.00000000000000000000 0.02215325959408981707
0.00000000000000000000 0.02228196966742093665
0.00000000000000000000 0.02236911680007850137
0.00000000000000000000 0.02239112376513416325
0.00000000000000000000 0.02256104703921806010
0.00000000000000000000 0.02278293434376123944
0.00000000000000000000 0.02286139505265152166
0.00000000000000000000 0.02287632013139236781
0.00000000000000000000 0.02295382062563389863
0.00000000000000000000 0.02298859841041478447
0.00000000000000000000 0.02299228811265735181
0.00000000000000000000 0.02304685605341189741
0.00000000000000000000 0.02307681369175349634
0.00000000000000000000 0.02310225473131667998
0.00000000000000000000 0.02316859651774296619
0.00000000000000000000 0.02329228526135153007
0.00000000000000000000 0.02336498776282608034
0.00000000000000000000 0.02353268486023582517
0.00000000000000000000 0.02363523166082039800
0.00000000000000000000 0.02369663354195373703
0.00000000000000000000 0.02370539030698698424
0.00000000000000000000 0.02380258924767932743
0.00000000000000000000 0.02387517765691634167
0.00000000000000000000 0.02388459986608843302
0.00000000000000000000 0.02400599615501565476
0.00000000000000000000 0.02407539280766356204
0.00000000000000000000 0.02408100388550133905
0.00000000000000000000 0.02413226542631696434
0.00000000000000000000 0.02414672167423903212
0.00000000000000000000 0.02419605046991956873
0.00000000000000000000 0.02426026090187144088
0.00000000000000000000 0.02429628836895053601
0.00000000000000000000 0.02434434285089333641
0.00000000000000000000 0.02435514500485458020
0.00000000000000000000 0.02444045635998911073
0.00000000000000000000 0.02445129866043441874
0.00000000000000000000 0.02463734006321972869
0.00000000000000000000 0.02470573437331391453
0.00000000000000000000 0.02480356454346196310
0.00000000000000000000 0.02481939154610015089
0.00000000000000000000 0.02518237312721224169
0.00000000000000000000 0.02552497154595171833
0.00000000000000000000 0.02554682265450207088
0.00000000000000000000 0.02555889806988824800
0.00000000000000000000 0.02563258462183903852
0.00000000000000000000 0.02563965565860977167
0.00000000000000000000 0.02569983652929444876
0.00000000000000000000 0.02571390666969172387
0.00000000000000000000 0.02577553533787030685
0.00000000000000000000 0.02579001919122601849
0.00000000000000000000 0.02600731719240584328
0.00000000000000000000 0.02603094157865818575
0.00000000000000000000 0.02612883496822651294
0.00000000000000000000 0.02615386158454530152
0.00000000000000000000 0.02617710352886854983
0.00000000000000000000 0.02618700447284549176
0.00000000000000000000 0.02631922243534019074
0.00000000000000000000 0.02642116507162745043
0.00000000000000000000 0.02650677418573753677
0.00000000000000000000 0.02653318404175747380
0.00000000000000000000 0.02659829120234593822
0.00000000000000000000 0.02672400598044163272
0.00000000000000000000 0.02683661260276421628
0.00000000000000000000 0.02686802145570107297
0.00000000000000000000 0.02696320634506055303
0.00000000000000000000 0.02707761828756726288
0.00000000000000000000 0.02709090047381115113
0.00000000000000000000 0.02719707366654396455
0.00000000000000000000 0.02720363330828021869
0.00000000000000000000 0.02724911726728014572
0.00000000000000000000 0.02731232960036374807
0.00000000000000000000 0.02750189180536129555
0.00000000000000000000 0.02754234677626194241
0.00000000000000000000 0.02757972401967580603
0.00000000000000000000 0.02762073986625547192
0.00000000000000000000 0.02762989838821955021
0.00000000000000000000 0.02779531419795606625
0.00000000000000000000 0.02799939654197466238
0.00000000000000000000 0.02804072017529303518
0.00000000000000000000 0.02809977110087810356
0.00000000000000000000 0.02813408994071283850
0.00000000000000000000 0.02828618522284086223
0.00000000000000000000 0.02838322100666284403
0.00000000000000000000 0.02852478854710294512
0.00000000000000000000 0.02861694983455286001
0.00000000000000000000 0.02862325439763725027
0.00000000000000000000 0.02876644485582505878
0.00000000000000000000 0.02880451759197747569
0.00000000000000000000 0.02895207556063604526
0.00000000000000000000 0.02898318006714694847
0.00000000000000000000 0.02911475944109134448
0.00000000000000000000 0.02915355298771237641
0.00000000000000000000 0.02915692293020572326
0.00000000000000000000 0.02930148573770182188
0.00000000000000000000 0.02936393961668996855
0.00000000000000000000 0.02950688784751709717
0.00000000000000000000 0.02977369899516319959
0.00000000000000000000 0.02979770619058886086
0.00000000000000000000 0.02983121612463713462
0.00000000000000000000 0.02992946397884160836
0.00000000000000000000 0.03015080851078166813
0.00000000000000000000 0.03016178441250519718
0.00000000000000000000 0.03018777453736009794
0.00000000000000000000 0.03029853828895031839
0.00000000000000000000 0.03031554628029976134
0.00000000000000000000 0.03040230457373219175
0.00000000000000000000 0.03042157234593886525
0.00000000000000000000 0.03048803205332474564
0.00000000000000000000 0.03054728157668287064
0.00000000000000000000 0.03057831216195904325
0.00000000000000000000 0.03089543785374168627
0.00000000000000000000 0.03089691734366375314
0.00000000000000000000 0.03091052770993184609
0.00000000000000000000 0.03099623154771990671
0.00000000000000000000 0.03112502956267410373
0.00000000000000000000 0.03118905175309851646
0.00000000000000000000 0.03129076084490015064
0.00000000000000000000 0.03135412623997444609
0.00000000000000000000 0.03144053321304422777
0.00000000000000000000 0.03157249320847235058
0.00000000000000000000 0.03163190106908484595
0.00000000000000000000 0.03174837169333507431
0.00000000000000000000 0.03174970351024795912
0.00000000000000000000 0.03182030597183099774
0.00000000000000000000 0.03185839178921723996
0.00000000000000000000 0.03203597342923497626
0.00000000000000000000 0.03206756042163331349
0.00000000000000000000 0.03215667219504742685
0.00000000000000000000 0.03242018434470120974
0.00000000000000000000 0.03261516346918676146
0.00000000000000000000 0.03269160530687889588
0.00000000000000000000 0.03280312993106768160
0.00000000000000000000 0.03280758202360677112
0.00000000000000000000 0.03285066440334062643
0.00000000000000000000 0.03294811180572908976
0.00000000000000000000 0.03309702728318772436
0.00000000000000000000 0.03311855338458882109
0.00000000000000000000 0.03340902749834012003
0.00000000000000000000 0.03350047086856203921
0.00000000000000000000 0.03355257775813354909
0.00000000000000000000 0.03373185577922886702
0.00000000000000000000 0.03386105264578707225
0.00000000000000000000 0.03389282249692776583
0.00000000000000000000 0.03399515391085570354
0.00000000000000000000 0.03408725969611845624
0.00000000000000000000 0.03427373102111908043
0.00000000000000000000 0.03429903881656909403
0.00000000000000000000 0.03443880776684092593
0.00000000000000000000 0.03454042262970990346
0.00000000000000000000 0.03469838774200902781
0.00000000000000000000 0.03491934053455396370
0.00000000000000000000 0.03498735475183418348
0.00000000000000000000 0.03505088259296702813
0.00000000000000000000 0.03510849841229981422
0.00000000000000000000 0.03516803559650794747
0.00000000000000000000 0.03518732713220756175
0.00000000000000000000 0.03527777952263815714
0.00000000000000000000 0.03576251953246220583
0.00000000000000000000 0.03589246075725983226
0.00000000000000000000 0.03594067803755451873
0.00000000000000000000 0.03602973883334133903
0.00000000000000000000 0.03603331556090271642
0.00000000000000000000 0.03620192939461820691
0.00000000000000000000 0.03621788288824778074
0.00000000000000000000 0.03623385731695337453
0.00000000000000000000 0.03642660416166444010
0.00000000000000000000 0.03646871878696259645
0.00000000000000000000 0.03657097839957862417
0.00000000000000000000 0.03661387915313283475
0.00000000000000000000 0.03674480376750832722
0.00000000000000000000 0.03686183224145032217
0.00000000000000000000 0.03686399180479654064
0.00000000000000000000 0.03695028853583291750
0.00000000000000000000 0.03698023684234824637
0.00000000000000000000 0.03721276580292134928
0.00000000000000000000 0.03776574192556699655
0.00000000000000000000 0.03798114892375051982
0.00000000000000000000 0.03799209104875292398
0.00000000000000000000 0.03811538405347301983
0.00000000000000000000 0.03815011350507909599
0.00000000000000000000 0.03821840550906211581
0.00000000000000000000 0.03851178316011095309
0.00000000000000000000 0.03861544551628361133
0.00000000000000000000 0.03919074641738879566
0.00000000000000000000 0.03972082908296067916
0.00000000000000000000 0.03977627370451018024
0.00000000000000000000 0.03996847781982741654
0.00000000000000000000 0.04017095757180360466
0.00000000000000000000 0.04018649646051791063
0.00000000000000000000 0.04029934335286359387
0.00000000000000000000 0.04072473004655390028
0.00000000000000000000 0.04090147560999236875
0.00000000000000000000 0.04107766950000242556
0.00000000000000000000 0.04121109965576448542
0.00000000000000000000 0.04123626780801566138
0.00000000000000000000 0.04137331599810114419
0.00000000000000000000 0.04138897391762128702
0.00000000000000000000 0.04176390969705477685
0.00000000000000000000 0.04185426554092005341
0.00000000000000000000 0.04190072525073815224
0.00000000000000000000 0.04202751886763689965
0.00000000000000000000 0.04211536943417990703
0.00000000000000000000 0.04231903780732334391
0.00000000000000000000 0.04232175751872562647
0.00000000000000000000 0.04283016579490543652
0.00000000000000000000 0.04290071726046006811
0.00000000000000000000 0.04325655382386692227
0.00000000000000000000 0.04334222152080024343
0.00000000000000000000 0.04344711457547893035
0.00000000000000000000 0.04407844969350386416
0.00000000000000000000 0.04479978831506990083
0.00000000000000000000 0.04481369460089776324
0.00000000000000000000 0.04485163827666548142
0.00000000000000000000 0.04528999062297178746
0.00000000000000000000 0.04580745269151047933
0.00000000000000000000 0.04602723678395771040
0.00000000000000000000 0.04637435313182244195
0.00000000000000000000 0.04662338432365213670
0.00000000000000000000 0.04714626405281890226
0.00000000000000000000 0.04790962195138517149
0.00000000000000000000 0.04798196565151442022
0.00000000000000000000 0.04841558921893165252
0.00000000000000000000 0.04868482486688462119
0.00000000000000000000 0.04985467407861272904
0.00000000000000000000 0.05053757498208475557
0.00000000000000000000 0.05129712413062732790
0.00000000000000000000 0.05148223503940666662
0.00000000000000000000 0.05160217830876723255
0.00000000000000000000 0.05329838188196508314
0.00000000000000000000 0.05351765515611143359
0.00000000000000000000 0.05371524044128346553
0.00000000000000000000 0.05435344108030207289
0.00000000000000000000 0.05490695615301596083
0.00000000000000000000 0.05530137674503368683
0.00000000000000000000 0.05530308937490867327
0.00000000000000000000 0.05675409406539137780
0.00000000000000000000 0.05855710332879326269
0.00000000000000000000 0.05858715045376255981
0.00000000000000000000 0.05871048856102385749
0.00000000000000000000 0.06114670785749055926
0.00000000000000000000 0.06170793075908692638
0.00000000000000000000 0.06423948223742474706
0.00000000000000000000 0.06434671131139983735
0.00000000000000000000 0.06536813351659967464
0.00000000000000000000 0.06653897330967648016
0.00000000000000000000 0.06833847613635035678
0.00000000000000000000 0.07118818636872349670
0.00000000000000000000 0.07639068972148317649
0.00000000000000000000 0.08125960805601194215
0.00000000000000000000 0.08219507217799887355
0.00000000000000000000 0.08358080527745004318
0.00000000000000000000 1.73205080756887719318
