0.00000000000000000000 0.00221041484601434838
0.00000000000000000000 0.00231071645901741347
0.00000000000000000000 0.00253498495550569638
0.00000000000000000000 0.00270086321124829486
0.00000000000000000000 0.00299235135484595153
0.00000000000000000000 0.00301025196847761042
0.00000000000000000000 0.00302356527305234872
0.00000000000000000000 0.00344709751896735833
0.00000000000000000000 0.00346694488446414907
0.00000000000000000000 0.00359609470965544095
0.00000000000000000000 0.00362789637985242060
0.00000000000000000000 0.00368589574562527399
0.00000000000000000000 0.00423375439406117361
0.00000000000000000000 0.00426969257953281525
0.00000000000000000000 0.00431647544461314248
0.00000000000000000000 0.00445872816207620523
0.00000000000000000000 0.00446901171378064586
0.00000000000000000000 0.00458901915007153133
0.00000000000000000000 0.00459104809707404620
0.00000000000000000000 0.00463503456795445051
0.00000000000000000000 0.00464548894414407079
0.00000000000000000000 0.00470199181123146740
0.00000000000000000000 0.00470720777277717529
0.00000000000000000000 0.00471273001965297374
0.00000000000000000000 0.00471443714750015286
0.00000000000000000000 0.00488919441270071684
0.00000000000000000000 0.00499550659697965780
0.00000000000000000000 0.00509131728916789421
0.00000000000000000000 0.00509420364613603904
0.00000000000000000000 0.00510165939379451320
0.00000000000000000000 0.00513917625171518566
0.00000000000000000000 0.00519232101437047677
0.00000000000000000000 0.00522168397704812510
0.00000000000000000000 0.00523056172881516002
0.00000000000000000000 0.00528911329525135875
0.00000000000000000000 0.00533922355889547822
0.00000000000000000000 0.00544551941179733778
0.00000000000000000000 0.00549097027701791682
0.00000000000000000000 0.00549272751327245685
0.00000000000000000000 0.00549538947912198671
0.00000000000000000000 0.00552496801470940980
0.00000000000000000000 0.00554465229453137212
0.00000000000000000000 0.00561147863834930791
0.00000000000000000000 0.00563483777459926945
0.00000000000000000000 0.00575586496468945882
0.00000000000000000000 0.00586274580488250433
0.00000000000000000000 0.00587245630253435159
0.00000000000000000000 0.00589428581714693516
0.00000000000000000000 0.00591425946082051873
0.00000000000000000000 0.00593852572784705698
0.00000000000000000000 0.00602474290581887090
0.00000000000000000000 0.00605950744791358860
0.00000000000000000000 0.00608350951950770852
0.00000000000000000000 0.00613360758112970177
0.00000000000000000000 0.00613549287321181035
0.00000000000000000000 0.00616153474280830941
0.00000000000000000000 0.00618386074869609059
0.00000000000000000000 0.00619450167922299712
0.00000000000000000000 0.00620937297831713423
0.00000000000000000000 0.00626743103883872603
0.00000000000000000000 0.00632403581725241980
0.00000000000000000000 0.00642013308119577641
0.00000000000000000000 0.00660894470355676954
0.00000000000000000000 0.00662155573107721211
0.00000000000000000000 0.00662997488479399617
0.00000000000000000000 0.00663737099963347676
0.00000000000000000000 0.00663996576707815561
0.00000000000000000000 0.00667020721245895239
0.00000000000000000000 0.00669875970538944855
0.00000000000000000000 0.00673608683613477824
0.00000000000000000000 0.00676218118733671984
0.00000000000000000000 0.00688912006015420398
0.00000000000000000000 0.00691603423006152511
0.00000000000000000000 0.00691816171225763908
0.00000000000000000000 0.00691930771407790659
0.00000000000000000000 0.00699934656652688534
0.00000000000000000000 0.00706510514213364808
0.00000000000000000000 0.00707903835737650096
0.00000000000000000000 0.00708409515877563532
0.00000000000000000000 0.00709619377505753008
0.00000000000000000000 0.00710983174903359171
0.00000000000000000000 0.00713868458225063417
0.00000000000000000000 0.00714665191973400636
0.00000000000000000000 0.00724322266744516219
0.00000000000000000000 0.00725889496153198695
0.00000000000000000000 0.00729664635560333709
0.00000000000000000000 0.00729956222993382794
0.00000000000000000000 0.00730305558451794807
0.00000000000000000000 0.00732702752417626214
0.00000000000000000000 0.00734651262354160759
0.00000000000000000000 0.00735991841751774262
0.00000000000000000000 0.00742487637416908240
0.00000000000000000000 0.00743865725266154663
0.00000000000000000000 0.00745161902977109231
0.00000000000000000000 0.00748905084261522469
0.00000000000000000000 0.00750136810375440395
0.00000000000000000000 0.00751997709450287835
0.00000000000000000000 0.00757397839347314500
0.00000000000000000000 0.00759440542674149829
0.00000000000000000000 0.00760126816750480647
0.00000000000000000000 0.00760475074599125788
0.00000000000000000000 0.00762189527710438897
0.00000000000000000000 0.00766383289040447127
0.00000000000000000000 0.00766466806096369885
0.00000000000000000000 0.00773944946628916768
0.00000000000000000000 0.00776207870296240481
0.00000000000000000000 0.00776299105130988463
0.00000000000000000000 0.00781228048029501774
0.00000000000000000000 0.00786892932310867370
0.00000000000000000000 0.00786900954088199864
0.00000000000000000000 0.00787701233240026277
0.00000000000000000000 0.00790477028828469666
0.00000000000000000000 0.00791198452425577459
0.00000000000000000000 0.00793481783712806331
0.00000000000000000000 0.00794099233852827054
0.00000000000000000000 0.00798626645333368190
0.00000000000000000000 0.00800387765391712830
0.00000000000000000000 0.00803588886227148830
0.00000000000000000000 0.00812440616186433512
0.00000000000000000000 0.00814354056769347502
0.00000000000000000000 0.00814558461009561550
0.00000000000000000000 0.00817549831975394360
0.00000000000000000000 0.00818685448173098358
0.00000000000000000000 0.00818733721397405488
0.00000000000000000000 0.00823491135294316702
0.00000000000000000000 0.00824350361144293546
0.00000000000000000000 0.00824592065786374645
0.00000000000000000000 0.00825156482107551083
0.00000000000000000000 0.00827640025925892309
0.00000000000000000000 0.00828654179897500565
0.00000000000000000000 0.00830730742111328302
0.00000000000000000000 0.00832865886578570101
0.00000000000000000000 0.00833135919635993351
0.00000000000000000000 0.00834347707362715664
0.00000000000000000000 0.00835834443233067492
0.00000000000000000000 0.00838669625919953414
0.00000000000000000000 0.00840127594022085228
0.00000000000000000000 0.00840387531213222967
0.00000000000000000000 0.00842369634063560961
0.00000000000000000000 0.00844094111793018340
0.00000000000000000000 0.00847003462388325017
0.00000000000000000000 0.00853501516390905643
0.00000000000000000000 0.00857140739594127073
0.00000000000000000000 0.00857441137038780950
0.00000000000000000000 0.00859124076336148512
0.00000000000000000000 0.00862141169338449115
0.00000000000000000000 0.00864737913125589869
0.00000000000000000000 0.00865313262157525395
0.00000000000000000000 0.00865317754578220216
0.00000000000000000000 0.00868004860367203174
0.00000000000000000000 0.00869785652039803403
0.00000000000000000000 0.00873993923255400422
0.00000000000000000000 0.00875217329380400047
0.00000000000000000000 0.00876073431217128280
0.00000000000000000000 0.00878659915139099953
0.00000000000000000000 0.00880430110918654918
0.00000000000000000000 0.00882027631215177334
0.00000000000000000000 0.00883374615684637092
0.00000000000000000000 0.00895797669327907248
0.00000000000000000000 0.00900134611434218017
0.00000000000000000000 0.00900563187694031382
0.00000000000000000000 0.00900634497358347892
0.00000000000000000000 0.00902070567805019451
0.00000000000000000000 0.00904703393923177168
0.00000000000000000000 0.00906506044791211864
0.00000000000000000000 0.00911347431277377204
0.00000000000000000000 0.00914296457119833511
0.00000000000000000000 0.00914660956038812305
0.00000000000000000000 0.00916873497866751985
0.00000000000000000000 0.00920190331659260022
0.00000000000000000000 0.00922706116168689298
0.00000000000000000000 0.00925420160595814140
0.00000000000000000000 0.00927597352974483987
0.00000000000000000000 0.00929667665459978088
0.00000000000000000000 0.00932149630373617540
0.00000000000000000000 0.00933299628603339280
0.00000000000000000000 0.00939370695877757809
0.00000000000000000000 0.00944689843493797671
0.00000000000000000000 0.00945888788920164376
0.00000000000000000000 0.00952937648625846144
0.00000000000000000000 0.00953340869678581844
0.00000000000000000000 0.00956812553790851485
0.00000000000000000000 0.00957257555564930071
0.00000000000000000000 0.00959905940344377151
0.00000000000000000000 0.00964376230609930926
0.00000000000000000000 0.00967330419065114654
0.00000000000000000000 0.00969650364766209798
0.00000000000000000000 0.00973480449425685908
0.00000000000000000000 0.00974943641197002775
0.00000000000000000000 0.00975469034111228761
0.00000000000000000000 0.00976337620407968440
0.00000000000000000000 0.00976880460836015464
0.00000000000000000000 0.00977235098628360423
0.00000000000000000000 0.00983906649879092397
0.00000000000000000000 0.00985169702607384921
0.00000000000000000000 0.00985455112281248373
0.00000000000000000000 0.00986004068057282600
0.00000000000000000000 0.00986297657484661548
0.00000000000000000000 0.00991428066813718201
0.00000000000000000000 0.00991651584389400577
0.00000000000000000000 0.00996612309762571168
0.00000000000000000000 0.00999215534789662033
0.00000000000000000000 0.01003992766774424589
0.00000000000000000000 0.01004996293952706808
0.00000000000000000000 0.01005641752597153347
0.00000000000000000000 0.01005865605145513791
0.00000000000000000000 0.01006169756387456128
0.00000000000000000000 0.01007205738972647736
0.00000000000000000000 0.01009212445643926925
0.00000000000000000000 0.01010164957154894780
0.00000000000000000000 0.01013901040174715849
0.00000000000000000000 0.01014027587742764858
0.00000000000000000000 0.01016568827747909437
0.00000000000000000000 0.01016898454987677156
0.00000000000000000000 0.01018863345498256801
0.00000000000000000000 0.01022299805772127965
0.00000000000000000000 0.01022727163922245754
0.00000000000000000000 0.01023077231343952516
0.00000000000000000000 0.01024435229050326725
0.00000000000000000000 0.01024568990065789081
0.00000000000000000000 0.01025780228776189927
0.00000000000000000000 0.01026584842991966340
0.00000000000000000000 0.01027939458192161405
0.00000000000000000000 0.01036717254752756064
0.00000000000000000000 0.01039823767226739741
0.00000000000000000000 0.01046645903936711808
0.00000000000000000000 0.01049221457071448406
0.00000000000000000000 0.01049677749126911967
0.00000000000000000000 0.01050194793838095733
0.00000000000000000000 0.01056518406387948854
0.00000000000000000000 0.01058920134502787207
0.00000000000000000000 0.01059057130142338279
0.00000000000000000000 0.01060682227091387306
0.00000000000000000000 0.01063940346845133368
0.00000000000000000000 0.01066781959076874321
0.00000000000000000000 0.01070598639677512731
0.00000000000000000000 0.01071323538881132666
0.00000000000000000000 0.01073809311622745712
0.00000000000000000000 0.01074288895980974809
0.00000000000000000000 0.01075486864758840207
0.00000000000000000000 0.01078996013101102443
0.00000000000000000000 0.01086605156449112382
0.00000000000000000000 0.01091450922966612745
0.00000000000000000000 0.01093139357200760206
0.00000000000000000000 0.01106697347755757933
0.00000000000000000000 0.01106975989633889913
0.00000000000000000000 0.01111728373764543296
0.00000000000000000000 0.01112337459627273616
0.00000000000000000000 0.01113218635016162937
0.00000000000000000000 0.01115584461365566257
0.00000000000000000000 0.01118828809620135180
0.00000000000000000000 0.01121940432833540453
0.00000000000000000000 0.01122411127195481473
0.00000000000000000000 0.01122790748225853397
0.00000000000000000000 0.01124353067900984299
0.00000000000000000000 0.01125689086421098259
0.00000000000000000000 0.01126162083927166949
0.00000000000000000000 0.01127906896144369522
0.00000000000000000000 0.01128111723105662718
0.00000000000000000000 0.01130773266674125165
0.00000000000000000000 0.01133104721519380929
0.00000000000000000000 0.01133386733080804162
0.00000000000000000000 0.01133829906183322217
0.00000000000000000000 0.01135255348128036412
0.00000000000000000000 0.01139136717557471742
0.00000000000000000000 0.01140651915365293104
0.00000000000000000000 0.01143472213138472908
0.00000000000000000000 0.01145332801149396250
0.00000000000000000000 0.01150220816937289232
0.00000000000000000000 0.01152520399998807621
0.00000000000000000000 0.01156007069811845409
0.00000000000000000000 0.01161104398228424324
0.00000000000000000000 0.01161677114310112439
0.00000000000000000000 0.01164792441157061660
0.00000000000000000000 0.01168339059460159375
0.00000000000000000000 0.01169778645740126959
0.00000000000000000000 0.01175394625868423498
0.00000000000000000000 0.01176900547551085023
0.00000000000000000000 0.01177769157871808026
0.00000000000000000000 0.01177891273982698689
0.00000000000000000000 0.01177963174800324316
0.00000000000000000000 0.01186150499729713391
0.00000000000000000000 0.01188760068754232332
0.00000000000000000000 0.01189262796342704237
0.00000000000000000000 0.01194110540903607978
0.00000000000000000000 0.01195709972147250555
0.00000000000000000000 0.01197457679397091919
0.00000000000000000000 0.01204242354660139264
0.00000000000000000000 0.01204941338969140775
0.00000000000000000000 0.01208250919030762378
0.00000000000000000000 0.01209598053387489318
0.00000000000000000000 0.01213032104755727529
0.00000000000000000000 0.01217204386406090487
0.00000000000000000000 0.01217391821455043009
0.00000000000000000000 0.01221373702113056486
0.00000000000000000000 0.01222348371404566487
0.00000000000000000000 0.01222418336317715286
0.00000000000000000000 0.01228169848152854682
0.00000000000000000000 0.01231225880410893869
0.00000000000000000000 0.01234694505601771804
0.00000000000000000000 0.01236612578909129269
0.00000000000000000000 0.01237981628111053771
0.00000000000000000000 0.01243241590878679977
0.00000000000000000000 0.01246033313692880215
0.00000000000000000000 0.01246230355588478014
0.00000000000000000000 0.01246408610722294502
0.00000000000000000000 0.01246671323414187682
0.00000000000000000000 0.01257649705313483926
0.00000000000000000000 0.01258492309684719999
0.00000000000000000000 0.01266213766648927389
0.00000000000000000000 0.01275121620738315503
0.00000000000000000000 0.01275125452644945354
0.00000000000000000000 0.01276767370282568155
0.00000000000000000000 0.01276781000390610904
0.00000000000000000000 0.01280190985482854323
0.00000000000000000000 0.01288759642779755028
0.00000000000000000000 0.01295339419751035878
0.00000000000000000000 0.01296499329002293380
0.00000000000000000000 0.01297581608411545184
0.00000000000000000000 0.01307144044369037451
0.00000000000000000000 0.01325619291035078084
0.00000000000000000000 0.01335397640957032041
0.00000000000000000000 0.01337521652538922745
0.00000000000000000000 0.01344503124669220624
0.00000000000000000000 0.01347073984036786451
0.00000000000000000000 0.01348224195061089453
0.00000000000000000000 0.01348789564445935021
0.00000000000000000000 0.01360563078878310878
0.00000000000000000000 0.01361160509371076542
0.00000000000000000000 0.01362551789131814101
0.00000000000000000000 0.01362719911382859542
0.00000000000000000000 0.01362982485117426000
0.00000000000000000000 0.01370855311939614754
0.00000000000000000000 0.01378660613803049662
0.00000000000000000000 0.01383033559117988198
0.00000000000000000000 0.01384252158887040729
0.00000000000000000000 0.01397856066108917050
0.00000000000000000000 0.01409636145596516489
0.00000000000000000000 0.01416951366185550086
0.00000000000000000000 0.01424909899602872648
0.00000000000000000000 0.01428332632840192268
0.00000000000000000000 0.01443996534412494807
0.00000000000000000000 0.01446472977711596442
0.00000000000000000000 0.01450102744598551034
0.00000000000000000000 0.01451975522344943134
0.00000000000000000000 0.01454877606516522849
0.00000000000000000000 0.01455975435990922856
0.00000000000000000000 0.01470017682323215315
0.00000000000000000000 0.01472726488391831040
0.00000000000000000000 0.01473212516387583521
0.00000000000000000000 0.01478002652909973444
0.00000000000000000000 0.01482544269609142179
0.00000000000000000000 0.01485833351326472720
0.00000000000000000000 0.01490956123317991114
0.00000000000000000000 0.01491212447228232318
0.00000000000000000000 0.01496484086022965149
0.00000000000000000000 0.01499218700543005975
0.00000000000000000000 0.01499906803019900731
0.00000000000000000000 0.01507876287791422472
0.00000000000000000000 0.01508976583129517657
0.00000000000000000000 0.01524997266711298864
0.00000000000000000000 0.01528837683830520065
0.00000000000000000000 0.01535635206574023116
0.00000000000000000000 0.01538995181638116126
0.00000000000000000000 0.01558843389160380517
0.00000000000000000000 0.01560587853425915959
0.00000000000000000000 0.01568325330652745389
0.00000000000000000000 0.01572196981091782825
0.00000000000000000000 0.01573131491156587458
0.00000000000000000000 0.01582265929900839377
0.00000000000000000000 0.01596871866505532311
0.00000000000000000000 0.01608156418695920811
0.00000000000000000000 0.01612541290721205764
0.00000000000000000000 0.01613828830151655888
0.00000000000000000000 0.01617955291711123400
0.00000000000000000000 0.01626844673692863161
0.00000000000000000000 0.01627938116297552099
0.00000000000000000000 0.01641988230249535885
0.00000000000000000000 0.01644568031171107433
0.00000000000000000000 0.01647300324656130951
0.00000000000000000000 0.01647890183366497799
0.00000000000000000000 0.01648082949539664277
0.00000000000000000000 0.01651474512350403073
0.00000000000000000000 0.01651859424033624846
0.00000000000000000000 0.01670182559184991630
0.00000000000000000000 0.01682130659254818875
0.00000000000000000000 0.01687937979677613803
0.00000000000000000000 0.01693060174242891347
0.00000000000000000000 0.01693341502041135344
0.00000000000000000000 0.01718904174581330560
0.00000000000000000000 0.01726973175146827300
0.00000000000000000000 0.01727671849693263734
0.00000000000000000000 0.01730311936786962934
0.00000000000000000000 0.01730959630794903781
0.00000000000000000000 0.01731201964134183174
0.00000000000000000000 0.01732086067637592791
0.00000000000000000000 0.01739828152776367112
0.00000000000000000000 0.01743513817611141645
0.00000000000000000000 0.01743872333269181826
0.00000000000000000000 0.01756807846806658635
0.00000000000000000000 0.01761010576616124992
0.00000000000000000000 0.01762847633190396321
0.00000000000000000000 0.01769588263606473519
0.00000000000000000000 0.01780432108857492313
0.00000000000000000000 0.01780875670235226513
0.00000000000000000000 0.01788432019435574546
0.00000000000000000000 0.01793437684945122304
0.00000000000000000000 0.01797954655249489608
0.00000000000000000000 0.01798492476033056175
0.00000000000000000000 0.01817078493799191216
0.00000000000000000000 0.01830655512508728294
0.00000000000000000000 0.01838155982479657349
0.00000000000000000000 0.01838771670440641354
0.00000000000000000000 0.01839094391943332102
0.00000000000000000000 0.01865669948173043213
0.00000000000000000000 0.01866225907558190580
0.00000000000000000000 0.01873834916592055991
0.00000000000000000000 0.01876822676179283611
0.00000000000000000000 0.01882961680307123492
0.00000000000000000000 0.01884233285423763185
0.00000000000000000000 0.01901674714679061490
0.00000000000000000000 0.01908467843252736884
0.00000000000000000000 0.01916186326056379743
0.00000000000000000000 0.01919376696022921311
0.00000000000000000000 0.01920166081759911575
0.00000000000000000000 0.01926268148806469654
0.00000000000000000000 0.01927223127334369568
0.00000000000000000000 0.01949565776390491459
0.00000000000000000000 0.01961204857880443145
0.00000000000000000000 0.01987385539310534271
0.00000000000000000000 0.01999445531049618904
0.00000000000000000000 0.02004774874866439502
0.00000000000000000000 0.02021608171802128859
0.00000000000000000000 0.02023377476141897599
0.00000000000000000000 0.02026604043748280251
0.00000000000000000000 0.02029165381286165276
0.00000000000000000000 0.02037065775662776773
0.00000000000000000000 0.02049697431610397053
0.00000000000000000000 0.02065079940254418642
0.00000000000000000000 0.02079425441180264914
0.00000000000000000000 0.02080331595062588634
0.00000000000000000000 0.02084993874319922627
0.00000000000000000000 0.02094385243587593842
0.00000000000000000000 0.02120886170422759884
0.00000000000000000000 0.02123473609562907816
0.00000000000000000000 0.02142981443661453461
0.00000000000000000000 0.02143319734055476947
0.00000000000000000000 0.02154006830625432994
0.00000000000000000000 0.02175032434347870872
0.00000000000000000000 0.02183598585355401786
0.00000000000000000000 0.02226117378604541494
0.00000000000000000000 0.02239909623073181241
0.00000000000000000000 0.02242441071303266295
0.00000000000000000000 0.02243480198761776609
0.00000000000000000000 0.02247032671481261068
0.00000000000000000000 0.02251337894000723927
0.00000000000000000000 0.02264611771929283396
0.00000000000000000000 0.02279227514366549689
0.00000000000000000000 0.02292650978535962225
0.00000000000000000000 0.02302007940012548368
0.00000000000000000000 0.02322211304708964724
0.00000000000000000000 0.02330628264482752926
0.00000000000000000000 0.02353715344690348113
0.00000000000000000000 0.02354264563790523304
0.00000000000000000000 0.02408022282678237355
0.00000000000000000000 0.02411390921353148351
0.00000000000000000000 0.02438550182485834869
0.00000000000000000000 0.02476637005951210641
0.00000000000000000000 0.02480635947206805483
0.00000000000000000000 0.02483209381527059709
0.00000000000000000000 0.02503297953566132814
0.00000000000000000000 0.02522111393503817175
0.00000000000000000000 0.02552040470586316653
0.00000000000000000000 0.02625467712303421533
0.00000000000000000000 0.02629977489394890594
0.00000000000000000000 0.02738282825079563568
0.00000000000000000000 0.02749460198848310138
0.00000000000000000000 0.02776694229327518124
0.00000000000000000000 0.02777810046028187513
0.00000000000000000000 0.02823583829975577150
0.00000000000000000000 0.02829919116239874508
0.00000000000000000000 0.02879558971093226435
0.00000000000000000000 0.02968211143316362363
0.00000000000000000000 0.02998870592854988026
0.00000000000000000000 0.03084444580946214126
0.00000000000000000000 0.03133505465961772957
0.00000000000000000000 0.03170202295284302307
0.00000000000000000000 0.03173072612311943208
0.00000000000000000000 0.03328910836953628133
0.00000000000000000000 0.03430291532033902940
0.00000000000000000000 0.03446404868901006835
0.00000000000000000000 0.03447178193660639656
0.00000000000000000000 0.03531687806030132937
0.00000000000000000000 0.03676405047240488555
0.00000000000000000000 0.05747149562347408230
0.00000000000000000000 0.08807743234519126163
0.00000000000000000000 0.09052084585858638510
0.00000000000000000000 0.17003472982617823250
0.00000000000000000000 0.25211731738692488847
0.00000000000000000000 1.73205080756887719318
