0.00000000000000000000 0.00999844885853898302
0.00000000000000000000 0.01789266388158852056
0.00000000000000000000 0.02238370880383204822
0.00000000000000000000 0.02516205494535072446
0.00000000000000000000 0.02590852208681790336
0.00000000000000000000 0.02646584088719864877
0.00000000000000000000 0.02652297093438007666
0.00000000000000000000 0.02691179723000345844
0.00000000000000000000 0.02750405238140551240
0.00000000000000000000 0.02923234244923628850
0.00000000000000000000 0.03009419231753855326
0.00000000000000000000 0.03031711321658327879
0.00000000000000000000 0.03069012079618496994
0.00000000000000000000 0.03070016597727594915
0.00000000000000000000 0.03132029866980804572
0.00000000000000000000 0.03140858850532333990
0.00000000000000000000 0.03276702403017735243
0.00000000000000000000 0.03280027514792360765
0.00000000000000000000 0.03444374549660904339
0.00000000000000000000 0.03702796879120618528
0.00000000000000000000 0.03754311420394400300
0.00000000000000000000 0.03764036086588303659
0.00000000000000000000 0.03808395520645759674
0.00000000000000000000 0.03829068119074038185
0.00000000000000000000 0.03962048218352720586
0.00000000000000000000 0.03967295957222834180
0.00000000000000000000 0.04004497446685279655
0.00000000000000000000 0.04015841436877760212
0.00000000000000000000 0.04084097289053986723
0.00000000000000000000 0.04135249775313139947
0.00000000000000000000 0.04156613147602648828
0.00000000000000000000 0.04168367942837407358
0.00000000000000000000 0.04173285360133990179
0.00000000000000000000 0.04197816517312532442
0.00000000000000000000 0.04211370675430935878
0.00000000000000000000 0.04251655389960560388
0.00000000000000000000 0.04292697467589230709
0.00000000000000000000 0.04335710134705301338
0.00000000000000000000 0.04349078742259406688
0.00000000000000000000 0.04365298496468039691
0.00000000000000000000 0.04582613909732938945
0.00000000000000000000 0.04585926115734244302
0.00000000000000000000 0.04613695741089997998
0.00000000000000000000 0.04625510932377351059
0.00000000000000000000 0.04647601954398972862
0.00000000000000000000 0.04669989644243148497
0.00000000000000000000 0.04764692725881221336
0.00000000000000000000 0.04821033028948359250
0.00000000000000000000 0.04852544821996775115
0.00000000000000000000 0.04870506406158225943
0.00000000000000000000 0.04913955876852222487
0.00000000000000000000 0.04937869192124071799
0.00000000000000000000 0.04951714530654386520
0.00000000000000000000 0.04969884452388848017
0.00000000000000000000 0.05024189248754859505
0.00000000000000000000 0.05065570296706744385
0.00000000000000000000 0.05069215476519317587
0.00000000000000000000 0.05112888218579531019
0.00000000000000000000 0.05121051137446283597
0.00000000000000000000 0.05170383098199082123
0.00000000000000000000 0.05196605627697620244
0.00000000000000000000 0.05216195344857265520
0.00000000000000000000 0.05217983184050020706
0.00000000000000000000 0.05284587196180612345
0.00000000000000000000 0.05287465773432791644
0.00000000000000000000 0.05343952637723315552
0.00000000000000000000 0.05346088610668935093
0.00000000000000000000 0.05439518015679512680
0.00000000000000000000 0.05440114292683878583
0.00000000000000000000 0.05512411222030318830
0.00000000000000000000 0.05530133237320242895
0.00000000000000000000 0.05557951733800703398
0.00000000000000000000 0.05602058639918478661
0.00000000000000000000 0.05640077726673952546
0.00000000000000000000 0.05649481751906321181
0.00000000000000000000 0.05719856435052649707
0.00000000000000000000 0.05744867658178140490
0.00000000000000000000 0.05755513621419523773
0.00000000000000000000 0.05758568729425851684
0.00000000000000000000 0.05823732747223243911
0.00000000000000000000 0.05832574722467864098
0.00000000000000000000 0.05853263227509045152
0.00000000000000000000 0.05932992519542287096
0.00000000000000000000 0.05966233511788452543
0.00000000000000000000 0.06008986454700480928
0.00000000000000000000 0.06033524319029853755
0.00000000000000000000 0.06041134458966276877
0.00000000000000000000 0.06042933963570509825
0.00000000000000000000 0.06099670983009549546
0.00000000000000000000 0.06157740048140533662
0.00000000000000000000 0.06200894932152397482
0.00000000000000000000 0.06207569174906471532
0.00000000000000000000 0.06219198917826506551
0.00000000000000000000 0.06222304668832173008
0.00000000000000000000 0.06235454331980288395
0.00000000000000000000 0.06261342552294534014
0.00000000000000000000 0.06290535684170416031
0.00000000000000000000 0.06333456935827122547
0.00000000000000000000 0.06378716491031855007
0.00000000000000000000 0.06386491590463104495
0.00000000000000000000 0.06457048125154950247
0.00000000000000000000 0.06466246928726072929
0.00000000000000000000 0.06473382447973409504
0.00000000000000000000 0.06549882063028919510
0.00000000000000000000 0.06579583497146393456
0.00000000000000000000 0.06589891565633031190
0.00000000000000000000 0.06598495636140944143
0.00000000000000000000 0.06635745412028730417
0.00000000000000000000 0.06638504675688339240
0.00000000000000000000 0.06649253555870654475
0.00000000000000000000 0.06704362287452392266
0.00000000000000000000 0.06723580999882095011
0.00000000000000000000 0.06769292480938662870
0.00000000000000000000 0.06834732648013976120
0.00000000000000000000 0.06839255746383920975
0.00000000000000000000 0.06861077048824766600
0.00000000000000000000 0.06923738231053425118
0.00000000000000000000 0.06936036985286581080
0.00000000000000000000 0.06944188388408867318
0.00000000000000000000 0.06946481799992527961
0.00000000000000000000 0.06960160049437888463
0.00000000000000000000 0.06971827801769285571
0.00000000000000000000 0.07008447333933016943
0.00000000000000000000 0.07015471010644686034
0.00000000000000000000 0.07017498637452397603
0.00000000000000000000 0.07035771314788955011
0.00000000000000000000 0.07044226190576620417
0.00000000000000000000 0.07045728246951557527
0.00000000000000000000 0.07073567849828664433
0.00000000000000000000 0.07097509009382273193
0.00000000000000000000 0.07100008962312319427
0.00000000000000000000 0.07112666101892792248
0.00000000000000000000 0.07121247528431047524
0.00000000000000000000 0.07133905337216790710
0.00000000000000000000 0.07166462078745537700
0.00000000000000000000 0.07177787597198316549
0.00000000000000000000 0.07193388792877480897
0.00000000000000000000 0.07204311589584420916
0.00000000000000000000 0.07206636969131459403
0.00000000000000000000 0.07209766528373481864
0.00000000000000000000 0.07217749062169721841
0.00000000000000000000 0.07223506492458153794
0.00000000000000000000 0.07246720953380168806
0.00000000000000000000 0.07291398132080814665
0.00000000000000000000 0.07301631967123124733
0.00000000000000000000 0.07307760971230158054
0.00000000000000000000 0.07310177640159598589
0.00000000000000000000 0.07339288527857813771
0.00000000000000000000 0.07344205585567294137
0.00000000000000000000 0.07347456983417403886
0.00000000000000000000 0.07413725078837260507
0.00000000000000000000 0.07432521534003576347
0.00000000000000000000 0.07442941751996051680
0.00000000000000000000 0.07458493593752386908
0.00000000000000000000 0.07477972358126772079
0.00000000000000000000 0.07494066034879058591
0.00000000000000000000 0.07496230780282962802
0.00000000000000000000 0.07498830471530437691
0.00000000000000000000 0.07513311302027413097
0.00000000000000000000 0.07520836350489436273
0.00000000000000000000 0.07533508483893432139
0.00000000000000000000 0.07538484053839883403
0.00000000000000000000 0.07538952680455124344
0.00000000000000000000 0.07541345808914819149
0.00000000000000000000 0.07589313725325609605
0.00000000000000000000 0.07590955593341554286
0.00000000000000000000 0.07619235301895553591
0.00000000000000000000 0.07620656428985081443
0.00000000000000000000 0.07622716506372904932
0.00000000000000000000 0.07634141602116857606
0.00000000000000000000 0.07637420603714845102
0.00000000000000000000 0.07641032410627125737
0.00000000000000000000 0.07663863745825781615
0.00000000000000000000 0.07684464098414928168
0.00000000000000000000 0.07686361212527205444
0.00000000000000000000 0.07687390412881663082
0.00000000000000000000 0.07696633766923471898
0.00000000000000000000 0.07699153269776971842
0.00000000000000000000 0.07705147445026840070
0.00000000000000000000 0.07732799027433319428
0.00000000000000000000 0.07742184619339348428
0.00000000000000000000 0.07759529394643707723
0.00000000000000000000 0.07784714426962828504
0.00000000000000000000 0.07786396896036189286
0.00000000000000000000 0.07798271110434064346
0.00000000000000000000 0.07902406780057237567
0.00000000000000000000 0.07919630825900934867
0.00000000000000000000 0.07930688122331445988
0.00000000000000000000 0.07957586095804759785
0.00000000000000000000 0.07963636222166887990
0.00000000000000000000 0.07978684662625994128
0.00000000000000000000 0.07999472454038221436
0.00000000000000000000 0.08001203367273336531
0.00000000000000000000 0.08011024114374379335
0.00000000000000000000 0.08022438113725890996
0.00000000000000000000 0.08041101461293558017
0.00000000000000000000 0.08075662197651373164
0.00000000000000000000 0.08080751874419483949
0.00000000000000000000 0.08126163308847901556
0.00000000000000000000 0.08138998652549309099
0.00000000000000000000 0.08154724683833479426
0.00000000000000000000 0.08162238679657485285
0.00000000000000000000 0.08179107781748694295
0.00000000000000000000 0.08197096313739465900
0.00000000000000000000 0.08208284659539601125
0.00000000000000000000 0.08212153758121212843
0.00000000000000000000 0.08226186215505761068
0.00000000000000000000 0.08231325892073279582
0.00000000000000000000 0.08237022334225560516
0.00000000000000000000 0.08256429762795899907
0.00000000000000000000 0.08261548282539371568
0.00000000000000000000 0.08263466589456293365
0.00000000000000000000 0.08288518286353921405
0.00000000000000000000 0.08288923682460781761
0.00000000000000000000 0.08297965056107228787
0.00000000000000000000 0.08313877552114661007
0.00000000000000000000 0.08322955329056837270
0.00000000000000000000 0.08332893984101939766
0.00000000000000000000 0.08357962208789160297
0.00000000000000000000 0.08361155222699477585
0.00000000000000000000 0.08363624192717350470
0.00000000000000000000 0.08367148551718442406
0.00000000000000000000 0.08387486300424008834
0.00000000000000000000 0.08391217709510147282
0.00000000000000000000 0.08403014144826180531
0.00000000000000000000 0.08408234273277134796
0.00000000000000000000 0.08425239379438947962
0.00000000000000000000 0.08430803539117312506
0.00000000000000000000 0.08465681219015834535
0.00000000000000000000 0.08468869742614658358
0.00000000000000000000 0.08479151616412235193
0.00000000000000000000 0.08493174572625097896
0.00000000000000000000 0.08499603422960040622
0.00000000000000000000 0.08508656569284318849
0.00000000000000000000 0.08531961117093862790
0.00000000000000000000 0.08540681889031431773
0.00000000000000000000 0.08546324712770071719
0.00000000000000000000 0.08573305075153986321
0.00000000000000000000 0.08607030856245391492
0.00000000000000000000 0.08614952823139127025
0.00000000000000000000 0.08640199481865140640
0.00000000000000000000 0.08679861115137992023
0.00000000000000000000 0.08684037468945665639
0.00000000000000000000 0.08690118490531356654
0.00000000000000000000 0.08739664264945054550
0.00000000000000000000 0.08769534423229770337
0.00000000000000000000 0.08781188810597688466
0.00000000000000000000 0.08805881504391975534
0.00000000000000000000 0.08807623478464665645
0.00000000000000000000 0.08811130174241636748
0.00000000000000000000 0.08828381386167966083
0.00000000000000000000 0.08841210175018057726
0.00000000000000000000 0.08864827588670974590
0.00000000000000000000 0.08876162353640554281
0.00000000000000000000 0.08876282625503933987
0.00000000000000000000 0.08901900865810068175
0.00000000000000000000 0.08934849547299071604
0.00000000000000000000 0.08935060022780577649
0.00000000000000000000 0.08936108579566710841
0.00000000000000000000 0.08938166076161045692
0.00000000000000000000 0.08939682901371422130
0.00000000000000000000 0.08944765622109088210
0.00000000000000000000 0.08964694476633369713
0.00000000000000000000 0.08978221988948746624
0.00000000000000000000 0.08993077931031544237
0.00000000000000000000 0.08994236670389763044
0.00000000000000000000 0.08997411877588058771
0.00000000000000000000 0.09002196779588475528
0.00000000000000000000 0.09008107744022385288
0.00000000000000000000 0.09026810592941843236
0.00000000000000000000 0.09029866620552415291
0.00000000000000000000 0.09049545908540868044
0.00000000000000000000 0.09049806516574229742
0.00000000000000000000 0.09052466910605586059
0.00000000000000000000 0.09070524659377234011
0.00000000000000000000 0.09074052855899354675
0.00000000000000000000 0.09079387238471427202
0.00000000000000000000 0.09079684542046660700
0.00000000000000000000 0.09102033509842592796
0.00000000000000000000 0.09103019427566662325
0.00000000000000000000 0.09115050800940940889
0.00000000000000000000 0.09125981872575923692
0.00000000000000000000 0.09126430756840653302
0.00000000000000000000 0.09130572407113921041
0.00000000000000000000 0.09136572598408604362
0.00000000000000000000 0.09173306028828095982
0.00000000000000000000 0.09177568786763481978
0.00000000000000000000 0.09178956482086690627
0.00000000000000000000 0.09187079606509671037
0.00000000000000000000 0.09192157737810420504
0.00000000000000000000 0.09194452760028094807
0.00000000000000000000 0.09195544701148200550
0.00000000000000000000 0.09196197113959939107
0.00000000000000000000 0.09223930664710761063
0.00000000000000000000 0.09256266601863535892
0.00000000000000000000 0.09256597121419329888
0.00000000000000000000 0.09260992699090704605
0.00000000000000000000 0.09267117130268137659
0.00000000000000000000 0.09288602597156288276
0.00000000000000000000 0.09289521586949707477
0.00000000000000000000 0.09299170809971091245
0.00000000000000000000 0.09319218303501115852
0.00000000000000000000 0.09361522450970434506
0.00000000000000000000 0.09406137222863392156
0.00000000000000000000 0.09427968026479996433
0.00000000000000000000 0.09441251247291969351
0.00000000000000000000 0.09470491245098487665
0.00000000000000000000 0.09478387647301256269
0.00000000000000000000 0.09482478437613203748
0.00000000000000000000 0.09496253548045639759
0.00000000000000000000 0.09513636026586066996
0.00000000000000000000 0.09564167867310401083
0.00000000000000000000 0.09585480265221772711
0.00000000000000000000 0.09589134389722958618
0.00000000000000000000 0.09595077770333279576
0.00000000000000000000 0.09623110287065353430
0.00000000000000000000 0.09640419691573524907
0.00000000000000000000 0.09672638148738103847
0.00000000000000000000 0.09689300287762611652
0.00000000000000000000 0.09699403582483089037
0.00000000000000000000 0.09706673460816828136
0.00000000000000000000 0.09723751349788778420
0.00000000000000000000 0.09766149057746129070
0.00000000000000000000 0.09812231341710497823
0.00000000000000000000 0.09833889393207748131
0.00000000000000000000 0.09846825981734956545
0.00000000000000000000 0.09851135575989579396
0.00000000000000000000 0.09871063435820415233
0.00000000000000000000 0.09887424914058920433
0.00000000000000000000 0.09888639589411907238
0.00000000000000000000 0.09895454045624978157
0.00000000000000000000 0.09897079082609525069
0.00000000000000000000 0.09905846305592377887
0.00000000000000000000 0.09908583176243922208
0.00000000000000000000 0.09915786566106042643
0.00000000000000000000 0.09918595588859509260
0.00000000000000000000 0.09919986313975755199
0.00000000000000000000 0.09939716787604281623
0.00000000000000000000 0.09953765928569989485
0.00000000000000000000 0.09988073292256018088
0.00000000000000000000 0.10002144925349457094
0.00000000000000000000 0.10007336671283668939
0.00000000000000000000 0.10018485949688564485
0.00000000000000000000 0.10023752192368132197
0.00000000000000000000 0.10078370754970315815
0.00000000000000000000 0.10086441265922617416
0.00000000000000000000 0.10111977115585567277
0.00000000000000000000 0.10137746598650840268
0.00000000000000000000 0.10139008672901902997
0.00000000000000000000 0.10153084999985124981
0.00000000000000000000 0.10161420498712607496
0.00000000000000000000 0.10171984596590293026
0.00000000000000000000 0.10173542525559962912
0.00000000000000000000 0.10186091650637441042
0.00000000000000000000 0.10187658809372154844
0.00000000000000000000 0.10217345651095449677
0.00000000000000000000 0.10221738060465027087
0.00000000000000000000 0.10239043910703519991
0.00000000000000000000 0.10259596269307812155
0.00000000000000000000 0.10271218563916292843
0.00000000000000000000 0.10275045691281889382
0.00000000000000000000 0.10292562907159447105
0.00000000000000000000 0.10303000113249802250
0.00000000000000000000 0.10329231437378945391
0.00000000000000000000 0.10376255776967377442
0.00000000000000000000 0.10381434899665904770
0.00000000000000000000 0.10396105823743845287
0.00000000000000000000 0.10408305760783202742
0.00000000000000000000 0.10426585752623213077
0.00000000000000000000 0.10434160822356744469
0.00000000000000000000 0.10472515241790734952
0.00000000000000000000 0.10493756918740008988
0.00000000000000000000 0.10519879006587523618
0.00000000000000000000 0.10537213228587267999
0.00000000000000000000 0.10542833576307807097
0.00000000000000000000 0.10553481565934154374
0.00000000000000000000 0.10572811159423420313
0.00000000000000000000 0.10577205037690351475
0.00000000000000000000 0.10599637547143342386
0.00000000000000000000 0.10605182989502995317
0.00000000000000000000 0.10650676526121365117
0.00000000000000000000 0.10653407658931694779
0.00000000000000000000 0.10661964625329947709
0.00000000000000000000 0.10671683655216974984
0.00000000000000000000 0.10684135870148099567
0.00000000000000000000 0.10687598936182005072
0.00000000000000000000 0.10700893608184483541
0.00000000000000000000 0.10708929644988525454
0.00000000000000000000 0.10713106697372606901
0.00000000000000000000 0.10731139460717740997
0.00000000000000000000 0.10748792619161678941
0.00000000000000000000 0.10796780582226979395
0.00000000000000000000 0.10798427891990589056
0.00000000000000000000 0.10799972595508790241
0.00000000000000000000 0.10827800015502549169
0.00000000000000000000 0.10828489971952788562
0.00000000000000000000 0.10832632746470090279
0.00000000000000000000 0.10838524501316783299
0.00000000000000000000 0.10841751564316665091
0.00000000000000000000 0.10841802203398998028
0.00000000000000000000 0.10864440233684852233
0.00000000000000000000 0.10879734347824537855
0.00000000000000000000 0.10908583641025718092
0.00000000000000000000 0.10919108097208271579
0.00000000000000000000 0.10949876796541567481
0.00000000000000000000 0.10957774745247061965
0.00000000000000000000 0.10960537758849243917
0.00000000000000000000 0.10968274051805827762
0.00000000000000000000 0.10974641878221469415
0.00000000000000000000 0.11004578735537881573
0.00000000000000000000 0.11021956949625429101
0.00000000000000000000 0.11041149608248986003
0.00000000000000000000 0.11043057797067824810
0.00000000000000000000 0.11096784235311840661
0.00000000000000000000 0.11113584242769744548
0.00000000000000000000 0.11123160280275419531
0.00000000000000000000 0.11130847570892982157
0.00000000000000000000 0.11133357012372943617
0.00000000000000000000 0.11145031970273333588
0.00000000000000000000 0.11146647645700037688
0.00000000000000000000 0.11149226832966616096
0.00000000000000000000 0.11152253868944615733
0.00000000000000000000 0.11186799098691554977
0.00000000000000000000 0.11205713395181972347
0.00000000000000000000 0.11236927912063565671
0.00000000000000000000 0.11243074452399165475
0.00000000000000000000 0.11244788516989796812
0.00000000000000000000 0.11252584299725379435
0.00000000000000000000 0.11254872761905010403
0.00000000000000000000 0.11279547032885629820
0.00000000000000000000 0.11288071530231558182
0.00000000000000000000 0.11288704782902163337
0.00000000000000000000 0.11313108952868043688
0.00000000000000000000 0.11330848636656952466
0.00000000000000000000 0.11331985439722522258
0.00000000000000000000 0.11361319308310792453
0.00000000000000000000 0.11383311519241276488
0.00000000000000000000 0.11395373881244869052
0.00000000000000000000 0.11408266149095785957
0.00000000000000000000 0.11455845620896151771
0.00000000000000000000 0.11601310089311159257
0.00000000000000000000 0.11607992166621440566
0.00000000000000000000 0.11628713016319576490
0.00000000000000000000 0.11633752395095384169
0.00000000000000000000 0.11655997769199583081
0.00000000000000000000 0.11708626445074371558
0.00000000000000000000 0.11713067685355466052
0.00000000000000000000 0.11715012590057428954
0.00000000000000000000 0.11793441668254929511
0.00000000000000000000 0.11793973427541580568
0.00000000000000000000 0.11796051181067726543
0.00000000000000000000 0.11811574660073359544
0.00000000000000000000 0.11822752766271209246
0.00000000000000000000 0.11827085635129029606
0.00000000000000000000 0.11827905776953338834
0.00000000000000000000 0.11831577825658549930
0.00000000000000000000 0.11854365090137100602
0.00000000000000000000 0.11922553427875463850
0.00000000000000000000 0.11937742958400497650
0.00000000000000000000 0.11944187454558723160
0.00000000000000000000 0.11950141883409029497
0.00000000000000000000 0.11986381339740438678
0.00000000000000000000 0.12008368650107560660
0.00000000000000000000 0.12028138898964864378
0.00000000000000000000 0.12048575352933064975
0.00000000000000000000 0.12073750898205323767
0.00000000000000000000 0.12079033545325570942
0.00000000000000000000 0.12106887203987734547
0.00000000000000000000 0.12121533874425538535
0.00000000000000000000 0.12168011140259178682
0.00000000000000000000 0.12168645616337266102
0.00000000000000000000 0.12176613332060030881
0.00000000000000000000 0.12257164713858266503
0.00000000000000000000 0.12299589726261846157
0.00000000000000000000 0.12441814654911671767
0.00000000000000000000 0.12517829487980300374
0.00000000000000000000 0.12558460886361674791
0.00000000000000000000 0.12603263042624504586
0.00000000000000000000 0.12710489929131815745
0.00000000000000000000 0.12722194280447016168
0.00000000000000000000 0.12763164460431553060
0.00000000000000000000 0.12781479421669500462
0.00000000000000000000 0.12875569152280091911
0.00000000000000000000 0.12974952215129276212
0.00000000000000000000 0.12977215702218888871
0.00000000000000000000 0.13026003121693663367
0.00000000000000000000 0.13147627455965021914
0.00000000000000000000 0.13217490343042340162
0.00000000000000000000 0.13818928180101994196
0.00000000000000000000 0.13896604366700995858
0.00000000000000000000 0.14390330877164467238
0.00000000000000000000 0.14549014368852891677
0.00000000000000000000 0.14651787545100250498
0.00000000000000000000 0.14658080688108107714
0.00000000000000000000 0.14863449575928777691
0.00000000000000000000 0.15456229142186361791
0.00000000000000000000 0.15893598431682293137
0.00000000000000000000 0.18501149188720436567
0.00000000000000000000 0.19402482303741300229
0.00000000000000000000 1.73205080756887719318
