0.00000000000000000000 0.00092099998721337055
0.00000000000000000000 0.00111817292132754893
0.00000000000000000000 0.00117282201541124695
0.00000000000000000000 0.00229814127442980578
0.00000000000000000000 0.00230293729889544411
0.00000000000000000000 0.00290977183138264872
0.00000000000000000000 0.00297755739487890869
0.00000000000000000000 0.00349752057349046611
0.00000000000000000000 0.00363152153522806713
0.00000000000000000000 0.00365974928982979158
0.00000000000000000000 0.00400407080568613866
0.00000000000000000000 0.00429382541567217141
0.00000000000000000000 0.00442730233531401021
0.00000000000000000000 0.00464413883934743001
0.00000000000000000000 0.00490531021796456954
0.00000000000000000000 0.00500541730927652525
0.00000000000000000000 0.00511708417250080882
0.00000000000000000000 0.00514076470777334940
0.00000000000000000000 0.00523437454866358242
0.00000000000000000000 0.00544696295499064870
0.00000000000000000000 0.00549636386241743585
0.00000000000000000000 0.00555007013302334651
0.00000000000000000000 0.00558965189889336789
0.00000000000000000000 0.00559303622654989778
0.00000000000000000000 0.00603328259669507535
0.00000000000000000000 0.00628965091384509501
0.00000000000000000000 0.00629027779827818004
0.00000000000000000000 0.00642967919915758430
0.00000000000000000000 0.00644805814786465151
0.00000000000000000000 0.00657057246995357801
0.00000000000000000000 0.00662466594958853981
0.00000000000000000000 0.00674809762877578989
0.00000000000000000000 0.00711067895722494476
0.00000000000000000000 0.00717126689368617447
0.00000000000000000000 0.00721351729368548394
0.00000000000000000000 0.00732792974499317431
0.00000000000000000000 0.00747496702312603050
0.00000000000000000000 0.00786322914306863442
0.00000000000000000000 0.00854541637160292911
0.00000000000000000000 0.00885300370863500996
0.00000000000000000000 0.00912339098923811188
0.00000000000000000000 0.00917649410383758815
0.00000000000000000000 0.00934514525984386259
0.00000000000000000000 0.00934731704835984993
0.00000000000000000000 0.00944814234740252827
0.00000000000000000000 0.00965829389114106207
0.00000000000000000000 0.00984287221870125753
0.00000000000000000000 0.00994556545422439070
0.00000000000000000000 0.01016081091600899364
0.00000000000000000000 0.01023965199490278408
0.00000000000000000000 0.01024968504526767819
0.00000000000000000000 0.01037154555749851721
0.00000000000000000000 0.01040602099312161119
0.00000000000000000000 0.01048869516224828352
0.00000000000000000000 0.01061089273732752566
0.00000000000000000000 0.01072133225245485225
0.00000000000000000000 0.01082590892397833696
0.00000000000000000000 0.01082995936139647015
0.00000000000000000000 0.01107550698038126634
0.00000000000000000000 0.01125743746556330874
0.00000000000000000000 0.01163070223171915919
0.00000000000000000000 0.01184866344693602351
0.00000000000000000000 0.01185055914485490247
0.00000000000000000000 0.01196750971825974799
0.00000000000000000000 0.01204288592364893482
0.00000000000000000000 0.01204897579773223093
0.00000000000000000000 0.01242292526232512302
0.00000000000000000000 0.01271658367993301446
0.00000000000000000000 0.01284067469576960843
0.00000000000000000000 0.01293761645725809671
0.00000000000000000000 0.01302293212243199952
0.00000000000000000000 0.01306814596977816031
0.00000000000000000000 0.01322926043473497161
0.00000000000000000000 0.01325552803644873719
0.00000000000000000000 0.01355744595143264578
0.00000000000000000000 0.01368360175825239500
0.00000000000000000000 0.01372754790506285245
0.00000000000000000000 0.01374612493357686011
0.00000000000000000000 0.01392397274166943567
0.00000000000000000000 0.01406693310824528101
0.00000000000000000000 0.01411014703123275246
0.00000000000000000000 0.01432673379354339020
0.00000000000000000000 0.01433375384443461020
0.00000000000000000000 0.01434166570479817465
0.00000000000000000000 0.01435033030692672157
0.00000000000000000000 0.01440935755014366090
0.00000000000000000000 0.01454746014860896705
0.00000000000000000000 0.01460298229955274245
0.00000000000000000000 0.01469046505761463506
0.00000000000000000000 0.01485317280063186245
0.00000000000000000000 0.01489185406968787997
0.00000000000000000000 0.01496180848041274609
0.00000000000000000000 0.01500191037751470897
0.00000000000000000000 0.01546557570785833148
0.00000000000000000000 0.01567824057421406819
0.00000000000000000000 0.01570777377655303494
0.00000000000000000000 0.01571767293377566641
0.00000000000000000000 0.01575007071735063865
0.00000000000000000000 0.01593880041146878562
0.00000000000000000000 0.01609359220067188567
0.00000000000000000000 0.01622759564912050478
0.00000000000000000000 0.01623172360152382726
0.00000000000000000000 0.01634696286246515445
0.00000000000000000000 0.01662823739333889675
0.00000000000000000000 0.01680652184691831461
0.00000000000000000000 0.01688458792166905656
0.00000000000000000000 0.01700641658954260907
0.00000000000000000000 0.01763073617031577639
0.00000000000000000000 0.01794307214986001417
0.00000000000000000000 0.01804912707737002173
0.00000000000000000000 0.01824061157038943046
0.00000000000000000000 0.01824155932081518439
0.00000000000000000000 0.01826370835282930746
0.00000000000000000000 0.01827425574455479249
0.00000000000000000000 0.01837979165503471346
0.00000000000000000000 0.01841186808725838245
0.00000000000000000000 0.01844740911998444047
0.00000000000000000000 0.01852564104601751166
0.00000000000000000000 0.01858084079703338498
0.00000000000000000000 0.01862248318850213621
0.00000000000000000000 0.01894730303724379006
0.00000000000000000000 0.01916597710196920462
0.00000000000000000000 0.01923520749920112211
0.00000000000000000000 0.01965535209325378063
0.00000000000000000000 0.01984542505052623584
0.00000000000000000000 0.01998306920416561064
0.00000000000000000000 0.02022265834795879472
0.00000000000000000000 0.02049663152535322053
0.00000000000000000000 0.02050266028261497203
0.00000000000000000000 0.02059305845548419986
0.00000000000000000000 0.02062056197449307557
0.00000000000000000000 0.02070489437471913566
0.00000000000000000000 0.02073428816506200922
0.00000000000000000000 0.02075553045097075153
0.00000000000000000000 0.02077094329674593690
0.00000000000000000000 0.02077447503202103918
0.00000000000000000000 0.02079201245166379525
0.00000000000000000000 0.02104975316171731753
0.00000000000000000000 0.02126380271189008339
0.00000000000000000000 0.02164482499346570207
0.00000000000000000000 0.02166606261897073560
0.00000000000000000000 0.02186292232739616564
0.00000000000000000000 0.02187263398880729195
0.00000000000000000000 0.02189031571894474795
0.00000000000000000000 0.02194981448711002398
0.00000000000000000000 0.02195413016085270494
0.00000000000000000000 0.02199861796224214863
0.00000000000000000000 0.02210342880442818514
0.00000000000000000000 0.02214176253203824218
0.00000000000000000000 0.02216778733108863350
0.00000000000000000000 0.02225084704452550549
0.00000000000000000000 0.02237603785956764069
0.00000000000000000000 0.02241377431716154098
0.00000000000000000000 0.02241985261578293559
0.00000000000000000000 0.02252944361641478696
0.00000000000000000000 0.02274535651698840477
0.00000000000000000000 0.02288333300445519539
0.00000000000000000000 0.02294365305255726892
0.00000000000000000000 0.02300219203777778207
0.00000000000000000000 0.02307458253137010043
0.00000000000000000000 0.02321952383582487345
0.00000000000000000000 0.02328600430641515270
0.00000000000000000000 0.02337700903991522458
0.00000000000000000000 0.02338855791077437338
0.00000000000000000000 0.02342627439011380625
0.00000000000000000000 0.02346825439360753981
0.00000000000000000000 0.02347658256249827297
0.00000000000000000000 0.02348755986336078030
0.00000000000000000000 0.02373416961255897170
0.00000000000000000000 0.02383146567376035266
0.00000000000000000000 0.02383199028694340041
0.00000000000000000000 0.02387049071580813961
0.00000000000000000000 0.02391269879493361158
0.00000000000000000000 0.02394654284283215251
0.00000000000000000000 0.02396613394566719790
0.00000000000000000000 0.02402261083952517140
0.00000000000000000000 0.02403387342232523455
0.00000000000000000000 0.02408774677764750904
0.00000000000000000000 0.02412519004447122653
0.00000000000000000000 0.02417582062408240792
0.00000000000000000000 0.02424081670198117294
0.00000000000000000000 0.02447064162585942462
0.00000000000000000000 0.02451365395445075784
0.00000000000000000000 0.02451999002629382668
0.00000000000000000000 0.02462416448055678581
0.00000000000000000000 0.02462523022147281720
0.00000000000000000000 0.02464673035605025389
0.00000000000000000000 0.02470636477142178905
0.00000000000000000000 0.02472945048855562308
0.00000000000000000000 0.02479007217483780376
0.00000000000000000000 0.02491747024689828019
0.00000000000000000000 0.02495559689701737707
0.00000000000000000000 0.02512068527734657997
0.00000000000000000000 0.02512736132060397823
0.00000000000000000000 0.02523940024056296402
0.00000000000000000000 0.02525640898774921678
0.00000000000000000000 0.02536545647117157201
0.00000000000000000000 0.02544260720927426361
0.00000000000000000000 0.02549086428776335678
0.00000000000000000000 0.02552115643124934150
0.00000000000000000000 0.02555502390350953418
0.00000000000000000000 0.02560108400549749447
0.00000000000000000000 0.02561911731665201045
0.00000000000000000000 0.02584636108433318452
0.00000000000000000000 0.02588197833148825691
0.00000000000000000000 0.02605579294167353552
0.00000000000000000000 0.02607015020720407361
0.00000000000000000000 0.02618242758098337369
0.00000000000000000000 0.02623220137674441010
0.00000000000000000000 0.02627660415762036669
0.00000000000000000000 0.02636530848253012399
0.00000000000000000000 0.02640356813733660615
0.00000000000000000000 0.02646325249376503541
0.00000000000000000000 0.02648209431753264370
0.00000000000000000000 0.02690447449239198596
0.00000000000000000000 0.02703427718048604864
0.00000000000000000000 0.02710996508452005738
0.00000000000000000000 0.02716741966340950262
0.00000000000000000000 0.02718612956376734516
0.00000000000000000000 0.02720921813186116811
0.00000000000000000000 0.02725358459327986704
0.00000000000000000000 0.02742142625609091458
0.00000000000000000000 0.02756422597799110252
0.00000000000000000000 0.02776843536731793405
0.00000000000000000000 0.02785422508016763971
0.00000000000000000000 0.02787656906459083650
0.00000000000000000000 0.02789179097443913319
0.00000000000000000000 0.02807965028110456437
0.00000000000000000000 0.02814218519185123987
0.00000000000000000000 0.02829023754875499216
0.00000000000000000000 0.02831201892248733434
0.00000000000000000000 0.02832959213005258048
0.00000000000000000000 0.02844601606426187812
0.00000000000000000000 0.02866754410314866636
0.00000000000000000000 0.02890924110628366461
0.00000000000000000000 0.02921546700519211948
0.00000000000000000000 0.02921791181617018618
0.00000000000000000000 0.02932211818717831917
0.00000000000000000000 0.02946679434371515804
0.00000000000000000000 0.02955240101466576064
0.00000000000000000000 0.02965188136370236135
0.00000000000000000000 0.02966092141980900682
0.00000000000000000000 0.02966819833249638438
0.00000000000000000000 0.02968617311370461143
0.00000000000000000000 0.02969278160395263239
0.00000000000000000000 0.02978661841471848259
0.00000000000000000000 0.02980136246249729531
0.00000000000000000000 0.02991117902817854932
0.00000000000000000000 0.02993837322088913067
0.00000000000000000000 0.02996916839644067285
0.00000000000000000000 0.03011882696469319470
0.00000000000000000000 0.03025379507549311869
0.00000000000000000000 0.03039475204055088267
0.00000000000000000000 0.03039718202350020007
0.00000000000000000000 0.03049256677229073356
0.00000000000000000000 0.03052105058329401821
0.00000000000000000000 0.03064609653007967574
0.00000000000000000000 0.03074931485760343600
0.00000000000000000000 0.03076406694631999422
0.00000000000000000000 0.03076808453317751019
0.00000000000000000000 0.03086600908877043525
0.00000000000000000000 0.03099075560586759745
0.00000000000000000000 0.03111057272829796660
0.00000000000000000000 0.03116902183663116180
0.00000000000000000000 0.03132769536917334036
0.00000000000000000000 0.03136361765805688318
0.00000000000000000000 0.03146898181667554667
0.00000000000000000000 0.03157326023904776652
0.00000000000000000000 0.03167182417016707607
0.00000000000000000000 0.03189758498343391729
0.00000000000000000000 0.03206014764325674365
0.00000000000000000000 0.03210153038476552811
0.00000000000000000000 0.03220085095991387369
0.00000000000000000000 0.03228054209185891171
0.00000000000000000000 0.03240453015377921936
0.00000000000000000000 0.03240550980153339422
0.00000000000000000000 0.03250060219273932099
0.00000000000000000000 0.03252895553702027376
0.00000000000000000000 0.03255244629107759829
0.00000000000000000000 0.03269517026261142822
0.00000000000000000000 0.03276630186641204395
0.00000000000000000000 0.03282958027134916246
0.00000000000000000000 0.03293901391065159889
0.00000000000000000000 0.03295955788342453535
0.00000000000000000000 0.03300456470870614251
0.00000000000000000000 0.03313116355011785225
0.00000000000000000000 0.03320267758347040382
0.00000000000000000000 0.03325953105070542093
0.00000000000000000000 0.03341263440122674983
0.00000000000000000000 0.03345632403170531455
0.00000000000000000000 0.03359015895446809674
0.00000000000000000000 0.03396164193580217261
0.00000000000000000000 0.03403343769758789689
0.00000000000000000000 0.03406118339557340918
0.00000000000000000000 0.03407986291578750382
0.00000000000000000000 0.03411175997134140853
0.00000000000000000000 0.03413690093488710303
0.00000000000000000000 0.03415557347198733967
0.00000000000000000000 0.03416095257450177392
0.00000000000000000000 0.03416541033019430268
0.00000000000000000000 0.03447113609546136742
0.00000000000000000000 0.03454930564871255827
0.00000000000000000000 0.03460641917379317367
0.00000000000000000000 0.03471282773187090581
0.00000000000000000000 0.03473906983419532135
0.00000000000000000000 0.03480510771637927714
0.00000000000000000000 0.03481704838800841334
0.00000000000000000000 0.03483085000335262027
0.00000000000000000000 0.03518323945611200043
0.00000000000000000000 0.03522068162336434299
0.00000000000000000000 0.03523383381945689730
0.00000000000000000000 0.03567309955766589935
0.00000000000000000000 0.03567398847140430124
0.00000000000000000000 0.03576495271258165604
0.00000000000000000000 0.03604249636169706839
0.00000000000000000000 0.03612095473371928350
0.00000000000000000000 0.03613253906380454322
0.00000000000000000000 0.03618562031671732071
0.00000000000000000000 0.03623281311705563168
0.00000000000000000000 0.03633410661858434837
0.00000000000000000000 0.03636060525689049222
0.00000000000000000000 0.03668857371482662361
0.00000000000000000000 0.03670405219385107498
0.00000000000000000000 0.03673915710254870709
0.00000000000000000000 0.03690956649615845936
0.00000000000000000000 0.03694040680496334800
0.00000000000000000000 0.03701685286879574655
0.00000000000000000000 0.03713606096944054025
0.00000000000000000000 0.03719105177726682310
0.00000000000000000000 0.03723473242343963013
0.00000000000000000000 0.03751738086122877874
0.00000000000000000000 0.03758900350220552994
0.00000000000000000000 0.03771778137812346887
0.00000000000000000000 0.03779162733156365972
0.00000000000000000000 0.03782741531333935758
0.00000000000000000000 0.03787395743885498683
0.00000000000000000000 0.03797740393061233705
0.00000000000000000000 0.03797781586703146556
0.00000000000000000000 0.03810020425383219694
0.00000000000000000000 0.03861556829703801513
0.00000000000000000000 0.03871090538606811876
0.00000000000000000000 0.03887219893906426055
0.00000000000000000000 0.03905611941379921737
0.00000000000000000000 0.03910821949496409711
0.00000000000000000000 0.03911677105788358838
0.00000000000000000000 0.03926366065444274189
0.00000000000000000000 0.03938680779571944457
0.00000000000000000000 0.03942224732299279277
0.00000000000000000000 0.03944908984136083485
0.00000000000000000000 0.03966634517050397074
0.00000000000000000000 0.03970716573032720409
0.00000000000000000000 0.03973167189312339087
0.00000000000000000000 0.03983364563885802290
0.00000000000000000000 0.03984823395187803152
0.00000000000000000000 0.03994725255939703817
0.00000000000000000000 0.04006908318503708127
0.00000000000000000000 0.04010111013701921079
0.00000000000000000000 0.04031045932684153288
0.00000000000000000000 0.04040630451802791623
0.00000000000000000000 0.04051312973674668638
0.00000000000000000000 0.04075263774248338161
0.00000000000000000000 0.04086598937523671510
0.00000000000000000000 0.04092118910841439916
0.00000000000000000000 0.04096175243642847380
0.00000000000000000000 0.04111887300191765376
0.00000000000000000000 0.04118724927595626001
0.00000000000000000000 0.04134516100253932819
0.00000000000000000000 0.04136012093532901585
0.00000000000000000000 0.04136150165270199852
0.00000000000000000000 0.04149138067424078258
0.00000000000000000000 0.04152174113870326505
0.00000000000000000000 0.04172497151470561799
0.00000000000000000000 0.04175697568859128295
0.00000000000000000000 0.04178489865878760173
0.00000000000000000000 0.04200022999737776375
0.00000000000000000000 0.04201047089057427519
0.00000000000000000000 0.04218897897699674937
0.00000000000000000000 0.04247989571453116009
0.00000000000000000000 0.04261082594736469858
0.00000000000000000000 0.04265490089435522436
0.00000000000000000000 0.04283048983353562877
0.00000000000000000000 0.04305342093481693416
0.00000000000000000000 0.04313726751288320116
0.00000000000000000000 0.04323725241662768060
0.00000000000000000000 0.04335385344877856068
0.00000000000000000000 0.04344644106610685841
0.00000000000000000000 0.04351890448777930021
0.00000000000000000000 0.04360557179992400473
0.00000000000000000000 0.04393231821919076074
0.00000000000000000000 0.04395712403038205818
0.00000000000000000000 0.04444674246929824352
0.00000000000000000000 0.04456462874167648608
0.00000000000000000000 0.04477978011208004483
0.00000000000000000000 0.04525603262057358023
0.00000000000000000000 0.04526720363851267220
0.00000000000000000000 0.04557007485216604120
0.00000000000000000000 0.04570016657503397223
0.00000000000000000000 0.04571197968552292296
0.00000000000000000000 0.04599951924700325379
0.00000000000000000000 0.04632958635385745622
0.00000000000000000000 0.04642649547306245544
0.00000000000000000000 0.04684791511349567505
0.00000000000000000000 0.04702880388945429591
0.00000000000000000000 0.04710963816380058650
0.00000000000000000000 0.04724479678332379334
0.00000000000000000000 0.04731929667951723789
0.00000000000000000000 0.04738453342108830263
0.00000000000000000000 0.04748686703681363058
0.00000000000000000000 0.04757820103249948973
0.00000000000000000000 0.04763433280104890921
0.00000000000000000000 0.04782010222331876254
0.00000000000000000000 0.04838071594353948734
0.00000000000000000000 0.04838731465044617680
0.00000000000000000000 0.04849616303692686620
0.00000000000000000000 0.04889957133918367699
0.00000000000000000000 0.04926621304549198138
0.00000000000000000000 0.04965321453493465320
0.00000000000000000000 0.04973214901831241735
0.00000000000000000000 0.04974954550568854578
0.00000000000000000000 0.04983432458347144406
0.00000000000000000000 0.05013343245553045224
0.00000000000000000000 0.05036394361608063225
0.00000000000000000000 0.05049837417507247600
0.00000000000000000000 0.05088926754605614666
0.00000000000000000000 0.05096572024738529882
0.00000000000000000000 0.05107175414485962822
0.00000000000000000000 0.05110739185581993776
0.00000000000000000000 0.05114969296460761261
0.00000000000000000000 0.05122828806900490972
0.00000000000000000000 0.05152553575307856210
0.00000000000000000000 0.05172070380511398224
0.00000000000000000000 0.05204354695201366537
0.00000000000000000000 0.05243756358342678559
0.00000000000000000000 0.05284577660764627760
0.00000000000000000000 0.05309094715293597583
0.00000000000000000000 0.05309739701419089603
0.00000000000000000000 0.05349849165769637871
0.00000000000000000000 0.05352778528070478714
0.00000000000000000000 0.05361660580146059701
0.00000000000000000000 0.05408197508700150063
0.00000000000000000000 0.05421375336112197602
0.00000000000000000000 0.05429915497667151675
0.00000000000000000000 0.05435122067216846542
0.00000000000000000000 0.05449744646921496349
0.00000000000000000000 0.05486051079913849271
0.00000000000000000000 0.05490165155473845926
0.00000000000000000000 0.05530013479870244525
0.00000000000000000000 0.05531469897589130769
0.00000000000000000000 0.05554997419489023092
0.00000000000000000000 0.05572389602774772965
0.00000000000000000000 0.05579366405789133732
0.00000000000000000000 0.05582206189849924644
0.00000000000000000000 0.05664175045848295065
0.00000000000000000000 0.05686320119620315999
0.00000000000000000000 0.05713357341283979013
0.00000000000000000000 0.05750150170679493855
0.00000000000000000000 0.05820256085737053608
0.00000000000000000000 0.05876623918163750848
0.00000000000000000000 0.05890616182638506310
0.00000000000000000000 0.06007123459674830468
0.00000000000000000000 0.06074317083251351557
0.00000000000000000000 0.06206573546395526692
0.00000000000000000000 0.06216509866076461166
0.00000000000000000000 0.06236098929468564950
0.00000000000000000000 0.06245099705397915563
0.00000000000000000000 0.06264347882062815120
0.00000000000000000000 0.06283519726348896217
0.00000000000000000000 0.06509409323456681606
0.00000000000000000000 0.06551517002482720731
0.00000000000000000000 0.06614828133830959189
0.00000000000000000000 0.06637191587508992074
0.00000000000000000000 0.06774443086190282126
0.00000000000000000000 0.06796337279823565225
0.00000000000000000000 0.06855221000102501572
0.00000000000000000000 0.06887554544769522447
0.00000000000000000000 0.06963151800582145778
0.00000000000000000000 0.07056628324225279469
0.00000000000000000000 0.07058366628595487413
0.00000000000000000000 0.07073234563271411923
0.00000000000000000000 0.07184128526704422479
0.00000000000000000000 0.07217714906090423599
0.00000000000000000000 0.07339780273953333545
0.00000000000000000000 0.07574650321015911902
0.00000000000000000000 0.07692953330604065942
0.00000000000000000000 0.07724993641037382341
0.00000000000000000000 0.07839428038072021598
0.00000000000000000000 0.07939831627203000619
0.00000000000000000000 0.08210265791786737488
0.00000000000000000000 0.08219285338031835642
0.00000000000000000000 0.08287317920857434350
0.00000000000000000000 0.08556410538103835506
0.00000000000000000000 0.08831983257520341357
0.00000000000000000000 0.09907257519027633241
0.00000000000000000000 0.10050433024280383543
0.00000000000000000000 0.10615396156917705772
0.00000000000000000000 0.11083652766890254859
0.00000000000000000000 0.11195747420019064311
0.00000000000000000000 0.13968879930836397563
0.00000000000000000000 0.21120848364339026015
0.00000000000000000000 1.73205080756887719318
