0.00000000000000000000 0.01385166391169214209
0.00000000000000000000 0.01947991059652480483
0.00000000000000000000 0.02062926500225433640
0.00000000000000000000 0.02098480637750395686
0.00000000000000000000 0.02123556513979505886
0.00000000000000000000 0.02168385876707642004
0.00000000000000000000 0.02302663155381296650
0.00000000000000000000 0.02311624366914049808
0.00000000000000000000 0.02408144569542616797
0.00000000000000000000 0.02780398246173321902
0.00000000000000000000 0.02786344019645271494
0.00000000000000000000 0.02856674313651593605
0.00000000000000000000 0.03127494752245348064
0.00000000000000000000 0.03156093714048252563
0.00000000000000000000 0.03333350006810266442
0.00000000000000000000 0.03381288661989154121
0.00000000000000000000 0.03425097518718605433
0.00000000000000000000 0.03531488271720122779
0.00000000000000000000 0.03610299058273811618
0.00000000000000000000 0.03673225852743866593
0.00000000000000000000 0.03673395750303407731
0.00000000000000000000 0.03678953657029876423
0.00000000000000000000 0.03697779105053246307
0.00000000000000000000 0.03721088366161275085
0.00000000000000000000 0.03751160212228692170
0.00000000000000000000 0.03782288579234927700
0.00000000000000000000 0.03786656836542445781
0.00000000000000000000 0.03847021908913627469
0.00000000000000000000 0.03858857335824650986
0.00000000000000000000 0.03959269018246558414
0.00000000000000000000 0.04012226657788958706
0.00000000000000000000 0.04043939271242302791
0.00000000000000000000 0.04073195013555126753
0.00000000000000000000 0.04078340570316982272
0.00000000000000000000 0.04096094718135852991
0.00000000000000000000 0.04154784616021913596
0.00000000000000000000 0.04305332031613191834
0.00000000000000000000 0.04350544978959865194
0.00000000000000000000 0.04355324214890503309
0.00000000000000000000 0.04396754378347451919
0.00000000000000000000 0.04421070421284594570
0.00000000000000000000 0.04432145788235369865
0.00000000000000000000 0.04506141917958590010
0.00000000000000000000 0.04531622982526936627
0.00000000000000000000 0.04593413638641364455
0.00000000000000000000 0.04681351052043167954
0.00000000000000000000 0.04681586171591094886
0.00000000000000000000 0.04708143511732445358
0.00000000000000000000 0.04721533905534396058
0.00000000000000000000 0.04728973573737665914
0.00000000000000000000 0.04754228375637124804
0.00000000000000000000 0.04798051147502197661
0.00000000000000000000 0.04824925020360260747
0.00000000000000000000 0.04826386634859161640
0.00000000000000000000 0.04850833190838239883
0.00000000000000000000 0.04872299741840482867
0.00000000000000000000 0.04892278129205070158
0.00000000000000000000 0.04957064911002582314
0.00000000000000000000 0.05016330266270985216
0.00000000000000000000 0.05042088116354997984
0.00000000000000000000 0.05114742654427070767
0.00000000000000000000 0.05139639202476330854
0.00000000000000000000 0.05194328603962199142
0.00000000000000000000 0.05215803210528276168
0.00000000000000000000 0.05227015204094696138
0.00000000000000000000 0.05248272920066020253
0.00000000000000000000 0.05267063125930325496
0.00000000000000000000 0.05360710076940318480
0.00000000000000000000 0.05365285451482924850
0.00000000000000000000 0.05445371286498860292
0.00000000000000000000 0.05451263816020052860
0.00000000000000000000 0.05528636465512823395
0.00000000000000000000 0.05531957884237628104
0.00000000000000000000 0.05549869331000259476
0.00000000000000000000 0.05554106609307121051
0.00000000000000000000 0.05638712521759603469
0.00000000000000000000 0.05655073009090866992
0.00000000000000000000 0.05733434777810147986
0.00000000000000000000 0.05777099702113017848
0.00000000000000000000 0.05778476349920898952
0.00000000000000000000 0.05793769862641243162
0.00000000000000000000 0.05810188865486640847
0.00000000000000000000 0.05812583558615778967
0.00000000000000000000 0.05827285148201601095
0.00000000000000000000 0.05844340489841384073
0.00000000000000000000 0.05847532977211975652
0.00000000000000000000 0.05882400029571279582
0.00000000000000000000 0.05943039126304657666
0.00000000000000000000 0.05944431593113916334
0.00000000000000000000 0.05960727044069058511
0.00000000000000000000 0.05967862654997047739
0.00000000000000000000 0.05976387875680812950
0.00000000000000000000 0.05984654698924655319
0.00000000000000000000 0.06002077306017579439
0.00000000000000000000 0.06013959257169015221
0.00000000000000000000 0.06020607650739632360
0.00000000000000000000 0.06021701252034056956
0.00000000000000000000 0.06026760460786459439
0.00000000000000000000 0.06163508043073251397
0.00000000000000000000 0.06174676932767320797
0.00000000000000000000 0.06288786722889233571
0.00000000000000000000 0.06305359863082309058
0.00000000000000000000 0.06312614885157775968
0.00000000000000000000 0.06341427301292570928
0.00000000000000000000 0.06348440875014552121
0.00000000000000000000 0.06349999342018713966
0.00000000000000000000 0.06353384698759843852
0.00000000000000000000 0.06416307340670907022
0.00000000000000000000 0.06422467384502615617
0.00000000000000000000 0.06426059053614992245
0.00000000000000000000 0.06453976970835469118
0.00000000000000000000 0.06487081245566314602
0.00000000000000000000 0.06502432113682768411
0.00000000000000000000 0.06540969891762227206
0.00000000000000000000 0.06576238747574973675
0.00000000000000000000 0.06576462156045839724
0.00000000000000000000 0.06577013322939240236
0.00000000000000000000 0.06657159552769641164
0.00000000000000000000 0.06669838733030988842
0.00000000000000000000 0.06678796051660883248
0.00000000000000000000 0.06695687167290938213
0.00000000000000000000 0.06744334474806372437
0.00000000000000000000 0.06745468124827756762
0.00000000000000000000 0.06745611412824902009
0.00000000000000000000 0.06749191689534550509
0.00000000000000000000 0.06761705586414815117
0.00000000000000000000 0.06768392838197574701
0.00000000000000000000 0.06824656841918814998
0.00000000000000000000 0.06908617154553534090
0.00000000000000000000 0.06930618878388709880
0.00000000000000000000 0.06952650904246382435
0.00000000000000000000 0.06984408027703024879
0.00000000000000000000 0.06996788403072184970
0.00000000000000000000 0.07026139909038311981
0.00000000000000000000 0.07137317801250230020
0.00000000000000000000 0.07146787723215464183
0.00000000000000000000 0.07159918758344431533
0.00000000000000000000 0.07160168379357928492
0.00000000000000000000 0.07162851364926363373
0.00000000000000000000 0.07167915290012426277
0.00000000000000000000 0.07183108458505807481
0.00000000000000000000 0.07191232465353968040
0.00000000000000000000 0.07199744651013806340
0.00000000000000000000 0.07247585619680481372
0.00000000000000000000 0.07248348637636786718
0.00000000000000000000 0.07334915468095501434
0.00000000000000000000 0.07343728937827936898
0.00000000000000000000 0.07352704714897399796
0.00000000000000000000 0.07416599983307654853
0.00000000000000000000 0.07426644952244167153
0.00000000000000000000 0.07493754283574548258
0.00000000000000000000 0.07530895450453382878
0.00000000000000000000 0.07558388214223965562
0.00000000000000000000 0.07574478713040914968
0.00000000000000000000 0.07617442419382194907
0.00000000000000000000 0.07660618196821103454
0.00000000000000000000 0.07703927572272246949
0.00000000000000000000 0.07736504745750462375
0.00000000000000000000 0.07837416308945135968
0.00000000000000000000 0.07887678799493687276
0.00000000000000000000 0.07887789818447986379
0.00000000000000000000 0.07899564167858864894
0.00000000000000000000 0.07925407795691838397
0.00000000000000000000 0.07931759343093865156
0.00000000000000000000 0.07953952173393809277
0.00000000000000000000 0.07957306324345728155
0.00000000000000000000 0.07968006544845603056
0.00000000000000000000 0.08008962795844565274
0.00000000000000000000 0.08013629755658757681
0.00000000000000000000 0.08023145628307469523
0.00000000000000000000 0.08106678487184852677
0.00000000000000000000 0.08114800087985266086
0.00000000000000000000 0.08117077555751417428
0.00000000000000000000 0.08123724048778660500
0.00000000000000000000 0.08125584796658434639
0.00000000000000000000 0.08167366738949351224
0.00000000000000000000 0.08178495511274994079
0.00000000000000000000 0.08181984607503488272
0.00000000000000000000 0.08189814070648654409
0.00000000000000000000 0.08197783299287923764
0.00000000000000000000 0.08209503445682858613
0.00000000000000000000 0.08223026479561421076
0.00000000000000000000 0.08247855814162047272
0.00000000000000000000 0.08300215559026238865
0.00000000000000000000 0.08332136101791090543
0.00000000000000000000 0.08354754967505317875
0.00000000000000000000 0.08368272690673021763
0.00000000000000000000 0.08370312832664651703
0.00000000000000000000 0.08370554865557952584
0.00000000000000000000 0.08405723006689097554
0.00000000000000000000 0.08415670378344013158
0.00000000000000000000 0.08418083154110272970
0.00000000000000000000 0.08441340217312440219
0.00000000000000000000 0.08445626399537804752
0.00000000000000000000 0.08503946357405481327
0.00000000000000000000 0.08504680604137322686
0.00000000000000000000 0.08514737454303886177
0.00000000000000000000 0.08521548489778643654
0.00000000000000000000 0.08580622960155911971
0.00000000000000000000 0.08656384371079668683
0.00000000000000000000 0.08682937685450181631
0.00000000000000000000 0.08697929996008769982
0.00000000000000000000 0.08710083346373510838
0.00000000000000000000 0.08739026506294340912
0.00000000000000000000 0.08749315742952021302
0.00000000000000000000 0.08804721716204433335
0.00000000000000000000 0.08808829060537387567
0.00000000000000000000 0.08810719321158433370
0.00000000000000000000 0.08822800236453366696
0.00000000000000000000 0.08829427807475666301
0.00000000000000000000 0.08854929103335489049
0.00000000000000000000 0.08876316588087587722
0.00000000000000000000 0.08879529636383894087
0.00000000000000000000 0.08881122974169741724
0.00000000000000000000 0.08917967608325748363
0.00000000000000000000 0.08924774112511651980
0.00000000000000000000 0.08932441744789040849
0.00000000000000000000 0.08939799116795370260
0.00000000000000000000 0.08940176072465072510
0.00000000000000000000 0.08940242131875239529
0.00000000000000000000 0.08941371927394789476
0.00000000000000000000 0.09033483854010374015
0.00000000000000000000 0.09038265872304998561
0.00000000000000000000 0.09087922902645112488
0.00000000000000000000 0.09090958543541044490
0.00000000000000000000 0.09101809484250043825
0.00000000000000000000 0.09118648306928608949
0.00000000000000000000 0.09124617088347385108
0.00000000000000000000 0.09139269321767694298
0.00000000000000000000 0.09153352748029934538
0.00000000000000000000 0.09163191463449642249
0.00000000000000000000 0.09207772867302671527
0.00000000000000000000 0.09231588292715357802
0.00000000000000000000 0.09235355150332104357
0.00000000000000000000 0.09249540060806042685
0.00000000000000000000 0.09256791327953303727
0.00000000000000000000 0.09282396925745650673
0.00000000000000000000 0.09292383909896013983
0.00000000000000000000 0.09375562444915175320
0.00000000000000000000 0.09378894313605762312
0.00000000000000000000 0.09396150847979396759
0.00000000000000000000 0.09402634216278041301
0.00000000000000000000 0.09413886095040606417
0.00000000000000000000 0.09423056039760428770
0.00000000000000000000 0.09450545240367792810
0.00000000000000000000 0.09517237190476622588
0.00000000000000000000 0.09526041091231726710
0.00000000000000000000 0.09546836309075455718
0.00000000000000000000 0.09557799653691465003
0.00000000000000000000 0.09560624369436854231
0.00000000000000000000 0.09591777954923524918
0.00000000000000000000 0.09596801868931699453
0.00000000000000000000 0.09604039237255600214
0.00000000000000000000 0.09626430223225147798
0.00000000000000000000 0.09653377929016812575
0.00000000000000000000 0.09663119562470125212
0.00000000000000000000 0.09674278916431131026
0.00000000000000000000 0.09675611689915800118
0.00000000000000000000 0.09690255937334897596
0.00000000000000000000 0.09690790338145069405
0.00000000000000000000 0.09780799415351645876
0.00000000000000000000 0.09786643164684148688
0.00000000000000000000 0.09845103613447961366
0.00000000000000000000 0.09931893885376327780
0.00000000000000000000 0.09979014895103337224
0.00000000000000000000 0.09986591553555330958
0.00000000000000000000 0.09987735971825732750
0.00000000000000000000 0.10019153041033858342
0.00000000000000000000 0.10033946051233599839
0.00000000000000000000 0.10043261174002861280
0.00000000000000000000 0.10128710948504883460
0.00000000000000000000 0.10136532391142284715
0.00000000000000000000 0.10140487422060880107
0.00000000000000000000 0.10159470024105654584
0.00000000000000000000 0.10171327244535484369
0.00000000000000000000 0.10203447402408401257
0.00000000000000000000 0.10212414640133062049
0.00000000000000000000 0.10221446727476468652
0.00000000000000000000 0.10236244107912384482
0.00000000000000000000 0.10257765609629153347
0.00000000000000000000 0.10259982540847156773
0.00000000000000000000 0.10293451751411956951
0.00000000000000000000 0.10310757289104521828
0.00000000000000000000 0.10370311105453802747
0.00000000000000000000 0.10377066831085068888
0.00000000000000000000 0.10394245654038074267
0.00000000000000000000 0.10395610890120732250
0.00000000000000000000 0.10422715458407363909
0.00000000000000000000 0.10429066286822599730
0.00000000000000000000 0.10430888044635580614
0.00000000000000000000 0.10450277024674431425
0.00000000000000000000 0.10507874328929830976
0.00000000000000000000 0.10514400029942112813
0.00000000000000000000 0.10547230778204680357
0.00000000000000000000 0.10575261386569102806
0.00000000000000000000 0.10637578093031384296
0.00000000000000000000 0.10648514851057261366
0.00000000000000000000 0.10656407925567785988
0.00000000000000000000 0.10673251144093059972
0.00000000000000000000 0.10708925630581650479
0.00000000000000000000 0.10749276550455906520
0.00000000000000000000 0.10767955365381320920
0.00000000000000000000 0.10774642684216279021
0.00000000000000000000 0.10800482579103456993
0.00000000000000000000 0.10814720009233827480
0.00000000000000000000 0.10821985221015169298
0.00000000000000000000 0.10822763954183189927
0.00000000000000000000 0.10860216318334869889
0.00000000000000000000 0.10896822996592796240
0.00000000000000000000 0.10944567763351568945
0.00000000000000000000 0.11001065917540851780
0.00000000000000000000 0.11007885839996016386
0.00000000000000000000 0.11032708887363776307
0.00000000000000000000 0.11039258970363136081
0.00000000000000000000 0.11053132396286850792
0.00000000000000000000 0.11103636915315275024
0.00000000000000000000 0.11106627584524422780
0.00000000000000000000 0.11116479715716739984
0.00000000000000000000 0.11118989572000702315
0.00000000000000000000 0.11157184214145908496
0.00000000000000000000 0.11208573403315717776
0.00000000000000000000 0.11241797040483857140
0.00000000000000000000 0.11246241194725969947
0.00000000000000000000 0.11257315762906280887
0.00000000000000000000 0.11283855295872290136
0.00000000000000000000 0.11301401644630075516
0.00000000000000000000 0.11336101905204067075
0.00000000000000000000 0.11351066571192054699
0.00000000000000000000 0.11376954434178863929
0.00000000000000000000 0.11416479559494357998
0.00000000000000000000 0.11423331233776956584
0.00000000000000000000 0.11492050138775475321
0.00000000000000000000 0.11503573748586490288
0.00000000000000000000 0.11528737265859285988
0.00000000000000000000 0.11627751384685329483
0.00000000000000000000 0.11694828961299018333
0.00000000000000000000 0.11715972797320783894
0.00000000000000000000 0.11772812497636792051
0.00000000000000000000 0.11796581998852753714
0.00000000000000000000 0.11801547921325404589
0.00000000000000000000 0.11833732486039515164
0.00000000000000000000 0.11844066499474915910
0.00000000000000000000 0.11857795829528490483
0.00000000000000000000 0.11874896516213548359
0.00000000000000000000 0.11915063898601976899
0.00000000000000000000 0.11948931563403589196
0.00000000000000000000 0.11963974061371521196
0.00000000000000000000 0.11993934874354703068
0.00000000000000000000 0.11998495216658223994
0.00000000000000000000 0.12036626849492970681
0.00000000000000000000 0.12050672830846417827
0.00000000000000000000 0.12102064368254507321
0.00000000000000000000 0.12121819402871480964
0.00000000000000000000 0.12127559789115338607
0.00000000000000000000 0.12143239519194914955
0.00000000000000000000 0.12146802602494623236
0.00000000000000000000 0.12155591748167135502
0.00000000000000000000 0.12187813877873632240
0.00000000000000000000 0.12200777552275762772
0.00000000000000000000 0.12227512070797141863
0.00000000000000000000 0.12290455676210380875
0.00000000000000000000 0.12308816828651354680
0.00000000000000000000 0.12314955589461507035
0.00000000000000000000 0.12322405336629231598
0.00000000000000000000 0.12368862949869778578
0.00000000000000000000 0.12371786031111935145
0.00000000000000000000 0.12394202649083278789
0.00000000000000000000 0.12431703142004311979
0.00000000000000000000 0.12464583041081016279
0.00000000000000000000 0.12475212568436765126
0.00000000000000000000 0.12537026543828277969
0.00000000000000000000 0.12553573023664388320
0.00000000000000000000 0.12667198864340981079
0.00000000000000000000 0.12692188413087404641
0.00000000000000000000 0.12695225469067589197
0.00000000000000000000 0.12699904769562256335
0.00000000000000000000 0.12732891296132137215
0.00000000000000000000 0.12764579108644638628
0.00000000000000000000 0.12771473407365122044
0.00000000000000000000 0.12777507991098757678
0.00000000000000000000 0.12832583420104146099
0.00000000000000000000 0.12854307577317197753
0.00000000000000000000 0.12924169632355306248
0.00000000000000000000 0.12973412078670737424
0.00000000000000000000 0.12980215367950834193
0.00000000000000000000 0.13019210402799896720
0.00000000000000000000 0.13053942006735322345
0.00000000000000000000 0.13081047101246515152
0.00000000000000000000 0.13113634334322990527
0.00000000000000000000 0.13116861052686934475
0.00000000000000000000 0.13150172994030048801
0.00000000000000000000 0.13162654233999526721
0.00000000000000000000 0.13234672894341836802
0.00000000000000000000 0.13344780914460913079
0.00000000000000000000 0.13366890610712889309
0.00000000000000000000 0.13372301206284761821
0.00000000000000000000 0.13387188643019579115
0.00000000000000000000 0.13403860500379247145
0.00000000000000000000 0.13405738962060015362
0.00000000000000000000 0.13435575746262076735
0.00000000000000000000 0.13436308415375150527
0.00000000000000000000 0.13451641721401577656
0.00000000000000000000 0.13464941922608866798
0.00000000000000000000 0.13502362695518202451
0.00000000000000000000 0.13521938506000072411
0.00000000000000000000 0.13703608429031108318
0.00000000000000000000 0.13771899950460389506
0.00000000000000000000 0.13777744512193493276
0.00000000000000000000 0.13789242735822332397
0.00000000000000000000 0.13888370526079180101
0.00000000000000000000 0.13934609349861976080
0.00000000000000000000 0.13962830282444171903
0.00000000000000000000 0.13984004980566666632
0.00000000000000000000 0.14035809619668382364
0.00000000000000000000 0.14051335278965615405
0.00000000000000000000 0.14056981375956187352
0.00000000000000000000 0.14069867140570302411
0.00000000000000000000 0.14087991123107193592
0.00000000000000000000 0.14142604918358847588
0.00000000000000000000 0.14156087865502342549
0.00000000000000000000 0.14182830850159316993
0.00000000000000000000 0.14220726390672208672
0.00000000000000000000 0.14256970252046452519
0.00000000000000000000 0.14259417414644912081
0.00000000000000000000 0.14260903016123682718
0.00000000000000000000 0.14319117891327295955
0.00000000000000000000 0.14339107648874191425
0.00000000000000000000 0.14369578210698813470
0.00000000000000000000 0.14431878354235477824
0.00000000000000000000 0.14432971061474680896
0.00000000000000000000 0.14559515758667768148
0.00000000000000000000 0.14628871561022899206
0.00000000000000000000 0.14670180383200062679
0.00000000000000000000 0.14715624658776735312
0.00000000000000000000 0.14829174585094004324
0.00000000000000000000 0.14863866896188532296
0.00000000000000000000 0.14918067379787838811
0.00000000000000000000 0.14996204190659676025
0.00000000000000000000 0.15018750359086460722
0.00000000000000000000 0.15078421745059281123
0.00000000000000000000 0.15119525473841963215
0.00000000000000000000 0.15155967384783960994
0.00000000000000000000 0.15159717567189850973
0.00000000000000000000 0.15402459972485091355
0.00000000000000000000 0.15443276675055425673
0.00000000000000000000 0.15526147643557522415
0.00000000000000000000 0.15561232396800725453
0.00000000000000000000 0.15586696658646623237
0.00000000000000000000 0.15847656941645693607
0.00000000000000000000 0.16006388069623933568
0.00000000000000000000 0.16011389634924674819
0.00000000000000000000 0.16112248842763118861
0.00000000000000000000 0.16117007829647242434
0.00000000000000000000 0.16162438209111712473
0.00000000000000000000 0.16280088169818140997
0.00000000000000000000 0.16331423697973970754
0.00000000000000000000 0.16332617364822216155
0.00000000000000000000 0.16378562840782387444
0.00000000000000000000 0.16453552499436646661
0.00000000000000000000 0.16601305879235594976
0.00000000000000000000 0.16688151666600414824
0.00000000000000000000 0.16701963535935912541
0.00000000000000000000 0.16743207505286669678
0.00000000000000000000 0.17051521363890503880
0.00000000000000000000 0.17074097669296556257
0.00000000000000000000 0.17116270298695515639
0.00000000000000000000 0.17127469047472643204
0.00000000000000000000 0.17172891946545942865
0.00000000000000000000 0.17212460316726288512
0.00000000000000000000 0.17246223104260455239
0.00000000000000000000 0.17298499914013634737
0.00000000000000000000 0.17332330138085910720
0.00000000000000000000 0.17368818501875954441
0.00000000000000000000 0.17459474637566432809
0.00000000000000000000 0.17461297467690964358
0.00000000000000000000 0.17556426360054219749
0.00000000000000000000 0.17689579174925723626
0.00000000000000000000 0.17702133929711671989
0.00000000000000000000 0.17775462734171534884
0.00000000000000000000 0.17891615765948931660
0.00000000000000000000 0.17989145464240383077
0.00000000000000000000 0.18084768283797292288
0.00000000000000000000 0.18436985534530433983
0.00000000000000000000 0.18537775925047667025
0.00000000000000000000 0.18638314399108873998
0.00000000000000000000 0.18748344333455738142
0.00000000000000000000 0.18751488339902708247
0.00000000000000000000 0.18796685059748199920
0.00000000000000000000 0.19217969484880589870
0.00000000000000000000 0.19228936711746802413
0.00000000000000000000 0.19351762101541097882
0.00000000000000000000 0.19424183384803211938
0.00000000000000000000 0.19491699012610005926
0.00000000000000000000 0.19535697156216141890
0.00000000000000000000 0.20160669155747870662
0.00000000000000000000 0.21033053497358172867
0.00000000000000000000 0.23547571512187459586
0.00000000000000000000 0.24772778952304136402
0.00000000000000000000 0.25088533770866688899
0.00000000000000000000 1.73205080756887719318
