0.00000000000000000000 0.01799318567669946217
0.00000000000000000000 0.01831006440000263608
0.00000000000000000000 0.02022236695385404640
0.00000000000000000000 0.02351294303176394360
0.00000000000000000000 0.02594164880576620494
0.00000000000000000000 0.02623705921042190914
0.00000000000000000000 0.02625246227587944847
0.00000000000000000000 0.02630615967011528528
0.00000000000000000000 0.02919149403271990850
0.00000000000000000000 0.02947504489445742018
0.00000000000000000000 0.02974846340035683726
0.00000000000000000000 0.03013393540227019690
0.00000000000000000000 0.03098917345674707252
0.00000000000000000000 0.03166296549968518337
0.00000000000000000000 0.03177383617135625532
0.00000000000000000000 0.03212088267061093821
0.00000000000000000000 0.03300748220427178470
0.00000000000000000000 0.03320036148661208858
0.00000000000000000000 0.03467092032583714983
0.00000000000000000000 0.03541689683703316827
0.00000000000000000000 0.03620018382110939265
0.00000000000000000000 0.03641053588901608379
0.00000000000000000000 0.03641975276950572271
0.00000000000000000000 0.03656533640205363034
0.00000000000000000000 0.03704978918704809887
0.00000000000000000000 0.03771442359914658343
0.00000000000000000000 0.03939459908884968692
0.00000000000000000000 0.04028740735453120031
0.00000000000000000000 0.04059853311609368243
0.00000000000000000000 0.04109947413498071106
0.00000000000000000000 0.04131840547925932916
0.00000000000000000000 0.04250696990656448876
0.00000000000000000000 0.04277433254255812861
0.00000000000000000000 0.04280202374168411844
0.00000000000000000000 0.04302602168772230035
0.00000000000000000000 0.04311351652874158974
0.00000000000000000000 0.04370635397333140493
0.00000000000000000000 0.04408020380496224105
0.00000000000000000000 0.04416746480256234647
0.00000000000000000000 0.04417484452045189469
0.00000000000000000000 0.04437793986044396427
0.00000000000000000000 0.04442981322316271603
0.00000000000000000000 0.04460973114117668809
0.00000000000000000000 0.04566641762028306878
0.00000000000000000000 0.04589544961922267102
0.00000000000000000000 0.04640698555507077189
0.00000000000000000000 0.04675895607252845282
0.00000000000000000000 0.04693765484679034150
0.00000000000000000000 0.04716981037301116314
0.00000000000000000000 0.04795098243718339676
0.00000000000000000000 0.04805395164560841148
0.00000000000000000000 0.04810273315822402584
0.00000000000000000000 0.04821517663516730612
0.00000000000000000000 0.04835730537679634039
0.00000000000000000000 0.04840137763549159228
0.00000000000000000000 0.04853927479388975980
0.00000000000000000000 0.04867303503310147633
0.00000000000000000000 0.04932859617095499555
0.00000000000000000000 0.04957676103455267019
0.00000000000000000000 0.04959885553134642244
0.00000000000000000000 0.04963784643083345161
0.00000000000000000000 0.04984989152943973545
0.00000000000000000000 0.05003606624652914142
0.00000000000000000000 0.05069849084724566135
0.00000000000000000000 0.05131532433660878495
0.00000000000000000000 0.05136577393932448277
0.00000000000000000000 0.05180869388807970988
0.00000000000000000000 0.05249590674806287743
0.00000000000000000000 0.05267092709767661612
0.00000000000000000000 0.05275172758896112118
0.00000000000000000000 0.05326368316166141953
0.00000000000000000000 0.05345319437490935605
0.00000000000000000000 0.05346995037728770328
0.00000000000000000000 0.05374106665415809281
0.00000000000000000000 0.05385398764524172016
0.00000000000000000000 0.05385958224311122172
0.00000000000000000000 0.05387962165219559868
0.00000000000000000000 0.05432206968802197333
0.00000000000000000000 0.05438620036441480649
0.00000000000000000000 0.05439321747964341591
0.00000000000000000000 0.05444878751430564517
0.00000000000000000000 0.05484435894712932913
0.00000000000000000000 0.05485808033650010906
0.00000000000000000000 0.05500920372152368759
0.00000000000000000000 0.05502992735519614265
0.00000000000000000000 0.05508624321909415256
0.00000000000000000000 0.05592668446993878661
0.00000000000000000000 0.05611624886571796311
0.00000000000000000000 0.05650595856170196468
0.00000000000000000000 0.05674353828752597834
0.00000000000000000000 0.05704650837864067014
0.00000000000000000000 0.05721690630942239536
0.00000000000000000000 0.05747491283371112397
0.00000000000000000000 0.05754617016844142119
0.00000000000000000000 0.05805320364206282419
0.00000000000000000000 0.05826142532748216502
0.00000000000000000000 0.05836169157325347967
0.00000000000000000000 0.05858534075709341538
0.00000000000000000000 0.05860241435839792096
0.00000000000000000000 0.05876500705246042594
0.00000000000000000000 0.05917763439520243307
0.00000000000000000000 0.05923103974313996545
0.00000000000000000000 0.05933842572452474595
0.00000000000000000000 0.05978338514537008541
0.00000000000000000000 0.06008845559828649568
0.00000000000000000000 0.06009970777209661108
0.00000000000000000000 0.06027661841380121954
0.00000000000000000000 0.06067323074872447292
0.00000000000000000000 0.06129731698331739725
0.00000000000000000000 0.06138159467648861278
0.00000000000000000000 0.06141196776406630115
0.00000000000000000000 0.06163648259347394992
0.00000000000000000000 0.06187259989798371551
0.00000000000000000000 0.06193918636949470591
0.00000000000000000000 0.06259484985594983286
0.00000000000000000000 0.06266524163632379574
0.00000000000000000000 0.06304950975822302961
0.00000000000000000000 0.06319689304791933915
0.00000000000000000000 0.06324297426678672507
0.00000000000000000000 0.06342478963023501226
0.00000000000000000000 0.06378789000843233803
0.00000000000000000000 0.06385876823717087647
0.00000000000000000000 0.06391734555331071710
0.00000000000000000000 0.06416058072601624196
0.00000000000000000000 0.06449183239388302236
0.00000000000000000000 0.06484675003396385418
0.00000000000000000000 0.06495560773872194327
0.00000000000000000000 0.06500962633699731985
0.00000000000000000000 0.06505651541370960356
0.00000000000000000000 0.06507714163802497120
0.00000000000000000000 0.06509732515592094038
0.00000000000000000000 0.06515133152475359457
0.00000000000000000000 0.06519137254401963233
0.00000000000000000000 0.06541423860236315890
0.00000000000000000000 0.06563243575444681344
0.00000000000000000000 0.06564607261384575176
0.00000000000000000000 0.06604901106753016671
0.00000000000000000000 0.06606006500297979811
0.00000000000000000000 0.06619255523147261899
0.00000000000000000000 0.06658950748790286311
0.00000000000000000000 0.06680020343555859164
0.00000000000000000000 0.06707099459375348571
0.00000000000000000000 0.06712041909223027958
0.00000000000000000000 0.06727362150952596875
0.00000000000000000000 0.06772578310937517332
0.00000000000000000000 0.06820642536118975974
0.00000000000000000000 0.06830051380372692549
0.00000000000000000000 0.06846711655614569347
0.00000000000000000000 0.06850401975618201911
0.00000000000000000000 0.06856625215839795562
0.00000000000000000000 0.06858654044068804301
0.00000000000000000000 0.06912703937091541073
0.00000000000000000000 0.06914877030242858047
0.00000000000000000000 0.06916637765388614079
0.00000000000000000000 0.06917723111034061734
0.00000000000000000000 0.06928547431949012847
0.00000000000000000000 0.06939751603559456139
0.00000000000000000000 0.06963032751245061547
0.00000000000000000000 0.06972560279479654566
0.00000000000000000000 0.06977736273509738130
0.00000000000000000000 0.06981031809666939092
0.00000000000000000000 0.07005133621338856253
0.00000000000000000000 0.07007070674593954274
0.00000000000000000000 0.07019831635505263678
0.00000000000000000000 0.07026803593774552659
0.00000000000000000000 0.07046674805510322326
0.00000000000000000000 0.07065680188367792769
0.00000000000000000000 0.07067051199031722242
0.00000000000000000000 0.07087185467168879982
0.00000000000000000000 0.07093771848481891795
0.00000000000000000000 0.07112180973778833848
0.00000000000000000000 0.07121746977298624992
0.00000000000000000000 0.07164073206219709333
0.00000000000000000000 0.07183633381849058308
0.00000000000000000000 0.07185593833804523878
0.00000000000000000000 0.07195959006147313597
0.00000000000000000000 0.07230574477896030416
0.00000000000000000000 0.07271909880951814287
0.00000000000000000000 0.07288054734243548660
0.00000000000000000000 0.07308614092281739971
0.00000000000000000000 0.07321973847151112824
0.00000000000000000000 0.07324780595200579281
0.00000000000000000000 0.07335050582364845140
0.00000000000000000000 0.07346326201068302530
0.00000000000000000000 0.07393336452355266097
0.00000000000000000000 0.07405075486528368833
0.00000000000000000000 0.07420317209346369292
0.00000000000000000000 0.07450770760878755450
0.00000000000000000000 0.07457282659311921524
0.00000000000000000000 0.07459559726443745764
0.00000000000000000000 0.07460534523222533965
0.00000000000000000000 0.07533644050561133509
0.00000000000000000000 0.07544579199292129890
0.00000000000000000000 0.07583386253584373238
0.00000000000000000000 0.07583795701211779039
0.00000000000000000000 0.07600144907081478329
0.00000000000000000000 0.07609725606517221685
0.00000000000000000000 0.07617371380487615584
0.00000000000000000000 0.07621616111344890754
0.00000000000000000000 0.07693343986854003780
0.00000000000000000000 0.07696853447127019465
0.00000000000000000000 0.07750653155675651940
0.00000000000000000000 0.07764839226516191684
0.00000000000000000000 0.07764930246815762716
0.00000000000000000000 0.07793503485995879887
0.00000000000000000000 0.07805050186397445577
0.00000000000000000000 0.07809671892487984879
0.00000000000000000000 0.07821991200107793196
0.00000000000000000000 0.07825593409997110006
0.00000000000000000000 0.07839443739418348878
0.00000000000000000000 0.07876178930569847914
0.00000000000000000000 0.07882242230145407313
0.00000000000000000000 0.07893160332005201563
0.00000000000000000000 0.07905901927049328870
0.00000000000000000000 0.07929685894626277431
0.00000000000000000000 0.07961022902080772123
0.00000000000000000000 0.07968194680976899147
0.00000000000000000000 0.08060023164175933452
0.00000000000000000000 0.08069839266305546543
0.00000000000000000000 0.08073915877208100167
0.00000000000000000000 0.08087786859378065518
0.00000000000000000000 0.08097744412240064082
0.00000000000000000000 0.08112673588946588132
0.00000000000000000000 0.08159352468321784402
0.00000000000000000000 0.08185063354912019973
0.00000000000000000000 0.08216215701052070886
0.00000000000000000000 0.08237031064953426185
0.00000000000000000000 0.08268731021334559117
0.00000000000000000000 0.08271032238628750477
0.00000000000000000000 0.08278751548864909937
0.00000000000000000000 0.08292172464133268361
0.00000000000000000000 0.08295285278882076618
0.00000000000000000000 0.08313013739376612365
0.00000000000000000000 0.08323409759209421388
0.00000000000000000000 0.08355782929810574855
0.00000000000000000000 0.08371066838141315303
0.00000000000000000000 0.08415605218282180833
0.00000000000000000000 0.08465625709100467466
0.00000000000000000000 0.08511277274488091016
0.00000000000000000000 0.08520778120764911645
0.00000000000000000000 0.08521799391491784170
0.00000000000000000000 0.08524403836509764076
0.00000000000000000000 0.08525457533522209919
0.00000000000000000000 0.08547474877264939208
0.00000000000000000000 0.08547606375130670231
0.00000000000000000000 0.08547952877940853678
0.00000000000000000000 0.08556412657792034082
0.00000000000000000000 0.08562603948149412336
0.00000000000000000000 0.08569173120705990410
0.00000000000000000000 0.08587315064001903309
0.00000000000000000000 0.08603136378656989214
0.00000000000000000000 0.08631151213136667444
0.00000000000000000000 0.08645888060308036527
0.00000000000000000000 0.08647742154969784156
0.00000000000000000000 0.08698878926604088069
0.00000000000000000000 0.08711972702504500177
0.00000000000000000000 0.08730258516560433779
0.00000000000000000000 0.08733737200616170648
0.00000000000000000000 0.08738166282253062578
0.00000000000000000000 0.08752779790669433513
0.00000000000000000000 0.08766577136770403733
0.00000000000000000000 0.08773187011482817821
0.00000000000000000000 0.08785724133476872921
0.00000000000000000000 0.08788960702083008225
0.00000000000000000000 0.08796260910768788355
0.00000000000000000000 0.08797650739831652800
0.00000000000000000000 0.08824666146134776956
0.00000000000000000000 0.08832866087728565019
0.00000000000000000000 0.08845075605262729679
0.00000000000000000000 0.08856729999618814797
0.00000000000000000000 0.08861455625554846838
0.00000000000000000000 0.08871942507675510681
0.00000000000000000000 0.08874366173386520618
0.00000000000000000000 0.08879338602228442623
0.00000000000000000000 0.08886534849533880842
0.00000000000000000000 0.08897808851346820924
0.00000000000000000000 0.08905675839143087358
0.00000000000000000000 0.08928872469635934506
0.00000000000000000000 0.08931021768987901233
0.00000000000000000000 0.08976273404446195869
0.00000000000000000000 0.08979383473365426527
0.00000000000000000000 0.08994859570054707099
0.00000000000000000000 0.08998000742225384374
0.00000000000000000000 0.09005614009708656775
0.00000000000000000000 0.09012254812768030754
0.00000000000000000000 0.09032260503421617182
0.00000000000000000000 0.09037282949065195137
0.00000000000000000000 0.09055097735434308737
0.00000000000000000000 0.09068658781475044672
0.00000000000000000000 0.09072608966100927097
0.00000000000000000000 0.09073496113350069947
0.00000000000000000000 0.09077332435836379942
0.00000000000000000000 0.09141970745250815877
0.00000000000000000000 0.09149666506191905802
0.00000000000000000000 0.09166861866774729528
0.00000000000000000000 0.09177669125523345295
0.00000000000000000000 0.09198140142299184030
0.00000000000000000000 0.09220804592027792568
0.00000000000000000000 0.09229239298176097894
0.00000000000000000000 0.09269966279610494797
0.00000000000000000000 0.09304553918770366860
0.00000000000000000000 0.09323017570134252419
0.00000000000000000000 0.09326750617166203183
0.00000000000000000000 0.09333055542074797373
0.00000000000000000000 0.09353102612164294893
0.00000000000000000000 0.09353705209653816188
0.00000000000000000000 0.09359769239379844841
0.00000000000000000000 0.09361113930718426013
0.00000000000000000000 0.09367271445135001706
0.00000000000000000000 0.09370993738118039984
0.00000000000000000000 0.09372210968498263794
0.00000000000000000000 0.09414095615883458223
0.00000000000000000000 0.09415475001696634039
0.00000000000000000000 0.09416381645813734491
0.00000000000000000000 0.09459093221450597111
0.00000000000000000000 0.09476984830069125343
0.00000000000000000000 0.09480874757798288255
0.00000000000000000000 0.09539659668608664600
0.00000000000000000000 0.09542470866657773443
0.00000000000000000000 0.09579061810584037218
0.00000000000000000000 0.09586339508309608959
0.00000000000000000000 0.09610587452612738557
0.00000000000000000000 0.09651645883334268594
0.00000000000000000000 0.09660056053932569720
0.00000000000000000000 0.09674319118934603112
0.00000000000000000000 0.09688306140200914074
0.00000000000000000000 0.09699816924090445824
0.00000000000000000000 0.09707535794329225087
0.00000000000000000000 0.09731302982004658153
0.00000000000000000000 0.09737112933565975070
0.00000000000000000000 0.09739923444242787332
0.00000000000000000000 0.09794895664658770373
0.00000000000000000000 0.09801609235132249798
0.00000000000000000000 0.09813072891206413295
0.00000000000000000000 0.09847383231160732053
0.00000000000000000000 0.09862207652247791112
0.00000000000000000000 0.09887998836395736624
0.00000000000000000000 0.09894344847555433531
0.00000000000000000000 0.09905989170598294979
0.00000000000000000000 0.09947227246725746930
0.00000000000000000000 0.09948574942160004486
0.00000000000000000000 0.09991093143517959518
0.00000000000000000000 0.10012222853919162946
0.00000000000000000000 0.10035835859211472698
0.00000000000000000000 0.10046666269815067440
0.00000000000000000000 0.10072292095080941088
0.00000000000000000000 0.10073423258582143991
0.00000000000000000000 0.10079164574093556206
0.00000000000000000000 0.10103054872712903534
0.00000000000000000000 0.10124270891134685979
0.00000000000000000000 0.10144208291029925550
0.00000000000000000000 0.10163141067592391942
0.00000000000000000000 0.10200437932583678036
0.00000000000000000000 0.10210545182666153075
0.00000000000000000000 0.10245127934301695438
0.00000000000000000000 0.10265346266906205663
0.00000000000000000000 0.10283683815808131179
0.00000000000000000000 0.10292900116449162085
0.00000000000000000000 0.10307634321699327140
0.00000000000000000000 0.10329838221668323495
0.00000000000000000000 0.10381296759694233489
0.00000000000000000000 0.10402004552465830833
0.00000000000000000000 0.10402833867026435588
0.00000000000000000000 0.10407657171801171225
0.00000000000000000000 0.10411584111626691340
0.00000000000000000000 0.10430806792763072655
0.00000000000000000000 0.10473995278869738246
0.00000000000000000000 0.10485954457598860301
0.00000000000000000000 0.10502323825480451569
0.00000000000000000000 0.10553336451957878728
0.00000000000000000000 0.10554314018331477365
0.00000000000000000000 0.10588663059471704886
0.00000000000000000000 0.10611071775842667586
0.00000000000000000000 0.10630346918751486240
0.00000000000000000000 0.10657157703734861098
0.00000000000000000000 0.10674697929896542758
0.00000000000000000000 0.10681536670767166619
0.00000000000000000000 0.10709600688897107090
0.00000000000000000000 0.10717648328164394722
0.00000000000000000000 0.10792382960766964961
0.00000000000000000000 0.10838002810686686583
0.00000000000000000000 0.10864235977040670456
0.00000000000000000000 0.10907633111912889978
0.00000000000000000000 0.10926708002382788665
0.00000000000000000000 0.10933814213917154856
0.00000000000000000000 0.10944388249109418543
0.00000000000000000000 0.10956030446770262388
0.00000000000000000000 0.10961577564601206192
0.00000000000000000000 0.10972236088471459814
0.00000000000000000000 0.10975592679344133018
0.00000000000000000000 0.10982103139612248155
0.00000000000000000000 0.10983134424498508519
0.00000000000000000000 0.10987131641564974738
0.00000000000000000000 0.10994178468074854160
0.00000000000000000000 0.11001411311906728052
0.00000000000000000000 0.11026976503343643987
0.00000000000000000000 0.11029568759052375826
0.00000000000000000000 0.11037127538349776612
0.00000000000000000000 0.11079169182742575062
0.00000000000000000000 0.11103267473078369532
0.00000000000000000000 0.11120626469370879785
0.00000000000000000000 0.11203882507406696944
0.00000000000000000000 0.11206529218653471514
0.00000000000000000000 0.11226602504737090427
0.00000000000000000000 0.11274720547493005673
0.00000000000000000000 0.11287916134896490428
0.00000000000000000000 0.11353546589575917725
0.00000000000000000000 0.11361577469382588834
0.00000000000000000000 0.11374799633222383577
0.00000000000000000000 0.11397137707231484727
0.00000000000000000000 0.11418279799303419908
0.00000000000000000000 0.11455157558467080059
0.00000000000000000000 0.11481579397799897280
0.00000000000000000000 0.11502122500375802638
0.00000000000000000000 0.11581739987524179714
0.00000000000000000000 0.11592718311344121784
0.00000000000000000000 0.11595570296777452102
0.00000000000000000000 0.11599073410883867230
0.00000000000000000000 0.11599222533479278119
0.00000000000000000000 0.11605625218772501472
0.00000000000000000000 0.11623238794806897700
0.00000000000000000000 0.11623780546167342131
0.00000000000000000000 0.11642339296209371080
0.00000000000000000000 0.11668120222889358240
0.00000000000000000000 0.11699975535516107805
0.00000000000000000000 0.11731880757938238646
0.00000000000000000000 0.11752943238334562226
0.00000000000000000000 0.11814087606681158982
0.00000000000000000000 0.11831416560633790935
0.00000000000000000000 0.11850175036008749052
0.00000000000000000000 0.11876435174427379948
0.00000000000000000000 0.11880154281146926287
0.00000000000000000000 0.11882651016412044964
0.00000000000000000000 0.11908500181984785216
0.00000000000000000000 0.11941693816780832305
0.00000000000000000000 0.11945451756194667980
0.00000000000000000000 0.11948082769248548340
0.00000000000000000000 0.11956329524446016044
0.00000000000000000000 0.11957880694595512949
0.00000000000000000000 0.11960846790651120941
0.00000000000000000000 0.11963904216743583009
0.00000000000000000000 0.11977235381381975965
0.00000000000000000000 0.12037598108135137698
0.00000000000000000000 0.12039810548470838980
0.00000000000000000000 0.12040592747098358140
0.00000000000000000000 0.12082103008424777135
0.00000000000000000000 0.12087283728269379579
0.00000000000000000000 0.12089646655451008472
0.00000000000000000000 0.12092998100414967255
0.00000000000000000000 0.12103020799299873955
0.00000000000000000000 0.12137175365206948063
0.00000000000000000000 0.12153607570484072087
0.00000000000000000000 0.12180232648102147508
0.00000000000000000000 0.12188103684742114530
0.00000000000000000000 0.12188872197115545315
0.00000000000000000000 0.12299643495015614991
0.00000000000000000000 0.12416878150843253803
0.00000000000000000000 0.12419795209489702115
0.00000000000000000000 0.12586913790642109690
0.00000000000000000000 0.12591013697909261837
0.00000000000000000000 0.12632461290094190720
0.00000000000000000000 0.12745113500338375867
0.00000000000000000000 0.12824018317002838785
0.00000000000000000000 0.12828804767816912036
0.00000000000000000000 0.12833737296944280892
0.00000000000000000000 0.12839714008105709842
0.00000000000000000000 0.12850398388703315744
0.00000000000000000000 0.12866890787026430409
0.00000000000000000000 0.12871885035923932850
0.00000000000000000000 0.12904125204679989247
0.00000000000000000000 0.12927522250429299144
0.00000000000000000000 0.12946464082417372121
0.00000000000000000000 0.12970644973558126400
0.00000000000000000000 0.12986400762279695642
0.00000000000000000000 0.13056115925682074130
0.00000000000000000000 0.13103727181897859011
0.00000000000000000000 0.13117185058271590981
0.00000000000000000000 0.13142780238911294655
0.00000000000000000000 0.13148814519722440419
0.00000000000000000000 0.13176554276860302783
0.00000000000000000000 0.13245685737869047904
0.00000000000000000000 0.13357660555132283564
0.00000000000000000000 0.13377579365395889099
0.00000000000000000000 0.13381084022998776528
0.00000000000000000000 0.13434507994907651796
0.00000000000000000000 0.13560113524548245145
0.00000000000000000000 0.13612873803913819182
0.00000000000000000000 0.13660649428758830926
0.00000000000000000000 0.13675057062534234920
0.00000000000000000000 0.13837014440659944903
0.00000000000000000000 0.13843682476428556538
0.00000000000000000000 0.13983793241990283285
0.00000000000000000000 0.14008909970113270216
0.00000000000000000000 0.14312883769752168805
0.00000000000000000000 0.14651033162626547757
0.00000000000000000000 0.14771061376915115004
0.00000000000000000000 0.15370031547888848844
0.00000000000000000000 0.16157562133448175046
0.00000000000000000000 0.17031555993034039331
0.00000000000000000000 1.73205080756887719318
