0.00000000000000000000 0.00853423962736981657
0.00000000000000000000 0.00999635801422841738
0.00000000000000000000 0.01953925369312317292
0.00000000000000000000 0.02405407312280390814
0.00000000000000000000 0.02760889014950605042
0.00000000000000000000 0.02902668501001753540
0.00000000000000000000 0.02999360047084439346
0.00000000000000000000 0.03019359711228794887
0.00000000000000000000 0.03206629375632820411
0.00000000000000000000 0.03246500037455939819
0.00000000000000000000 0.03282448962360370176
0.00000000000000000000 0.03284123204297070830
0.00000000000000000000 0.03353185409090025243
0.00000000000000000000 0.03399493475093079420
0.00000000000000000000 0.03444387914993374267
0.00000000000000000000 0.03503081995416121308
0.00000000000000000000 0.03534698605907173052
0.00000000000000000000 0.03550577283249080340
0.00000000000000000000 0.03573785629336042463
0.00000000000000000000 0.03689836527894460594
0.00000000000000000000 0.03729858877903122899
0.00000000000000000000 0.03739577207350091442
0.00000000000000000000 0.03784893827189973747
0.00000000000000000000 0.03800038242228696156
0.00000000000000000000 0.03832170440285434521
0.00000000000000000000 0.03833847850989691858
0.00000000000000000000 0.03838256934798686681
0.00000000000000000000 0.03854058762462238275
0.00000000000000000000 0.03856267499354499445
0.00000000000000000000 0.03905918923018198569
0.00000000000000000000 0.03952231526657731808
0.00000000000000000000 0.04008585982497686606
0.00000000000000000000 0.04013076036079588765
0.00000000000000000000 0.04049402486727316647
0.00000000000000000000 0.04102949922733895721
0.00000000000000000000 0.04153544343508018544
0.00000000000000000000 0.04169825098792598328
0.00000000000000000000 0.04173968466073960104
0.00000000000000000000 0.04227427607055340986
0.00000000000000000000 0.04294017083250411398
0.00000000000000000000 0.04309985332868124935
0.00000000000000000000 0.04317132963777638860
0.00000000000000000000 0.04395229205346821294
0.00000000000000000000 0.04487320839339593859
0.00000000000000000000 0.04541113752064324799
0.00000000000000000000 0.04541859010395639384
0.00000000000000000000 0.04557349370028855595
0.00000000000000000000 0.04633677854041712979
0.00000000000000000000 0.04672491319078864863
0.00000000000000000000 0.04681231728820963583
0.00000000000000000000 0.04691437105100113025
0.00000000000000000000 0.04809728364347744256
0.00000000000000000000 0.04834626530664380001
0.00000000000000000000 0.04842157225945462745
0.00000000000000000000 0.04877817554442069603
0.00000000000000000000 0.04889082336218689845
0.00000000000000000000 0.04910859433043744671
0.00000000000000000000 0.04926141286345697701
0.00000000000000000000 0.04976277319719022568
0.00000000000000000000 0.04979759040303711332
0.00000000000000000000 0.05047561556272031624
0.00000000000000000000 0.05059271943738613553
0.00000000000000000000 0.05142573477339165006
0.00000000000000000000 0.05158424503190458393
0.00000000000000000000 0.05173637967992630177
0.00000000000000000000 0.05179315103964418632
0.00000000000000000000 0.05183800891072958689
0.00000000000000000000 0.05228451782313882357
0.00000000000000000000 0.05263781549454272374
0.00000000000000000000 0.05304829375146639242
0.00000000000000000000 0.05317996900384999032
0.00000000000000000000 0.05323470935349445404
0.00000000000000000000 0.05347664536061200874
0.00000000000000000000 0.05350556496826457120
0.00000000000000000000 0.05368172378984878423
0.00000000000000000000 0.05369922074528499234
0.00000000000000000000 0.05398643389765361844
0.00000000000000000000 0.05416677502659775212
0.00000000000000000000 0.05436068585773386891
0.00000000000000000000 0.05475233285808969730
0.00000000000000000000 0.05475949882910634975
0.00000000000000000000 0.05519705491298279587
0.00000000000000000000 0.05528924149174625768
0.00000000000000000000 0.05533032166055457807
0.00000000000000000000 0.05542974991281818947
0.00000000000000000000 0.05563499667113233627
0.00000000000000000000 0.05589643286121780824
0.00000000000000000000 0.05594601204431837171
0.00000000000000000000 0.05612638236538374653
0.00000000000000000000 0.05617542749513772943
0.00000000000000000000 0.05623340863758331809
0.00000000000000000000 0.05656135488295195579
0.00000000000000000000 0.05685451115143412559
0.00000000000000000000 0.05739012580955322324
0.00000000000000000000 0.05759392397437436417
0.00000000000000000000 0.05769421751944815019
0.00000000000000000000 0.05770585024269934277
0.00000000000000000000 0.05784107942817906522
0.00000000000000000000 0.05792504850532703697
0.00000000000000000000 0.05798066442519536623
0.00000000000000000000 0.05812764087956716341
0.00000000000000000000 0.05818788715728886313
0.00000000000000000000 0.05826581754228676857
0.00000000000000000000 0.05828509611174985394
0.00000000000000000000 0.05843250522936953295
0.00000000000000000000 0.05863225093775813190
0.00000000000000000000 0.05874526030208230415
0.00000000000000000000 0.05891888510799778156
0.00000000000000000000 0.05911248579044862256
0.00000000000000000000 0.05921144381049912864
0.00000000000000000000 0.05933885054441505325
0.00000000000000000000 0.05947341696652871934
0.00000000000000000000 0.05972499175148639899
0.00000000000000000000 0.06057890692726678600
0.00000000000000000000 0.06103747458165612039
0.00000000000000000000 0.06119223971171355164
0.00000000000000000000 0.06130855695307257935
0.00000000000000000000 0.06135217363607042840
0.00000000000000000000 0.06167986908816365521
0.00000000000000000000 0.06188547737579046942
0.00000000000000000000 0.06196418940515601576
0.00000000000000000000 0.06240594110758465596
0.00000000000000000000 0.06255145464546052470
0.00000000000000000000 0.06286407537648083799
0.00000000000000000000 0.06332363022903771121
0.00000000000000000000 0.06332613573999627821
0.00000000000000000000 0.06340032215764740409
0.00000000000000000000 0.06350147857820157005
0.00000000000000000000 0.06353711923291792407
0.00000000000000000000 0.06435607557843388282
0.00000000000000000000 0.06438653988623367630
0.00000000000000000000 0.06450369801868509334
0.00000000000000000000 0.06475151208973120576
0.00000000000000000000 0.06494515684409946088
0.00000000000000000000 0.06535618785319201318
0.00000000000000000000 0.06538322401366597481
0.00000000000000000000 0.06541978708844226054
0.00000000000000000000 0.06595666681309601820
0.00000000000000000000 0.06618115731644877431
0.00000000000000000000 0.06629805064308452733
0.00000000000000000000 0.06645738636560763468
0.00000000000000000000 0.06656980461519659831
0.00000000000000000000 0.06694166539061721655
0.00000000000000000000 0.06764552354889145913
0.00000000000000000000 0.06772983833093586259
0.00000000000000000000 0.06782422558544191904
0.00000000000000000000 0.06783054152080612853
0.00000000000000000000 0.06807159048175059901
0.00000000000000000000 0.06813037701021516790
0.00000000000000000000 0.06817273325194717071
0.00000000000000000000 0.06837838148552524697
0.00000000000000000000 0.06879911251597524424
0.00000000000000000000 0.06888388489075208954
0.00000000000000000000 0.06910632091763214968
0.00000000000000000000 0.06914551227689680335
0.00000000000000000000 0.06936745627381853130
0.00000000000000000000 0.06971017591761537180
0.00000000000000000000 0.06979756306303384894
0.00000000000000000000 0.06983981496885591223
0.00000000000000000000 0.06993285957969390398
0.00000000000000000000 0.07020117538775036414
0.00000000000000000000 0.07037925428801390659
0.00000000000000000000 0.07040278356698488615
0.00000000000000000000 0.07099826988984564435
0.00000000000000000000 0.07109266263160901600
0.00000000000000000000 0.07121649979561904542
0.00000000000000000000 0.07137445499805168680
0.00000000000000000000 0.07162278088367729501
0.00000000000000000000 0.07172386740514725967
0.00000000000000000000 0.07177712538000252662
0.00000000000000000000 0.07215192619830669563
0.00000000000000000000 0.07229370100381087016
0.00000000000000000000 0.07253265627188433540
0.00000000000000000000 0.07264541397136548007
0.00000000000000000000 0.07267607088029212625
0.00000000000000000000 0.07294534778547909215
0.00000000000000000000 0.07294581438016452257
0.00000000000000000000 0.07294719508434199806
0.00000000000000000000 0.07360188938541467607
0.00000000000000000000 0.07366913678070889648
0.00000000000000000000 0.07385280227622934013
0.00000000000000000000 0.07391745950392798747
0.00000000000000000000 0.07400983855838863534
0.00000000000000000000 0.07408709495230357545
0.00000000000000000000 0.07466683392224672533
0.00000000000000000000 0.07468390321718454405
0.00000000000000000000 0.07481379054605243051
0.00000000000000000000 0.07501628605064160349
0.00000000000000000000 0.07512753670358481017
0.00000000000000000000 0.07520675546103011699
0.00000000000000000000 0.07527663098447169576
0.00000000000000000000 0.07528427714756541489
0.00000000000000000000 0.07531429433801822837
0.00000000000000000000 0.07603572895974154700
0.00000000000000000000 0.07604471499826598313
0.00000000000000000000 0.07606537591469585136
0.00000000000000000000 0.07645058738708301882
0.00000000000000000000 0.07693961117108094605
0.00000000000000000000 0.07706839059738988806
0.00000000000000000000 0.07753126690228616391
0.00000000000000000000 0.07768158094867171071
0.00000000000000000000 0.07770511737421584297
0.00000000000000000000 0.07776901532338231782
0.00000000000000000000 0.07791744759947830112
0.00000000000000000000 0.07813918024890106895
0.00000000000000000000 0.07844019569498945910
0.00000000000000000000 0.07862693902540404678
0.00000000000000000000 0.07864153464237975955
0.00000000000000000000 0.07866754874043144219
0.00000000000000000000 0.07894713050712991176
0.00000000000000000000 0.07918246692167282830
0.00000000000000000000 0.07933901502188375754
0.00000000000000000000 0.07945278405898099916
0.00000000000000000000 0.07956604441334524935
0.00000000000000000000 0.07959583884762957973
0.00000000000000000000 0.07984969261118826656
0.00000000000000000000 0.08007750125845233824
0.00000000000000000000 0.08039458100768548388
0.00000000000000000000 0.08043207199741486679
0.00000000000000000000 0.08043601634364533348
0.00000000000000000000 0.08053604688520965560
0.00000000000000000000 0.08060588306030155858
0.00000000000000000000 0.08113229513652710223
0.00000000000000000000 0.08135679860169048316
0.00000000000000000000 0.08135927718831645339
0.00000000000000000000 0.08136870867988967027
0.00000000000000000000 0.08159114894885730052
0.00000000000000000000 0.08161198819558623807
0.00000000000000000000 0.08184163634834548673
0.00000000000000000000 0.08217568078443274193
0.00000000000000000000 0.08249368204967132134
0.00000000000000000000 0.08290109520848513991
0.00000000000000000000 0.08293667219116551692
0.00000000000000000000 0.08295358288740516117
0.00000000000000000000 0.08316909776680100896
0.00000000000000000000 0.08332663980799787096
0.00000000000000000000 0.08366135514922419525
0.00000000000000000000 0.08369007471154524258
0.00000000000000000000 0.08385197081223848270
0.00000000000000000000 0.08395359038777017169
0.00000000000000000000 0.08402581009798902600
0.00000000000000000000 0.08405646389540907815
0.00000000000000000000 0.08406619736217699201
0.00000000000000000000 0.08410892701860163412
0.00000000000000000000 0.08414193365448909001
0.00000000000000000000 0.08432925473619304335
0.00000000000000000000 0.08439395028914595254
0.00000000000000000000 0.08456855975911806156
0.00000000000000000000 0.08510411622489554018
0.00000000000000000000 0.08523025600503149335
0.00000000000000000000 0.08533976388463983265
0.00000000000000000000 0.08536619388503427497
0.00000000000000000000 0.08541939468121931278
0.00000000000000000000 0.08545652464372281709
0.00000000000000000000 0.08584867913801028094
0.00000000000000000000 0.08596745361532677487
0.00000000000000000000 0.08611335722322127628
0.00000000000000000000 0.08611401171837809732
0.00000000000000000000 0.08629838868334896440
0.00000000000000000000 0.08647028369125656089
0.00000000000000000000 0.08676432852478810354
0.00000000000000000000 0.08684069804516672542
0.00000000000000000000 0.08699802797811471977
0.00000000000000000000 0.08703968746642014309
0.00000000000000000000 0.08725911014939775889
0.00000000000000000000 0.08774825706072904297
0.00000000000000000000 0.08784442178241458343
0.00000000000000000000 0.08825101026831520812
0.00000000000000000000 0.08842828747607014983
0.00000000000000000000 0.08846666008858497521
0.00000000000000000000 0.08849928441113941169
0.00000000000000000000 0.08878107802734286347
0.00000000000000000000 0.08879772768713828368
0.00000000000000000000 0.08885988916552067796
0.00000000000000000000 0.08906575672920188924
0.00000000000000000000 0.08926123308709532633
0.00000000000000000000 0.08935471267802755357
0.00000000000000000000 0.08935865999078509980
0.00000000000000000000 0.08943536790499734268
0.00000000000000000000 0.08977130877898074901
0.00000000000000000000 0.08986136551441666065
0.00000000000000000000 0.08991366234325985640
0.00000000000000000000 0.09010891167329806994
0.00000000000000000000 0.09016728285815257815
0.00000000000000000000 0.09025879998926576719
0.00000000000000000000 0.09038329210250112267
0.00000000000000000000 0.09038717802529888656
0.00000000000000000000 0.09043512178214639652
0.00000000000000000000 0.09083447646941912590
0.00000000000000000000 0.09087557075993231426
0.00000000000000000000 0.09089779697375330314
0.00000000000000000000 0.09089848291019794746
0.00000000000000000000 0.09110430098172656033
0.00000000000000000000 0.09147588799794456604
0.00000000000000000000 0.09157126346178807996
0.00000000000000000000 0.09178878875758700318
0.00000000000000000000 0.09209096966507025750
0.00000000000000000000 0.09223405113257265864
0.00000000000000000000 0.09231505080910891448
0.00000000000000000000 0.09237539315837421661
0.00000000000000000000 0.09251816262945118663
0.00000000000000000000 0.09254453810692889193
0.00000000000000000000 0.09266000551495681692
0.00000000000000000000 0.09296420433215960011
0.00000000000000000000 0.09315094569731185992
0.00000000000000000000 0.09358211677022616748
0.00000000000000000000 0.09363559086205001936
0.00000000000000000000 0.09384852187506076415
0.00000000000000000000 0.09400021520902092365
0.00000000000000000000 0.09426376105643287373
0.00000000000000000000 0.09438281046557910059
0.00000000000000000000 0.09449135871630214012
0.00000000000000000000 0.09451839588035863826
0.00000000000000000000 0.09463511916072195329
0.00000000000000000000 0.09558966103617538845
0.00000000000000000000 0.09571236444820621636
0.00000000000000000000 0.09572862557839950659
0.00000000000000000000 0.09591906108855817459
0.00000000000000000000 0.09609463515887779750
0.00000000000000000000 0.09611977579166500196
0.00000000000000000000 0.09647232477374984017
0.00000000000000000000 0.09664076848198978331
0.00000000000000000000 0.09672316647659488786
0.00000000000000000000 0.09674672620316164540
0.00000000000000000000 0.09677084767920401953
0.00000000000000000000 0.09700183439096397853
0.00000000000000000000 0.09702134524459306297
0.00000000000000000000 0.09706809717383410585
0.00000000000000000000 0.09735296360859869991
0.00000000000000000000 0.09748683796289406289
0.00000000000000000000 0.09754588365789022830
0.00000000000000000000 0.09776476535066312701
0.00000000000000000000 0.09776619677533907038
0.00000000000000000000 0.09791262852812598894
0.00000000000000000000 0.09812657133006114085
0.00000000000000000000 0.09842212053863093335
0.00000000000000000000 0.09846377279600672383
0.00000000000000000000 0.09859558898380155201
0.00000000000000000000 0.09859930900352596728
0.00000000000000000000 0.09862779400127340279
0.00000000000000000000 0.09888179642583187767
0.00000000000000000000 0.09888633497113559490
0.00000000000000000000 0.09927391314666414446
0.00000000000000000000 0.09943460339341589349
0.00000000000000000000 0.09948766190119875952
0.00000000000000000000 0.09949723404197631516
0.00000000000000000000 0.09949790324779085593
0.00000000000000000000 0.09980624919296143815
0.00000000000000000000 0.10007302877770202221
0.00000000000000000000 0.10020230086585121820
0.00000000000000000000 0.10029377701670309786
0.00000000000000000000 0.10092911526056919103
0.00000000000000000000 0.10112660197288035613
0.00000000000000000000 0.10141901922610285780
0.00000000000000000000 0.10158739955080613171
0.00000000000000000000 0.10208460664512526705
0.00000000000000000000 0.10289745698953164932
0.00000000000000000000 0.10306182124363309771
0.00000000000000000000 0.10309949804589473021
0.00000000000000000000 0.10310249569519490398
0.00000000000000000000 0.10310456311504523352
0.00000000000000000000 0.10314190797895007867
0.00000000000000000000 0.10329584184951741410
0.00000000000000000000 0.10347959688013713686
0.00000000000000000000 0.10353471353608494077
0.00000000000000000000 0.10363098842598640614
0.00000000000000000000 0.10470005729247004733
0.00000000000000000000 0.10476195266777436899
0.00000000000000000000 0.10481723825803299088
0.00000000000000000000 0.10485871808383383230
0.00000000000000000000 0.10489991157020711610
0.00000000000000000000 0.10492369584452850007
0.00000000000000000000 0.10518178685154444540
0.00000000000000000000 0.10536326225418235492
0.00000000000000000000 0.10537304346838011204
0.00000000000000000000 0.10552763565697705073
0.00000000000000000000 0.10559939163063516987
0.00000000000000000000 0.10568145233761842838
0.00000000000000000000 0.10584882361072471546
0.00000000000000000000 0.10597872794349412484
0.00000000000000000000 0.10609789094095893602
0.00000000000000000000 0.10623207391625569262
0.00000000000000000000 0.10639754600017457820
0.00000000000000000000 0.10641720879781411957
0.00000000000000000000 0.10657244582081656925
0.00000000000000000000 0.10702329743836594411
0.00000000000000000000 0.10705124695956046155
0.00000000000000000000 0.10713769811486698047
0.00000000000000000000 0.10724432538478323451
0.00000000000000000000 0.10728935266621114630
0.00000000000000000000 0.10790625121167782274
0.00000000000000000000 0.10793528686259092064
0.00000000000000000000 0.10800855477431815788
0.00000000000000000000 0.10831038606788104262
0.00000000000000000000 0.10845582685739221795
0.00000000000000000000 0.10858730263653808279
0.00000000000000000000 0.10894440156574647371
0.00000000000000000000 0.10897569684540241164
0.00000000000000000000 0.10912424713099341811
0.00000000000000000000 0.10917900688774329065
0.00000000000000000000 0.11003923435295699662
0.00000000000000000000 0.11019959216305796890
0.00000000000000000000 0.11076912207850693470
0.00000000000000000000 0.11115708226234936873
0.00000000000000000000 0.11125933349115404991
0.00000000000000000000 0.11135411436366494942
0.00000000000000000000 0.11212591225026370678
0.00000000000000000000 0.11271954552999495502
0.00000000000000000000 0.11294574591461678525
0.00000000000000000000 0.11299004336751478084
0.00000000000000000000 0.11313279667726075517
0.00000000000000000000 0.11335906667104114764
0.00000000000000000000 0.11351357738126476027
0.00000000000000000000 0.11397280989217688230
0.00000000000000000000 0.11397346927140730721
0.00000000000000000000 0.11404301719021421591
0.00000000000000000000 0.11415160659072373650
0.00000000000000000000 0.11417686920223343860
0.00000000000000000000 0.11428259464889611863
0.00000000000000000000 0.11448892777534841469
0.00000000000000000000 0.11459974973775984008
0.00000000000000000000 0.11492406521776366013
0.00000000000000000000 0.11503358910634903234
0.00000000000000000000 0.11610673299672374936
0.00000000000000000000 0.11634527601144423192
0.00000000000000000000 0.11634636222280367313
0.00000000000000000000 0.11638892098520126073
0.00000000000000000000 0.11668221388778941827
0.00000000000000000000 0.11710247607971512041
0.00000000000000000000 0.11712037572080251369
0.00000000000000000000 0.11772138386780356401
0.00000000000000000000 0.11909016105780463601
0.00000000000000000000 0.11944391148811012160
0.00000000000000000000 0.11948657412926029509
0.00000000000000000000 0.11991942427958471318
0.00000000000000000000 0.12030513089228525581
0.00000000000000000000 0.12055049174985528471
0.00000000000000000000 0.12059964265771876135
0.00000000000000000000 0.12062543547476066441
0.00000000000000000000 0.12067806288984493646
0.00000000000000000000 0.12108153664183989029
0.00000000000000000000 0.12108476835831888385
0.00000000000000000000 0.12124977514182973259
0.00000000000000000000 0.12174006747688730090
0.00000000000000000000 0.12262946409652306090
0.00000000000000000000 0.12295506048763496509
0.00000000000000000000 0.12307932458693082722
0.00000000000000000000 0.12378048844641278969
0.00000000000000000000 0.12381079626600478838
0.00000000000000000000 0.12388121335936982947
0.00000000000000000000 0.12442731975470250338
0.00000000000000000000 0.12492739278444604800
0.00000000000000000000 0.12492836945347912669
0.00000000000000000000 0.12540883369384170365
0.00000000000000000000 0.12635159138733076389
0.00000000000000000000 0.12698744654611662797
0.00000000000000000000 0.12714169402080580107
0.00000000000000000000 0.12746118315704599300
0.00000000000000000000 0.12751362410578870321
0.00000000000000000000 0.12753573181270821957
0.00000000000000000000 0.12757057902951890460
0.00000000000000000000 0.12769663150448465339
0.00000000000000000000 0.12801494938468932494
0.00000000000000000000 0.12808360433335275186
0.00000000000000000000 0.12875831662538006483
0.00000000000000000000 0.12996656128634587191
0.00000000000000000000 0.13032134675562065396
0.00000000000000000000 0.13032571686843807957
0.00000000000000000000 0.13063643898189072901
0.00000000000000000000 0.13091583849486881919
0.00000000000000000000 0.13164786405106981837
0.00000000000000000000 0.13259940342097889521
0.00000000000000000000 0.13295701055721406703
0.00000000000000000000 0.13333451970365642336
0.00000000000000000000 0.13335123641166149455
0.00000000000000000000 0.13417301820928945189
0.00000000000000000000 0.13530668210889085223
0.00000000000000000000 0.13679836888616830892
0.00000000000000000000 0.13791861128056470687
0.00000000000000000000 0.13840687292042866408
0.00000000000000000000 0.13853546284301601621
0.00000000000000000000 0.13947477566059918175
0.00000000000000000000 0.13951541961907798495
0.00000000000000000000 0.14021139852212091692
0.00000000000000000000 0.14206490473446331535
0.00000000000000000000 0.14216051056493056448
0.00000000000000000000 0.14228152978920302618
0.00000000000000000000 0.14344842126056109310
0.00000000000000000000 0.14922371478164622727
0.00000000000000000000 0.14955850697032027630
0.00000000000000000000 0.14963880911413920960
0.00000000000000000000 0.14967424017151750859
0.00000000000000000000 0.15113887897788835790
0.00000000000000000000 0.15327372437077405043
0.00000000000000000000 0.15410395713469279833
0.00000000000000000000 0.15430545996243871798
0.00000000000000000000 0.15528322404052846695
0.00000000000000000000 0.16257479550248940536
0.00000000000000000000 0.16686030103076998632
0.00000000000000000000 1.73205080756887719318
