0.00000000000000000000 0.01981416078901681449
0.00000000000000000000 0.02670068111716106252
0.00000000000000000000 0.02901491978007492839
0.00000000000000000000 0.02980808376344119132
0.00000000000000000000 0.03318755049405085894
0.00000000000000000000 0.03318792331599016571
0.00000000000000000000 0.03322477052722062202
0.00000000000000000000 0.03333218753342678808
0.00000000000000000000 0.03479192577599927311
0.00000000000000000000 0.03565472537215938487
0.00000000000000000000 0.03680355265049144176
0.00000000000000000000 0.03855515232331654246
0.00000000000000000000 0.03984021981445880906
0.00000000000000000000 0.04120918198588763293
0.00000000000000000000 0.04295984932497393799
0.00000000000000000000 0.04476732968554347769
0.00000000000000000000 0.04509604909963358527
0.00000000000000000000 0.04514132868245274849
0.00000000000000000000 0.04582660935494396043
0.00000000000000000000 0.04583964336967296521
0.00000000000000000000 0.04635800336006552086
0.00000000000000000000 0.04751348543925783957
0.00000000000000000000 0.04819521711546268655
0.00000000000000000000 0.04841020691943190984
0.00000000000000000000 0.04885320913898744122
0.00000000000000000000 0.04929917597363047549
0.00000000000000000000 0.04947119545551811187
0.00000000000000000000 0.04963094255693475954
0.00000000000000000000 0.05019254752603584391
0.00000000000000000000 0.05097154908176431548
0.00000000000000000000 0.05119574418423499668
0.00000000000000000000 0.05122489001864510144
0.00000000000000000000 0.05123356632684348405
0.00000000000000000000 0.05271556215976894166
0.00000000000000000000 0.05276663611061949838
0.00000000000000000000 0.05290879969609327271
0.00000000000000000000 0.05327080239582734911
0.00000000000000000000 0.05343521735105045967
0.00000000000000000000 0.05345474693586150378
0.00000000000000000000 0.05399540866883185963
0.00000000000000000000 0.05418885051327427399
0.00000000000000000000 0.05488730993840199024
0.00000000000000000000 0.05513791574600949291
0.00000000000000000000 0.05621954892704147944
0.00000000000000000000 0.05652216070779685075
0.00000000000000000000 0.05681070404512906374
0.00000000000000000000 0.05805307847388811726
0.00000000000000000000 0.05923236232906759630
0.00000000000000000000 0.05939207924243897901
0.00000000000000000000 0.05959888204476631451
0.00000000000000000000 0.05994254402769252227
0.00000000000000000000 0.06061421014412922414
0.00000000000000000000 0.06079771536021982836
0.00000000000000000000 0.06097974474732370531
0.00000000000000000000 0.06143666694273625106
0.00000000000000000000 0.06147537786968538392
0.00000000000000000000 0.06211446798924209062
0.00000000000000000000 0.06219890127749527070
0.00000000000000000000 0.06308282394918451885
0.00000000000000000000 0.06458505510804733729
0.00000000000000000000 0.06463010637782340417
0.00000000000000000000 0.06550260371684228644
0.00000000000000000000 0.06590952711480183024
0.00000000000000000000 0.06591427099244506760
0.00000000000000000000 0.06736388857252968709
0.00000000000000000000 0.06743017477794047143
0.00000000000000000000 0.06773324501765247418
0.00000000000000000000 0.06774887846506490174
0.00000000000000000000 0.06779001534478558411
0.00000000000000000000 0.06818793283321079868
0.00000000000000000000 0.07028247237805096415
0.00000000000000000000 0.07050244797991218892
0.00000000000000000000 0.07053299635766475950
0.00000000000000000000 0.07069664858641432070
0.00000000000000000000 0.07079094037980647458
0.00000000000000000000 0.07105656849106860296
0.00000000000000000000 0.07121815383732624238
0.00000000000000000000 0.07200170585344363439
0.00000000000000000000 0.07259645397897633579
0.00000000000000000000 0.07272236117678655687
0.00000000000000000000 0.07301331053015087946
0.00000000000000000000 0.07330850963221874350
0.00000000000000000000 0.07381422024065258103
0.00000000000000000000 0.07381500540954973044
0.00000000000000000000 0.07389844221157298998
0.00000000000000000000 0.07399537890444492227
0.00000000000000000000 0.07409421172276035861
0.00000000000000000000 0.07503223861856891941
0.00000000000000000000 0.07588751312382863157
0.00000000000000000000 0.07639840015809910845
0.00000000000000000000 0.07679540076957434847
0.00000000000000000000 0.07702320743122509361
0.00000000000000000000 0.07749816217136988594
0.00000000000000000000 0.07770889886883397546
0.00000000000000000000 0.07777637517819292745
0.00000000000000000000 0.07828620213635831271
0.00000000000000000000 0.07830316956969762821
0.00000000000000000000 0.07882657167441547985
0.00000000000000000000 0.07913399184321326385
0.00000000000000000000 0.07945095479708177977
0.00000000000000000000 0.07956509322819974028
0.00000000000000000000 0.07967560508404920860
0.00000000000000000000 0.08042928346586672439
0.00000000000000000000 0.08103347512781126916
0.00000000000000000000 0.08111327939956354538
0.00000000000000000000 0.08114287013046779518
0.00000000000000000000 0.08168193584086175241
0.00000000000000000000 0.08186486169483117581
0.00000000000000000000 0.08212980254558133186
0.00000000000000000000 0.08284860424898486675
0.00000000000000000000 0.08340203709348317784
0.00000000000000000000 0.08418121247777270166
0.00000000000000000000 0.08490095388327843773
0.00000000000000000000 0.08498795355553993847
0.00000000000000000000 0.08505609929820226456
0.00000000000000000000 0.08594540685704493699
0.00000000000000000000 0.08602646963657807622
0.00000000000000000000 0.08605477339997005815
0.00000000000000000000 0.08700536794096197513
0.00000000000000000000 0.08745216487282465867
0.00000000000000000000 0.08791744152204467033
0.00000000000000000000 0.08872616922909030979
0.00000000000000000000 0.08914256801715378375
0.00000000000000000000 0.08945611697557283304
0.00000000000000000000 0.08993537110152804992
0.00000000000000000000 0.09042191632502906418
0.00000000000000000000 0.09064938749578262123
0.00000000000000000000 0.09094302380865490476
0.00000000000000000000 0.09105112344020047099
0.00000000000000000000 0.09118379829192391206
0.00000000000000000000 0.09120425820681309081
0.00000000000000000000 0.09123263864635122733
0.00000000000000000000 0.09154723594872771208
0.00000000000000000000 0.09163744077966283486
0.00000000000000000000 0.09217820224537519314
0.00000000000000000000 0.09219454154836802251
0.00000000000000000000 0.09244391931960382891
0.00000000000000000000 0.09256921011607371907
0.00000000000000000000 0.09265288250217672272
0.00000000000000000000 0.09266011608792461274
0.00000000000000000000 0.09269064733444565274
0.00000000000000000000 0.09281515348071350813
0.00000000000000000000 0.09301193524774729882
0.00000000000000000000 0.09318586687409834146
0.00000000000000000000 0.09343625168064707831
0.00000000000000000000 0.09356491873149642979
0.00000000000000000000 0.09402126573039819302
0.00000000000000000000 0.09443390521999373011
0.00000000000000000000 0.09451349131301613193
0.00000000000000000000 0.09472652911068861481
0.00000000000000000000 0.09478130962177770680
0.00000000000000000000 0.09478615549618849001
0.00000000000000000000 0.09499172640101583021
0.00000000000000000000 0.09505351550601115473
0.00000000000000000000 0.09508335791606727094
0.00000000000000000000 0.09526121064106758685
0.00000000000000000000 0.09632635610356958533
0.00000000000000000000 0.09727126708932018473
0.00000000000000000000 0.09731704475500571605
0.00000000000000000000 0.09757140184815057959
0.00000000000000000000 0.09772213600910528708
0.00000000000000000000 0.09811069609780527501
0.00000000000000000000 0.09839516191468088147
0.00000000000000000000 0.09885148275450007793
0.00000000000000000000 0.09913348272909515424
0.00000000000000000000 0.09946290731766302406
0.00000000000000000000 0.09949965584728015511
0.00000000000000000000 0.09967774973256286752
0.00000000000000000000 0.09967806191383279946
0.00000000000000000000 0.09975018765792981190
0.00000000000000000000 0.09983611611529863428
0.00000000000000000000 0.10030552905975019529
0.00000000000000000000 0.10049552114777715595
0.00000000000000000000 0.10050770256047128481
0.00000000000000000000 0.10075677516593684047
0.00000000000000000000 0.10075798540108903134
0.00000000000000000000 0.10087792154281624568
0.00000000000000000000 0.10088079444803833840
0.00000000000000000000 0.10136765524374478920
0.00000000000000000000 0.10139240523389080051
0.00000000000000000000 0.10144248002188857583
0.00000000000000000000 0.10155895044460484800
0.00000000000000000000 0.10157085464579745926
0.00000000000000000000 0.10160135810307079074
0.00000000000000000000 0.10202365016872882997
0.00000000000000000000 0.10203160244089941322
0.00000000000000000000 0.10226192986036240773
0.00000000000000000000 0.10234522911372213871
0.00000000000000000000 0.10245680012365188105
0.00000000000000000000 0.10252269473049678561
0.00000000000000000000 0.10258528718322179607
0.00000000000000000000 0.10319189475037751635
0.00000000000000000000 0.10329652604180676601
0.00000000000000000000 0.10349475476619914016
0.00000000000000000000 0.10351730580777154800
0.00000000000000000000 0.10408535390486653438
0.00000000000000000000 0.10415371676666493328
0.00000000000000000000 0.10459283029459660874
0.00000000000000000000 0.10462288900991628671
0.00000000000000000000 0.10477019850024406333
0.00000000000000000000 0.10480173330266116805
0.00000000000000000000 0.10506718516538110508
0.00000000000000000000 0.10532676274880678480
0.00000000000000000000 0.10567011581187218949
0.00000000000000000000 0.10577910259121908743
0.00000000000000000000 0.10589865678732247878
0.00000000000000000000 0.10592506274212354356
0.00000000000000000000 0.10628541606629195171
0.00000000000000000000 0.10650080359229617544
0.00000000000000000000 0.10653885061120964284
0.00000000000000000000 0.10678175224489898365
0.00000000000000000000 0.10686668396560997096
0.00000000000000000000 0.10698259010184189843
0.00000000000000000000 0.10741385033080107225
0.00000000000000000000 0.10745818262969053514
0.00000000000000000000 0.10775250801150225433
0.00000000000000000000 0.10786437182238597932
0.00000000000000000000 0.10799278173619664134
0.00000000000000000000 0.10838985161697207993
0.00000000000000000000 0.10839913606389683931
0.00000000000000000000 0.10851293534438549715
0.00000000000000000000 0.10883742446908530044
0.00000000000000000000 0.10928288564574516195
0.00000000000000000000 0.10977954085331644019
0.00000000000000000000 0.10982975850201194545
0.00000000000000000000 0.10990118419611820400
0.00000000000000000000 0.10993671965145643266
0.00000000000000000000 0.11006465793059758140
0.00000000000000000000 0.11013125547015872874
0.00000000000000000000 0.11026309780894606727
0.00000000000000000000 0.11031799297170108431
0.00000000000000000000 0.11032304992874060467
0.00000000000000000000 0.11036447544345244498
0.00000000000000000000 0.11059469743165734057
0.00000000000000000000 0.11100542652944694888
0.00000000000000000000 0.11103755940563693472
0.00000000000000000000 0.11117717527315365555
0.00000000000000000000 0.11122414463390689621
0.00000000000000000000 0.11159752724471393159
0.00000000000000000000 0.11166411829057246163
0.00000000000000000000 0.11172070392794145044
0.00000000000000000000 0.11187980616831093295
0.00000000000000000000 0.11208413256522849200
0.00000000000000000000 0.11222474672653812156
0.00000000000000000000 0.11293282236663886031
0.00000000000000000000 0.11300238555609849744
0.00000000000000000000 0.11319035740501935672
0.00000000000000000000 0.11341439208411335793
0.00000000000000000000 0.11348519961331599015
0.00000000000000000000 0.11353965288178420601
0.00000000000000000000 0.11382614755209925772
0.00000000000000000000 0.11387911278558855710
0.00000000000000000000 0.11400107093957227711
0.00000000000000000000 0.11450885794939637263
0.00000000000000000000 0.11452172258774377667
0.00000000000000000000 0.11457406380563146808
0.00000000000000000000 0.11485186015871438892
0.00000000000000000000 0.11498171637588967819
0.00000000000000000000 0.11499190885964348519
0.00000000000000000000 0.11571209220128958473
0.00000000000000000000 0.11602431918560814073
0.00000000000000000000 0.11715602659544406550
0.00000000000000000000 0.11726523011747923275
0.00000000000000000000 0.11750554452213159140
0.00000000000000000000 0.11773197755255636332
0.00000000000000000000 0.11801347511014263769
0.00000000000000000000 0.11845138891404850823
0.00000000000000000000 0.11861884707434570962
0.00000000000000000000 0.11863303832389067438
0.00000000000000000000 0.11869832712242338324
0.00000000000000000000 0.11873758310074181144
0.00000000000000000000 0.11889609468898651445
0.00000000000000000000 0.11947857221578597753
0.00000000000000000000 0.11997166129033758064
0.00000000000000000000 0.12001486495206716010
0.00000000000000000000 0.12014484321400641098
0.00000000000000000000 0.12025374853627646132
0.00000000000000000000 0.12035491563492274614
0.00000000000000000000 0.12092027570890025168
0.00000000000000000000 0.12100574105020231452
0.00000000000000000000 0.12103361626102958348
0.00000000000000000000 0.12103668452015353685
0.00000000000000000000 0.12115726548198216261
0.00000000000000000000 0.12122002064968971646
0.00000000000000000000 0.12126367955982123026
0.00000000000000000000 0.12129394734051948679
0.00000000000000000000 0.12161694157596930621
0.00000000000000000000 0.12165367373426264064
0.00000000000000000000 0.12187881473395648091
0.00000000000000000000 0.12233785400165868296
0.00000000000000000000 0.12240574721899177835
0.00000000000000000000 0.12267721034508752287
0.00000000000000000000 0.12272115565418430239
0.00000000000000000000 0.12308652336601677568
0.00000000000000000000 0.12313267956492381094
0.00000000000000000000 0.12331837947780607823
0.00000000000000000000 0.12337530489911117948
0.00000000000000000000 0.12380153907074412101
0.00000000000000000000 0.12407464611874780003
0.00000000000000000000 0.12425163037463639315
0.00000000000000000000 0.12432536258691376241
0.00000000000000000000 0.12445771810097751298
0.00000000000000000000 0.12595489674019008652
0.00000000000000000000 0.12665956162934943752
0.00000000000000000000 0.12668083735794255507
0.00000000000000000000 0.12708057382123483237
0.00000000000000000000 0.12717250231562224339
0.00000000000000000000 0.12722130995863353831
0.00000000000000000000 0.12735967615265797459
0.00000000000000000000 0.12738104454105519947
0.00000000000000000000 0.12785017764468617485
0.00000000000000000000 0.12793240660581176038
0.00000000000000000000 0.12794723863655418916
0.00000000000000000000 0.12803939322809837487
0.00000000000000000000 0.12807739266391235389
0.00000000000000000000 0.12857076558661292842
0.00000000000000000000 0.12873128800059319143
0.00000000000000000000 0.12900404470939136337
0.00000000000000000000 0.12900824823509515760
0.00000000000000000000 0.12945978815909198190
0.00000000000000000000 0.12948153629881092863
0.00000000000000000000 0.12989473221346961584
0.00000000000000000000 0.13017542018870853493
0.00000000000000000000 0.13036775088269206280
0.00000000000000000000 0.13052700143586906667
0.00000000000000000000 0.13072352287244118352
0.00000000000000000000 0.13133288205797069570
0.00000000000000000000 0.13175701207337078835
0.00000000000000000000 0.13224129398739539742
0.00000000000000000000 0.13229560054987793416
0.00000000000000000000 0.13257763400771482853
0.00000000000000000000 0.13258449615160694535
0.00000000000000000000 0.13279841813432488595
0.00000000000000000000 0.13375227359858080090
0.00000000000000000000 0.13408998526168550147
0.00000000000000000000 0.13434673933431154347
0.00000000000000000000 0.13515478874316050328
0.00000000000000000000 0.13531568189112933021
0.00000000000000000000 0.13542723580827245589
0.00000000000000000000 0.13577232745476391917
0.00000000000000000000 0.13579792817189412224
0.00000000000000000000 0.13581458488099609760
0.00000000000000000000 0.13605184035932268993
0.00000000000000000000 0.13703519003566730361
0.00000000000000000000 0.13741874885532406880
0.00000000000000000000 0.13745592888631524842
0.00000000000000000000 0.13800919524577348607
0.00000000000000000000 0.13803556959204910104
0.00000000000000000000 0.13813350128322801624
0.00000000000000000000 0.13838478381285085339
0.00000000000000000000 0.13852532531357197865
0.00000000000000000000 0.13865243027529883246
0.00000000000000000000 0.13882767438967258400
0.00000000000000000000 0.13908712781649998358
0.00000000000000000000 0.13933477013364606312
0.00000000000000000000 0.14038727942538536952
0.00000000000000000000 0.14099984738201118417
0.00000000000000000000 0.14108200203078086199
0.00000000000000000000 0.14111744985828644783
0.00000000000000000000 0.14116985794098640961
0.00000000000000000000 0.14126806458583024417
0.00000000000000000000 0.14178189536492516454
0.00000000000000000000 0.14202524272148794870
0.00000000000000000000 0.14231349659734848778
0.00000000000000000000 0.14263305754686195215
0.00000000000000000000 0.14276026683118905880
0.00000000000000000000 0.14309415131073771610
0.00000000000000000000 0.14315901334515621079
0.00000000000000000000 0.14343200793009844296
0.00000000000000000000 0.14425464005529875511
0.00000000000000000000 0.14449985615832411368
0.00000000000000000000 0.14485074539256501125
0.00000000000000000000 0.14527077650804753883
0.00000000000000000000 0.14664506737155943994
0.00000000000000000000 0.14692924361307418968
0.00000000000000000000 0.14774161382692690969
0.00000000000000000000 0.14803923491832227111
0.00000000000000000000 0.14836826085056767366
0.00000000000000000000 0.14849959364788076210
0.00000000000000000000 0.14871817854649421742
0.00000000000000000000 0.14894140747588097140
0.00000000000000000000 0.14894356272667641505
0.00000000000000000000 0.14902608273468215261
0.00000000000000000000 0.14931766506833374364
0.00000000000000000000 0.14937471226280785164
0.00000000000000000000 0.14980888938627928697
0.00000000000000000000 0.14998491771072552936
0.00000000000000000000 0.15003329038297019693
0.00000000000000000000 0.15028596977115890598
0.00000000000000000000 0.15051388347758046238
0.00000000000000000000 0.15067991390939405871
0.00000000000000000000 0.15117433427435092441
0.00000000000000000000 0.15209590283349239126
0.00000000000000000000 0.15211497482105620915
0.00000000000000000000 0.15211530642271231528
0.00000000000000000000 0.15222277507183476497
0.00000000000000000000 0.15228274380536427346
0.00000000000000000000 0.15232580058335343232
0.00000000000000000000 0.15282786634015235738
0.00000000000000000000 0.15300918501622853829
0.00000000000000000000 0.15344554412602870452
0.00000000000000000000 0.15375729685294037274
0.00000000000000000000 0.15461302064630544351
0.00000000000000000000 0.15461373274277021017
0.00000000000000000000 0.15512329315640352445
0.00000000000000000000 0.15529063572200513255
0.00000000000000000000 0.15605390700892829425
0.00000000000000000000 0.15616278235107794448
0.00000000000000000000 0.15633418233148624332
0.00000000000000000000 0.15656060239976682391
0.00000000000000000000 0.15673498486874773428
0.00000000000000000000 0.15728347330274933258
0.00000000000000000000 0.15736261888483249471
0.00000000000000000000 0.15761130599060210744
0.00000000000000000000 0.15780692248810099243
0.00000000000000000000 0.15782865280172395095
0.00000000000000000000 0.15792956837213581456
0.00000000000000000000 0.15836837436864573125
0.00000000000000000000 0.15840056723071183065
0.00000000000000000000 0.15992553010497770338
0.00000000000000000000 0.15998105501509626847
0.00000000000000000000 0.16036587862781084834
0.00000000000000000000 0.16112657260576468410
0.00000000000000000000 0.16116321672000155640
0.00000000000000000000 0.16120977824353410757
0.00000000000000000000 0.16124205437880642644
0.00000000000000000000 0.16133499720472807559
0.00000000000000000000 0.16188281884103775110
0.00000000000000000000 0.16233434945075952971
0.00000000000000000000 0.16251499016009854359
0.00000000000000000000 0.16272986948336232160
0.00000000000000000000 0.16285835750244026521
0.00000000000000000000 0.16315360070731652065
0.00000000000000000000 0.16322400289796731854
0.00000000000000000000 0.16325579872484943800
0.00000000000000000000 0.16339768673861856940
0.00000000000000000000 0.16377232015262752074
0.00000000000000000000 0.16400740371097294323
0.00000000000000000000 0.16464890018743000288
0.00000000000000000000 0.16483358545551610175
0.00000000000000000000 0.16494805690226094219
0.00000000000000000000 0.16647771527140006742
0.00000000000000000000 0.16653163683357005698
0.00000000000000000000 0.16672172430563408918
0.00000000000000000000 0.16722654754508545216
0.00000000000000000000 0.16751638058745835225
0.00000000000000000000 0.16784892923589264657
0.00000000000000000000 0.16858448368028455810
0.00000000000000000000 0.16922611464304479489
0.00000000000000000000 0.16932154011660915938
0.00000000000000000000 0.16946103883846469484
0.00000000000000000000 0.17038688962223197398
0.00000000000000000000 0.17074707474223285719
0.00000000000000000000 0.17104100386322651506
0.00000000000000000000 0.17107230890132413270
0.00000000000000000000 0.17127898654846221427
0.00000000000000000000 0.17148455266465317814
0.00000000000000000000 0.17155957822129686008
0.00000000000000000000 0.17166425882382979617
0.00000000000000000000 0.17248763176873904701
0.00000000000000000000 0.17402378937149842741
0.00000000000000000000 0.17412841223923605782
0.00000000000000000000 0.17417597016552166522
0.00000000000000000000 0.17587630196918407899
0.00000000000000000000 0.17708539631405817438
0.00000000000000000000 0.17752360502251676722
0.00000000000000000000 0.17784810363830871882
0.00000000000000000000 0.17871798086697029961
0.00000000000000000000 0.17945607577540625965
0.00000000000000000000 0.17965294905871784237
0.00000000000000000000 0.18041736009803058249
0.00000000000000000000 0.18051937698713765856
0.00000000000000000000 0.18107096718610435349
0.00000000000000000000 0.18130479244371766612
0.00000000000000000000 0.18168160369456834435
0.00000000000000000000 0.18622598431432205168
0.00000000000000000000 0.18807409846179010127
0.00000000000000000000 0.19103262688885555565
0.00000000000000000000 0.19125628819886256182
0.00000000000000000000 0.19142621943580365174
0.00000000000000000000 0.19321964717062078964
0.00000000000000000000 0.19401451716525863755
0.00000000000000000000 0.19447910359885589582
0.00000000000000000000 0.19567875036741352868
0.00000000000000000000 0.19582540725439431806
0.00000000000000000000 0.20299293552235170290
0.00000000000000000000 0.20319425099486632114
0.00000000000000000000 0.20364259913347068642
0.00000000000000000000 0.20405063334125539409
0.00000000000000000000 0.21387455399797750122
0.00000000000000000000 0.21546827045697453107
0.00000000000000000000 0.21703483552186583760
0.00000000000000000000 0.21736745281575164945
0.00000000000000000000 0.21793126500151802083
0.00000000000000000000 0.22651902628285475183
0.00000000000000000000 0.23975936417172075132
0.00000000000000000000 0.24409820045136582101
0.00000000000000000000 0.24980574460630247668
0.00000000000000000000 0.26262183206350497855
0.00000000000000000000 1.73205080756887719318
