0.00000000000000000000 0.01196602264188980497
0.00000000000000000000 0.01320483737260887830
0.00000000000000000000 0.01411186454766614508
0.00000000000000000000 0.01466879692673149146
0.00000000000000000000 0.01587707510464187594
0.00000000000000000000 0.02018836007757256884
0.00000000000000000000 0.02058561488414645951
0.00000000000000000000 0.02067552855268936160
0.00000000000000000000 0.02215143035805979335
0.00000000000000000000 0.02623422112889164590
0.00000000000000000000 0.02663546905415164340
0.00000000000000000000 0.02708134617520242121
0.00000000000000000000 0.02746632298044751966
0.00000000000000000000 0.02815493701312209857
0.00000000000000000000 0.03143252146015779180
0.00000000000000000000 0.03299887720775925709
0.00000000000000000000 0.03443961696358243535
0.00000000000000000000 0.03761528147290431334
0.00000000000000000000 0.03803487062089012244
0.00000000000000000000 0.03817871490514224836
0.00000000000000000000 0.04038361805675807353
0.00000000000000000000 0.04038831576966274428
0.00000000000000000000 0.04146312629274217371
0.00000000000000000000 0.04146714691878556486
0.00000000000000000000 0.04178379159860732411
0.00000000000000000000 0.04301307518440670996
0.00000000000000000000 0.04340871252806386554
0.00000000000000000000 0.04344335917088970600
0.00000000000000000000 0.04547397414053393205
0.00000000000000000000 0.04571372279988374088
0.00000000000000000000 0.04604763157565927578
0.00000000000000000000 0.04681987130387892104
0.00000000000000000000 0.04684368955216702129
0.00000000000000000000 0.04755608183857938653
0.00000000000000000000 0.04814906326041452217
0.00000000000000000000 0.04856490984322596460
0.00000000000000000000 0.04867659362837910286
0.00000000000000000000 0.04922647811246221722
0.00000000000000000000 0.04938059844061557652
0.00000000000000000000 0.04951612525943720200
0.00000000000000000000 0.04983749107232509495
0.00000000000000000000 0.04984931856435104169
0.00000000000000000000 0.04991159680063707998
0.00000000000000000000 0.05034448386011883270
0.00000000000000000000 0.05084977193946699225
0.00000000000000000000 0.05094035638038158648
0.00000000000000000000 0.05167094475589869423
0.00000000000000000000 0.05185548589713458861
0.00000000000000000000 0.05208807977189038041
0.00000000000000000000 0.05209257170404645726
0.00000000000000000000 0.05474597645925568384
0.00000000000000000000 0.05490699219023339323
0.00000000000000000000 0.05507708513730811412
0.00000000000000000000 0.05513316116408755602
0.00000000000000000000 0.05551699799113454098
0.00000000000000000000 0.05611286214729858945
0.00000000000000000000 0.05675396043776945176
0.00000000000000000000 0.05759023158796201108
0.00000000000000000000 0.05853943351160198483
0.00000000000000000000 0.05864120791380243031
0.00000000000000000000 0.05905826840033077951
0.00000000000000000000 0.05926954784420526701
0.00000000000000000000 0.05943000620522412986
0.00000000000000000000 0.05954037182065974321
0.00000000000000000000 0.05965901135657308840
0.00000000000000000000 0.06038410952233947554
0.00000000000000000000 0.06058107413454341672
0.00000000000000000000 0.06063891699777446131
0.00000000000000000000 0.06087641298222638137
0.00000000000000000000 0.06093828685760380864
0.00000000000000000000 0.06107730967382519333
0.00000000000000000000 0.06116932742476508672
0.00000000000000000000 0.06121843298007526718
0.00000000000000000000 0.06132425258525598527
0.00000000000000000000 0.06139589694241679579
0.00000000000000000000 0.06146662002493417237
0.00000000000000000000 0.06150089933876069087
0.00000000000000000000 0.06167215108192009715
0.00000000000000000000 0.06181535200223261389
0.00000000000000000000 0.06209107992393706615
0.00000000000000000000 0.06267345962885542687
0.00000000000000000000 0.06280616329330414305
0.00000000000000000000 0.06299409407562199525
0.00000000000000000000 0.06300535290860406756
0.00000000000000000000 0.06330283428764556242
0.00000000000000000000 0.06340795102474997003
0.00000000000000000000 0.06362272899100122892
0.00000000000000000000 0.06396929155445747750
0.00000000000000000000 0.06399472036609481218
0.00000000000000000000 0.06418251213626578744
0.00000000000000000000 0.06424015391822061882
0.00000000000000000000 0.06424977042066341848
0.00000000000000000000 0.06428465741286203128
0.00000000000000000000 0.06478302383614821525
0.00000000000000000000 0.06484407407950308622
0.00000000000000000000 0.06582298808414629998
0.00000000000000000000 0.06637684029363960514
0.00000000000000000000 0.06663673265606760709
0.00000000000000000000 0.06663997458549790476
0.00000000000000000000 0.06680513648186381381
0.00000000000000000000 0.06699278565291993948
0.00000000000000000000 0.06705727228395648443
0.00000000000000000000 0.06715729832760865270
0.00000000000000000000 0.06743142446259978162
0.00000000000000000000 0.06750506623756165336
0.00000000000000000000 0.06793553792344327047
0.00000000000000000000 0.06818742338118886914
0.00000000000000000000 0.06843362264363669900
0.00000000000000000000 0.06857059921402708369
0.00000000000000000000 0.06879836063880107044
0.00000000000000000000 0.06885202334122002277
0.00000000000000000000 0.06900995103605025993
0.00000000000000000000 0.06901872982270167156
0.00000000000000000000 0.06905541186820200739
0.00000000000000000000 0.06909725782544230699
0.00000000000000000000 0.06909893366500441392
0.00000000000000000000 0.06914468544642142500
0.00000000000000000000 0.06927912467476646241
0.00000000000000000000 0.06948102931621250034
0.00000000000000000000 0.06959210822773462257
0.00000000000000000000 0.06976245027125840825
0.00000000000000000000 0.06998892491117998660
0.00000000000000000000 0.07002418912011983132
0.00000000000000000000 0.07025880574538057033
0.00000000000000000000 0.07043294904412177038
0.00000000000000000000 0.07086489720931835046
0.00000000000000000000 0.07112960807747556458
0.00000000000000000000 0.07166088086436177285
0.00000000000000000000 0.07186011606854568468
0.00000000000000000000 0.07188708117842422529
0.00000000000000000000 0.07249263775529043996
0.00000000000000000000 0.07265872692803097832
0.00000000000000000000 0.07274166601465906212
0.00000000000000000000 0.07281567836153940432
0.00000000000000000000 0.07284440552787649348
0.00000000000000000000 0.07284703782513372861
0.00000000000000000000 0.07286639373718810375
0.00000000000000000000 0.07300610255609459032
0.00000000000000000000 0.07332932723056563573
0.00000000000000000000 0.07346040851382165671
0.00000000000000000000 0.07358562695152003064
0.00000000000000000000 0.07392330010700175202
0.00000000000000000000 0.07404346338293940621
0.00000000000000000000 0.07428694567807792026
0.00000000000000000000 0.07432066309381449298
0.00000000000000000000 0.07463460864405571660
0.00000000000000000000 0.07487675984383684868
0.00000000000000000000 0.07527106964668771327
0.00000000000000000000 0.07649094672662451466
0.00000000000000000000 0.07665231150087238599
0.00000000000000000000 0.07672884692494136294
0.00000000000000000000 0.07685708410447494865
0.00000000000000000000 0.07703226047729956616
0.00000000000000000000 0.07718714750912306077
0.00000000000000000000 0.07723783848310421252
0.00000000000000000000 0.07731274296230611354
0.00000000000000000000 0.07757297716849193003
0.00000000000000000000 0.07769283519850557485
0.00000000000000000000 0.07795026388776528370
0.00000000000000000000 0.07798900229374164383
0.00000000000000000000 0.07822946374335326691
0.00000000000000000000 0.07829794741610331121
0.00000000000000000000 0.07835232464614871883
0.00000000000000000000 0.07841825133851169916
0.00000000000000000000 0.07844626521310736622
0.00000000000000000000 0.07853886561223387408
0.00000000000000000000 0.07858317585341156875
0.00000000000000000000 0.07858940046319269623
0.00000000000000000000 0.07913417771851208316
0.00000000000000000000 0.07917378528737459287
0.00000000000000000000 0.07944606161472211880
0.00000000000000000000 0.07955993163059885132
0.00000000000000000000 0.07971184800156468075
0.00000000000000000000 0.07992225390636899240
0.00000000000000000000 0.08020966222821505898
0.00000000000000000000 0.08039515956967915877
0.00000000000000000000 0.08041990791114780879
0.00000000000000000000 0.08050154117823066224
0.00000000000000000000 0.08050466531131758585
0.00000000000000000000 0.08070488304711080640
0.00000000000000000000 0.08083201417651519893
0.00000000000000000000 0.08097869088792498948
0.00000000000000000000 0.08185258747077228669
0.00000000000000000000 0.08224038722599720519
0.00000000000000000000 0.08234721075534523482
0.00000000000000000000 0.08251429937744583776
0.00000000000000000000 0.08254093769855005980
0.00000000000000000000 0.08257452198145152911
0.00000000000000000000 0.08324676751862418456
0.00000000000000000000 0.08347647715470213337
0.00000000000000000000 0.08355768385513097363
0.00000000000000000000 0.08387610247264071228
0.00000000000000000000 0.08400959847165949401
0.00000000000000000000 0.08406181738749476939
0.00000000000000000000 0.08427728720717474198
0.00000000000000000000 0.08446472364967380630
0.00000000000000000000 0.08454253886586982070
0.00000000000000000000 0.08457811932154353507
0.00000000000000000000 0.08475601936890732324
0.00000000000000000000 0.08476231781900174511
0.00000000000000000000 0.08497041451308827431
0.00000000000000000000 0.08499500076057468767
0.00000000000000000000 0.08502014827452158974
0.00000000000000000000 0.08518185307186935951
0.00000000000000000000 0.08536300188525579313
0.00000000000000000000 0.08571306689297161774
0.00000000000000000000 0.08575547558648365098
0.00000000000000000000 0.08577916838942271915
0.00000000000000000000 0.08600598393831447586
0.00000000000000000000 0.08611814730657529893
0.00000000000000000000 0.08612636290320788146
0.00000000000000000000 0.08629646408623176113
0.00000000000000000000 0.08645901361554551856
0.00000000000000000000 0.08645935762267636937
0.00000000000000000000 0.08671545935767235869
0.00000000000000000000 0.08676415975457907326
0.00000000000000000000 0.08704437657819062701
0.00000000000000000000 0.08705096110235069351
0.00000000000000000000 0.08740437857717799075
0.00000000000000000000 0.08756162857572959146
0.00000000000000000000 0.08763486368481611388
0.00000000000000000000 0.08763807182731729595
0.00000000000000000000 0.08779333999037335079
0.00000000000000000000 0.08797210697887025699
0.00000000000000000000 0.08802365968585011691
0.00000000000000000000 0.08819499337184824594
0.00000000000000000000 0.08820611908675304869
0.00000000000000000000 0.08823626892568460500
0.00000000000000000000 0.08868459088421920544
0.00000000000000000000 0.08897825402168926812
0.00000000000000000000 0.08925920652451994897
0.00000000000000000000 0.08959594050047409164
0.00000000000000000000 0.09012691947513223889
0.00000000000000000000 0.09013387541712201967
0.00000000000000000000 0.09026501150114611682
0.00000000000000000000 0.09039640200944856763
0.00000000000000000000 0.09041522913086719182
0.00000000000000000000 0.09048277560135555009
0.00000000000000000000 0.09077005698075221729
0.00000000000000000000 0.09080906351698955770
0.00000000000000000000 0.09127729039350711282
0.00000000000000000000 0.09134906871149096885
0.00000000000000000000 0.09139348626299124978
0.00000000000000000000 0.09155360126939082743
0.00000000000000000000 0.09179942600534160557
0.00000000000000000000 0.09182816857031177171
0.00000000000000000000 0.09236657933822287059
0.00000000000000000000 0.09254375139827270003
0.00000000000000000000 0.09276802433999740971
0.00000000000000000000 0.09294180981765066962
0.00000000000000000000 0.09301538310484352978
0.00000000000000000000 0.09321765373413287703
0.00000000000000000000 0.09335906778917175963
0.00000000000000000000 0.09351325727689685507
0.00000000000000000000 0.09360479577596814149
0.00000000000000000000 0.09360702715604586610
0.00000000000000000000 0.09366974454124128713
0.00000000000000000000 0.09397876513689215616
0.00000000000000000000 0.09401477793964269081
0.00000000000000000000 0.09407603214510984468
0.00000000000000000000 0.09424847858941715062
0.00000000000000000000 0.09433644305079508241
0.00000000000000000000 0.09458085900260052026
0.00000000000000000000 0.09480630080676212545
0.00000000000000000000 0.09496166011531312345
0.00000000000000000000 0.09514407586355556889
0.00000000000000000000 0.09524183115116599541
0.00000000000000000000 0.09543073610354316227
0.00000000000000000000 0.09580630241744994557
0.00000000000000000000 0.09609787118836836395
0.00000000000000000000 0.09620718691305010783
0.00000000000000000000 0.09622007752719954898
0.00000000000000000000 0.09641253661453304258
0.00000000000000000000 0.09659447255158147561
0.00000000000000000000 0.09661275921954724788
0.00000000000000000000 0.09721369191287645983
0.00000000000000000000 0.09725716675347841067
0.00000000000000000000 0.09738975614356580601
0.00000000000000000000 0.09739547497538070253
0.00000000000000000000 0.09770487505904892900
0.00000000000000000000 0.09770545222579025968
0.00000000000000000000 0.09791782869922882604
0.00000000000000000000 0.09793032393164172178
0.00000000000000000000 0.09799680459944758171
0.00000000000000000000 0.09799746270447305674
0.00000000000000000000 0.09804298096602134804
0.00000000000000000000 0.09813958658041370409
0.00000000000000000000 0.09816396432603906319
0.00000000000000000000 0.09819609327389811071
0.00000000000000000000 0.09837723569561984682
0.00000000000000000000 0.09865593615038364961
0.00000000000000000000 0.09873775718658985012
0.00000000000000000000 0.09879184658073547620
0.00000000000000000000 0.09879758231285361292
0.00000000000000000000 0.09882352875926350699
0.00000000000000000000 0.09922219719215223666
0.00000000000000000000 0.09937037262670184168
0.00000000000000000000 0.09943833195167965655
0.00000000000000000000 0.09948941921548620781
0.00000000000000000000 0.09966392493276361730
0.00000000000000000000 0.09966416243174575085
0.00000000000000000000 0.09979693106413820014
0.00000000000000000000 0.10002731578099810505
0.00000000000000000000 0.10023419130860680704
0.00000000000000000000 0.10041634751293933292
0.00000000000000000000 0.10042506341500041789
0.00000000000000000000 0.10056141308838480175
0.00000000000000000000 0.10060577885320563796
0.00000000000000000000 0.10082208693152143464
0.00000000000000000000 0.10085444347866331927
0.00000000000000000000 0.10085476857332074940
0.00000000000000000000 0.10107374963621390540
0.00000000000000000000 0.10110508403295467850
0.00000000000000000000 0.10120972250794296743
0.00000000000000000000 0.10158148441241900140
0.00000000000000000000 0.10169670330203262054
0.00000000000000000000 0.10185972865065584525
0.00000000000000000000 0.10190962238989617616
0.00000000000000000000 0.10203944881147297696
0.00000000000000000000 0.10207257433852892636
0.00000000000000000000 0.10210782231662426933
0.00000000000000000000 0.10215818315383981552
0.00000000000000000000 0.10237721672243239868
0.00000000000000000000 0.10240990148414222394
0.00000000000000000000 0.10289238479866380516
0.00000000000000000000 0.10294222865212959706
0.00000000000000000000 0.10301897393537036429
0.00000000000000000000 0.10313293056873486242
0.00000000000000000000 0.10341050292045167458
0.00000000000000000000 0.10349530988540472931
0.00000000000000000000 0.10363584445459865513
0.00000000000000000000 0.10365856209714541247
0.00000000000000000000 0.10395486766900588482
0.00000000000000000000 0.10403540353397090767
0.00000000000000000000 0.10411974235892638985
0.00000000000000000000 0.10435520275233696463
0.00000000000000000000 0.10498290581888974904
0.00000000000000000000 0.10505162273540195883
0.00000000000000000000 0.10505856457885670574
0.00000000000000000000 0.10513198880465447760
0.00000000000000000000 0.10538499933322632851
0.00000000000000000000 0.10542096555644252243
0.00000000000000000000 0.10583035575957573660
0.00000000000000000000 0.10586428487330541703
0.00000000000000000000 0.10596758490398634767
0.00000000000000000000 0.10600026600700472590
0.00000000000000000000 0.10620332468464291353
0.00000000000000000000 0.10620601175617265521
0.00000000000000000000 0.10647709603134737633
0.00000000000000000000 0.10656906928972359472
0.00000000000000000000 0.10678636593866284998
0.00000000000000000000 0.10679924988253228224
0.00000000000000000000 0.10702588653217921799
0.00000000000000000000 0.10702712915013798400
0.00000000000000000000 0.10711902274718257400
0.00000000000000000000 0.10730648586884027063
0.00000000000000000000 0.10734921319487501779
0.00000000000000000000 0.10740188756219061494
0.00000000000000000000 0.10794921038670540758
0.00000000000000000000 0.10805222763210589609
0.00000000000000000000 0.10819603245443819295
0.00000000000000000000 0.10825587524988808386
0.00000000000000000000 0.10831564072860967729
0.00000000000000000000 0.10834042702889865040
0.00000000000000000000 0.10842548376656663267
0.00000000000000000000 0.10850484088018826079
0.00000000000000000000 0.10863999966937282204
0.00000000000000000000 0.10906153223717084122
0.00000000000000000000 0.10918070127757323329
0.00000000000000000000 0.10924861260948698360
0.00000000000000000000 0.10939522090082946792
0.00000000000000000000 0.10945201642835282463
0.00000000000000000000 0.10957689656630564823
0.00000000000000000000 0.10995336990887845385
0.00000000000000000000 0.11005536065612124552
0.00000000000000000000 0.11011281249222457101
0.00000000000000000000 0.11017450994014080234
0.00000000000000000000 0.11032333119106918495
0.00000000000000000000 0.11050762562259558441
0.00000000000000000000 0.11071579309011914116
0.00000000000000000000 0.11107763128968191346
0.00000000000000000000 0.11120066730588544501
0.00000000000000000000 0.11132118437495285013
0.00000000000000000000 0.11151183467114098025
0.00000000000000000000 0.11157183241181900524
0.00000000000000000000 0.11169669489687331088
0.00000000000000000000 0.11189095916505310824
0.00000000000000000000 0.11223074837042180951
0.00000000000000000000 0.11227378710541656426
0.00000000000000000000 0.11228467625189685053
0.00000000000000000000 0.11291849686329917535
0.00000000000000000000 0.11328232673645219353
0.00000000000000000000 0.11356999276141489796
0.00000000000000000000 0.11359784461220837071
0.00000000000000000000 0.11362018505209772745
0.00000000000000000000 0.11397971419823034467
0.00000000000000000000 0.11407914596999951806
0.00000000000000000000 0.11412752103643686308
0.00000000000000000000 0.11420572191236101622
0.00000000000000000000 0.11480286639705830631
0.00000000000000000000 0.11532691900283578712
0.00000000000000000000 0.11541939621330070398
0.00000000000000000000 0.11546438029263318692
0.00000000000000000000 0.11570766682788105606
0.00000000000000000000 0.11595810000218051417
0.00000000000000000000 0.11622157271029391612
0.00000000000000000000 0.11648796954494740341
0.00000000000000000000 0.11656103289616188967
0.00000000000000000000 0.11688956819771570417
0.00000000000000000000 0.11720603858831089850
0.00000000000000000000 0.11737010419308897824
0.00000000000000000000 0.11741608237178652319
0.00000000000000000000 0.11778480483055325800
0.00000000000000000000 0.11781777097026924217
0.00000000000000000000 0.11803327142196587407
0.00000000000000000000 0.11862983149586776854
0.00000000000000000000 0.11942340701726969487
0.00000000000000000000 0.11973478566462501804
0.00000000000000000000 0.11984603702424873051
0.00000000000000000000 0.12000962626536512690
0.00000000000000000000 0.12108199971956384866
0.00000000000000000000 0.12110664717712940619
0.00000000000000000000 0.12114722647416413526
0.00000000000000000000 0.12136700993351844102
0.00000000000000000000 0.12143476504340405819
0.00000000000000000000 0.12169042593805304286
0.00000000000000000000 0.12188295835621068552
0.00000000000000000000 0.12254304170342651681
0.00000000000000000000 0.12282818284181046264
0.00000000000000000000 0.12289577976778662260
0.00000000000000000000 0.12377853270745263481
0.00000000000000000000 0.12406897258493621017
0.00000000000000000000 0.12419550120778502511
0.00000000000000000000 0.12443062003393524917
0.00000000000000000000 0.12457177694569047943
0.00000000000000000000 0.12506567922671887882
0.00000000000000000000 0.12565564628402753344
0.00000000000000000000 0.12567666194067955709
0.00000000000000000000 0.12596349286374375342
0.00000000000000000000 0.12611587449202327216
0.00000000000000000000 0.12617372514110225534
0.00000000000000000000 0.12640085119675947833
0.00000000000000000000 0.12746874455110096536
0.00000000000000000000 0.12795739807738137905
0.00000000000000000000 0.12836508322854109365
0.00000000000000000000 0.12837229214096015917
0.00000000000000000000 0.12845665485111187887
0.00000000000000000000 0.12881712243912921134
0.00000000000000000000 0.12900270774443120536
0.00000000000000000000 0.12903512340894682242
0.00000000000000000000 0.13014776884045398120
0.00000000000000000000 0.13042638701655956401
0.00000000000000000000 0.13064805158648626349
0.00000000000000000000 0.13127361417442931502
0.00000000000000000000 0.13153066020459328045
0.00000000000000000000 0.13188943900903848938
0.00000000000000000000 0.13226082003018813094
0.00000000000000000000 0.13236374072980899852
0.00000000000000000000 0.13312799067065606007
0.00000000000000000000 0.13329355176372864600
0.00000000000000000000 0.13385315481387458081
0.00000000000000000000 0.13488545049458144920
0.00000000000000000000 0.13509352296722954012
0.00000000000000000000 0.13595549908642876047
0.00000000000000000000 0.13670648340979962843
0.00000000000000000000 0.13698257634390992310
0.00000000000000000000 0.13713787141580058293
0.00000000000000000000 0.13756899948876219475
0.00000000000000000000 0.13828076349261933520
0.00000000000000000000 0.13890622978123740028
0.00000000000000000000 0.13992753539208868663
0.00000000000000000000 0.14002687750221651242
0.00000000000000000000 0.14020304268731489938
0.00000000000000000000 0.14054229483622010521
0.00000000000000000000 0.14212218003454446524
0.00000000000000000000 0.14245465714607846719
0.00000000000000000000 0.14601833573700373492
0.00000000000000000000 0.14621500183556010444
0.00000000000000000000 0.14679404418055894133
0.00000000000000000000 0.14769953109356456777
0.00000000000000000000 0.14850373711454456505
0.00000000000000000000 0.14913479718029795662
0.00000000000000000000 0.15021508921604864728
0.00000000000000000000 0.15288668879243391685
0.00000000000000000000 0.15398483073852792247
0.00000000000000000000 0.15841164323416528914
0.00000000000000000000 0.15957191286607036451
0.00000000000000000000 0.16392965960157179772
0.00000000000000000000 0.16468740701341449961
0.00000000000000000000 0.16711195668093684064
0.00000000000000000000 0.16922678711397093343
0.00000000000000000000 0.17000928667747933209
0.00000000000000000000 0.17002731016374603157
0.00000000000000000000 0.17427890363615977654
0.00000000000000000000 0.17767425827763735913
0.00000000000000000000 0.18375336322303814640
0.00000000000000000000 0.18971848676433450409
0.00000000000000000000 0.21200191134163384743
0.00000000000000000000 0.21412461324959383702
0.00000000000000000000 1.73205080756887719318
