0.06757878749374360283 0.07308628630827414263
0.09094857668316211341 0.09503394641558227107
0.09317151757275904389 0.09761341255415394158
0.09263710306463195099 0.10447769840080124715
0.10131147143619137485 0.11030329067497986195
0.10849803874660289560 0.11620001612753545761
0.11356282537033227098 0.11694891641796753556
0.10650160596225953513 0.11765081194114504481
0.10537552252688738019 0.12163488353561420496
0.09370727065180213533 0.12180561623307241403
0.11625440227029065765 0.12181951829430863465
0.12016789803336698494 0.12417780298531029548
0.12370333770820265973 0.12456985691500403746
0.11716783152822100866 0.12478339355046612347
0.11339540416125562516 0.12563812443857508283
0.12229260666418680092 0.12647943561797497791
0.10803732359089360249 0.12650815983838123446
0.10803397031428571551 0.12675463419535479281
0.11428517717942371368 0.12797800406717305122
0.12275206153590113856 0.12821260295405201290
0.12381834134857626351 0.12873204180364808402
0.12800393046294206156 0.12895424477920969242
0.12727278400303110306 0.12898836636658631005
0.10896966028068344468 0.13010122962372056010
0.11648294355421322244 0.13132674275087494187
0.13089430606632779241 0.13154239866945655058
0.12659843156042172030 0.13179726357286383753
0.13015029062510388713 0.13268384718352618790
0.09136360321150788222 0.13335894189510874575
0.10883478865167801886 0.13344123582788885995
0.10935349489646210841 0.13387235031806249408
0.11196563961575367596 0.13402188733396180886
0.12609540385318598887 0.13423355021916044683
0.11006489351449093295 0.13637086651652660652
0.11035560950207107256 0.13665660484672928487
0.13327374189998159038 0.13678898536193881408
0.13134484293953649359 0.13695946422069116277
0.10166584866873834558 0.13712552854644205480
0.12196859170889001733 0.13722571439206349142
0.13043391191696945830 0.13749392675496455163
0.12360907033802397137 0.13770720900494656802
0.13548935124978686573 0.13955127834912986473
0.13239539094370272876 0.14036126176512364605
0.14013554486585094727 0.14167618105043272569
0.13621473062737352033 0.14186025398738419390
0.11557611907005864438 0.14228643327496301452
0.13908509577866640106 0.14296584415725718809
0.13130988758842865316 0.14379787872465138454
0.13910584566962660991 0.14381486815360577936
0.12028201540079672127 0.14425908067102402588
0.13147904334686760786 0.14442094743417485669
0.13992966402176956753 0.14495702847099373178
0.14002267681691821233 0.14510407980037712261
0.13315308973582637431 0.14578192479034601803
0.14099299524771555236 0.14583856557417582134
0.13295507174515253102 0.14638876824278718169
0.13299817167608232737 0.14720513578969601776
0.13715511800300494993 0.14788847763555534875
0.12888406991817025204 0.14788847763555534875
0.12818331297141308256 0.14873529282287670239
0.13595060629202423974 0.14921704738343305463
0.14351784220773849965 0.15021104255326378496
0.13237013927176416450 0.15035181464944102903
0.14428404300555697226 0.15050456680429905032
0.13408213204600388790 0.15073238022808777004
0.14781015815766046506 0.15110507585373589290
0.12152432663279547076 0.15126415144849819638
0.14679848053582367218 0.15295344732979121449
0.14666502049612339942 0.15310994365266977768
0.13641705408504894992 0.15457271124167362708
0.14586813129352149687 0.15459543703388023417
0.13921644750887679498 0.15463719278778570443
0.15277032604416865280 0.15480414741233311515
0.13148030394680954025 0.15657731284624457069
0.12565474979381607845 0.15670917332510184150
0.14562513353805076055 0.15672636940097045555
0.11674431539501974042 0.15673166957800782617
0.14729117327139537585 0.15831502467504032783
0.14868982642780909087 0.15867869277854806942
0.13803991133531351432 0.15900375147305517709
0.15903414875590443645 0.15925943368684411516
0.11181542641474531696 0.15962919252971749517
0.14302724542825878684 0.15979836046145365347
0.12033827007286805599 0.15997168091317559568
0.15353856350272984677 0.16042452371026499902
0.12736854276371525896 0.16058602981732253423
0.14149647729722233946 0.16153083676928475798
0.13197296674833783325 0.16260856949830101992
0.12993982643854604109 0.16300049223638402029
0.11715946035263224978 0.16318448213708161565
0.11410518598437699445 0.16394314550108735062
0.15511753046325313377 0.16406062231890058967
0.12465808248317011842 0.16425880376593074428
0.13700355365150634901 0.16441947982881816026
0.15298593996391871008 0.16467751758342025203
0.12878736302458598795 0.16522552013796201753
0.15857666908952838813 0.16528368467200468817
0.12763484164509072971 0.16594134663477574931
0.16101662547828610172 0.16598096983239862823
0.13929830830236628048 0.16608636477725891023
0.15062469265730993317 0.16655238779383149672
0.12292712149822326850 0.16701554780138139211
0.15699162101470134911 0.16718127021461343107
0.16094091928784370893 0.16728192455074644696
0.13239768630496112634 0.16773791518379066456
0.16380968283120597717 0.16784200599159249112
0.14766457564029192295 0.16794076463457413562
0.14916138515471977222 0.16824142812740242037
0.15640429715325743221 0.16931534163745562416
0.14390484454153459892 0.16956664690715489430
0.12951065283026899633 0.16986436240797453401
0.16598430475589320832 0.17004459475256436529
0.16694773560333878160 0.17058158188704891645
0.12398721519249636391 0.17101815943233594774
0.13032019787480531026 0.17133154633503408504
0.13640333737713489226 0.17184778307593115421
0.17104790865550337231 0.17194917239085094618
0.16354335052777621562 0.17215197615685892685
0.16107437797461549023 0.17252185413249837564
0.13601338467321708037 0.17273942151025328817
0.13101855208919219176 0.17275715796696872184
0.15418239081459494955 0.17308658790128672589
0.15504499729104290195 0.17359405687549184227
0.14859127059210094912 0.17377363243531618320
0.16938213777528460247 0.17450241440273653315
0.15935003161839683683 0.17485674932709840967
0.15879640291985155920 0.17530269601805162361
0.15192468252422011710 0.17556060244734741915
0.17161569975544335720 0.17575969780626507499
0.15691340941875445147 0.17622308334242112182
0.12179567190175323577 0.17646702175921177846
0.16148110153605868544 0.17703815332295291807
0.15676648520460612080 0.17739499032048930416
0.16637587730724240354 0.17780121971283677218
0.16840551393593200524 0.17864058100562979492
0.15726923245772911342 0.17867516875521705089
0.16622766464525917662 0.17889717725654202818
0.13381315531462045776 0.17930018702073727277
0.17204831062421382937 0.17932638557297050919
0.13110766326140091409 0.17970884765056885368
0.16136303953048314330 0.18023816087658409146
0.17160109077191457172 0.18057654995659411234
0.16258195949186582396 0.18094536491024029723
0.16686795969855119925 0.18099593897002272391
0.17899781686326543539 0.18112694561207937083
0.15800123634477933332 0.18184416003584738530
0.15048951155665571400 0.18268952521774425857
0.16721419854881594547 0.18281583652756669411
0.13722073538707726947 0.18302906974131585849
0.16493854940950003485 0.18354510080916278114
0.18097909796282449224 0.18383797901983739420
0.17900572401184963733 0.18406544637489638538
0.15060513347360041103 0.18425254734175661175
0.16634678840703995273 0.18470396357720017533
0.17103746008545911428 0.18528822130277897151
0.18021960516034932209 0.18559598490788925540
0.16898738579162478346 0.18589706942812100898
0.16996559684836501369 0.18752301423970463290
0.16764680327173192564 0.18773566251493034596
0.15429169913840365402 0.18780428351061104197
0.12353734841655165944 0.18786351029823780689
0.13375578033597773642 0.18843836752086567943
0.12823553897143868952 0.18856056342253846303
0.17376339870981949431 0.18875395581794301991
0.17385145499630427768 0.18887587913898379322
0.17824512505104020410 0.18962269905508943868
0.13941211053209581761 0.19016540549667776405
0.13596746950798793696 0.19069814115658034748
0.16235613415009478300 0.19116673619456084343
0.15996431894255971895 0.19127285885368261464
0.15069258230264459542 0.19214146231996134806
0.18367780896059729412 0.19215676689310945413
0.15130141830330934294 0.19226106092867303876
0.13288848205440623174 0.19233214486217134476
0.19168529322897487344 0.19236332765199082306
0.15894315302833719739 0.19278854564017586237
0.18890773492684631574 0.19320647371153995553
0.18619737014540049813 0.19369833349473372652
0.12518701394215378531 0.19404482657968433190
0.18254529637714683732 0.19408389318692129133
0.15860664095369270132 0.19423753645433922133
0.15459923792216728744 0.19431385303339218651
0.12381546237317758719 0.19548730339695463698
0.18847639574318833522 0.19587885002343777274
0.18787196586603563397 0.19620338612265808553
0.17268522628183818890 0.19620601527258174634
0.13174033015629652010 0.19696368769300723334
0.17914886294187321036 0.19869637537224849044
0.13469641976384075233 0.19888395775802802934
0.13383515293355463527 0.19900264340606232949
0.13140386319387731273 0.19977288198011675102
0.14541168823502537144 0.19980411660291966247
0.18183760976851631730 0.19981352829193310683
0.12367613439682055565 0.19985746092892145431
0.12940957380034998070 0.20012052857740869616
0.17346631025163372630 0.20070936518054099951
0.14801684597645492492 0.20142897405325674298
0.15099573781272784823 0.20160501957072152202
0.12392590312996740187 0.20284673537603187254
0.16934540109745233050 0.20337320174680831308
0.11861174684722688988 0.20394426064364110096
0.14314182234966316143 0.20398151938914346748
0.17434269846021954731 0.20411812152397768028
0.12746194732397017613 0.20443134495502801595
0.13365119193248298224 0.20459662979651163650
0.14912637745376516873 0.20588282751449021868
0.18563862386360119316 0.20925688917665433153
0.14343547929266414753 0.20953097431665260175
0.20991821956532011328 0.20999605324336931278
0.18124980097970244675 0.21147682975098158753
0.15686422742909261752 0.21167231123284141470
0.20703918625779604845 0.21260377269457284011
0.13785907211040790421 0.21317416957979271053
0.14382155399881135782 0.21320665550064912819
0.16409633625844646798 0.21495387109233490830
0.13110367469627709491 0.21657682536599320855
0.18777481666467704668 0.21679192043777506527
0.12275654706393193671 0.21771170701274872306
0.11768396071607330200 0.22477546393177841311
0.14297888450582402209 0.22513146082573787243
0.19792469370475379575 0.22518735841084094873
0.13867207530976358165 0.22621833683186393094
0.12032252623894090782 0.22637800401985216925
0.16532325132734235207 0.22666242737027386678
0.13060435627066083186 0.22826303311901310900
0.12286672417672783730 0.22844941127665532865
0.19633411421920174411 0.23021932229660585500
0.22729059127497297510 0.24070120981104667357
0.19827055585872316312 0.24505095874091967212
0.18771219880300651917 0.24776504737280011237
0.24772852486450608334 0.25004232602672005203
0.14141216149145832692 0.25131218507843766652
