0.00000000000000000000 0.00889592994599771453
0.00000000000000000000 0.01906910072219924687
0.00000000000000000000 0.02002904832627383849
0.00000000000000000000 0.02166278759673666635
0.00000000000000000000 0.02206138755631280660
0.00000000000000000000 0.02249661989211439519
0.00000000000000000000 0.02314320550339964838
0.00000000000000000000 0.02350885589672502621
0.00000000000000000000 0.02559418676401121334
0.00000000000000000000 0.02613114777011845205
0.00000000000000000000 0.02692461585330752430
0.00000000000000000000 0.02747866036333254658
0.00000000000000000000 0.02769087611522118297
0.00000000000000000000 0.02786012111983181966
0.00000000000000000000 0.02917664302912259880
0.00000000000000000000 0.02996835665389676467
0.00000000000000000000 0.03064933472668086162
0.00000000000000000000 0.03138109091719517435
0.00000000000000000000 0.03161837830194370175
0.00000000000000000000 0.03167002464899864450
0.00000000000000000000 0.03186532536532445115
0.00000000000000000000 0.03210994686421830835
0.00000000000000000000 0.03213074010382334367
0.00000000000000000000 0.03316593709812889340
0.00000000000000000000 0.03367818516045119337
0.00000000000000000000 0.03468523065407325828
0.00000000000000000000 0.03533695646406156271
0.00000000000000000000 0.03698627988677840456
0.00000000000000000000 0.03718801628866919007
0.00000000000000000000 0.03720025803957870830
0.00000000000000000000 0.03738912214123894101
0.00000000000000000000 0.03768852532222261714
0.00000000000000000000 0.03794334710402729599
0.00000000000000000000 0.03867335303104694338
0.00000000000000000000 0.03940551082773240815
0.00000000000000000000 0.03943864844928370722
0.00000000000000000000 0.04052610621209149638
0.00000000000000000000 0.04203358366076218045
0.00000000000000000000 0.04204089864469370830
0.00000000000000000000 0.04289584141197853862
0.00000000000000000000 0.04311391359621740554
0.00000000000000000000 0.04346058164794321110
0.00000000000000000000 0.04415078802362739502
0.00000000000000000000 0.04457043287954113447
0.00000000000000000000 0.04474159485856474272
0.00000000000000000000 0.04501760046118765540
0.00000000000000000000 0.04503411479269008727
0.00000000000000000000 0.04545486971413952720
0.00000000000000000000 0.04556700558624113967
0.00000000000000000000 0.04570490841519646297
0.00000000000000000000 0.04627431588962564041
0.00000000000000000000 0.04693858709024288645
0.00000000000000000000 0.04716845137839918017
0.00000000000000000000 0.04721550965345072681
0.00000000000000000000 0.04731122350319792724
0.00000000000000000000 0.04735544027378627702
0.00000000000000000000 0.04790934893411914058
0.00000000000000000000 0.04832101170871670737
0.00000000000000000000 0.04862691769961534349
0.00000000000000000000 0.04870744185921166425
0.00000000000000000000 0.04910396456051577263
0.00000000000000000000 0.04952339088096877756
0.00000000000000000000 0.04983783848653841608
0.00000000000000000000 0.05014715690711452761
0.00000000000000000000 0.05031872781717901255
0.00000000000000000000 0.05038348974347899023
0.00000000000000000000 0.05049238101706130660
0.00000000000000000000 0.05056452535149789929
0.00000000000000000000 0.05059532419532003500
0.00000000000000000000 0.05092537711382440213
0.00000000000000000000 0.05099490711224684975
0.00000000000000000000 0.05133324783907435018
0.00000000000000000000 0.05137526279244745281
0.00000000000000000000 0.05235637457950099299
0.00000000000000000000 0.05249435495662831130
0.00000000000000000000 0.05277402136359405499
0.00000000000000000000 0.05282685975354814434
0.00000000000000000000 0.05302321889182673442
0.00000000000000000000 0.05307801335886677685
0.00000000000000000000 0.05348187759723359996
0.00000000000000000000 0.05405458856123426803
0.00000000000000000000 0.05414557637415112756
0.00000000000000000000 0.05421297786798327106
0.00000000000000000000 0.05477806912972683212
0.00000000000000000000 0.05484507192454540769
0.00000000000000000000 0.05503004166676103703
0.00000000000000000000 0.05505301626358000133
0.00000000000000000000 0.05537595450014807380
0.00000000000000000000 0.05543696053805329677
0.00000000000000000000 0.05554462266760924749
0.00000000000000000000 0.05565983542735699480
0.00000000000000000000 0.05580268269809004339
0.00000000000000000000 0.05645743593052866827
0.00000000000000000000 0.05663292109293026344
0.00000000000000000000 0.05690471743503422442
0.00000000000000000000 0.05705884728698938646
0.00000000000000000000 0.05745659497844557428
0.00000000000000000000 0.05760837553282347617
0.00000000000000000000 0.05764206199819062182
0.00000000000000000000 0.05774397127457720630
0.00000000000000000000 0.05780497609681137933
0.00000000000000000000 0.05783371059694013272
0.00000000000000000000 0.05790356853070961068
0.00000000000000000000 0.05792822488178415996
0.00000000000000000000 0.05816579378414218210
0.00000000000000000000 0.05823885543526109709
0.00000000000000000000 0.05837895194487954104
0.00000000000000000000 0.05847208335206810492
0.00000000000000000000 0.05856689932454241937
0.00000000000000000000 0.05879876829223771445
0.00000000000000000000 0.05917214195791646592
0.00000000000000000000 0.05952944819947279115
0.00000000000000000000 0.05964292702615900388
0.00000000000000000000 0.05976922686665005896
0.00000000000000000000 0.05983963301025328058
0.00000000000000000000 0.06007925607708493321
0.00000000000000000000 0.06033647916902358521
0.00000000000000000000 0.06081184107911943165
0.00000000000000000000 0.06084134759832347805
0.00000000000000000000 0.06092251298117420250
0.00000000000000000000 0.06107665704035223492
0.00000000000000000000 0.06131016700181217416
0.00000000000000000000 0.06217574990029708926
0.00000000000000000000 0.06243849427623086867
0.00000000000000000000 0.06261155269421733727
0.00000000000000000000 0.06275610549236500246
0.00000000000000000000 0.06279009533344032112
0.00000000000000000000 0.06301132253920634085
0.00000000000000000000 0.06329639711129871060
0.00000000000000000000 0.06387842539539292930
0.00000000000000000000 0.06429722638366193455
0.00000000000000000000 0.06445842387039943389
0.00000000000000000000 0.06454375148280387664
0.00000000000000000000 0.06469551810931799263
0.00000000000000000000 0.06498584509016627764
0.00000000000000000000 0.06509818274846675135
0.00000000000000000000 0.06524859056805464019
0.00000000000000000000 0.06528989148111644103
0.00000000000000000000 0.06550617480174190932
0.00000000000000000000 0.06555856212354935209
0.00000000000000000000 0.06589192374256473694
0.00000000000000000000 0.06590982616780155512
0.00000000000000000000 0.06609009455751943540
0.00000000000000000000 0.06653789693359500601
0.00000000000000000000 0.06697180594484614113
0.00000000000000000000 0.06739990599020571904
0.00000000000000000000 0.06745867720494072572
0.00000000000000000000 0.06748557737754458385
0.00000000000000000000 0.06759212555085578056
0.00000000000000000000 0.06792091170824784974
0.00000000000000000000 0.06818761033861536758
0.00000000000000000000 0.06821296849537140938
0.00000000000000000000 0.06837212441166488908
0.00000000000000000000 0.06855107216290505512
0.00000000000000000000 0.06896630151398525088
0.00000000000000000000 0.06896955534392552878
0.00000000000000000000 0.06920097559314970781
0.00000000000000000000 0.06929847674960998294
0.00000000000000000000 0.06959021209370652716
0.00000000000000000000 0.06979538438719781746
0.00000000000000000000 0.06984073541219396053
0.00000000000000000000 0.06996754014037506741
0.00000000000000000000 0.07021329427348692309
0.00000000000000000000 0.07022918275015474499
0.00000000000000000000 0.07027074934822023777
0.00000000000000000000 0.07068988742434624550
0.00000000000000000000 0.07072402722813597720
0.00000000000000000000 0.07081063075985347122
0.00000000000000000000 0.07087051158472594536
0.00000000000000000000 0.07109039419223887879
0.00000000000000000000 0.07165674779833533514
0.00000000000000000000 0.07172641406314908541
0.00000000000000000000 0.07190527986546563222
0.00000000000000000000 0.07249546536192105761
0.00000000000000000000 0.07259438585383388987
0.00000000000000000000 0.07269742935662096284
0.00000000000000000000 0.07314229992236696842
0.00000000000000000000 0.07350033737821017044
0.00000000000000000000 0.07407514717740093513
0.00000000000000000000 0.07444709852314361498
0.00000000000000000000 0.07447776902197164595
0.00000000000000000000 0.07447941254204384909
0.00000000000000000000 0.07467305731928566837
0.00000000000000000000 0.07485117494766160839
0.00000000000000000000 0.07503287952917640780
0.00000000000000000000 0.07503933393605043134
0.00000000000000000000 0.07510215198784679635
0.00000000000000000000 0.07512434633149096819
0.00000000000000000000 0.07518447687758521292
0.00000000000000000000 0.07532108491080236057
0.00000000000000000000 0.07544963756513628494
0.00000000000000000000 0.07567358095232000481
0.00000000000000000000 0.07571915006889004540
0.00000000000000000000 0.07574506215269259657
0.00000000000000000000 0.07596494308019974273
0.00000000000000000000 0.07603668434420722544
0.00000000000000000000 0.07623856584129508340
0.00000000000000000000 0.07625473157059704798
0.00000000000000000000 0.07629527322460588623
0.00000000000000000000 0.07667955938925170856
0.00000000000000000000 0.07687689509023280798
0.00000000000000000000 0.07689562731217294833
0.00000000000000000000 0.07707794421329708379
0.00000000000000000000 0.07716061066958666836
0.00000000000000000000 0.07758723008915047181
0.00000000000000000000 0.07799509144283833795
0.00000000000000000000 0.07804283903640873987
0.00000000000000000000 0.07806752148451513718
0.00000000000000000000 0.07810347226684538624
0.00000000000000000000 0.07825282706552179335
0.00000000000000000000 0.07855444303669371908
0.00000000000000000000 0.07861072466239214795
0.00000000000000000000 0.07862982928231430912
0.00000000000000000000 0.07863773889247954729
0.00000000000000000000 0.07874170221542185766
0.00000000000000000000 0.07915543538559732806
0.00000000000000000000 0.07925849225715603241
0.00000000000000000000 0.07928138310953582180
0.00000000000000000000 0.07978532888456284222
0.00000000000000000000 0.07985550967471817529
0.00000000000000000000 0.07993975003999667650
0.00000000000000000000 0.07998747383772147890
0.00000000000000000000 0.08040140617559013436
0.00000000000000000000 0.08053835316791634058
0.00000000000000000000 0.08083813082988983156
0.00000000000000000000 0.08084073118418336201
0.00000000000000000000 0.08088527393091983486
0.00000000000000000000 0.08133323364521041765
0.00000000000000000000 0.08138931134472743301
0.00000000000000000000 0.08167930215228409729
0.00000000000000000000 0.08168632116501967078
0.00000000000000000000 0.08192534186481674474
0.00000000000000000000 0.08214716018393554420
0.00000000000000000000 0.08316991060360730270
0.00000000000000000000 0.08352944696950366510
0.00000000000000000000 0.08357208989993646087
0.00000000000000000000 0.08397304881825633227
0.00000000000000000000 0.08397589974118735423
0.00000000000000000000 0.08404852008013968812
0.00000000000000000000 0.08406772780232008024
0.00000000000000000000 0.08412289863592394001
0.00000000000000000000 0.08425799777045854533
0.00000000000000000000 0.08425906508072697476
0.00000000000000000000 0.08429773504147096419
0.00000000000000000000 0.08445229490851727250
0.00000000000000000000 0.08447837052757560528
0.00000000000000000000 0.08485701009346265089
0.00000000000000000000 0.08487272343687256304
0.00000000000000000000 0.08508194897632816167
0.00000000000000000000 0.08531587608327304006
0.00000000000000000000 0.08544115734924292993
0.00000000000000000000 0.08555660806908364779
0.00000000000000000000 0.08559661019845696273
0.00000000000000000000 0.08582647280630298359
0.00000000000000000000 0.08606705629151746584
0.00000000000000000000 0.08646444128363897641
0.00000000000000000000 0.08650553092026623536
0.00000000000000000000 0.08661160232101122736
0.00000000000000000000 0.08701811706716171269
0.00000000000000000000 0.08710812707322761195
0.00000000000000000000 0.08740121029040294476
0.00000000000000000000 0.08741619019142186919
0.00000000000000000000 0.08752212770733990010
0.00000000000000000000 0.08763625766970281616
0.00000000000000000000 0.08791098178957434950
0.00000000000000000000 0.08810145110196961060
0.00000000000000000000 0.08830150422290949930
0.00000000000000000000 0.08847194580179598700
0.00000000000000000000 0.08891053008784358114
0.00000000000000000000 0.08914748148567450126
0.00000000000000000000 0.08929156680688189740
0.00000000000000000000 0.08948621977916323966
0.00000000000000000000 0.08958961548387617269
0.00000000000000000000 0.08990483471627717937
0.00000000000000000000 0.09043428313427709364
0.00000000000000000000 0.09053305422676642678
0.00000000000000000000 0.09058373110483755597
0.00000000000000000000 0.09091864055486359453
0.00000000000000000000 0.09100572919854583998
0.00000000000000000000 0.09109919271477931457
0.00000000000000000000 0.09119050282060629786
0.00000000000000000000 0.09144249511267714403
0.00000000000000000000 0.09168390802659651118
0.00000000000000000000 0.09170795997401455513
0.00000000000000000000 0.09217368401642087039
0.00000000000000000000 0.09226498006193310786
0.00000000000000000000 0.09229022391088757826
0.00000000000000000000 0.09241871607110548059
0.00000000000000000000 0.09264301202682589942
0.00000000000000000000 0.09271165798799413382
0.00000000000000000000 0.09272049600909101907
0.00000000000000000000 0.09279990306024188396
0.00000000000000000000 0.09291409379062982865
0.00000000000000000000 0.09307777547522425032
0.00000000000000000000 0.09314553948132099637
0.00000000000000000000 0.09333013191563228894
0.00000000000000000000 0.09345908124026371111
0.00000000000000000000 0.09357686798722031352
0.00000000000000000000 0.09406853431818787414
0.00000000000000000000 0.09407815847370964990
0.00000000000000000000 0.09412175542089806779
0.00000000000000000000 0.09435333920865154878
0.00000000000000000000 0.09440970274284660180
0.00000000000000000000 0.09470560791840636206
0.00000000000000000000 0.09510538841216653605
0.00000000000000000000 0.09524775629329107485
0.00000000000000000000 0.09543781832155691369
0.00000000000000000000 0.09553047402655807929
0.00000000000000000000 0.09559418312519635252
0.00000000000000000000 0.09563968129048647238
0.00000000000000000000 0.09564033744597960629
0.00000000000000000000 0.09575492171432176125
0.00000000000000000000 0.09578065694101778327
0.00000000000000000000 0.09588362306937006641
0.00000000000000000000 0.09615421676109947580
0.00000000000000000000 0.09620013575447410037
0.00000000000000000000 0.09631605149476439587
0.00000000000000000000 0.09656522319604948779
0.00000000000000000000 0.09700243158154013556
0.00000000000000000000 0.09709444968876322635
0.00000000000000000000 0.09733605252028408594
0.00000000000000000000 0.09735603342913139169
0.00000000000000000000 0.09740952748066382394
0.00000000000000000000 0.09747001408174083004
0.00000000000000000000 0.09750730386440817354
0.00000000000000000000 0.09763286493959608126
0.00000000000000000000 0.09833132192241721137
0.00000000000000000000 0.09859929622644861280
0.00000000000000000000 0.09864610723471108067
0.00000000000000000000 0.09876609110457319762
0.00000000000000000000 0.09882190598018442129
0.00000000000000000000 0.09900021521694317428
0.00000000000000000000 0.09912814712672630979
0.00000000000000000000 0.09922900540290625904
0.00000000000000000000 0.09964161876401712858
0.00000000000000000000 0.09970629415963203068
0.00000000000000000000 0.09986666793731421854
0.00000000000000000000 0.10031134288676228639
0.00000000000000000000 0.10050866125852288280
0.00000000000000000000 0.10069672882167662875
0.00000000000000000000 0.10071203858361338357
0.00000000000000000000 0.10101170198071875161
0.00000000000000000000 0.10113182224937795894
0.00000000000000000000 0.10129408349448579263
0.00000000000000000000 0.10165235868790564733
0.00000000000000000000 0.10174457831146216380
0.00000000000000000000 0.10175606051299533605
0.00000000000000000000 0.10255187595766712683
0.00000000000000000000 0.10268108134412216870
0.00000000000000000000 0.10315213839528870887
0.00000000000000000000 0.10318312475907828740
0.00000000000000000000 0.10325618752678679402
0.00000000000000000000 0.10342983562690677424
0.00000000000000000000 0.10352286192225688966
0.00000000000000000000 0.10393417181682364225
0.00000000000000000000 0.10393935723184150044
0.00000000000000000000 0.10402523397164023522
0.00000000000000000000 0.10495501461016362721
0.00000000000000000000 0.10497786375876948239
0.00000000000000000000 0.10503441604300982337
0.00000000000000000000 0.10550136515111649405
0.00000000000000000000 0.10552322664396625307
0.00000000000000000000 0.10559054225213830580
0.00000000000000000000 0.10596550876824906151
0.00000000000000000000 0.10600331573615991154
0.00000000000000000000 0.10608147338531398463
0.00000000000000000000 0.10612431970325407471
0.00000000000000000000 0.10630339569772825903
0.00000000000000000000 0.10630706395660032004
0.00000000000000000000 0.10639158906622055156
0.00000000000000000000 0.10670393363921815144
0.00000000000000000000 0.10690389243564983601
0.00000000000000000000 0.10702855219042661794
0.00000000000000000000 0.10722129857896148253
0.00000000000000000000 0.10729834983302558027
0.00000000000000000000 0.10732357851825055639
0.00000000000000000000 0.10732387387174224802
0.00000000000000000000 0.10737185860246220570
0.00000000000000000000 0.10756402514101104373
0.00000000000000000000 0.10781338328193487697
0.00000000000000000000 0.10781481633565020983
0.00000000000000000000 0.10814896191646673762
0.00000000000000000000 0.10821212479970029885
0.00000000000000000000 0.10824070737070416726
0.00000000000000000000 0.10824330298457339461
0.00000000000000000000 0.10889152274188725056
0.00000000000000000000 0.10913347185402147432
0.00000000000000000000 0.10950734018863772512
0.00000000000000000000 0.10984058744446988098
0.00000000000000000000 0.10999248242080010562
0.00000000000000000000 0.11020140495580867113
0.00000000000000000000 0.11080659188504099477
0.00000000000000000000 0.11133130700625214204
0.00000000000000000000 0.11140562575895608666
0.00000000000000000000 0.11181828966263973602
0.00000000000000000000 0.11185543507978182309
0.00000000000000000000 0.11237312283201718321
0.00000000000000000000 0.11239459753147393317
0.00000000000000000000 0.11273608718406534501
0.00000000000000000000 0.11282862663682334536
0.00000000000000000000 0.11297715709102144899
0.00000000000000000000 0.11310466609157841800
0.00000000000000000000 0.11319453026060706524
0.00000000000000000000 0.11321972598118125453
0.00000000000000000000 0.11392586554296846302
0.00000000000000000000 0.11416400243802082848
0.00000000000000000000 0.11450938640670979551
0.00000000000000000000 0.11464983754845374520
0.00000000000000000000 0.11474721204190256596
0.00000000000000000000 0.11482072149410912920
0.00000000000000000000 0.11502585016785578376
0.00000000000000000000 0.11535832805594464778
0.00000000000000000000 0.11543347794789970973
0.00000000000000000000 0.11575634409235209532
0.00000000000000000000 0.11611233343721830136
0.00000000000000000000 0.11628134745411462803
0.00000000000000000000 0.11666141797238938072
0.00000000000000000000 0.11697343516959822496
0.00000000000000000000 0.11702717982760184323
0.00000000000000000000 0.11710733454300621681
0.00000000000000000000 0.11742157698369193319
0.00000000000000000000 0.11757757268740122447
0.00000000000000000000 0.11796883351266723716
0.00000000000000000000 0.11816780358864990841
0.00000000000000000000 0.11852312917477182685
0.00000000000000000000 0.11855528308328458498
0.00000000000000000000 0.11956579907169102850
0.00000000000000000000 0.11971788054458985806
0.00000000000000000000 0.11993712023434657810
0.00000000000000000000 0.12031902915944675536
0.00000000000000000000 0.12036272822170915320
0.00000000000000000000 0.12046891735791973033
0.00000000000000000000 0.12078083352863874800
0.00000000000000000000 0.12125888372305325402
0.00000000000000000000 0.12148301517215587264
0.00000000000000000000 0.12162566676637746876
0.00000000000000000000 0.12241043151891060903
0.00000000000000000000 0.12246482949283180042
0.00000000000000000000 0.12307871674979384280
0.00000000000000000000 0.12344815527050556625
0.00000000000000000000 0.12431032435617213328
0.00000000000000000000 0.12434363892737135271
0.00000000000000000000 0.12439581384834078048
0.00000000000000000000 0.12538449962877001864
0.00000000000000000000 0.12550191713768701907
0.00000000000000000000 0.12601481929451924247
0.00000000000000000000 0.12625619753568612103
0.00000000000000000000 0.12662098080666547850
0.00000000000000000000 0.12671040713484502116
0.00000000000000000000 0.12730034126675576767
0.00000000000000000000 0.12745568568611109761
0.00000000000000000000 0.12768719528614469461
0.00000000000000000000 0.12770795723265535027
0.00000000000000000000 0.12790472976316960563
0.00000000000000000000 0.12793002826061006250
0.00000000000000000000 0.12797574903638203603
0.00000000000000000000 0.12902491224727477559
0.00000000000000000000 0.12942061419786862753
0.00000000000000000000 0.12984345673939420851
0.00000000000000000000 0.13050714879547486991
0.00000000000000000000 0.13064454326967941955
0.00000000000000000000 0.13187382955673468410
0.00000000000000000000 0.13226225796478049967
0.00000000000000000000 0.13246621432468111412
0.00000000000000000000 0.13256504520719900042
0.00000000000000000000 0.13257464762849080486
0.00000000000000000000 0.13279158327521528582
0.00000000000000000000 0.13314164898469682541
0.00000000000000000000 0.13497198329029694297
0.00000000000000000000 0.13497317155109586628
0.00000000000000000000 0.13515955508783317196
0.00000000000000000000 0.13527906523667349026
0.00000000000000000000 0.13549961044040020886
0.00000000000000000000 0.13591918629681004616
0.00000000000000000000 0.13618723749804764744
0.00000000000000000000 0.13819639910656097981
0.00000000000000000000 0.13848761551848920437
0.00000000000000000000 0.13886098170065661050
0.00000000000000000000 0.14251118153642741704
0.00000000000000000000 0.14329724530367501933
0.00000000000000000000 0.14347560960285291043
0.00000000000000000000 0.14384592775701635081
0.00000000000000000000 0.14432136836780234956
0.00000000000000000000 0.14524875895004951687
0.00000000000000000000 0.14690198423876463241
0.00000000000000000000 0.14837810527312250697
0.00000000000000000000 0.14859532073705025712
0.00000000000000000000 0.15160924757905799853
0.00000000000000000000 0.15364543946136755004
0.00000000000000000000 0.15515837567890747306
0.00000000000000000000 0.15547089405290628883
0.00000000000000000000 0.15837353640967272161
0.00000000000000000000 0.16362546200679004005
0.00000000000000000000 0.16990103283367449793
0.00000000000000000000 0.17629002847929947650
0.00000000000000000000 0.18493632281624891589
0.00000000000000000000 0.18524874690199122362
0.00000000000000000000 0.21269230668325975198
0.00000000000000000000 0.22923074481692179427
0.00000000000000000000 1.73205080756887719318
