0.01156224222154780303 0.01161122797200583347
0.01117093442127777524 0.01171391820804248106
0.01149239477787042905 0.01238574012698754126
0.01124357568356218300 0.01250345947643002886
0.01241452638769859063 0.01269388814246624753
0.01102850657981233398 0.01274084920928371736
0.01232252540149937799 0.01285029412373553739
0.01237945426533676799 0.01288051839098164515
0.01271492316700530145 0.01332320704049590535
0.01065586031947582911 0.01333965337896678670
0.01099605792290840253 0.01340677029625801479
0.01307889449343384129 0.01341833726729660045
0.01308047734965130625 0.01347180213384490885
0.01268726402327135724 0.01360542268474522476
0.01071579447595327576 0.01371097886844038598
0.01256779143404191876 0.01375231661062570852
0.01234311964923701446 0.01378536191805294214
0.01405133371571500728 0.01405251065685304487
0.01054417560871570916 0.01409626898861387340
0.01401367070179121953 0.01411795157141554694
0.01359055297530012245 0.01414988742153693718
0.01081922665660192857 0.01419627583643930969
0.01376150034066852754 0.01421198766803130446
0.01408932691113011851 0.01423397512967145007
0.01312174830469703922 0.01425969859479792913
0.01226816955774479197 0.01432350572001749381
0.01325361671969426704 0.01445939797194929419
0.01203594561211478869 0.01459503519431549004
0.01165052640592432499 0.01464374854517710468
0.01327185577411808294 0.01464374854517710468
0.01280529355855156842 0.01465569565693203812
0.01182742302669382087 0.01469921427297552277
0.01470220461723605564 0.01489825811753258712
0.01356055591345058445 0.01511899193244070627
0.01429244183435873783 0.01517340291624780409
0.01462326157151178259 0.01518822138038290227
0.01283061847977018215 0.01535341911404342237
0.01422688218373049408 0.01536228511468158003
0.01263423310115276491 0.01538858934943735171
0.01448280094947501304 0.01539094040058473604
0.01537983773165190089 0.01602726490127904385
0.01586815300969521628 0.01611386658443344361
0.01596223364906991168 0.01632271225307194845
0.01531137955503617844 0.01633958052682636317
0.01493572107737516086 0.01638341040364675594
0.01289354372291723165 0.01643054480444594220
0.01618735569486122808 0.01652668124591022414
0.01590791344000605859 0.01653417035533190360
0.01258169617295284287 0.01666087879436827304
0.01510364226250055994 0.01667667459926375217
0.01618976147090876380 0.01668089526394498853
0.01564843465446418003 0.01691385633904034236
0.01682980332324391509 0.01692610724690446836
0.01453500358041814530 0.01699332258212249425
0.01419429147189176822 0.01699439237553662316
0.01569440907337662020 0.01703146582782924176
0.01680347760592646941 0.01704733076272743619
0.01699111249184289199 0.01707967236295487856
0.01478298855235305950 0.01709138676948748770
0.01251014507397571821 0.01714129911495872877
0.01435679094665307312 0.01727691967425133701
0.01646477890366253652 0.01737260590699596027
0.01604651643058190372 0.01748117641861204885
0.01576468893795566692 0.01756882496846225855
0.01536908917202107518 0.01760596468714225801
0.01546672672932591919 0.01763004552571756367
0.01685302430460111980 0.01777716203445633622
0.01659035830556225902 0.01782769791681568586
0.01766211056172107760 0.01795784333491452084
0.01604658939424464734 0.01803596603727608896
0.01593728880563199599 0.01809574969988263227
0.01557547628082352371 0.01825768785909590367
0.01531050723293009112 0.01828301868621174525
0.01550377168807448233 0.01834317262070251850
0.01667119084777989382 0.01854047767875766778
0.01722707792337094951 0.01866296630301154252
0.01821175843507589001 0.01882192275912653381
0.01595146564283795448 0.01887906868922344453
0.01380545445739096017 0.01889142651114576396
0.01887785875300202615 0.01889395558588446641
0.01497512023376569752 0.01892167460604929352
0.01888257830081929711 0.01899117940562404169
0.01900215282385346940 0.01909504261363607902
0.01559267404554888839 0.01923166216054006394
0.01813018227460669665 0.01928192783627377324
0.01806250769684944468 0.01933523853524158828
0.01937740864554559836 0.01945323123236556220
0.01777478769878966525 0.01947708809289671467
0.01494947908584334101 0.01956824795944760512
0.01207220070852402932 0.01957717547894776561
0.01781842251429821208 0.01959351776147986654
0.01917263265385049306 0.01992707624597070057
0.01897067405213903601 0.01993539377534971416
0.01388078716635817583 0.01998520155785955127
0.01425877349686460738 0.02027206324702291243
0.01980126127575420475 0.02027654946527986460
0.01983176698604040278 0.02028125762253670666
0.01915699573962123536 0.02029136207434609901
0.01833908541669011794 0.02050208672926807224
0.01912402514509769363 0.02051246408317892664
0.01996424238754315739 0.02059570318364765951
0.01879162601387244710 0.02069575512030480055
0.01760738138097694971 0.02080729518431519154
0.01495601537133480971 0.02100335206882110797
0.02086636220049963020 0.02109466339658758183
0.01701550286059467718 0.02136999855366885845
0.01571415471234310218 0.02137056917975747525
0.01975739445648294970 0.02137056917975747525
0.01898751486769871197 0.02144778487974040304
0.01903313441653336699 0.02146596828247858413
0.01970080485628852157 0.02181658228071475109
0.02173174714993235043 0.02195884386175964154
0.01883970561219691642 0.02199562589279576569
0.01975544317451003937 0.02226322657556403101
0.01828080289584961202 0.02251742890908781103
0.02005734971612337797 0.02262944291515243608
0.02171616087920748284 0.02264545190551791112
0.02042054231049560131 0.02280606508269776914
0.01977339287284184816 0.02301073579988344164
0.01646674766067521972 0.02306874862407366084
0.02041322420856995362 0.02352995847119679004
0.02326893435836164745 0.02355968545546891293
0.02052116519208864454 0.02364898810145015656
0.02044094980198608510 0.02397591852028441509
0.01905222895060221591 0.02397800045600073301
0.02291429111308218580 0.02403523346297791602
0.02241275526485618855 0.02404789418102330420
0.02224432450700459737 0.02407478584338743066
0.02114513661539395642 0.02446804983756652174
0.02329822042913596430 0.02464066930628933810
0.02090787714813463830 0.02494254838348979042
0.02191587797391386649 0.02497549459441479602
0.02225533375642355441 0.02529692628106434277
0.02396216377240778864 0.02565790223212969720
0.02497708702747726897 0.02574592399897308870
0.02363781869641543368 0.02580435342487740272
0.02417253912364152046 0.02632603857151015123
0.02517483370884494864 0.02640943681850634744
0.02425950999992326773 0.02647079728270336149
0.01950829807483275835 0.02654539383352998161
0.02424584335533603446 0.02669852013360408255
0.02536499835112427867 0.02682838359560673139
0.02667978809953057071 0.02707026979663377381
0.02431035078952911363 0.02707683475350282018
0.02691383246527699266 0.02722067180033361025
0.01701894212505250872 0.02733349888555627882
0.02219093555061207521 0.02734002770634889889
0.02667341723220089875 0.02742976878145830452
0.02615101841782125833 0.02789177980152530989
0.02226670967569934975 0.02812140020216319022
0.02643092522483190404 0.02864147088942068167
0.02795173124659917213 0.02896909725538474728
0.02803641878432372100 0.02979736506680163988
0.02946522715603016110 0.02984837694069741171
0.02663698720539994097 0.03162543403306073558
0.02865101396448667403 0.03163674799379265906
0.03134456468912487359 0.03178885565799712681
0.02905488976191881664 0.03188761829066807940
0.03192309684693209193 0.03253145231211763272
0.02726599425829215328 0.03257195688061481631
0.02724657685863520959 0.03330736878661479800
0.03326168703139360111 0.03360446218343973723
0.03331543188665432587 0.03417749240670321653
0.02704031668481802347 0.03563345567594878444
0.02777577738820428965 0.03579210404600781381
0.03047321132751850542 0.03609934812435981050
0.03162190263127569179 0.03655930043286192976
0.03467966454065958548 0.03721532851027645888
0.02872303177107569591 0.03762007397274887144
0.03306924661893330397 0.03851048611309723646
0.03785625393761748309 0.03909064820285887421
0.03877709460617905640 0.04061405570498824447
0.03770812971146750986 0.04569926307240450986
0.03300234093049140421 0.04629692450230001727
0.04767548910152651087 0.05339980039261436190
0.05734945495108091651 0.05856624217037131874
0.11365404412338471485 0.11465515644719159738
0.13683250746565581157 0.13769018377773944994
