0.06052736372386349067 0.06231015509676725295
0.07035278748562877327 0.07173019453593937333
0.06701793156560086062 0.07286905579578953351
0.05938772440424720106 0.07603820843439493271
0.06866900131815276143 0.07770287520666305237
0.06512188079891138848 0.08269132766449739658
0.08411314052037568989 0.08468288183145682158
0.07898275620162946431 0.08820170563864231095
0.07270400974489726886 0.08861246335254885365
0.07793379132206333659 0.08897086800344264357
0.09090704625601525590 0.09281736390095873812
0.09259392366842369992 0.09509618907869192561
0.09104781102451049712 0.09555882655637246148
0.09007569892506747666 0.09608552161332258035
0.09191866871423041985 0.09709132711046691844
0.08760211159719276386 0.09719789957288682558
0.09429148096602610329 0.09748831371257868361
0.09119966502175910761 0.09776150721868620552
0.09224476814201738872 0.09943518265759807018
0.10019673369859181944 0.10043131142834108016
0.08315005142682861672 0.10133960477966211244
0.10139692609476805285 0.10249708342043581388
0.09575391978015659888 0.10304007533386252971
0.10148849064867221381 0.10521382879254792542
0.08197023662356625606 0.10661280832491967785
0.10485793147253871793 0.10714409894714994886
0.10233911290391756177 0.10776024875802633907
0.08126388283552490877 0.10831091244673504703
0.11098477381676262465 0.11117405763595027135
0.09899772514940140267 0.11330349032056598324
0.09436758377233619988 0.11405992862652820918
0.10160334848679879183 0.11438025660026374108
0.10565234533436751452 0.11450523931503432673
0.10767122670172821208 0.11458808233672766741
0.11535132656470982460 0.11546013547462441462
0.10234168328226768419 0.11660938411785878865
0.10263978986596802856 0.11704080853039389165
0.11453371024474186257 0.11715786746421975872
0.10908212755306033459 0.11737088165792566863
0.10651224004623792430 0.11764019019722139758
0.10492613184579725749 0.11846230121714333705
0.11538038797841776439 0.11892845872180635158
0.10347331288726037413 0.11894874939653196644
0.11424661550661732723 0.11903244116050920587
0.10320849157326403289 0.12000856467488892065
0.11312998229976098385 0.12005027591219089023
0.11823214376499921463 0.12067268551674723009
0.12003280796502777128 0.12097590087478703180
0.11186492857431611092 0.12133357570535856229
0.11850172809057046841 0.12222869886848242160
0.11036962892856258533 0.12262922754116643842
0.11959487512288349831 0.12327985840405587814
0.10299837256602902003 0.12335720699948740653
0.12262073000276306478 0.12350648779971386271
0.11437398577747834305 0.12385421993288493747
0.11860944136665231563 0.12410510584550295266
0.10707717896481351583 0.12437700212554490820
0.10910162365767764325 0.12490507311588275319
0.09342532502702087516 0.12532288031317090349
0.10896994711073197670 0.12594547356842517027
0.11265240213091631816 0.12690100611812263343
0.12545437182895266548 0.12703192799933135659
0.10758699551438841158 0.12708540716711932972
0.11382395110995646714 0.12744963199042713686
0.10565513512799067086 0.12777957900035247230
0.09764674717631560696 0.12864937572175330627
0.09992194758223943429 0.12899803651181199204
0.10372949786265595051 0.12915081624960081386
0.10903715155011572957 0.13037955954405391901
0.12939702942587277823 0.13085248196468182713
0.11782843806938887721 0.13092554819443083525
0.11596786729607225230 0.13112956387212446052
0.12324698388425826823 0.13139871802859762195
0.11749317565064276714 0.13209361580387821156
0.11925744550278098710 0.13209556966716068382
0.12756855444792733478 0.13308391859845103422
0.13308870876354747526 0.13351440259948357814
0.13241454376483954847 0.13431338160791636560
0.11491184643211166394 0.13474779891130819753
0.13106970768017589535 0.13564857941025376675
0.13520996166839810426 0.13591925038252716806
0.13058411573751685375 0.13757583355531299851
0.10116636614088669877 0.13769720280587985362
0.13496224674955148437 0.13852996235430792282
0.12982231850717759758 0.13876452486803494968
0.12643202441526635305 0.13974765811809883309
0.11881541408302949414 0.14049540012957448254
0.13086478965183806489 0.14211667808392838830
0.13704732697665322760 0.14240556146510147117
0.13499278270126358059 0.14300136455536111013
0.13610870391623283715 0.14353314286834942259
0.09600549928909725417 0.14374241724712386037
0.11588765493751804203 0.14438215638584067646
0.14235950673170039149 0.14483072973694799401
0.13626059091994138783 0.14523691557161380605
0.12630880627791243875 0.14534843964494106872
0.12321457604929295093 0.14535182414871153367
0.13611021498156522513 0.14581601400050012152
0.13438088104215098473 0.14604610400944229021
0.12777686162939241865 0.14689716666133681433
0.12309261422315899426 0.14738476138085679357
0.13694693955853845524 0.14744071000346717359
0.13492545528616192718 0.14761466704994907762
0.13477361462802267544 0.14808949981016653052
0.12879354218580382763 0.14845761331816645368
0.14074949641257741839 0.14871024627647214111
0.13539809852442455385 0.14874679297461113059
0.13200899383694902900 0.14885410493664469334
0.14732002656898987580 0.14888566668995986686
0.13747776352862942084 0.14896123376969824803
0.12190471789229885557 0.15079962961806811506
0.14509897450170328170 0.15085997445689816598
0.12033004932395183206 0.15176118360014170805
0.13657862237950660345 0.15204861511819189879
0.14914899921774696367 0.15259552035802839698
0.12207882034707473462 0.15415274503145803831
0.14986294676994454944 0.15466099422927429008
0.11550800510733154336 0.15534520028597564867
0.09324028603999162668 0.15573829529050134401
0.11954941068623102518 0.15682935722433227754
0.14941321436590412897 0.15866025738564412673
0.15227583263254260149 0.15915631468343172106
0.13325963040577823437 0.15993360478408283343
0.11824921117382423963 0.16046842420513970917
0.13243167798324506634 0.16111514471708388019
0.13398057375035207772 0.16126122369313941607
0.15164693422173092241 0.16145512581109378036
0.15249880792858616640 0.16252979593349847764
0.11027599824376231596 0.16266853587524432445
0.09620444079319329100 0.16327916192845517984
0.15374116684173613767 0.16399502496764670201
0.12186649130060694945 0.16457424879994417277
0.16121214852595580624 0.16469787815885411630
0.09682163326474081677 0.16490007866667089065
0.16123276048851958864 0.16543176144010668382
0.10721477878727299349 0.16647529527658611048
0.15422639844342117543 0.16651347510748731873
0.16002902742582433837 0.16683793168101523907
0.10826441217948833129 0.16737169627720682730
0.09657543935104880017 0.16794727392265690336
0.15471467825868198687 0.16971144731471635159
0.16971323120635731230 0.16972949649041269016
0.11835636649520080155 0.17065192192863629095
0.13072164902247951357 0.17267615459328258809
0.13263065095803450166 0.17475123875765519177
0.14460296552965051786 0.17531495811004710328
0.14782766602407956813 0.17603327233165069754
0.16302353587980417116 0.17671019781949307004
0.12643300640916144140 0.17755097776374359486
0.13704495067653685303 0.17902954863382308792
0.15418181491404475691 0.17955307166613207470
0.17374335411397032192 0.17970344789624811965
0.12938080817345903872 0.18391174296132575816
0.13048644471198383998 0.18565472564810220346
0.17419405547375219068 0.18720825104494681623
0.15626446833333307307 0.18966087150447069609
0.14717144112526259203 0.19091995011479442890
0.12374343647121226197 0.19137049959756310957
0.14038364913694559299 0.19612324738415629066
0.13543309285923479934 0.19700691432149380899
0.14605262211446476406 0.20089630038559608272
0.11751008938701032469 0.20137855619544606234
0.15218876409815831896 0.20221461261938350473
0.13595170903745143476 0.20562141233265313067
0.10085587452520392016 0.20623817965571125677
0.13319391593511731298 0.20689633753859004717
0.19666514185800026970 0.20909247296798544324
0.11741867059672474183 0.21041356968676366845
0.15106407995254259036 0.21296577149579323796
0.13347868858587236263 0.21910237666856485772
0.12193514140315395156 0.21962295066216452888
0.10802602920868580039 0.22133633146202974507
0.12389781265593169390 0.22944730983012082137
0.19033466489144271194 0.23097048063710773347
0.11463064277919782219 0.23594247467168322219
0.12263458815465216878 0.23968730916724423352
0.19002002108146193171 0.26296295836302685522
