0.00000000000000000000 0.00067216774251973536
0.00000000000000000000 0.00141728203529774971
0.00000000000000000000 0.00143206076129109893
0.00000000000000000000 0.00214790226615913914
0.00000000000000000000 0.00272772249985429004
0.00000000000000000000 0.00293582554039288927
0.00000000000000000000 0.00333051392720505428
0.00000000000000000000 0.00373434595865578846
0.00000000000000000000 0.00383724266502458644
0.00000000000000000000 0.00395451470878967985
0.00000000000000000000 0.00429602215934690636
0.00000000000000000000 0.00496254156277441301
0.00000000000000000000 0.00497183558475375320
0.00000000000000000000 0.00497840034555231247
0.00000000000000000000 0.00506851289522324260
0.00000000000000000000 0.00560798417494898314
0.00000000000000000000 0.00596145255980274746
0.00000000000000000000 0.00597362589512533300
0.00000000000000000000 0.00621111929088772902
0.00000000000000000000 0.00636022590594257069
0.00000000000000000000 0.00655843011027201425
0.00000000000000000000 0.00664609205471246387
0.00000000000000000000 0.00672700341007682976
0.00000000000000000000 0.00679186116959243445
0.00000000000000000000 0.00685947089126095599
0.00000000000000000000 0.00695170990376763748
0.00000000000000000000 0.00696854590665562951
0.00000000000000000000 0.00721571106611552070
0.00000000000000000000 0.00726284524900356991
0.00000000000000000000 0.00727101927824899078
0.00000000000000000000 0.00735396155804188528
0.00000000000000000000 0.00737207994747283123
0.00000000000000000000 0.00748041584046650349
0.00000000000000000000 0.00748377084803522347
0.00000000000000000000 0.00761432933053093116
0.00000000000000000000 0.00768916753212629638
0.00000000000000000000 0.00777218411449051658
0.00000000000000000000 0.00784137687327288863
0.00000000000000000000 0.00785483236793139451
0.00000000000000000000 0.00806692572981949733
0.00000000000000000000 0.00811458122516084575
0.00000000000000000000 0.00811561894263741757
0.00000000000000000000 0.00812181263767042076
0.00000000000000000000 0.00813408604801896251
0.00000000000000000000 0.00825711703962169787
0.00000000000000000000 0.00843418197605812735
0.00000000000000000000 0.00849965819166126693
0.00000000000000000000 0.00851527932866662750
0.00000000000000000000 0.00880463585963207375
0.00000000000000000000 0.00884617769953305669
0.00000000000000000000 0.00886948787960302985
0.00000000000000000000 0.00890070179050758345
0.00000000000000000000 0.00895112335615378882
0.00000000000000000000 0.00900496083762595406
0.00000000000000000000 0.00901954592807649273
0.00000000000000000000 0.00915664236048641458
0.00000000000000000000 0.00931412734725994146
0.00000000000000000000 0.00934476022920036238
0.00000000000000000000 0.00946037935329402044
0.00000000000000000000 0.00946255042330425115
0.00000000000000000000 0.00965670899854727260
0.00000000000000000000 0.00970537885044844839
0.00000000000000000000 0.00971182946639882923
0.00000000000000000000 0.00986750552127083069
0.00000000000000000000 0.00987609281496576452
0.00000000000000000000 0.00991309852383159655
0.00000000000000000000 0.01011884450298016977
0.00000000000000000000 0.01016913828865215370
0.00000000000000000000 0.01019494879172572026
0.00000000000000000000 0.01030673037509808633
0.00000000000000000000 0.01031479910685655955
0.00000000000000000000 0.01031747182776503180
0.00000000000000000000 0.01035976147582158731
0.00000000000000000000 0.01038992626495375583
0.00000000000000000000 0.01048609462278080051
0.00000000000000000000 0.01050511798421755252
0.00000000000000000000 0.01062134651638981832
0.00000000000000000000 0.01062563616986992102
0.00000000000000000000 0.01064523403979110959
0.00000000000000000000 0.01077026386181280035
0.00000000000000000000 0.01079200094129547684
0.00000000000000000000 0.01099710238357178363
0.00000000000000000000 0.01103578356926348397
0.00000000000000000000 0.01136715570390548977
0.00000000000000000000 0.01137964413592628884
0.00000000000000000000 0.01143733451685361932
0.00000000000000000000 0.01177189850188685265
0.00000000000000000000 0.01183825758573229213
0.00000000000000000000 0.01184551399789134443
0.00000000000000000000 0.01189182948699489539
0.00000000000000000000 0.01196467268311011967
0.00000000000000000000 0.01202778321902410810
0.00000000000000000000 0.01208534804405650594
0.00000000000000000000 0.01212585380548965829
0.00000000000000000000 0.01213830416309830476
0.00000000000000000000 0.01218522946991486972
0.00000000000000000000 0.01230822987063744621
0.00000000000000000000 0.01261458049087315486
0.00000000000000000000 0.01273797148121719701
0.00000000000000000000 0.01286480222341867749
0.00000000000000000000 0.01288425661422363915
0.00000000000000000000 0.01288845616013531599
0.00000000000000000000 0.01288884672585140050
0.00000000000000000000 0.01292815601717363719
0.00000000000000000000 0.01298692844236504738
0.00000000000000000000 0.01298854362604595289
0.00000000000000000000 0.01303520216247997486
0.00000000000000000000 0.01309936790339252984
0.00000000000000000000 0.01314885756742787543
0.00000000000000000000 0.01315415839768222656
0.00000000000000000000 0.01326823374606827394
0.00000000000000000000 0.01329504022679079550
0.00000000000000000000 0.01331292282779755233
0.00000000000000000000 0.01335267116538404672
0.00000000000000000000 0.01340689368743880165
0.00000000000000000000 0.01344592859476584183
0.00000000000000000000 0.01347158551479412866
0.00000000000000000000 0.01347802090719143510
0.00000000000000000000 0.01375230861110396732
0.00000000000000000000 0.01378714559103616163
0.00000000000000000000 0.01379165612251771235
0.00000000000000000000 0.01385365888415265347
0.00000000000000000000 0.01389869757763446088
0.00000000000000000000 0.01391201181246397474
0.00000000000000000000 0.01393889856480545926
0.00000000000000000000 0.01414123924535454387
0.00000000000000000000 0.01415880019999902692
0.00000000000000000000 0.01418535127188239910
0.00000000000000000000 0.01421280643440634393
0.00000000000000000000 0.01439533114658389859
0.00000000000000000000 0.01441476371286387094
0.00000000000000000000 0.01445168804116908970
0.00000000000000000000 0.01448975797966930643
0.00000000000000000000 0.01451886982634022043
0.00000000000000000000 0.01469993291990628892
0.00000000000000000000 0.01474472764627147298
0.00000000000000000000 0.01474770203114695276
0.00000000000000000000 0.01477936085916770406
0.00000000000000000000 0.01487399796075422782
0.00000000000000000000 0.01498120899743268439
0.00000000000000000000 0.01502321502907654101
0.00000000000000000000 0.01513115639339571508
0.00000000000000000000 0.01519881748885176971
0.00000000000000000000 0.01522940327714037041
0.00000000000000000000 0.01523857014018207418
0.00000000000000000000 0.01524261835609375462
0.00000000000000000000 0.01528328074646917445
0.00000000000000000000 0.01531265959645724747
0.00000000000000000000 0.01534849982692302640
0.00000000000000000000 0.01538486210425370378
0.00000000000000000000 0.01539015205097358542
0.00000000000000000000 0.01543998429313462803
0.00000000000000000000 0.01549405196859437311
0.00000000000000000000 0.01554226589428385485
0.00000000000000000000 0.01558209019254073319
0.00000000000000000000 0.01558684255013172669
0.00000000000000000000 0.01561279468197112122
0.00000000000000000000 0.01563360027931840965
0.00000000000000000000 0.01565750245680891384
0.00000000000000000000 0.01566181234999563382
0.00000000000000000000 0.01582160133047328526
0.00000000000000000000 0.01582789330871512204
0.00000000000000000000 0.01590709878961586374
0.00000000000000000000 0.01591029674526937485
0.00000000000000000000 0.01599383716118997142
0.00000000000000000000 0.01615198798835618468
0.00000000000000000000 0.01644383042469012984
0.00000000000000000000 0.01651725774530491547
0.00000000000000000000 0.01663247482718359718
0.00000000000000000000 0.01667347842950803183
0.00000000000000000000 0.01675703475210397336
0.00000000000000000000 0.01680193871856401969
0.00000000000000000000 0.01688937736699534439
0.00000000000000000000 0.01692577073412479538
0.00000000000000000000 0.01696902734370656085
0.00000000000000000000 0.01698743937533049586
0.00000000000000000000 0.01715326793289112528
0.00000000000000000000 0.01722703956330100955
0.00000000000000000000 0.01749406729594838936
0.00000000000000000000 0.01757764340202650974
0.00000000000000000000 0.01772761297264068697
0.00000000000000000000 0.01774472455089914219
0.00000000000000000000 0.01778437986478002830
0.00000000000000000000 0.01779591228167977032
0.00000000000000000000 0.01783984352352765632
0.00000000000000000000 0.01792853253372588690
0.00000000000000000000 0.01846020171118941886
0.00000000000000000000 0.01847611137867152115
0.00000000000000000000 0.01858913615865616722
0.00000000000000000000 0.01861059607321880610
0.00000000000000000000 0.01871542245349957709
0.00000000000000000000 0.01877406652168049639
0.00000000000000000000 0.01890881427600763984
0.00000000000000000000 0.01893309316775021803
0.00000000000000000000 0.01894005642092840350
0.00000000000000000000 0.01896409802281012746
0.00000000000000000000 0.01897403758663292542
0.00000000000000000000 0.01901866119522086299
0.00000000000000000000 0.01903065214498255581
0.00000000000000000000 0.01904054804447394625
0.00000000000000000000 0.01920361658562921847
0.00000000000000000000 0.01924241646643509718
0.00000000000000000000 0.01925275495699381792
0.00000000000000000000 0.01926187171107538940
0.00000000000000000000 0.01935211333197024361
0.00000000000000000000 0.01947289102256953217
0.00000000000000000000 0.01952047120958310192
0.00000000000000000000 0.01961827790941485933
0.00000000000000000000 0.01967107765828412028
0.00000000000000000000 0.01967565912065465800
0.00000000000000000000 0.01967991920025344635
0.00000000000000000000 0.01968574308387462460
0.00000000000000000000 0.01971107235189260148
0.00000000000000000000 0.01976081192522205834
0.00000000000000000000 0.01981646235324357672
0.00000000000000000000 0.01981649347954367313
0.00000000000000000000 0.01982328607701275974
0.00000000000000000000 0.01983072476773721504
0.00000000000000000000 0.01992989801319548088
0.00000000000000000000 0.02015835989065935252
0.00000000000000000000 0.02017215646122365313
0.00000000000000000000 0.02029529270856246861
0.00000000000000000000 0.02042561335712759704
0.00000000000000000000 0.02046949536061336283
0.00000000000000000000 0.02047261613764944643
0.00000000000000000000 0.02048888937062595672
0.00000000000000000000 0.02053944359642663822
0.00000000000000000000 0.02061716105286829151
0.00000000000000000000 0.02061864444024779155
0.00000000000000000000 0.02070942296432324442
0.00000000000000000000 0.02071723634946198711
0.00000000000000000000 0.02072447413583309445
0.00000000000000000000 0.02080421400721243000
0.00000000000000000000 0.02084239997503240654
0.00000000000000000000 0.02085709362737794489
0.00000000000000000000 0.02086009384773311950
0.00000000000000000000 0.02089432590529690173
0.00000000000000000000 0.02093761707958722781
0.00000000000000000000 0.02095504272087336459
0.00000000000000000000 0.02114723135103440538
0.00000000000000000000 0.02121878203602987900
0.00000000000000000000 0.02122220167902659840
0.00000000000000000000 0.02124564727716268114
0.00000000000000000000 0.02124800976965790858
0.00000000000000000000 0.02126059437766674928
0.00000000000000000000 0.02127552576794486394
0.00000000000000000000 0.02131285770030836094
0.00000000000000000000 0.02131772181204181354
0.00000000000000000000 0.02138373837076663203
0.00000000000000000000 0.02144015297705190518
0.00000000000000000000 0.02158434187480243183
0.00000000000000000000 0.02161678937570328876
0.00000000000000000000 0.02170684942402038506
0.00000000000000000000 0.02170758711560464432
0.00000000000000000000 0.02187519661926189823
0.00000000000000000000 0.02193111322595396248
0.00000000000000000000 0.02208652346462465499
0.00000000000000000000 0.02210583950802609207
0.00000000000000000000 0.02210986607578661542
0.00000000000000000000 0.02212452160757715294
0.00000000000000000000 0.02217915101348171339
0.00000000000000000000 0.02222970593218330515
0.00000000000000000000 0.02227766717402953831
0.00000000000000000000 0.02234134921294306589
0.00000000000000000000 0.02238814314914717996
0.00000000000000000000 0.02243747557007496826
0.00000000000000000000 0.02245386319576670939
0.00000000000000000000 0.02247848378480567927
0.00000000000000000000 0.02259813594124944133
0.00000000000000000000 0.02263461246795197418
0.00000000000000000000 0.02264903711229918765
0.00000000000000000000 0.02273208974416156616
0.00000000000000000000 0.02291080409081125771
0.00000000000000000000 0.02300652854007520856
0.00000000000000000000 0.02306621504557320249
0.00000000000000000000 0.02315665247469087321
0.00000000000000000000 0.02318802606827030308
0.00000000000000000000 0.02327711517364881508
0.00000000000000000000 0.02339796081537400679
0.00000000000000000000 0.02345216019307973937
0.00000000000000000000 0.02350685851711204963
0.00000000000000000000 0.02355412123831466392
0.00000000000000000000 0.02363161106780596252
0.00000000000000000000 0.02368137306665982211
0.00000000000000000000 0.02372976700009732723
0.00000000000000000000 0.02376206196015043931
0.00000000000000000000 0.02376359820357390115
0.00000000000000000000 0.02383029628795276314
0.00000000000000000000 0.02391797401488349184
0.00000000000000000000 0.02393578559763734001
0.00000000000000000000 0.02393654273105976990
0.00000000000000000000 0.02393959183516241457
0.00000000000000000000 0.02407010322262400151
0.00000000000000000000 0.02408904441655183859
0.00000000000000000000 0.02412292680098095110
0.00000000000000000000 0.02423736319115486065
0.00000000000000000000 0.02429332346821296354
0.00000000000000000000 0.02437338753342108838
0.00000000000000000000 0.02438492665201802065
0.00000000000000000000 0.02444762341784041670
0.00000000000000000000 0.02449100457629978939
0.00000000000000000000 0.02449227704239799117
0.00000000000000000000 0.02459324969424386484
0.00000000000000000000 0.02460563445553445167
0.00000000000000000000 0.02479482612363458419
0.00000000000000000000 0.02483909268699313611
0.00000000000000000000 0.02486775794953421936
0.00000000000000000000 0.02490163040054391846
0.00000000000000000000 0.02491814519316890714
0.00000000000000000000 0.02493935684144900009
0.00000000000000000000 0.02501745281224095063
0.00000000000000000000 0.02514784219452765451
0.00000000000000000000 0.02526014307863145777
0.00000000000000000000 0.02529433035482283459
0.00000000000000000000 0.02530376593796683504
0.00000000000000000000 0.02539446662063984256
0.00000000000000000000 0.02577778442528659217
0.00000000000000000000 0.02581403105023934857
0.00000000000000000000 0.02585578672393738092
0.00000000000000000000 0.02588742644874141019
0.00000000000000000000 0.02590800527820328117
0.00000000000000000000 0.02607492014473518360
0.00000000000000000000 0.02616996778404866164
0.00000000000000000000 0.02617676120669632650
0.00000000000000000000 0.02617795461722382741
0.00000000000000000000 0.02635455265892406793
0.00000000000000000000 0.02637693002511093746
0.00000000000000000000 0.02639544868029136682
0.00000000000000000000 0.02643997067842264806
0.00000000000000000000 0.02644404722750148817
0.00000000000000000000 0.02658778250311140054
0.00000000000000000000 0.02658873316680008050
0.00000000000000000000 0.02661809034869624252
0.00000000000000000000 0.02663778061772817396
0.00000000000000000000 0.02666080524881781974
0.00000000000000000000 0.02678988265236561389
0.00000000000000000000 0.02695294246973259367
0.00000000000000000000 0.02705937851072093975
0.00000000000000000000 0.02717902907662238937
0.00000000000000000000 0.02720693136072042939
0.00000000000000000000 0.02726478601045317918
0.00000000000000000000 0.02729915824345885422
0.00000000000000000000 0.02731123346069139896
0.00000000000000000000 0.02734526393362069971
0.00000000000000000000 0.02749510586686246955
0.00000000000000000000 0.02753803219303282285
0.00000000000000000000 0.02761833153875038749
0.00000000000000000000 0.02771933712874020961
0.00000000000000000000 0.02773777402567644337
0.00000000000000000000 0.02774720916955877859
0.00000000000000000000 0.02783632541978827216
0.00000000000000000000 0.02784196039558373831
0.00000000000000000000 0.02791554455496617765
0.00000000000000000000 0.02811137545358184664
0.00000000000000000000 0.02826994115359540011
0.00000000000000000000 0.02827579320032093391
0.00000000000000000000 0.02835102827993640079
0.00000000000000000000 0.02850120627708247617
0.00000000000000000000 0.02855981410514847607
0.00000000000000000000 0.02856484513226163410
0.00000000000000000000 0.02859964933872067780
0.00000000000000000000 0.02861734639529787266
0.00000000000000000000 0.02867077743890586797
0.00000000000000000000 0.02873310015958779884
0.00000000000000000000 0.02901749968036964819
0.00000000000000000000 0.02901948839562938642
0.00000000000000000000 0.02904067206089202408
0.00000000000000000000 0.02904362087152927499
0.00000000000000000000 0.02911554356274057703
0.00000000000000000000 0.02931425793800566254
0.00000000000000000000 0.02945879497330020080
0.00000000000000000000 0.02946119926310865333
0.00000000000000000000 0.02950649665394596693
0.00000000000000000000 0.02978130389232408817
0.00000000000000000000 0.02997275341611684366
0.00000000000000000000 0.03020114768615693099
0.00000000000000000000 0.03025673947612076906
0.00000000000000000000 0.03034501297028381270
0.00000000000000000000 0.03034686030801296217
0.00000000000000000000 0.03045783939642381435
0.00000000000000000000 0.03059523554638497733
0.00000000000000000000 0.03067594797927090944
0.00000000000000000000 0.03083258162979725034
0.00000000000000000000 0.03084706176715105649
0.00000000000000000000 0.03099473852048910058
0.00000000000000000000 0.03112729991816039904
0.00000000000000000000 0.03116111533498751307
0.00000000000000000000 0.03128770396163964990
0.00000000000000000000 0.03131912368961248944
0.00000000000000000000 0.03143763736612447540
0.00000000000000000000 0.03155899404770931560
0.00000000000000000000 0.03161050818558405057
0.00000000000000000000 0.03173917172523275237
0.00000000000000000000 0.03179647889815014061
0.00000000000000000000 0.03181722284178667426
0.00000000000000000000 0.03194758588693687867
0.00000000000000000000 0.03214508506073120858
0.00000000000000000000 0.03218577122651716804
0.00000000000000000000 0.03222230879776533108
0.00000000000000000000 0.03240388016092218132
0.00000000000000000000 0.03247128829529518507
0.00000000000000000000 0.03256057028035271722
0.00000000000000000000 0.03306586865506675604
0.00000000000000000000 0.03318543954663760037
0.00000000000000000000 0.03321679346392064636
0.00000000000000000000 0.03325368640352872884
0.00000000000000000000 0.03347349448679802497
0.00000000000000000000 0.03378186119686616556
0.00000000000000000000 0.03381151531472519067
0.00000000000000000000 0.03386177686439122841
0.00000000000000000000 0.03391250551753962478
0.00000000000000000000 0.03392802797249418190
0.00000000000000000000 0.03399380306326398038
0.00000000000000000000 0.03403552746140382779
0.00000000000000000000 0.03458669738118645698
0.00000000000000000000 0.03469918891362448743
0.00000000000000000000 0.03470791009396075044
0.00000000000000000000 0.03471896658135589786
0.00000000000000000000 0.03486208336430409588
0.00000000000000000000 0.03520892437085670901
0.00000000000000000000 0.03556307457110865350
0.00000000000000000000 0.03559343817446926350
0.00000000000000000000 0.03564367564223187845
0.00000000000000000000 0.03573346097556739931
0.00000000000000000000 0.03592342913606754590
0.00000000000000000000 0.03593481878766978388
0.00000000000000000000 0.03626563921649803013
0.00000000000000000000 0.03630878838671456471
0.00000000000000000000 0.03649685985727350868
0.00000000000000000000 0.03665608185401177804
0.00000000000000000000 0.03672016598405570403
0.00000000000000000000 0.03685445918161960044
0.00000000000000000000 0.03699372257739407671
0.00000000000000000000 0.03720695980215271703
0.00000000000000000000 0.03720757041653646041
0.00000000000000000000 0.03736011923657829581
0.00000000000000000000 0.03741914410182604900
0.00000000000000000000 0.03758724481914070548
0.00000000000000000000 0.03762367634510175446
0.00000000000000000000 0.03764933970547156006
0.00000000000000000000 0.03774556513988960166
0.00000000000000000000 0.03795056364895860179
0.00000000000000000000 0.03803493993800854261
0.00000000000000000000 0.03815970994084583179
0.00000000000000000000 0.03816714814066825279
0.00000000000000000000 0.03831676115052250198
0.00000000000000000000 0.03840328542767258019
0.00000000000000000000 0.03844977340649004260
0.00000000000000000000 0.03899172921158321203
0.00000000000000000000 0.03937190849155374622
0.00000000000000000000 0.03964127610652473654
0.00000000000000000000 0.03969523909295617770
0.00000000000000000000 0.03996204370741431727
0.00000000000000000000 0.03998000198567535496
0.00000000000000000000 0.04069461336263022894
0.00000000000000000000 0.04087840437680226313
0.00000000000000000000 0.04115416113951977928
0.00000000000000000000 0.04169441985736021400
0.00000000000000000000 0.04190338640979680146
0.00000000000000000000 0.04199913420460121144
0.00000000000000000000 0.04235138237068424016
0.00000000000000000000 0.04249785753350612122
0.00000000000000000000 0.04257529531233195802
0.00000000000000000000 0.04269246250653976199
0.00000000000000000000 0.04280493839143664769
0.00000000000000000000 0.04355565538604729697
0.00000000000000000000 0.04393344616572610051
0.00000000000000000000 0.04399675343817562728
0.00000000000000000000 0.04461158209453922746
0.00000000000000000000 0.04513948790709697984
0.00000000000000000000 0.04568456736736648677
0.00000000000000000000 0.04596054322516644058
0.00000000000000000000 0.04617761633079749822
0.00000000000000000000 0.04707616703393758401
0.00000000000000000000 0.04718746029694232541
0.00000000000000000000 0.04743994489264441450
0.00000000000000000000 0.04750559796653554268
0.00000000000000000000 0.04762854143262468948
0.00000000000000000000 0.04927932454451425942
0.00000000000000000000 0.04931555725473595747
0.00000000000000000000 0.04940011826044436033
0.00000000000000000000 0.05056383214524164116
0.00000000000000000000 0.05209248619937895813
0.00000000000000000000 0.05222487075924581168
0.00000000000000000000 0.05222663301094258165
0.00000000000000000000 0.05233118829999078292
0.00000000000000000000 0.05340425601406528083
0.00000000000000000000 0.05346773128753492393
0.00000000000000000000 0.05561184127612716493
0.00000000000000000000 0.05573223089530943142
0.00000000000000000000 0.05888239491542038295
0.00000000000000000000 0.05987094114055969973
0.00000000000000000000 0.06004008196328682739
0.00000000000000000000 0.06121900408592964582
0.00000000000000000000 0.06493425637256697303
0.00000000000000000000 0.06604602229379399891
0.00000000000000000000 0.06776702711070284324
0.00000000000000000000 0.07573806725417470131
0.00000000000000000000 0.07751802591566904488
0.00000000000000000000 1.73205080756887719318
