0.01592122085666708084 0.01617815494258066991
0.01803628311680101695 0.01845639974188550969
0.01808384996495350852 0.01927556533811992934
0.02026546884377259869 0.02048306745669966830
0.01742535477434110566 0.02065626138992047306
0.01991807271983440236 0.02114313459719905156
0.02109667711378332422 0.02173148206045061315
0.02059660788535470563 0.02339144429364659050
0.02237688151511220067 0.02365348165121677546
0.02176282541830255532 0.02394289488629693791
0.02102780409364686520 0.02400412668417173379
0.02249422867421746117 0.02435770469836934932
0.02199634538627485633 0.02452020802214015943
0.02410008066468673216 0.02530580047600403462
0.02232180314449847339 0.02533679657467780705
0.01925074209232360833 0.02541268765046806807
0.02151898387163401344 0.02608402447970439159
0.02251702206941407630 0.02610603382930531957
0.02261043487329999352 0.02610654024192345449
0.02402719868201858011 0.02625366914161715234
0.02637582124149631321 0.02639169423126687744
0.02295668661222150311 0.02761284202039125321
0.02534836861963274054 0.02762375357363293371
0.02704034518254228026 0.02779843301223302449
0.02243594887544820768 0.02781127294560291341
0.02725387213151017965 0.02783615682162469962
0.02717049139397248805 0.02785210224960260605
0.02764841643492243692 0.02793455185941708108
0.02598637310078830143 0.02808482548965538991
0.02660279013159433728 0.02808992400803853040
0.02430397140913908433 0.02813040531033811006
0.02784227402356066750 0.02827404089793129210
0.02513113970978967174 0.02950130870769373734
0.02791958826310325659 0.02973371005916731341
0.02597623739504055160 0.02994370332906283461
0.02488549656020529882 0.02995590620339027774
0.02647080135101908746 0.02995668422431152500
0.02823451007489759940 0.03000744749351540522
0.02956583317334862335 0.03012762002763103714
0.02887871390699871602 0.03028117630338780439
0.02950400554061626684 0.03037038786309940661
0.02235108796353276264 0.03067074845835388724
0.02601907598941212083 0.03089270307574661090
0.02752366235192909433 0.03105288654131334314
0.02839211526093784327 0.03123178950279596397
0.02968108004465446273 0.03135149774337066958
0.02363927223477782155 0.03140715063136659962
0.02778565863973570665 0.03142643301220039015
0.02233338847723214185 0.03150840692506110680
0.03138950838617138306 0.03150937530178109930
0.02551161165044062151 0.03151686753460024304
0.02370890289328441217 0.03165275595153183019
0.02826915541807575177 0.03168713314154868177
0.03058965952737568300 0.03173231672005035614
0.03118375995336367806 0.03186297927893732423
0.02500019158317945758 0.03199851922539397736
0.03068596986217107456 0.03206264851011536576
0.02580946244477386881 0.03211106295159199542
0.02445507162880434723 0.03246708984112804675
0.02380094692890272895 0.03249399359424567924
0.03180749652012237333 0.03250219751440156651
0.03029111671097554914 0.03257820773605022563
0.03002866613634683213 0.03264352427630572845
0.03203142146362004949 0.03270784622653449825
0.03124054227027945468 0.03279259515458728819
0.02662882549818785388 0.03296343587897142963
0.03284584211040008500 0.03353135016487921588
0.03188622881749800242 0.03356557716161671229
0.03043339233348057657 0.03366735556556064296
0.03338121948570716563 0.03374671701227342085
0.03293981111749980789 0.03377794634145149522
0.02882425862504303313 0.03402574323257974431
0.02684712671382521662 0.03408164801570565811
0.03176555415317969949 0.03441002661674412433
0.03081784567823312240 0.03446813147080235451
0.02974874839003647381 0.03453375378842987037
0.03070952604962027752 0.03461202245938513333
0.02485014068361821385 0.03462037090627258923
0.02400119320125458644 0.03463047644700013861
0.02726207770898542160 0.03463846505450058483
0.02860242860416018634 0.03464446812989139396
0.02430698228169470010 0.03464697675316779496
0.03200134689116767434 0.03465584950500828071
0.03457378034129793970 0.03532108052201794746
0.03470097885606288068 0.03546612760809737114
0.02995804902427222013 0.03554954044464798957
0.03011994539677734922 0.03574222243266093890
0.03461199334968512176 0.03576795140657260119
0.03093564696145720272 0.03589172712373227270
0.03296822875841590172 0.03589630132975989846
0.03477874864183246734 0.03609845465567258771
0.03580594946442030441 0.03615778367438226421
0.03552831290895902550 0.03631941094038232398
0.03290321348841131199 0.03633645658722569477
0.03235693186151612777 0.03650746681513369202
0.03121460006674047286 0.03667820651585999153
0.02233409973186932865 0.03697035288621645238
0.03397849038247507253 0.03702958101171165833
0.02457790268640766551 0.03706177312943582935
0.02631535929365911783 0.03722078095900718808
0.03336957018336651065 0.03781144759840644048
0.03305408169557246673 0.03796198326358803804
0.03541443667628557668 0.03801789112559073730
0.02730285607233761194 0.03841822468412178088
0.03028516444165952823 0.03857817599566081002
0.03032036710699423723 0.03861746485628957115
0.03086295859089370833 0.03878414728983700654
0.03412564095766487671 0.03888915294905936904
0.03752775303932372880 0.03909450366751475447
0.03916628523010867724 0.03928192312156231214
0.02997606239529842023 0.03931852263839805822
0.02787192317418680718 0.03934197853711446369
0.02911853454791004520 0.03973865754510514520
0.03028446286615155483 0.03993590593636470176
0.03816744012933170199 0.04012375692047521342
0.03692942020519474761 0.04019620395307332145
0.02743534475362626943 0.04029821424773832178
0.03865331615859492892 0.04043846446985837478
0.03587925220231005796 0.04045308624555080806
0.03886816867827386224 0.04049308509407953394
0.04040415290520653346 0.04049311801171382591
0.03166157801412287920 0.04051761126426745019
0.03444314192699339527 0.04069485294600213438
0.04018865250225962110 0.04074381378823440508
0.04046177711082459688 0.04092488828305562709
0.02920326921395736963 0.04119629679921479187
0.03893646476827582192 0.04130922083169579623
0.04174235654435355658 0.04190324642427496055
0.02320932401468350087 0.04216890758765264036
0.03724470985120904160 0.04232478446326894822
0.04041056973829600801 0.04247532736993946123
0.02271964488980980287 0.04270587890170095963
0.03825622797428720329 0.04311418199925456246
0.03710819470893812061 0.04319587350383545521
0.04328047320477186599 0.04357380213425705168
0.03826445347548189380 0.04373685067635104534
0.04027865419481073406 0.04392517180865796594
0.04445922177591288965 0.04449781661891927254
0.03239423260241994923 0.04465724567628666375
0.03819985054109593936 0.04482120120372325850
0.04139917462263140169 0.04485812943336792147
0.04217095061458264738 0.04500461364540454118
0.03805373858486171129 0.04510493962842090226
0.04518107359927938521 0.04520935537362009982
0.03816271395216924711 0.04537447689562351671
0.03951622580997152939 0.04550089908056337284
0.03878200417368263264 0.04588493231330743882
0.03767279225829361228 0.04596618545656075416
0.04039012612125509466 0.04631380500029110697
0.02925563806819498833 0.04687578184731585468
0.03916135463629984853 0.04724707839691043992
0.04455598969310314156 0.04774749107770148715
0.03741037798671278947 0.04830403087432512399
0.04181437093637541819 0.04856079637976268293
0.03552467690225305508 0.04933446319191594348
0.04028192122229729694 0.04962043699407021197
0.04487813863083255778 0.05022020799248404221
0.04257520500688117410 0.05076034952749482881
0.03297378353078078694 0.05080053273407788422
0.04868603205485490248 0.05117729942383214548
0.04708208837507595751 0.05152321612034519577
0.04096480587538828960 0.05166819887960950874
0.04259994953715259824 0.05174954225629787435
0.05113697826630884957 0.05204528649015591896
0.04057120788324617561 0.05230148722249149118
0.04948953393603538337 0.05235135466801237036
0.04696529807670047491 0.05282627131488113609
0.03940702077249554069 0.05298999705159523899
0.05060868241333023321 0.05318792363519935645
0.05332687135394366396 0.05352736483428521125
0.05271092725773379728 0.05420369179320905922
0.04621059418910279659 0.05437609877287415822
0.04603817156840712965 0.05470806399546095794
0.03966335580797832050 0.05471587118900021057
0.04990213958243534115 0.05474289662462976380
0.04616933723543762552 0.05485527062607514076
0.04449092260897385270 0.05492164145017655597
0.04542508914206847687 0.05558234718954960935
0.04380765543328696970 0.05602310972509758069
0.05461623431988590210 0.05683562730651427197
0.05397058081143175923 0.05751070424070563875
0.05736481758102885548 0.05759464208049205197
0.05548600913299042009 0.05763581201299126933
0.05757089785521955078 0.05829501386973787863
0.04980789141543777443 0.05846237859170330675
0.04290154329743417483 0.05909064678589700387
0.05009824612250383946 0.05964537983038874225
0.05048435001047636705 0.05998429170351808615
0.05430831090401079531 0.06043153953032671249
0.04936207566817572834 0.06089300463050588419
0.05902734397643172315 0.06146739789152382005
0.05997986633046032551 0.06157095176342709114
0.03731928214683190304 0.06180066051365139951
0.05979708209129119822 0.06241643415521930943
0.05885591290880431981 0.06292597515102552053
0.04492878906564469477 0.06302524760269419268
0.05039793443883854723 0.06305501812902299108
0.06243045889962094835 0.06366164643782014354
0.04957995293155780664 0.06584450785557145747
0.05337418078898931162 0.06781233140183434704
0.06434093683485732351 0.06863063451573164775
0.06825089643541813744 0.06939003817269158436
0.06383794563467741490 0.07178663810902605191
0.07133986645750733935 0.07280666350532546960
0.05343775877400921276 0.07625686501349170088
0.07411088719476587039 0.07732261870827185357
0.07352171521235650875 0.07879218756857429840
0.07730067269617575676 0.07897267489504970761
0.06506964541563590998 0.08128542466147818668
0.18979462365591354134 0.20260813803730287619
