0.08360791200628950315 0.08612898028266717521
0.09287559200296476025 0.09556442437346449048
0.08766991276764958541 0.09655869371409775415
0.08470398391911586333 0.09743426107575013650
0.09316749360613735265 0.09762857767699116562
0.09223428919306686513 0.10300936222116265084
0.09637301032823394897 0.10340348511994450209
0.08855933038230102972 0.10919758512747899937
0.11017090075826448115 0.11078523899593517577
0.10914090936101511486 0.11242114604467709493
0.11260799110205246820 0.11479889912763116544
0.09201475442865889032 0.11531116417654359296
0.11494315738740876198 0.11609021508038636084
0.10458808910179119567 0.11633789377316487712
0.11188736191653299301 0.11711705781965314754
0.10671707380042864954 0.11842306498962941463
0.11268623290939008830 0.12011161151212811082
0.10677861436396879347 0.12027037701335704933
0.10207818155852102504 0.12030511971000824867
0.10993848278023807263 0.12243220005604073253
0.11810236259257500535 0.12283667967703713886
0.10086799329223274102 0.12356381520602230384
0.12418837518021436095 0.12524921338895195211
0.11962247237636162989 0.12688022873001683632
0.12497409248699031803 0.12702994348976143213
0.11133092580670791993 0.12748561579090861295
0.12197979340396582215 0.12816713977584145989
0.10883973162174365168 0.12845985350706806694
0.11491982710236951781 0.12941498676107701660
0.10983442135583697252 0.13011254399618893407
0.11987188697672868098 0.13067533279798579371
0.13102466482204877529 0.13104880451515954487
0.12929600591027640144 0.13126966243711679638
0.12498850855861380615 0.13144805003342605043
0.11699532292783781928 0.13149389293564195391
0.12962584113877795300 0.13247049280549841321
0.11881179484814329006 0.13502888575693455797
0.12914306899622815528 0.13539604608532823660
0.12749160823442035051 0.13581816300965268707
0.11099645386793775825 0.13597248725833860350
0.13537743510186076024 0.13685444958110029590
0.11492980154867660225 0.13690735908814133381
0.12566218284356608925 0.13770301476303037358
0.13245893684636605991 0.13781305770131677124
0.10476987889475211646 0.13865301518697514815
0.12683888331720463705 0.13924431456484620551
0.13730156798930823192 0.13924689757364616671
0.11050721603127806880 0.13928846174256198642
0.13359405768687565574 0.13937759888572073819
0.12795814132768154603 0.14076926236528403136
0.12626564181230287565 0.14136822394330325614
0.14016142410062654156 0.14149502221091081466
0.14204375452114867406 0.14227159031750449825
0.12010265118478379021 0.14236069527231109966
0.13991226624402827716 0.14482201386186679959
0.12206615535128553796 0.14511851863738894908
0.10883569512324593742 0.14523898801773252321
0.10887715756934748801 0.14533748576115720907
0.13866211860045757343 0.14562892666188731461
0.14463023276549025198 0.14644746058964136504
0.11510139850315806442 0.14688323751563450714
0.14111226489301251230 0.14726938740294973074
0.12182426090356326953 0.14779207467538965637
0.14836975085779272043 0.14842751007887478032
0.13390740144564292069 0.14858810107475492468
0.13979054996440004599 0.15053754353290643708
0.14912377458732331559 0.15099401604712503477
0.12218278840448357214 0.15220698571538399113
0.14879120250686328486 0.15332127692991032175
0.12584086963095691969 0.15353622817726111927
0.13515717273797628328 0.15393567172384284292
0.12811782999787241222 0.15395776933976068612
0.14495896524093543345 0.15425656721544647731
0.15055831047951956370 0.15435319549258025296
0.13496519468217485493 0.15496714774825376404
0.15206690806178541076 0.15580650307651822128
0.11168164422669656088 0.15614628173771255559
0.10958808765568081589 0.15661106068705463179
0.14415060211712013571 0.15708569324752022500
0.15546882332710146302 0.15709403312458394830
0.14809339966731233096 0.15747517287954487797
0.13819031042315108038 0.15804299795750870183
0.13838919433432275707 0.15809193109839767000
0.13854780121621362854 0.15812068173050325415
0.15381346847765958730 0.15815298174796416086
0.15610711597194776301 0.15898098011381553429
0.14909899274162202731 0.15906082531543028202
0.13472124750304864671 0.15966119856717808645
0.15586549509015501513 0.16005922384418799775
0.15567141019872327012 0.16009652936002777279
0.12030351086940768712 0.16031793906942920502
0.15178201494684478989 0.16148943489145947683
0.14875691293829113038 0.16177420439710607503
0.14892053805262256416 0.16186932767316625226
0.15991001458605599850 0.16195346704038771080
0.15130913852610111681 0.16231523836125480442
0.14452951982169148781 0.16246606047959744057
0.13904644853757094913 0.16267522326380970399
0.14105471859747972796 0.16296989716355050892
0.16089363902093387071 0.16300595856357494307
0.16101584169976848604 0.16385922881394682227
0.15602189029857524427 0.16399146047746307464
0.15997181795483955691 0.16406723689365426688
0.12957639713481530763 0.16415203761821234307
0.14641583350698955668 0.16460194170901265576
0.13517834779177634319 0.16523108364149097227
0.14687180594390134014 0.16677633245720963062
0.14737220857570401678 0.16701520377180537058
0.11387467058109436435 0.16711006306074605021
0.13477939577515760106 0.16785513595402490328
0.16549155940945353693 0.16818137110247960431
0.15600726197931127914 0.16936168171880575106
0.14081896011309938399 0.16944268066046225263
0.13296139254255562312 0.16996504747924429113
0.14270890563908439352 0.17036130122049306101
0.14266746564410653919 0.17044641055879994340
0.15804647662144219455 0.17073655025829226339
0.16148084716825084062 0.17104652289179975155
0.14203209589247542399 0.17117306679482474641
0.14707892370643430024 0.17154358946093223315
0.15636234436167861794 0.17160028021070553028
0.12816475982255526311 0.17160955393861876406
0.16189562713972771579 0.17192581769045522933
0.15257330625929815815 0.17198710268299588488
0.14374424313728756397 0.17205510706269594445
0.14976931789625028135 0.17229640168497131758
0.17219253083357147216 0.17240328899158050002
0.14008084934945355671 0.17293371529869494552
0.15508379405632788384 0.17314346593194476776
0.13841041492004421687 0.17323142404502714364
0.15842411687060883874 0.17427721116234484722
0.13171325174830517124 0.17474084348832014113
0.14741807542062804193 0.17505512848960846917
0.13907676614640726576 0.17516257943090704496
0.17063874463612663246 0.17533613332627789871
0.12169981406967358972 0.17567686041202007496
0.16995477184328150466 0.17575598697413161164
0.12588455653076829899 0.17616595951137045684
0.16552648764359584321 0.17665997102408137476
0.16125695573479714717 0.17681607393965129149
0.16002875507872865724 0.17688038720140988880
0.14265451820042543418 0.17761950589145980572
0.14281241420651860641 0.17809728715073905314
0.12572312204574873085 0.17825557892418217310
0.16942457199163860060 0.17828103131479550170
0.13445512775128726224 0.17857364967966460334
0.16169488310410107257 0.17884191126916751391
0.14715091686724429687 0.17892057873261588141
0.14611302378621365827 0.17903185367853552412
0.16763840142522187793 0.17945910331067155274
0.17488412385004703520 0.17995808090190615336
0.16323745477551784844 0.18052638806993431819
0.14682248406051767731 0.18090800819048644121
0.16882932756841093069 0.18114962544568893876
0.14859530816934865549 0.18134881546216310988
0.16485997998173115842 0.18165755323474491734
0.17013825698748072379 0.18172338909316645972
0.12538353934958695879 0.18224461190623095219
0.13623327372083465781 0.18300063214616782425
0.14076897940117261143 0.18315447786397456853
0.18171023283516060665 0.18330668998792065683
0.13538419369237009171 0.18347290581523795217
0.15854447629935519704 0.18357043051297594616
0.13391204468610920508 0.18365062429141046363
0.14497519823189458643 0.18382773201287988529
0.13300482226064566649 0.18419446900797500910
0.12008747587278026381 0.18459915924184094882
0.13155275385988335346 0.18520337184377266837
0.13425896677931278833 0.18525267414098739449
0.17743702429438298895 0.18553683109162533160
0.17140754921634321351 0.18591089383120981693
0.14166906711376497929 0.18606790014645985254
0.18422582972789589006 0.18612367776859581325
0.15672720640367726608 0.18616645406525769713
0.13017012011523043657 0.18624525302087838186
0.17510149302570418572 0.18656541575658724952
0.12837861533283873028 0.18666292655899083264
0.14463362255590678229 0.18697976483172906725
0.17070130184831636133 0.18735822768488932799
0.12671551974639705396 0.18767306384803517094
0.16309942778002148311 0.18808286086997813569
0.14223405082835477442 0.18828606469311412464
0.15747095005823333325 0.18830881757948980670
0.16120495300599815836 0.18994022346394970335
0.15604291832018568620 0.19073643137039611450
0.12956741649125727567 0.19109914229421676168
0.12971916450435172496 0.19137318624281096646
0.17484020277588055436 0.19137786538608902998
0.17421009652903080012 0.19145662486788933565
0.12730739699612950155 0.19193685353241590752
0.17296153459924945572 0.19248733875087170597
0.16394417561318833099 0.19346986432538385015
0.16381443592834263323 0.19495487696397284516
0.15001281556833376274 0.19528781951791349125
0.12442183372029370914 0.19538184698457425337
0.16920622784624750334 0.19569510726691205504
0.18353605167304765100 0.19606144346904272324
0.14594213068495534569 0.19687685418627734468
0.17838285015374374942 0.19721742143980802719
0.16059562953296352417 0.19730073568726216870
0.19612225808375985392 0.19734858982063824273
0.14561021806963142522 0.19785715195071643113
0.15062622131446881668 0.19789960135740286562
0.15424000665829695755 0.19806677141606832127
0.14110266777836327767 0.19853612685493488010
0.19119448407153932790 0.19929709859760927348
0.17336487588905641344 0.19966115851798535430
0.15916926372313031091 0.19994623252145068970
0.13891780155373226191 0.20007412550912934135
0.17062946465659720174 0.20012309858472282498
0.14107083166948578001 0.20048055759795768704
0.14072977448084986185 0.20184292901065428727
0.16718480907002358782 0.20272447391544817785
0.15737892604918307660 0.20371259074938322109
0.12429983502730468370 0.20538708650150905299
0.13083560509452796250 0.20574707983204856832
0.15751236297065632219 0.20651922766259897535
0.13012682641929862459 0.20777698626022289563
0.20314979462344082140 0.20803198144678441972
0.13564920113054035333 0.21076162685717272915
0.17402908312432802118 0.21478306191773730016
0.17584573934294475683 0.21619913109207622437
0.19089127065228131408 0.21657307411413564968
0.16207065293242117754 0.22011134770717810660
0.16687633146416605556 0.22028340834179896413
0.13517202199803851626 0.22030712077041700314
0.21425364843908389911 0.22100265356124448868
0.16898280316721520089 0.22100467283569108501
0.13362737452559836360 0.22298454340529108575
0.17289521960064363482 0.22481326779762000889
0.12452591585222270998 0.23098795497768911944
0.17521965406437764456 0.24651802138628187144
0.18562053269984810089 0.26284774447116171503
