0.06765542697677434658 0.06952790428166039094
0.09158965973328939136 0.09709434558264536108
0.09090084894826287731 0.09812219430060091507
0.08346818926738587552 0.10056601122733554998
0.09800139035969776535 0.10526259973144778959
0.10330535199182989958 0.10668126493831391055
0.10263995775381987152 0.11027794069588360559
0.10695462667436546333 0.11470088562576526148
0.10141426576612624921 0.11962911778459799084
0.10413595221456750650 0.12109259279483133853
0.11815850032476819809 0.12231775160455363172
0.10087847799072970079 0.12329476699576324972
0.12160959578126132041 0.12424170698838367388
0.10067217737202542593 0.12549992024740636021
0.11313267382069662481 0.12875852832542722393
0.11170929006161976760 0.12955390214940090687
0.12078191101799146123 0.13114952191299492079
0.12633436493796429412 0.13137517224153852369
0.11291954874769133399 0.13151463383461933776
0.12808858237790601842 0.13190443047811017951
0.11233304915738598351 0.13323453693334980086
0.13062593906790773146 0.13366272308476456754
0.11823520331438375219 0.13397832168836812383
0.13253185717027329837 0.13658059255014964872
0.11090914029819626263 0.13795664250689068653
0.13699830123090037115 0.13819017928001892104
0.12169343076615900257 0.13950281820841239910
0.11453449600873387426 0.13994280570597009139
0.13615800090867222205 0.14092219709424527729
0.14035357704087625397 0.14216161592860607210
0.12635860776135818262 0.14382642466093539801
0.12446986820091109072 0.14406941688863930673
0.13916475732507174734 0.14714483904205011289
0.12199090573401995263 0.14863706431275136577
0.13513445512497274104 0.14885489379340155480
0.12515566622944687691 0.15016947082740905728
0.13989037164197359875 0.15258519428802505558
0.13348727029432969071 0.15292714763020895385
0.15230765978708116215 0.15320965748533324491
0.13110513156059155904 0.15461359014723316530
0.11151944011012146496 0.15609005823947225133
0.15335784365448534849 0.15655372211642848423
0.13684783583454349087 0.15709059962206842198
0.15637979569954429948 0.16054824846692206108
0.16021327003231225494 0.16110244911387394673
0.15305130288156515439 0.16141347582297738139
0.12557967979376472023 0.16153997176383899648
0.16018224223498683800 0.16386368412027327301
0.16365198054780433212 0.16721869199041064502
0.15676503659788434963 0.16764212633023911625
0.16852234394154694264 0.17131929089633365915
0.15960444424020761578 0.17224513047190853632
0.17391381057070420812 0.17423550833825188211
0.17663134151645826231 0.17703383123741411875
0.14406494589975790688 0.17760567743645674921
0.14022303137602235013 0.17839728078120814514
0.17585439344555761632 0.17875844563461323888
0.17889965991952955227 0.17976997793492019428
0.17461192358335575481 0.18018643884786084142
0.15691397141573742990 0.18025522506551380775
0.17304962362580722512 0.18039692359878922723
0.17758527935307144574 0.18181628616130998677
0.16021156164204244932 0.18633432575005262621
0.15765968708766311956 0.18742556639997201562
0.16220647441886235085 0.18936917354326376906
0.18147516284666634356 0.18987582069122810324
0.16118127534139017887 0.19146391695271192113
0.18997891730194663151 0.19179761564517361361
0.18971015835156834761 0.19258751454729250430
0.18134152823152219214 0.19307457054629845183
0.16837088408446365673 0.19368850165241285888
0.17021810008140866866 0.19375690972453701866
0.15702330043349577160 0.19457631648182610595
0.16850950666234235098 0.19572251632209025640
0.14515280818924666817 0.19690706354430781433
0.18298650626527429575 0.19745709698440896962
0.18071682206397937653 0.19784040059968718839
0.19046078386516610004 0.19793331859317453425
0.17170538266472135103 0.19925372936729160434
0.18160082401580254774 0.19942935753321314185
0.19056168083073349306 0.20168268827512325636
0.18087211420854051869 0.20188930142302841109
0.13719945597719765407 0.20275533958253424971
0.15304170131457034421 0.20414721879362207613
0.19031473639780802087 0.20466477689567880160
0.20318308700590925753 0.20599896083053043094
0.16319732758547630946 0.20981201018995923602
0.19449233066401544479 0.21081187681914803633
0.20371432748794016110 0.21135176480694062295
0.17446677530706741766 0.21155863695119758727
0.16393113947389437168 0.21202732245654914989
0.19921525391566732854 0.21216047360689826995
0.18251470412365691787 0.21224998241096418305
0.21026534546797456815 0.21493456023741783212
0.18837473234339174866 0.21503297625594081088
0.18552092263973121722 0.21506492267609955693
0.18804509907766997490 0.21589092612085403200
0.16527195435210023655 0.21616876535290141526
0.21075532387017109626 0.21742628172299258149
0.21689261124022293781 0.21785169800165551934
0.19331455708390490877 0.21864769701336839169
0.20764746630187069787 0.21871322974721807419
0.21893648707033935841 0.22079733045284227755
0.22023390666761999412 0.22164476743288766269
0.21452933696745501990 0.22283563079676468877
0.16131241498269144330 0.22293182599731942162
0.22313569570072336323 0.22319394667032416146
0.15545712627920119098 0.22660590734744828767
0.17964471718096139408 0.22739190048047674964
0.21703053193876842286 0.22748633226786299510
0.22622305376156756629 0.22799253171683309116
0.18450037518547490745 0.22806972712379167123
0.19202855673066512865 0.22832537674810907125
0.15675053482681247652 0.22865635824479274563
0.17332392708556876304 0.22873664994301029507
0.20306721211175632336 0.23056001207711609990
0.23015306397874357724 0.23121164659910281580
0.19871191460425643993 0.23390929902711604660
0.23366599684157551842 0.23495553542828148674
0.22326247395176798682 0.23514133363443293079
0.21823373849079905074 0.23564473513938588578
0.21621789927516527063 0.23630925342434508374
0.16089160272416541675 0.23676597739554552935
0.20329233086966166932 0.23730984496121981797
0.22193212072938009460 0.23774981632294903133
0.22913171788945149721 0.23885943301043366382
0.18482644276101170555 0.23892206404732518887
0.22931410142726815771 0.23956201370859775412
0.20632903106435560026 0.23994242275637508999
0.18692546984891728057 0.24001331499063618957
0.22716598378073493691 0.24055040119068879512
0.19343190533890616822 0.24092499122734978290
0.22214290612554418725 0.24146632759308339633
0.23528596523564263010 0.24657504076055863917
0.23597590099856069479 0.24659967057920845201
0.19051793349000328837 0.24748925148768735616
0.19552811264805958213 0.24799346398367180799
0.22612047255434097881 0.24966519983205082145
0.22375946443958097398 0.24974147160109819166
0.21427498272488898490 0.24986908877263550033
0.19485180535398591295 0.25212368615262126248
0.21477698787473659126 0.25232883353387119962
0.22182306620413794196 0.25345468261508519170
0.19884959814518271548 0.25367689848322316770
0.21040401743151948555 0.25408562241644738755
0.17042252597576895701 0.25542547614909938414
0.24847028512516541876 0.25913914803819915189
0.20335341610666904377 0.26148323411117679882
0.20627543337239007126 0.26218351123262551017
0.24334016799481597570 0.26292563312495886851
0.17407453701850908456 0.26296094451230245248
0.25933762945790095333 0.26317286737238593242
0.20321255518515332628 0.26772006244261881136
0.21645113052388723074 0.26852175266580491364
0.18610149091653044318 0.26902563141425289706
0.25679568465646507303 0.27012940174147986871
0.23785465635600039347 0.27047771550440935506
0.20555454075969134542 0.27202228651256199488
0.26972018987802620638 0.27391075557000449381
0.19171765079373298546 0.27400871010658850446
0.18292644052446938030 0.27639152540145295323
0.18671728715427104994 0.28495401124515856717
0.23323120826524273985 0.28928333055084698433
0.26334826391701848802 0.29424341813925530831
0.28196869627999621155 0.29528120881015257337
0.24914378172245316145 0.29635854627559976571
0.21304194673920778813 0.29678048458501748996
0.29797910151041340221 0.29808191942617390247
0.18487770022641511480 0.29849305240175350029
0.22638085237701191521 0.29852639327857949381
0.26786484669228149968 0.29894242280611982299
0.21112665515788686665 0.29987586607131694327
0.29192842287513021127 0.30019554688528599096
0.24902434157689423699 0.30202249757355426052
0.21609199911714488396 0.30324993111722831074
0.15602398259402766589 0.31097081898876155481
0.26633763655330966458 0.31491737347013948334
0.29991315286249120575 0.31575247118570165528
0.24510664717172381266 0.31650451806483276274
0.28636786044759093839 0.31661893795780754468
0.19359775727872008400 0.31757269482145611406
0.28262544744993295387 0.31966681524100382106
0.19314426570296786001 0.32886758819675393495
0.14315295531707336596 0.32933335000693120254
0.17262024454197258394 0.33287916789111005045
0.17988770403612328042 0.33716588018096144141
0.16863395929704028120 0.33750146666220820491
0.17111077239525096516 0.33832392015814555242
0.17596037315611881557 0.34524425400017000332
0.16640859936562840682 0.35152697079979228212
