0.01948416075214823989 0.01979640967396104068
0.02387862712664386156 0.02459203878552512074
0.02546861519148301001 0.02700320956071801393
0.02384870660179845211 0.02786135035153804868
0.02719884404118429883 0.02870881176628865827
0.02914271558507823545 0.02947520303385991677
0.02853190415045738990 0.03046230958944595030
0.02904020957767292771 0.03136384930167451790
0.02619436563502263587 0.03160635737183528637
0.02941926167642771456 0.03248139990887272122
0.03195981393265033554 0.03316523879926636803
0.03240044177903137618 0.03442616122210994528
0.03418437419813789152 0.03489016921371988766
0.03181258394429766628 0.03522690329890995620
0.03137979132166445612 0.03548788137356941041
0.03533266796800023368 0.03567021939742106434
0.03612398334166440350 0.03618851676240372739
0.03057848329583489136 0.03637195423238206993
0.03442298509006229412 0.03640960583977347759
0.03437036826424623437 0.03641236513914834078
0.03130476390387189334 0.03750122428850762024
0.03145494922097474139 0.03793646787180324914
0.03116413245995825268 0.03857853479844679939
0.03935489688563820199 0.03973831499305589127
0.03756086164144004091 0.04068783202144962002
0.04033354002503787561 0.04085868021870827510
0.03786610147041587909 0.04138433648215136818
0.04082261808521075314 0.04146882062619528658
0.04102658003251213881 0.04188166513850716949
0.04204334508861821973 0.04345326582251874542
0.04162935052236178129 0.04443748410008525190
0.04429883429639986520 0.04446204036690446643
0.04210466312398725153 0.04487641810845594686
0.04482333753844033875 0.04496353920929437725
0.04220770776466469670 0.04521671609496123734
0.04022188345653038288 0.04524343049043967613
0.04363107475577712030 0.04548533403806358927
0.04379159451787720259 0.04588112919286831126
0.04531555145615184105 0.04592904985217100000
0.03482152457277579161 0.04612630532518589149
0.04450157982035880117 0.04623416936793885157
0.04250894456428572221 0.04656864688307695704
0.03747504170689432146 0.04662056460241655043
0.04540442728261800953 0.04697869986633461392
0.04268343858263323048 0.04710330075284577950
0.04056140034346360917 0.04716180380025976338
0.03756436726504046308 0.04731293084138217531
0.04415484108938582536 0.04732870722398294094
0.04445636066728481106 0.04817561109868268021
0.04605465875447099094 0.04855653908531927521
0.04468974834801369561 0.04965295087972498161
0.04973873617496301497 0.04981145540185706599
0.04439446018215609246 0.05014648024023402040
0.04563251018141393361 0.05050885958909010626
0.04412734923761474359 0.05058334987655806192
0.04840079690137093910 0.05066839217146216351
0.04082021285910340108 0.05095297956731649480
0.05083069166470925021 0.05106177340085565897
0.03807675063878782074 0.05113242923235367804
0.04746639616834915504 0.05220094811671395496
0.04620725587479106861 0.05220792638129213847
0.03979638137334653991 0.05243730436825122521
0.04644099007968742476 0.05357741789627609719
0.04682055339917517989 0.05428219855305147640
0.05049582445387224006 0.05433573829299175734
0.05148885640912378298 0.05469226543136971458
0.05226907099010261182 0.05499432546856521109
0.04188434248925709119 0.05521185220632331137
0.05179225067834436480 0.05564545384915699222
0.03547422483457747522 0.05577599354192405712
0.04807809573630610067 0.05592159147176632011
0.04050144389362816955 0.05600976270741855889
0.05507442870522077927 0.05737374825950405932
0.04907023108732644356 0.05737783500106567736
0.05117994587233011539 0.05857910874426265624
0.05188837434284246375 0.05915795183420512193
0.04682660869957677718 0.05935217110253675904
0.05615890881204908813 0.05986659982388864432
0.04555330581284183084 0.06032120902171106414
0.03640160310773794816 0.06045014532145474850
0.05087812829970094625 0.06142022209045268355
0.05461738817335334145 0.06216518553614607673
0.05155305745758894526 0.06248032738072237247
0.06143396941023653024 0.06343572820915628629
0.05290161341741753120 0.06384796360187376674
0.05951612640460929998 0.06411300421144167094
0.05841492387083596638 0.06411397307897678810
0.04911975390481315012 0.06454583319846385336
0.03995201298281065433 0.06591857297916214886
0.05399902687855721167 0.06696064386028799387
0.06226430154086190494 0.06797350456292743093
0.04961316339466201319 0.06940966363190617661
0.06279324813295887597 0.07034648558717576661
0.04879866963386077922 0.07055760876531100290
0.06810484063123113663 0.07063712727121283785
0.04849886052434383005 0.07070031114848863985
0.04622099011002830243 0.07150426341441903921
0.04055520347524168429 0.07297436384345590277
0.06634034035448037325 0.08025340934934706294
0.07298298382204419787 0.08048288049222537821
0.06517651908665848814 0.08174749313079622548
0.07101497297343092874 0.08546154762642098335
0.08509705471580961134 0.08574855522240544536
0.07747132417231800128 0.09278198183921242126
0.08167915839921040255 0.09449575055627862374
0.05016175845503301201 0.09486993575377974941
0.09300814224546520570 0.09923069613266945199
0.09724027996035485011 0.10299725191060067619
0.08699403326756799393 0.12075943161924281022
0.04711151626751278187 0.64114235251188123055
