0.00000000000000000000 0.00112005356555555267
0.00000000000000000000 0.00173124882121325810
0.00000000000000000000 0.00207743165142113776
0.00000000000000000000 0.00248321084541055495
0.00000000000000000000 0.00275457409750742843
0.00000000000000000000 0.00288943991403295842
0.00000000000000000000 0.00299743740719689809
0.00000000000000000000 0.00306951154814759288
0.00000000000000000000 0.00314058448153539324
0.00000000000000000000 0.00329355540161704050
0.00000000000000000000 0.00360752176846264577
0.00000000000000000000 0.00376437147204074013
0.00000000000000000000 0.00376971644091335682
0.00000000000000000000 0.00378111111280085045
0.00000000000000000000 0.00394196945651820261
0.00000000000000000000 0.00394971242279453308
0.00000000000000000000 0.00408813001078990861
0.00000000000000000000 0.00409016492006775926
0.00000000000000000000 0.00412029483238657897
0.00000000000000000000 0.00419178991812036404
0.00000000000000000000 0.00432486811900976206
0.00000000000000000000 0.00449955687011295569
0.00000000000000000000 0.00456587649013519541
0.00000000000000000000 0.00459704587311772928
0.00000000000000000000 0.00464520436152926139
0.00000000000000000000 0.00465138269519661720
0.00000000000000000000 0.00469053400935130586
0.00000000000000000000 0.00477746454190789999
0.00000000000000000000 0.00484952186181468372
0.00000000000000000000 0.00488567445564896344
0.00000000000000000000 0.00489200610068482328
0.00000000000000000000 0.00496259315203220405
0.00000000000000000000 0.00496612756079742226
0.00000000000000000000 0.00527549952403214267
0.00000000000000000000 0.00532672508015776501
0.00000000000000000000 0.00537388505310531801
0.00000000000000000000 0.00540495744347074814
0.00000000000000000000 0.00549389572733399462
0.00000000000000000000 0.00554651023296737732
0.00000000000000000000 0.00556412717482370530
0.00000000000000000000 0.00559004705469291763
0.00000000000000000000 0.00569068168904649212
0.00000000000000000000 0.00576878477572327891
0.00000000000000000000 0.00578881288016914325
0.00000000000000000000 0.00582890655515208578
0.00000000000000000000 0.00585706319237279047
0.00000000000000000000 0.00587762253730458525
0.00000000000000000000 0.00590965679526921171
0.00000000000000000000 0.00595201850855515708
0.00000000000000000000 0.00600937819352774082
0.00000000000000000000 0.00601758170926408424
0.00000000000000000000 0.00602934392091095638
0.00000000000000000000 0.00603377119760225861
0.00000000000000000000 0.00604241548107495828
0.00000000000000000000 0.00607471100535454580
0.00000000000000000000 0.00607789477666199202
0.00000000000000000000 0.00622056442899375679
0.00000000000000000000 0.00640910497250325121
0.00000000000000000000 0.00643723130671929999
0.00000000000000000000 0.00648181172679498496
0.00000000000000000000 0.00651940054042439432
0.00000000000000000000 0.00655826811586846230
0.00000000000000000000 0.00660188901221238789
0.00000000000000000000 0.00662756502851894521
0.00000000000000000000 0.00674363286647671704
0.00000000000000000000 0.00676932953320346417
0.00000000000000000000 0.00677742912012056688
0.00000000000000000000 0.00679976880334456132
0.00000000000000000000 0.00688145172749485973
0.00000000000000000000 0.00688979771856807269
0.00000000000000000000 0.00701298217784347526
0.00000000000000000000 0.00702385587335754239
0.00000000000000000000 0.00708552454177089133
0.00000000000000000000 0.00709049924720400043
0.00000000000000000000 0.00719437999793090099
0.00000000000000000000 0.00721062454943557397
0.00000000000000000000 0.00723945629226010762
0.00000000000000000000 0.00743230907913736919
0.00000000000000000000 0.00745739536398323279
0.00000000000000000000 0.00752441504190577877
0.00000000000000000000 0.00754922057680305902
0.00000000000000000000 0.00761637537030029985
0.00000000000000000000 0.00762445154699119623
0.00000000000000000000 0.00764107870498605731
0.00000000000000000000 0.00764619070191326598
0.00000000000000000000 0.00766441430473188169
0.00000000000000000000 0.00771342917911003231
0.00000000000000000000 0.00777541503974947534
0.00000000000000000000 0.00779874650812699324
0.00000000000000000000 0.00781428806596233538
0.00000000000000000000 0.00782209455863861099
0.00000000000000000000 0.00783974426859578716
0.00000000000000000000 0.00791330414989211209
0.00000000000000000000 0.00792319132272347251
0.00000000000000000000 0.00793399710990335197
0.00000000000000000000 0.00798625438610377388
0.00000000000000000000 0.00800332186508175523
0.00000000000000000000 0.00803460264000823918
0.00000000000000000000 0.00805715894073748794
0.00000000000000000000 0.00806545473398351254
0.00000000000000000000 0.00813282241978867219
0.00000000000000000000 0.00813575178213869418
0.00000000000000000000 0.00814829662364533955
0.00000000000000000000 0.00821124217176447992
0.00000000000000000000 0.00824728546916773074
0.00000000000000000000 0.00825906899758147017
0.00000000000000000000 0.00825950820908309680
0.00000000000000000000 0.00827503851545513709
0.00000000000000000000 0.00828890399134743147
0.00000000000000000000 0.00829315085855979184
0.00000000000000000000 0.00831513192160907889
0.00000000000000000000 0.00833108715601796161
0.00000000000000000000 0.00843678912515367571
0.00000000000000000000 0.00845701668464680575
0.00000000000000000000 0.00849591140239329759
0.00000000000000000000 0.00851067382743593212
0.00000000000000000000 0.00851769139960092611
0.00000000000000000000 0.00860074269650231565
0.00000000000000000000 0.00865057789477181004
0.00000000000000000000 0.00873129278317296212
0.00000000000000000000 0.00873329702931244407
0.00000000000000000000 0.00874428977068611446
0.00000000000000000000 0.00877082773933758608
0.00000000000000000000 0.00878900124785223988
0.00000000000000000000 0.00889598793356145487
0.00000000000000000000 0.00891735021267663248
0.00000000000000000000 0.00895171014510547612
0.00000000000000000000 0.00895799515884795026
0.00000000000000000000 0.00896188406389978633
0.00000000000000000000 0.00899289474722654407
0.00000000000000000000 0.00899340867957423504
0.00000000000000000000 0.00908049055241199644
0.00000000000000000000 0.00910789217772043844
0.00000000000000000000 0.00915646869551147921
0.00000000000000000000 0.00916698609555342478
0.00000000000000000000 0.00917288603503763934
0.00000000000000000000 0.00922913923339280760
0.00000000000000000000 0.00927978168175608645
0.00000000000000000000 0.00928376148502717789
0.00000000000000000000 0.00928703799665953934
0.00000000000000000000 0.00929070279935127752
0.00000000000000000000 0.00930312985857947340
0.00000000000000000000 0.00938185993877593653
0.00000000000000000000 0.00940605116573914150
0.00000000000000000000 0.00940605339179356216
0.00000000000000000000 0.00943422189008042734
0.00000000000000000000 0.00944606209351846020
0.00000000000000000000 0.00953638977971844881
0.00000000000000000000 0.00956467847454238636
0.00000000000000000000 0.00957921818109250776
0.00000000000000000000 0.00958208182754312528
0.00000000000000000000 0.00959340780866655904
0.00000000000000000000 0.00965719745760681633
0.00000000000000000000 0.00968313148587829700
0.00000000000000000000 0.00971065514419296345
0.00000000000000000000 0.00971680310945799777
0.00000000000000000000 0.00972813642053110134
0.00000000000000000000 0.00973601707538057463
0.00000000000000000000 0.00974375769758392858
0.00000000000000000000 0.00977891896288252821
0.00000000000000000000 0.00977900770420872534
0.00000000000000000000 0.00981360383810079596
0.00000000000000000000 0.00984685067190921998
0.00000000000000000000 0.00984700050775014907
0.00000000000000000000 0.00984894117905779978
0.00000000000000000000 0.00985873020403905259
0.00000000000000000000 0.00987339621953086180
0.00000000000000000000 0.00987771234665342675
0.00000000000000000000 0.00988005781107467729
0.00000000000000000000 0.00992310969128031538
0.00000000000000000000 0.00999128909563824948
0.00000000000000000000 0.01000484227631545826
0.00000000000000000000 0.01000882599261436641
0.00000000000000000000 0.01003308478102065554
0.00000000000000000000 0.01003416219127376864
0.00000000000000000000 0.01004538797144661696
0.00000000000000000000 0.01005802677521745216
0.00000000000000000000 0.01006667428029947575
0.00000000000000000000 0.01011615490490391789
0.00000000000000000000 0.01015492987102871968
0.00000000000000000000 0.01017075303643903868
0.00000000000000000000 0.01023045171971348997
0.00000000000000000000 0.01023682875050367994
0.00000000000000000000 0.01023993486463462693
0.00000000000000000000 0.01025240619030134102
0.00000000000000000000 0.01025261631619261114
0.00000000000000000000 0.01026113018351134352
0.00000000000000000000 0.01027586339686886209
0.00000000000000000000 0.01027771926839643468
0.00000000000000000000 0.01028740386831579826
0.00000000000000000000 0.01028786070859243930
0.00000000000000000000 0.01029394186687999230
0.00000000000000000000 0.01035839986381014571
0.00000000000000000000 0.01036457127628378182
0.00000000000000000000 0.01037217545642862143
0.00000000000000000000 0.01040153547090666084
0.00000000000000000000 0.01040720626202473742
0.00000000000000000000 0.01040735366111227370
0.00000000000000000000 0.01040805548330648277
0.00000000000000000000 0.01041100550916669587
0.00000000000000000000 0.01041417328054325409
0.00000000000000000000 0.01044269148042250087
0.00000000000000000000 0.01046371054915500899
0.00000000000000000000 0.01057313068386967966
0.00000000000000000000 0.01057344243140199633
0.00000000000000000000 0.01061047243941234952
0.00000000000000000000 0.01063728911631640385
0.00000000000000000000 0.01071246743393863485
0.00000000000000000000 0.01073398886981470624
0.00000000000000000000 0.01081152559313225230
0.00000000000000000000 0.01081637847344370761
0.00000000000000000000 0.01083796935688694993
0.00000000000000000000 0.01088295698929573133
0.00000000000000000000 0.01088542516679762324
0.00000000000000000000 0.01091301117560836142
0.00000000000000000000 0.01091408545763494602
0.00000000000000000000 0.01091456825744362147
0.00000000000000000000 0.01093196309107380589
0.00000000000000000000 0.01094659156087159947
0.00000000000000000000 0.01094930271453311253
0.00000000000000000000 0.01098634916472690168
0.00000000000000000000 0.01099029674461961779
0.00000000000000000000 0.01099664732376971245
0.00000000000000000000 0.01103435921038106032
0.00000000000000000000 0.01104825445590129802
0.00000000000000000000 0.01108256107512341042
0.00000000000000000000 0.01111852278786537758
0.00000000000000000000 0.01112868515778693557
0.00000000000000000000 0.01116660375146453880
0.00000000000000000000 0.01117690626365877397
0.00000000000000000000 0.01119673965505342018
0.00000000000000000000 0.01119770987456068616
0.00000000000000000000 0.01120092590937888863
0.00000000000000000000 0.01122435907440619447
0.00000000000000000000 0.01126990791065974468
0.00000000000000000000 0.01127072174889662444
0.00000000000000000000 0.01130059355846869257
0.00000000000000000000 0.01131494272731229864
0.00000000000000000000 0.01135032747414274276
0.00000000000000000000 0.01149151546388422519
0.00000000000000000000 0.01155510083098020349
0.00000000000000000000 0.01155876960913704114
0.00000000000000000000 0.01159023793734665318
0.00000000000000000000 0.01161055396185270254
0.00000000000000000000 0.01161530247036941972
0.00000000000000000000 0.01162268736697166793
0.00000000000000000000 0.01163296156021621439
0.00000000000000000000 0.01163323429565417226
0.00000000000000000000 0.01163509686418374121
0.00000000000000000000 0.01166776399915598304
0.00000000000000000000 0.01168515070115203926
0.00000000000000000000 0.01174047550494512759
0.00000000000000000000 0.01176715184578663517
0.00000000000000000000 0.01177284584531124688
0.00000000000000000000 0.01181082474025798613
0.00000000000000000000 0.01183183734034926569
0.00000000000000000000 0.01185168191285273891
0.00000000000000000000 0.01185767814102481159
0.00000000000000000000 0.01189930678346963304
0.00000000000000000000 0.01199709911896160337
0.00000000000000000000 0.01200833861318010426
0.00000000000000000000 0.01203945079288250807
0.00000000000000000000 0.01206097333942099739
0.00000000000000000000 0.01206162753668049009
0.00000000000000000000 0.01208564003221425376
0.00000000000000000000 0.01209870524719365223
0.00000000000000000000 0.01214959034742161582
0.00000000000000000000 0.01215115725288649917
0.00000000000000000000 0.01222417443625777034
0.00000000000000000000 0.01226654671998452135
0.00000000000000000000 0.01227858598052739003
0.00000000000000000000 0.01228164226461762876
0.00000000000000000000 0.01228887382991075694
0.00000000000000000000 0.01239572157582618378
0.00000000000000000000 0.01239807506217431229
0.00000000000000000000 0.01239929767579019126
0.00000000000000000000 0.01243728201918039948
0.00000000000000000000 0.01245769789019386155
0.00000000000000000000 0.01248977109200209885
0.00000000000000000000 0.01251798632778755235
0.00000000000000000000 0.01255101460347050023
0.00000000000000000000 0.01261696012192760688
0.00000000000000000000 0.01264765205446805388
0.00000000000000000000 0.01265999818653813606
0.00000000000000000000 0.01266829516332388522
0.00000000000000000000 0.01279214490136181340
0.00000000000000000000 0.01281749495009974066
0.00000000000000000000 0.01288343291435953795
0.00000000000000000000 0.01288992171001698307
0.00000000000000000000 0.01291324726551212020
0.00000000000000000000 0.01292911977285291641
0.00000000000000000000 0.01294008584278617986
0.00000000000000000000 0.01294218547303925201
0.00000000000000000000 0.01295306967162989688
0.00000000000000000000 0.01300303039681548027
0.00000000000000000000 0.01301207360395140525
0.00000000000000000000 0.01302917804224187903
0.00000000000000000000 0.01304542750763104837
0.00000000000000000000 0.01305928025994407271
0.00000000000000000000 0.01307012538381639895
0.00000000000000000000 0.01308642236019801237
0.00000000000000000000 0.01318444654409600680
0.00000000000000000000 0.01324603040728957772
0.00000000000000000000 0.01327241968423579013
0.00000000000000000000 0.01343621573784125646
0.00000000000000000000 0.01348168031355829674
0.00000000000000000000 0.01349407266059490795
0.00000000000000000000 0.01350456428773710860
0.00000000000000000000 0.01352616643227027952
0.00000000000000000000 0.01355787954967581019
0.00000000000000000000 0.01358163791026552672
0.00000000000000000000 0.01360673568751872425
0.00000000000000000000 0.01363075090208778171
0.00000000000000000000 0.01371902978673919353
0.00000000000000000000 0.01372893934769763881
0.00000000000000000000 0.01373124701680092027
0.00000000000000000000 0.01377311477268263439
0.00000000000000000000 0.01385454972468679914
0.00000000000000000000 0.01395878552432829219
0.00000000000000000000 0.01398883226337458915
0.00000000000000000000 0.01403182295224474421
0.00000000000000000000 0.01406445109587596033
0.00000000000000000000 0.01407918369232371257
0.00000000000000000000 0.01407945296329844199
0.00000000000000000000 0.01408967851890218816
0.00000000000000000000 0.01409116282998875563
0.00000000000000000000 0.01411020703172233270
0.00000000000000000000 0.01421139276204503275
0.00000000000000000000 0.01426615991102732524
0.00000000000000000000 0.01427942473727960258
0.00000000000000000000 0.01433456919671629096
0.00000000000000000000 0.01434704037985352724
0.00000000000000000000 0.01439326933497569842
0.00000000000000000000 0.01442601168684837232
0.00000000000000000000 0.01453059357030050611
0.00000000000000000000 0.01458763727525712837
0.00000000000000000000 0.01462064668768551373
0.00000000000000000000 0.01463613696320031562
0.00000000000000000000 0.01464813930024702962
0.00000000000000000000 0.01464889634046902082
0.00000000000000000000 0.01465213838850077353
0.00000000000000000000 0.01472717274305248951
0.00000000000000000000 0.01473694802478346666
0.00000000000000000000 0.01474340722279965724
0.00000000000000000000 0.01475878862684613761
0.00000000000000000000 0.01478106021483207959
0.00000000000000000000 0.01479597768839364599
0.00000000000000000000 0.01482497508921018156
0.00000000000000000000 0.01484629723177984147
0.00000000000000000000 0.01486977586482089372
0.00000000000000000000 0.01489578158637963612
0.00000000000000000000 0.01497250458090500051
0.00000000000000000000 0.01497860939256664449
0.00000000000000000000 0.01505775189180984588
0.00000000000000000000 0.01512934507337614955
0.00000000000000000000 0.01516353080959683547
0.00000000000000000000 0.01528928112725447437
0.00000000000000000000 0.01529944034175583466
0.00000000000000000000 0.01532613167125277016
0.00000000000000000000 0.01536839125450170651
0.00000000000000000000 0.01538340009272828185
0.00000000000000000000 0.01543110324966293946
0.00000000000000000000 0.01549724875191828277
0.00000000000000000000 0.01557540930927917532
0.00000000000000000000 0.01566355101593237126
0.00000000000000000000 0.01569235358741127156
0.00000000000000000000 0.01582930344633944400
0.00000000000000000000 0.01588771716780958479
0.00000000000000000000 0.01588962377866860731
0.00000000000000000000 0.01593858878478171190
0.00000000000000000000 0.01608865121986804980
0.00000000000000000000 0.01609676698635722006
0.00000000000000000000 0.01612359826919237266
0.00000000000000000000 0.01614066819826472793
0.00000000000000000000 0.01635035720795836173
0.00000000000000000000 0.01643823300865848366
0.00000000000000000000 0.01648370870888586290
0.00000000000000000000 0.01662559561020140325
0.00000000000000000000 0.01674661859455609317
0.00000000000000000000 0.01676764683850777773
0.00000000000000000000 0.01682175315220079889
0.00000000000000000000 0.01684605488936558385
0.00000000000000000000 0.01701079945289759449
0.00000000000000000000 0.01704396619622746203
0.00000000000000000000 0.01704841101049650240
0.00000000000000000000 0.01708952815374718132
0.00000000000000000000 0.01710798792676949259
0.00000000000000000000 0.01711816403723826624
0.00000000000000000000 0.01714814510801917005
0.00000000000000000000 0.01737024765182554678
0.00000000000000000000 0.01745783131835258392
0.00000000000000000000 0.01770490772451976946
0.00000000000000000000 0.01781730084099037228
0.00000000000000000000 0.01782172247268128118
0.00000000000000000000 0.01800758883879220729
0.00000000000000000000 0.01804844208078329806
0.00000000000000000000 0.01822471473156406577
0.00000000000000000000 0.01831919866046704051
0.00000000000000000000 0.01837785169367997171
0.00000000000000000000 0.01839443819293192298
0.00000000000000000000 0.01841341867395920179
0.00000000000000000000 0.01851148469202526167
0.00000000000000000000 0.01867023368158239605
0.00000000000000000000 0.01879070405509822989
0.00000000000000000000 0.01884674938143495945
0.00000000000000000000 0.01885307043218734102
0.00000000000000000000 0.01887808271389059336
0.00000000000000000000 0.01889385403539009523
0.00000000000000000000 0.01909334549422065513
0.00000000000000000000 0.01910454295913071449
0.00000000000000000000 0.01916417462596399848
0.00000000000000000000 0.01920739114813370049
0.00000000000000000000 0.01921624767331276892
0.00000000000000000000 0.01923914265435107060
0.00000000000000000000 0.01931122698250615707
0.00000000000000000000 0.01946789594221510003
0.00000000000000000000 0.01948143470572147665
0.00000000000000000000 0.01951942264236388933
0.00000000000000000000 0.01966594859330805106
0.00000000000000000000 0.01984896417888983716
0.00000000000000000000 0.01997225706471460541
0.00000000000000000000 0.02004767935375881618
0.00000000000000000000 0.02007139224112224757
0.00000000000000000000 0.02008245387244507810
0.00000000000000000000 0.02008502258882215175
0.00000000000000000000 0.02010401983576400042
0.00000000000000000000 0.02015896252055119145
0.00000000000000000000 0.02016456048047561567
0.00000000000000000000 0.02034695026049005220
0.00000000000000000000 0.02043167778617013472
0.00000000000000000000 0.02045709486641891783
0.00000000000000000000 0.02047543125504112937
0.00000000000000000000 0.02058909998196831528
0.00000000000000000000 0.02061681788415649710
0.00000000000000000000 0.02083075728205470434
0.00000000000000000000 0.02112558713617461448
0.00000000000000000000 0.02116710984637267673
0.00000000000000000000 0.02127790714669136607
0.00000000000000000000 0.02128524195549815271
0.00000000000000000000 0.02145840124998937490
0.00000000000000000000 0.02150599463340849976
0.00000000000000000000 0.02152069965453058328
0.00000000000000000000 0.02163892122005588517
0.00000000000000000000 0.02172619199381012681
0.00000000000000000000 0.02176517513383956909
0.00000000000000000000 0.02198537920012200511
0.00000000000000000000 0.02210000853817907507
0.00000000000000000000 0.02233187783740430907
0.00000000000000000000 0.02254279842325931232
0.00000000000000000000 0.02261584847365881792
0.00000000000000000000 0.02274378390571412528
0.00000000000000000000 0.02292177791215089730
0.00000000000000000000 0.02302392099653206500
0.00000000000000000000 0.02316173363879481945
0.00000000000000000000 0.02318124424952391904
0.00000000000000000000 0.02365908216400877673
0.00000000000000000000 0.02368077473284332934
0.00000000000000000000 0.02375524997232676683
0.00000000000000000000 0.02394245113847122408
0.00000000000000000000 0.02422417870291892344
0.00000000000000000000 0.02428400210917910917
0.00000000000000000000 0.02442066831773155242
0.00000000000000000000 0.02442143919671711447
0.00000000000000000000 0.02456448145776035652
0.00000000000000000000 0.02509124253058343801
0.00000000000000000000 0.02518275495042823081
0.00000000000000000000 0.02543567268143765922
0.00000000000000000000 0.02544278903098155797
0.00000000000000000000 0.02546377024588008034
0.00000000000000000000 0.02563667224397322281
0.00000000000000000000 0.02595722087648571347
0.00000000000000000000 0.02627758609364198514
0.00000000000000000000 0.02643519038721596492
0.00000000000000000000 0.02699913920716177224
0.00000000000000000000 0.02749054339067583119
0.00000000000000000000 0.02754960800101460133
0.00000000000000000000 0.02764914359392555213
0.00000000000000000000 0.02765591859234967781
0.00000000000000000000 0.02775355453451095605
0.00000000000000000000 0.02838399641144428998
0.00000000000000000000 0.02852254540058303187
0.00000000000000000000 0.02968707308942747716
0.00000000000000000000 0.02999750471460281218
0.00000000000000000000 0.03047901559901541879
0.00000000000000000000 0.03067305695498251383
0.00000000000000000000 0.03175229533764337142
0.00000000000000000000 0.03188500646805023792
0.00000000000000000000 0.03204945895965337355
0.00000000000000000000 0.03245018423870192625
0.00000000000000000000 0.03266773313213171964
0.00000000000000000000 0.03273823181831030105
0.00000000000000000000 0.03377019507334766413
0.00000000000000000000 0.03453090016874426488
0.00000000000000000000 0.03591235603712786967
0.00000000000000000000 0.03725816278138013860
0.00000000000000000000 0.03794329103339883630
0.00000000000000000000 0.06834870220078667624
0.00000000000000000000 0.16509530881020595405
0.00000000000000000000 0.49402293139198300009
0.00000000000000000000 1.73205080756887719318
