0.00569629326911767504 0.00627707417847751803
0.00842685091037164054 0.00865029727785453749
0.00860226476747558491 0.00865029727785453749
0.00820263075028379585 0.00890149942821119762
0.00865321960518679323 0.00915255117633788362
0.00909832014801936588 0.00924990879988463535
0.00887425954025688156 0.00930921127863572687
0.00899778632383956695 0.00930921127863572687
0.00878914407039438524 0.00938536044229614994
0.00751055603122441958 0.00962878439386871329
0.00985115722504874280 0.01002615021313804471
0.00883588001417147037 0.01004427907589162082
0.00880912877226884723 0.01014739675416786481
0.00947214222937019582 0.01023511615400870059
0.00954682074987588114 0.01032646351828306504
0.00957692557083401723 0.01033077706738486957
0.00918603718457391104 0.01037267018505654351
0.00924246686235950278 0.01037661888846862571
0.01032474242273140851 0.01042828858944518447
0.00864170405951980754 0.01052645211753777676
0.00974419194730894410 0.01054883307095401228
0.01051643316981770888 0.01059940556504178344
0.00923405654952670282 0.01062258331439515022
0.00988304237519136049 0.01069758832630350771
0.00908735651816224704 0.01078162317656932052
0.00858328119105050517 0.01085113357343542480
0.01037220337236312122 0.01096548924642560922
0.00893101962327691977 0.01120007628980222887
0.00983395392776477764 0.01120007628980222887
0.00889335495214188705 0.01141321113389111644
0.01148398497045598904 0.01148643175572905233
0.01093541743065701809 0.01151106879611890621
0.01039612541648621442 0.01159589914395954373
0.00884203547032939505 0.01169645099338616212
0.01108181774459329402 0.01183643542844548847
0.00940874935898822207 0.01190951432959584493
0.01091740443344367713 0.01211918663469321172
0.01091371155821227804 0.01220312030079214946
0.01039770549107172509 0.01232559024248720131
0.01225522943540064205 0.01236679680487577128
0.01232977273014705492 0.01254018453947343403
0.01105484518386637763 0.01254526885511687666
0.01070060506428637849 0.01271903498557344810
0.01268241266441095562 0.01272305136724121398
0.01272539308483765924 0.01283346524297252628
0.00964093044865018713 0.01307635423277290002
0.01093430399286337250 0.01311957531234393855
0.01080832295539689569 0.01316882025265711173
0.01233940364192318527 0.01318371313615755887
0.00839285771457071172 0.01343967956333978059
0.01174227128392624220 0.01355537861000289529
0.01254911001699300296 0.01359393805891203483
0.01207068604797640471 0.01365251250686010456
0.01285489263881076268 0.01366517414351732865
0.01162400432508260001 0.01366517414351732865
0.01247966352693590832 0.01368503440332286339
0.00935204119352727251 0.01377487530818232754
0.01364486331941389650 0.01397110433090109627
0.01176805121714858196 0.01397907291832236470
0.01234620664242994451 0.01401517588276618431
0.01203445640120496402 0.01407957512433497156
0.01054735398413650556 0.01413165040708093921
0.01033135406004192895 0.01416083158597839300
0.01434419612638168640 0.01443937142994029983
0.01376659250663165961 0.01450273593738546536
0.01357928297953799220 0.01461587641334097937
0.01325577339238683677 0.01476418515068354982
0.01197859358627539200 0.01476418515068354982
0.01313234710015528418 0.01486544915816673425
0.01475714101934572434 0.01487242779475636024
0.01036780353808222643 0.01487886484689316356
0.01368935932994612935 0.01494775470440916181
0.01095381787575890400 0.01499742499631295974
0.01132473830630751840 0.01501598857472970054
0.01281961697197329247 0.01514925751748079710
0.01021910396138842048 0.01527915873328919080
0.01357490766302813130 0.01532655325886064270
0.01510344600874128848 0.01539921287323067246
0.01546067535254135906 0.01546313975226147955
0.01478602327405129785 0.01549814849732630319
0.01240153178077426331 0.01553213071792514458
0.01547972915965177207 0.01562529458937745447
0.01493319625629170068 0.01562754265777635890
0.01375411246194883745 0.01572400294144639735
0.01378967871052905712 0.01580604634348082779
0.01325740758575293804 0.01588364077248465359
0.01393415450885856881 0.01600857514924954386
0.01190703032308402728 0.01602446705385050796
0.01551029462770971666 0.01624893798466374786
0.01615874586750604483 0.01625336452496042861
0.01365425156473109441 0.01632182101327497858
0.01331888441344888409 0.01644495033341553808
0.01514757156328937551 0.01644918215193667127
0.01081916940091905144 0.01659991324078904582
0.01555675965578895079 0.01666284774651791492
0.01649070221767350367 0.01682561574849072289
0.00995289927496255562 0.01695380199339003441
0.01316786962910271135 0.01697290739351590624
0.01662001819745587486 0.01699112771902886940
0.01676821578673697022 0.01703073291675328421
0.01533615926889331585 0.01709808062277823337
0.01262626506278949345 0.01714331648836424707
0.01643280875620702075 0.01751073454375448937
0.01711557239537800715 0.01759031983727881235
0.01744028570604710254 0.01773986356457358041
0.01625136446281347583 0.01790171430312692893
0.01600285092178040450 0.01796691504784723309
0.01721502071310980486 0.01805678983868666196
0.01124348955186107654 0.01815854988303879092
0.01798085006957779106 0.01818737733790147526
0.01765319759944548872 0.01819842866512879839
0.01750553110973545809 0.01822911407563892680
0.01791769535649932049 0.01870792579808638542
0.01771618707641094484 0.01871893391782235641
0.01638127477354682504 0.01877609316037746542
0.01901899143044401969 0.01910740870627339327
0.01613293503749049090 0.01928027375611806801
0.01723106657252137380 0.01943960471608966595
0.01396040336378438600 0.01960639662082580906
0.01705026930306391755 0.01980288000983843055
0.01499035651627039258 0.01995267636852524062
0.01820070388004616999 0.01999831951249286810
0.01807295151159166169 0.02002290052180569560
0.01819273477985779847 0.02007131547488821138
0.01764833262936568031 0.02014464332007773542
0.01579334911362053825 0.02035798642688325596
0.01940940171358384800 0.02046689909208095418
0.01652638440443576079 0.02046689909208095418
0.01895992592890028555 0.02051586702388782241
0.01811926581752082085 0.02065137942627656709
0.02049017533070493155 0.02072708681893161570
0.01814574983592695534 0.02087222378650587656
0.01654181030541837516 0.02088597653151980441
0.01420867741543922584 0.02090697099963338343
0.01929139809481145162 0.02116387345149800536
0.02049423990089273284 0.02123044664437219453
0.01883570462445690111 0.02132212778243726750
0.01833773136233155659 0.02154374299438837140
0.02002432639911479531 0.02161011426233648211
0.02151603089234280577 0.02170968527575330848
0.01693134773258723330 0.02170968527575330848
0.02124030916040732866 0.02182058437678816021
0.01747788863185676528 0.02183434010356597593
0.01996746735751450674 0.02184583792728711157
0.02042945617561004595 0.02200913830976060706
0.02181607220184419993 0.02213814705836859853
0.02210776748270538647 0.02218704525435030370
0.02144715211011454653 0.02225677554566918639
0.01572348899726909444 0.02225742160182652210
0.02138029083606443961 0.02233329927081560695
0.02081784798903473996 0.02238797222815347779
0.01360802152298363522 0.02245114484541279112
0.02144953805575952263 0.02247632000188075005
0.02240279758447845729 0.02256550935117395892
0.01941686692770671491 0.02265568318910173365
0.01979524723070853753 0.02270507698661046111
0.02006476997361621856 0.02288325219802763918
0.02129574480387830954 0.02320071468134345810
0.01966361718350540660 0.02338686397706660203
0.01605911672477417299 0.02343257435605701489
0.01851518184360633618 0.02362147616043491424
0.02046769527856129658 0.02394089193670312365
0.02198973944644612433 0.02406114214455813347
0.02094727882902317276 0.02437260384448412809
0.02038748088238373155 0.02464274605680896388
0.01783885653228603832 0.02478688591682317102
0.02187589319852903391 0.02575308273791255750
0.02208081742604132980 0.02576342363819497314
0.02207073678841242614 0.02631088234093422948
0.02216575046039398131 0.02632622833577974442
0.02280045214451836486 0.02664135400958582769
0.02672370633379531762 0.02678052947674448847
0.02163899443315990198 0.02680443642595667017
0.02465616809539788665 0.02685536965381376401
0.02589034007359926684 0.02693169235456328858
0.01729835111687608173 0.02698131920598214814
0.02289182844650445095 0.02699959009458322359
0.01998815214707504867 0.02702056713558837961
0.02254047756273881709 0.02716302668351695815
0.02726869345729282523 0.02748071301879641271
0.02709884496413880392 0.02767860984231391985
0.02595924547907008453 0.02903749384197754080
0.02803422997295870051 0.02915854801830836118
0.02426743184464332306 0.02928530221433026451
0.02643168952408539440 0.02940077820446310511
0.02672869643308992127 0.02983216226674031621
0.02909561076895715928 0.03142831923971946273
0.02894246181835945578 0.03144553790751288685
0.02711377614082233906 0.03180242030063754055
0.02910381668364541222 0.03256060571308921209
0.02570342886715320033 0.03336604258309362747
0.02849464734461679485 0.03519309470566738679
0.02581783942083727343 0.03914384571372606092
0.06579200062333021015 0.07454075904147522413
0.07470671214809200544 0.07646518350469258540
