0.07253216333014055051 0.08333928273270402309
0.07357137503752719798 0.09660483354954912949
0.09575680449045372022 0.09746878958501004053
0.09312215183829521126 0.09912308244863897444
0.09858136771781705887 0.10391407337519133203
0.09784543119442776216 0.10415456571998564506
0.09798902212263513323 0.10441232443077384795
0.09699303234206756164 0.10469182826235942652
0.10287553030770082985 0.10568139630215342417
0.09822136980119336447 0.10585816085128234298
0.09472358778472655949 0.10762232694777568165
0.10138931354118392580 0.11025608366110120628
0.10614488026094881512 0.11114452611263345161
0.10873615691984134246 0.11215255952380798199
0.10199813361626140773 0.11335628260080148066
0.10754846646560912993 0.11364883766276856480
0.10751336319063251046 0.11369876857694941052
0.10481596936001905118 0.11403027214857230920
0.11319512917259785811 0.11403027214857230920
0.11728420113626619736 0.11833404772282443695
0.10891833891946763047 0.12091052412985178743
0.11357745104280664306 0.12098824469382145341
0.10686324261828140936 0.12193813408542909793
0.11566384150518133067 0.12313465652767212333
0.12472749455115215989 0.12582845358561875471
0.11336106898909678597 0.12714109757859903826
0.11255313700922262021 0.12725494439368817412
0.11675096202333874740 0.12965260890676941208
0.12680512396145957044 0.12974197330264536365
0.13249024638864570491 0.13455650390025714058
0.12569048335767726843 0.13739925944265482527
0.09339207637321686462 0.13970957230729938447
0.12213783894202251412 0.14360838741397011220
0.14108213085565229905 0.14527568889047964840
0.13711082820019088180 0.14711106941719287455
0.15056698859430872606 0.15302115069916708001
0.13430847137503731936 0.15526286717154050288
0.13957818776283173468 0.15646407889202434971
0.13979988168607337951 0.15955365675958371741
0.15896717077081232161 0.16126788778442890937
0.16175941619789041548 0.16201560861353614396
0.16108529570871665815 0.16315351416531526096
0.16424221028968352676 0.16473874931074894423
0.15637660529616889682 0.16547728349202955878
0.16114896706792064540 0.16662358590685377724
0.16314945167488029143 0.16694372069993779206
0.14613787271635014786 0.16792603606740844069
0.13359580186204578212 0.16850925372238009792
0.16188003781431636874 0.16929645147000321748
0.15903863202466947402 0.16931920357994620363
0.10428068067741889935 0.16967489285632525453
0.12663126482713549237 0.17077537713095239380
0.16116435010494986613 0.17129354981206867947
0.17690594919353527792 0.17872023501967060355
0.15843664445275465469 0.17957701910828743896
0.15161219227499089790 0.18038561652438861449
0.17752100377964161182 0.18116369168518706156
0.15947411760965476968 0.18411018009879029367
0.12459584214800835389 0.18449656872274758368
0.16768531783986456718 0.18670185077221407299
0.18388945480073284888 0.18697816658197624617
0.12536445386954292447 0.18827832942703973118
0.18551251001984497835 0.18908554030225760423
0.18737955672424144726 0.18984696345587959154
0.17992045509734941322 0.19067535568812790658
0.19143274616308300629 0.19175713198014163186
0.18939937273699938847 0.19258418544576713649
0.18691332974012847545 0.19348791879144536243
0.17018135448623566974 0.19368076571439241107
0.16981524428719810271 0.19368369780906485866
0.16319774074914292217 0.19393980462416182675
0.18218594475680113809 0.19444791335781366759
0.18824518989117855483 0.19448388986542497481
0.18205860086067721104 0.19546418268401752338
0.17630468595071727145 0.19617852023457568733
0.16421687435567827729 0.19654467532711358824
0.17845409172734613690 0.19711287792623954918
0.14676077229540962499 0.19804191019316660927
0.18667746519524830440 0.19955269253433158272
0.19456468144122784913 0.19968403917989260843
0.18293386419821094924 0.20037699680324888574
0.19147349732148852275 0.20262238826286421700
0.18849704659976013188 0.20319710229637855115
0.18293201269079828464 0.20410255518432615651
0.15612209645299443550 0.20438715367802559597
0.16020511134824430566 0.20624286779540332293
0.15812538860771468974 0.20671370289632623463
0.19957234740502738379 0.20676047046166559640
0.20427022987907111906 0.20784447557578722421
0.20654279522249952006 0.20811764606740035255
0.13424880834956312570 0.21093530386329761850
0.20213610640973797561 0.21246524508350544957
0.20008560580583595323 0.21261382742879650354
0.16415251392836130440 0.21344740808417309030
0.17987387535618964973 0.21562564354435095892
0.19735011589266876486 0.21917653012982429850
0.19978705813655722734 0.21962535298268762163
0.15628289841678966177 0.22007247272875823940
0.18486928902944665953 0.22035031782988678817
0.21353579206717435146 0.22234757791052733866
0.19964456351968604131 0.22290266261299679362
0.20563154556856072519 0.22292334105277245015
0.17485976662926802638 0.22387052656258843442
0.16630830596789478171 0.22390672816432541370
0.22129420779004047026 0.22476669251265987692
0.19985645436677573761 0.22545194628616663235
0.15927826984725307335 0.22782962748817256471
0.22918246466656100324 0.23240178706827191446
0.23073538061255957632 0.23333400459906680768
0.18057842224744818926 0.23365223698714390754
0.18465800345560801077 0.23544575486150709498
0.19705881349034748418 0.23577429551019463139
0.15193188744282173919 0.23599904044628672306
0.21815082276851907594 0.23639629397155867419
0.22151022101734815783 0.23708294578300828648
0.18646721137693955672 0.23711239573749123832
0.22266599556603058896 0.23748838251394338572
0.18420438262035881971 0.23894618369654879730
0.21262891737661179792 0.23905066717627368456
0.22287597801173383849 0.23953113197150269209
0.19274492361510156546 0.24045863829416536106
0.17068315930972891015 0.24231507839140692395
0.19172511243972159556 0.24252167542556152258
0.15782021555324909912 0.24304350124921303422
0.22049717089344877952 0.24352689385688452983
0.18185692438096065504 0.24432868521855446997
0.20692163013945477634 0.24456865456575169193
0.22099512215028274675 0.24691247738898303155
0.21987107575113401525 0.24702688079363227525
0.22857923093246065860 0.24721641571145958061
0.19971808172260077652 0.24776702228754815538
0.23587629220402350771 0.24806261585516958812
0.23636148678427243430 0.24921713354479849145
0.23072488865252011037 0.24977382188547628261
0.21218672046416600652 0.25106478872042925499
0.19081548829455557970 0.25144188560605301719
0.22304340807478820197 0.25148427471646495057
0.22653184601304565682 0.25422886363720043068
0.17263227547125992167 0.25434871562262123534
0.24794255963388245334 0.25626582855010032747
0.21854979965235743489 0.25726474113427272306
0.19831882225250230256 0.25726474113427272306
0.21476192606791988382 0.25862193788123682969
0.24243299068206283775 0.25966915713058624782
0.23038581406461253187 0.26183449752167209379
0.20858421784169184354 0.26203648314254879281
0.25299688569931327864 0.26271888218697753148
0.21406753639899869790 0.26503031387766806670
0.24392263665844426956 0.26508166739810923307
0.22971781368879523599 0.26509476310966673118
0.19757998401601006844 0.26623061342804166252
0.25639347891549019165 0.26796565795745863614
0.26754168774883885229 0.26798880434864091882
0.21991784762973232148 0.26870125220719937031
0.22692984387144796155 0.26881338807357973986
0.20175795692364340006 0.26956733055222409368
0.23820004329588517766 0.26983879344723921134
0.18744161223784924775 0.26985440089492807036
0.18686668694640587440 0.27109538680244599229
0.19474804540660572982 0.27114930885512839032
0.24862979417027220030 0.27150412045574390252
0.19153950615925047218 0.27161511474192917559
0.20522925236853362119 0.27434038340781841114
0.26131179990959357839 0.27603841910591464526
0.25941706419446641796 0.27609073227504671300
0.22813638806464792141 0.28242158209630829901
0.27966488365426939167 0.28551919725236174497
0.24110903812822379044 0.28855342175182252529
0.22251332458108077916 0.28879884553513218703
0.23938269507066714525 0.28917026527814376768
0.25085259657786240783 0.28981871716479035150
0.20123835867102554675 0.29029049330161754705
0.26179930923899064066 0.29031267479463046532
0.20403484190582124591 0.29169379025058339572
0.18881954258266669955 0.29234019559279217360
0.22798257900915167018 0.29291979025390652014
0.27363772257635277096 0.29403492643582063160
0.29593173865467220507 0.29607548298127145392
0.29405141930284173224 0.29692388844343436949
0.24520740314154640394 0.29775794971818070334
0.21900028081114403244 0.29904007990381947790
0.18180188887304205014 0.29909947066626729750
0.26480676556514509690 0.29917402720199198773
0.21137397882781430725 0.30245348253527726268
0.28036306391993998099 0.30249303399067561937
0.16990998046820779410 0.30456628429884002873
0.19353909278348097045 0.30458443549873215339
0.13167343465499492527 0.30816002407228587634
0.21320895421318467045 0.30897398855845975563
0.22648204209499747663 0.30956224210664795571
0.29739655749441024080 0.30983085334241006192
0.23383140024238138754 0.31052634933737727208
0.23166647871168219441 0.31191035186393306633
0.18152376276372397812 0.31331550850070655212
0.31269670889580108986 0.31400486637997704342
0.18595608063004609445 0.31426717921015612234
0.18666046807032096733 0.31598988548757017680
0.19093874021056303492 0.31700376245661243679
0.19173062894253936617 0.31763179574031868979
0.19200533132114347423 0.31967801651391736240
0.30981650511533698200 0.32144097986912545384
0.30540273528585742957 0.34206671032976254665
0.20081655440790308065 0.34545742529372558405
0.18698376784675743711 0.34581292845121386348
0.14669902233390680335 0.34946947734661315543
0.34815997906804801998 0.35030472670316215034
0.30483388582848142123 0.35507783972295747787
