0.06630266107525839558 0.06757223941697622360
0.07566952317831185382 0.08009228492352410411
0.08053396006917737382 0.08057853907532004645
0.08766980100423898969 0.08893927256046611773
0.08625084531819263156 0.09462636217368654290
0.09130324275075864249 0.09721904428773112117
0.09953263628504949168 0.10112887264692066447
0.10227829106313754415 0.10345162318920053668
0.10713823553230861219 0.11316009450210010034
0.10301511429164324218 0.11363075831277170968
0.10780602833757886583 0.11547565659882232103
0.10646148026339320725 0.11645318425767028914
0.10872359171786320775 0.11760018847057558677
0.10870032203047623465 0.11806595491288390809
0.11395706960710294542 0.11939436738644011726
0.11381897923446278320 0.11964152228720283111
0.12115398233950502860 0.12324030422678397545
0.12079594257891049236 0.12510056930598542624
0.11668907416484186612 0.12660824479944002285
0.10242311728370274981 0.12678720649587746361
0.12487723329869626632 0.12682273668558938229
0.10345298047512820061 0.12830881404185723316
0.12779087561643398541 0.12857101596864822790
0.11980669792577844368 0.13012434368277836505
0.13122811011570259532 0.13137321158104200980
0.12509178468393808425 0.13151442269510263405
0.12469842566768032932 0.13244392935759499719
0.12014712570502784905 0.13361624753583098424
0.12933267052018235233 0.13376133570846845955
0.13158379632349784250 0.13563499106947440875
0.13029894752003426395 0.13571932509515524656
0.13390930969192607614 0.13581307312952892175
0.13602165188920781191 0.13620654113981023325
0.11233449305900479465 0.13644647667231768473
0.13730652769743859065 0.13736011021710869962
0.12571517507116442003 0.13759264918345465167
0.13029463862879067659 0.13765865344778130397
0.11953044615232641390 0.13789034067116537341
0.13483157576345833339 0.13796027871807975407
0.13021070887594798915 0.13811929892982774404
0.12651507487297727894 0.13969958542318255956
0.13055462709886064832 0.13978968457839516248
0.12344960671949795072 0.14031077149056270237
0.11551283581125235123 0.14059528067536383733
0.12422022425565948378 0.14106912001953986202
0.12874633957052908362 0.14206852349220852605
0.12740017567201009085 0.14351502596387716304
0.13449631590254162994 0.14456149773733500963
0.12519320428358446384 0.14491824278342704813
0.13004566684967330814 0.14493204769362838524
0.14266027259401703464 0.14519232313953622793
0.13244043328425356143 0.14525255345118825989
0.12983191357050066772 0.14595317750240813237
0.11158150021628002180 0.14639282217952959142
0.14045671737996520689 0.14648324070724000334
0.10541567821964510643 0.14648452537150616348
0.13399283149800012005 0.14762066704235887737
0.13589242735540915663 0.14786954528942219955
0.14225265214654297941 0.14850263423656218098
0.13727563579617862999 0.14922843105743696657
0.14487410077975690359 0.14923009157106267852
0.14702919001954703471 0.14925816357384197319
0.13204523409124124811 0.14997959982837769100
0.14344036102039034453 0.15034467625446534811
0.14391785500747203419 0.15199225559854523393
0.13756550337357661973 0.15335765944625359691
0.15258364016621409065 0.15347848376699366191
0.15340200252133720515 0.15395417135604899661
0.15300598405584572848 0.15492289869996403451
0.13365255782792340167 0.15540498037406733078
0.14668152976001319621 0.15729360215101273468
0.13576423779550905735 0.15730172843075546085
0.13635371616089816960 0.15759036588663757894
0.15067881237551289386 0.15768022935590436662
0.15402708291383529482 0.15774767180982521286
0.13994709977187341776 0.15796267405277028550
0.14165066615187210664 0.15811132776019826141
0.11176468767185368525 0.15827520817981202694
0.14888891211875840415 0.15865738222425795900
0.12578839607862107863 0.15879622923647071508
0.15063070221153618267 0.15882327967102227717
0.13850930270540515177 0.15930375246647873744
0.14823925826983874732 0.15933818997965243369
0.13770985122447268467 0.15947780533221553312
0.15842015383559360231 0.15973822178168706198
0.12570870409679146817 0.16057309965864388634
0.15727517522562281527 0.16086683429326306682
0.15288369175803023792 0.16140542792419898532
0.14842754204089839143 0.16150550030182003747
0.11331159592828683735 0.16191035785235910471
0.15564216926279361708 0.16394617019761836829
0.15926089150938471661 0.16426183568767230292
0.11155794845615778221 0.16544535303169027873
0.15423544640523687010 0.16557025595573679477
0.14501070796178200384 0.16591737469020767515
0.13956688834551631007 0.16608540228100701630
0.16475667247421044159 0.16672048720680734957
0.15820257211964944277 0.16673299625523199663
0.15927763456230425998 0.16675105339402715443
0.11696497209866224543 0.16708601497546268777
0.14002917995773392357 0.16722541563849346868
0.16381246106878477597 0.16782835336582094254
0.15764372720911412618 0.16800293092580537158
0.14330194419687750096 0.16863032058591362339
0.15265769312951232850 0.16872055985448847215
0.14651563151194085810 0.16913196246680037294
0.13552367667635911719 0.16945311753335462468
0.16186585288821475626 0.16966266733116808219
0.15404119299298826840 0.17120366987603732878
0.16819995834710019245 0.17142793327025293570
0.12612326900697432008 0.17150797129358047455
0.13941537673493370475 0.17188421662809183488
0.13275953070880647244 0.17255210767717651943
0.11319026681247509880 0.17256283908563521678
0.16907240458251415749 0.17299603200937588299
0.11708930389035904218 0.17304350756041095294
0.14580481692235852664 0.17327992588385812689
0.15590133116779769651 0.17336272591963861056
0.16208095417357684664 0.17344179034861820221
0.15096125453540434891 0.17377056017508418773
0.14334010890889661849 0.17454374596300820111
0.17232544060399926367 0.17507879750505786487
0.16891645826923629148 0.17507879750505786487
0.16324508100186344017 0.17597351700034641331
0.16688409652499244795 0.17602143243553430851
0.17582166964159556821 0.17629381218916193030
0.13961844162904302191 0.17725629573858428523
0.13065047376825589254 0.17773685762709712233
0.17367061180319298686 0.17798473737566963826
0.15818844215845803691 0.17889465079516084223
0.13259946894877319701 0.17904145925515865811
0.17332948011015089640 0.17974332527958875039
0.15209318038890248803 0.18077508807625997100
0.13869720300779753153 0.18083143720151081957
0.14837059111317257853 0.18100952556615651501
0.12642443442166595435 0.18137806936613040665
0.16920856243855630918 0.18151353988026233677
0.15112369456539115342 0.18237203721414035895
0.13002073250624324174 0.18304377585270570350
0.16713729028903112628 0.18378417051238116198
0.18340063243812779192 0.18427994860649871134
0.12568808948494886168 0.18436524915350008258
0.16879085197832963128 0.18516507722353894860
0.17663880590412586735 0.18660949378846317104
0.16098742934454618458 0.18665008838463340024
0.17665366592063475037 0.18689784435275164087
0.16420826916873526580 0.18694687043749161348
0.13676333964283249323 0.18694687043749161348
0.16849932291406388707 0.18698925420397727315
0.16907952101486850571 0.18826542084271191690
0.16937037085478584553 0.18861319616175581393
0.14594322134146037184 0.18868467831860225026
0.18456627914240833488 0.18893588112733014639
0.11156714348569203576 0.18909484834291717670
0.12533419317532720760 0.18950654707648256769
0.13910671433480489845 0.19028065444360706127
0.18604219761099666242 0.19169936522784686295
0.16356268331042597697 0.19192226713322188547
0.19078862818700151327 0.19205241373203138511
0.10861074014886434869 0.19320912226296918512
0.18268774218799285758 0.19327031647682346716
0.14107720620399738509 0.19340056932416663238
0.15936169757689744308 0.19360452271972522498
0.19333850724029499890 0.19400408335404281668
0.15607229607886563549 0.19438695002255987343
0.13490942285047610727 0.19582823778611666010
0.17523891550328524191 0.19601502151084232439
0.16103031932159994621 0.19617349875345427290
0.19544684660484362704 0.19641092235068993710
0.17746815944848304269 0.19700948542465213098
0.16824166109124336077 0.19700948542465213098
0.18272772790483107763 0.19793390122151638399
0.19241897433182689192 0.19835677116393557462
0.17821727463529457580 0.19878186768546482477
0.15509848715843449485 0.19956152144714908725
0.14632462129384649074 0.19961858480978827979
0.19760559208318159707 0.19971231575558934246
0.19600404934284765268 0.19971231575558934246
0.13725246258674431155 0.20039707496761149930
0.12014887761278353340 0.20097958583726133197
0.19436586613893774844 0.20115064338299290525
0.17365699107179491389 0.20122922369093956818
0.15467989156667333317 0.20261861740400577414
0.15201148289737048680 0.20323402152407152310
0.15258076465640602049 0.20351551536340609094
0.19576753217383080496 0.20541291782879689265
0.12667050598583104448 0.20604619477559549257
0.20267649941873852604 0.20681618635634030356
0.12331148728619459320 0.20764998366814801933
0.16385321071580960517 0.20879936850144359406
0.19576348675678181821 0.20886667233806152644
0.13028714750476275142 0.20887534481077416060
0.12999279185959822236 0.20905697170161940956
0.17464065120345298454 0.21019842094408039412
0.19355251269012108128 0.21432823671622555639
0.14354880610170892008 0.21481634577827218857
0.15264421239375428052 0.21549575023516517880
0.18586473829994973328 0.21590364634177527936
0.15909549506152076415 0.21612733571439418645
0.13417419499193655730 0.21626105772347295475
0.12365152335207009460 0.21639684258868749356
0.13302755617712566649 0.21716359754055802878
0.14908543345647753964 0.21785103971215066809
0.19627643087185761561 0.21980229258600816888
0.13588044691770892469 0.22005972008942994989
0.14018695551145227141 0.22154438546906254914
0.12995619409865213911 0.22255156635302741908
0.19056263973003489953 0.22288388156902533277
0.12775103150337185909 0.22380521914978254716
0.15390938430309800133 0.22460124573754605692
0.20182727185856780272 0.22569732399019737379
0.12439985751197972508 0.22622996081094567944
0.12662215743660748535 0.22774641284279933950
0.22956177032208216482 0.23026815288907842572
0.16074292786230906516 0.23032879868638977960
0.20085117999379190068 0.23034322415632069170
0.14388630936359286805 0.23204447953107462665
0.17212403649011742690 0.23402761208122074832
0.23048990803626256962 0.23478913009798124678
0.19795238513478374820 0.24022564463221099396
0.21701184775851253828 0.24204196360386992515
0.21851227126764377617 0.24441304447838688163
0.19127403800539935497 0.24659640111883493474
0.18333284309664385492 0.25213645469972811863
