0.00000000000000000000 0.00217027042291312224
0.00000000000000000000 0.00250396556882744384
0.00000000000000000000 0.00330414126837588144
0.00000000000000000000 0.00332388484836035943
0.00000000000000000000 0.00373327671076447223
0.00000000000000000000 0.00403028380654431827
0.00000000000000000000 0.00403660059205685796
0.00000000000000000000 0.00432747040479237489
0.00000000000000000000 0.00443339871675979460
0.00000000000000000000 0.00470842887277144080
0.00000000000000000000 0.00515513590355097875
0.00000000000000000000 0.00553944589056320786
0.00000000000000000000 0.00569053541029324993
0.00000000000000000000 0.00596214049674175829
0.00000000000000000000 0.00617859806616668193
0.00000000000000000000 0.00630488123332237360
0.00000000000000000000 0.00643561105516522042
0.00000000000000000000 0.00655761844369549124
0.00000000000000000000 0.00688284519750482788
0.00000000000000000000 0.00746725995460172706
0.00000000000000000000 0.00750525358132167995
0.00000000000000000000 0.00802097572729775117
0.00000000000000000000 0.00857066758710702328
0.00000000000000000000 0.00878188081013889753
0.00000000000000000000 0.00928420209986084190
0.00000000000000000000 0.00930343919137545036
0.00000000000000000000 0.00968161334789505168
0.00000000000000000000 0.00975402644869756766
0.00000000000000000000 0.00999253998709674802
0.00000000000000000000 0.01011695603359438408
0.00000000000000000000 0.01035645318072930983
0.00000000000000000000 0.01040070173130228787
0.00000000000000000000 0.01040133113672208134
0.00000000000000000000 0.01042191688322298068
0.00000000000000000000 0.01042643167478788692
0.00000000000000000000 0.01060568436649018086
0.00000000000000000000 0.01076374449015829807
0.00000000000000000000 0.01080081462854057088
0.00000000000000000000 0.01084777056162743517
0.00000000000000000000 0.01090568666424967734
0.00000000000000000000 0.01117768007727469419
0.00000000000000000000 0.01141630561525700839
0.00000000000000000000 0.01144728708408254171
0.00000000000000000000 0.01156444720739936531
0.00000000000000000000 0.01165244322854387150
0.00000000000000000000 0.01165341139946230072
0.00000000000000000000 0.01177892421258744729
0.00000000000000000000 0.01181615724100867730
0.00000000000000000000 0.01185018432492699475
0.00000000000000000000 0.01210796858949346119
0.00000000000000000000 0.01211243003389242054
0.00000000000000000000 0.01219251509793910920
0.00000000000000000000 0.01239302013590268432
0.00000000000000000000 0.01253045889448851924
0.00000000000000000000 0.01253315424265112436
0.00000000000000000000 0.01256184970301840731
0.00000000000000000000 0.01261872420203273039
0.00000000000000000000 0.01274785582786154212
0.00000000000000000000 0.01275808092407206169
0.00000000000000000000 0.01276019249419134763
0.00000000000000000000 0.01276943053558085919
0.00000000000000000000 0.01298743566529351502
0.00000000000000000000 0.01306136790133036706
0.00000000000000000000 0.01322995176791876004
0.00000000000000000000 0.01327313750461736087
0.00000000000000000000 0.01340609990519980518
0.00000000000000000000 0.01347278608071705679
0.00000000000000000000 0.01354971618988978950
0.00000000000000000000 0.01357865484502273658
0.00000000000000000000 0.01371409878839951330
0.00000000000000000000 0.01398095855776699918
0.00000000000000000000 0.01400485677142737639
0.00000000000000000000 0.01412250460761585100
0.00000000000000000000 0.01418112213103880741
0.00000000000000000000 0.01427771934373935243
0.00000000000000000000 0.01429896620284575037
0.00000000000000000000 0.01437037303132585389
0.00000000000000000000 0.01478162605699486279
0.00000000000000000000 0.01485577867406650404
0.00000000000000000000 0.01491815045792883355
0.00000000000000000000 0.01505642205799331834
0.00000000000000000000 0.01517094959331172742
0.00000000000000000000 0.01519577787242787532
0.00000000000000000000 0.01525078901008850886
0.00000000000000000000 0.01530752762070947300
0.00000000000000000000 0.01534871469055254511
0.00000000000000000000 0.01539931124826515729
0.00000000000000000000 0.01560198292434737850
0.00000000000000000000 0.01569844416985562846
0.00000000000000000000 0.01572234629260816502
0.00000000000000000000 0.01572321736804717374
0.00000000000000000000 0.01575144964143033316
0.00000000000000000000 0.01581640673733649555
0.00000000000000000000 0.01628143367983459627
0.00000000000000000000 0.01638588052317587612
0.00000000000000000000 0.01650105919756431755
0.00000000000000000000 0.01683180411952368491
0.00000000000000000000 0.01685171497782153582
0.00000000000000000000 0.01686422612826319126
0.00000000000000000000 0.01690912613937574707
0.00000000000000000000 0.01707741551484447118
0.00000000000000000000 0.01720506222814780634
0.00000000000000000000 0.01723183087217823942
0.00000000000000000000 0.01724226210701811091
0.00000000000000000000 0.01727460181731832467
0.00000000000000000000 0.01754350831773764802
0.00000000000000000000 0.01761959871917266954
0.00000000000000000000 0.01771316229237689457
0.00000000000000000000 0.01790600267091259010
0.00000000000000000000 0.01797642095367122175
0.00000000000000000000 0.01841228284571514925
0.00000000000000000000 0.01862523415181695924
0.00000000000000000000 0.01864797551664117842
0.00000000000000000000 0.01871285429914912660
0.00000000000000000000 0.01897578529169690123
0.00000000000000000000 0.01898055090864240665
0.00000000000000000000 0.01899919497366561391
0.00000000000000000000 0.01910685103808747523
0.00000000000000000000 0.01915429358415272551
0.00000000000000000000 0.01918414342065300968
0.00000000000000000000 0.01924257681637801462
0.00000000000000000000 0.01929168201213332309
0.00000000000000000000 0.01966665207221591008
0.00000000000000000000 0.01985690699342933588
0.00000000000000000000 0.01988705633541866177
0.00000000000000000000 0.02035216186963808085
0.00000000000000000000 0.02060993038888078374
0.00000000000000000000 0.02066765839211540459
0.00000000000000000000 0.02066875096989534075
0.00000000000000000000 0.02078293233809410875
0.00000000000000000000 0.02084555947457322755
0.00000000000000000000 0.02086033262644489128
0.00000000000000000000 0.02088553163542617927
0.00000000000000000000 0.02091541993741046629
0.00000000000000000000 0.02108213167707437968
0.00000000000000000000 0.02108400337689302420
0.00000000000000000000 0.02114561153088946252
0.00000000000000000000 0.02126341942949862979
0.00000000000000000000 0.02136969267644928464
0.00000000000000000000 0.02137135242680581262
0.00000000000000000000 0.02138478975559096260
0.00000000000000000000 0.02143992087875253721
0.00000000000000000000 0.02155868000579787627
0.00000000000000000000 0.02185956647504400108
0.00000000000000000000 0.02187644390912693235
0.00000000000000000000 0.02198366628605057105
0.00000000000000000000 0.02201746972280763798
0.00000000000000000000 0.02217143977971886351
0.00000000000000000000 0.02224755913566860144
0.00000000000000000000 0.02229611030528155791
0.00000000000000000000 0.02231120952233430973
0.00000000000000000000 0.02231126438255551930
0.00000000000000000000 0.02233304263278491908
0.00000000000000000000 0.02233514797495132417
0.00000000000000000000 0.02236900736790670141
0.00000000000000000000 0.02249540409775187960
0.00000000000000000000 0.02257367946677083653
0.00000000000000000000 0.02260638409960925854
0.00000000000000000000 0.02282636328913953058
0.00000000000000000000 0.02282886221302830518
0.00000000000000000000 0.02283000941941793621
0.00000000000000000000 0.02283831875524416910
0.00000000000000000000 0.02307890733120248131
0.00000000000000000000 0.02321003153686181791
0.00000000000000000000 0.02336670154419795073
0.00000000000000000000 0.02339178842898735969
0.00000000000000000000 0.02361019186597643552
0.00000000000000000000 0.02362062314527456353
0.00000000000000000000 0.02362983992492043508
0.00000000000000000000 0.02384388559097648866
0.00000000000000000000 0.02397530749203699921
0.00000000000000000000 0.02425590819325230615
0.00000000000000000000 0.02429600719345129112
0.00000000000000000000 0.02432978940355766742
0.00000000000000000000 0.02439429012519937420
0.00000000000000000000 0.02440610032573722540
0.00000000000000000000 0.02453686667900121729
0.00000000000000000000 0.02462040343382650501
0.00000000000000000000 0.02462220289224286221
0.00000000000000000000 0.02467664139724424013
0.00000000000000000000 0.02479906524087098149
0.00000000000000000000 0.02483760688365642053
0.00000000000000000000 0.02487499894946755899
0.00000000000000000000 0.02493098492653328044
0.00000000000000000000 0.02527658050341965654
0.00000000000000000000 0.02531340301864782802
0.00000000000000000000 0.02535706326698830212
0.00000000000000000000 0.02537599581471063070
0.00000000000000000000 0.02540717334683866707
0.00000000000000000000 0.02544812771194124301
0.00000000000000000000 0.02547120698586773438
0.00000000000000000000 0.02547381710182747630
0.00000000000000000000 0.02558257934427963370
0.00000000000000000000 0.02577642004016236429
0.00000000000000000000 0.02589939647814068838
0.00000000000000000000 0.02594266778534367116
0.00000000000000000000 0.02597413173658306637
0.00000000000000000000 0.02602996488854270735
0.00000000000000000000 0.02605988615270115119
0.00000000000000000000 0.02609527185299854654
0.00000000000000000000 0.02619374133806550223
0.00000000000000000000 0.02634519755413800360
0.00000000000000000000 0.02634718663232389624
0.00000000000000000000 0.02640519362715461338
0.00000000000000000000 0.02651894599854478021
0.00000000000000000000 0.02663228836624197474
0.00000000000000000000 0.02674896981194407886
0.00000000000000000000 0.02692679252446350535
0.00000000000000000000 0.02694364820914129863
0.00000000000000000000 0.02694931895504844993
0.00000000000000000000 0.02697483038828768498
0.00000000000000000000 0.02698139774895967277
0.00000000000000000000 0.02708377877511996407
0.00000000000000000000 0.02709362054713023230
0.00000000000000000000 0.02740369202392670123
0.00000000000000000000 0.02746808095330454530
0.00000000000000000000 0.02768473815426738052
0.00000000000000000000 0.02783760682098995742
0.00000000000000000000 0.02787430195793621709
0.00000000000000000000 0.02789169582458742025
0.00000000000000000000 0.02807007433049175590
0.00000000000000000000 0.02811422256757903360
0.00000000000000000000 0.02812477422493739679
0.00000000000000000000 0.02812772042317245383
0.00000000000000000000 0.02826478532390942766
0.00000000000000000000 0.02827643658123827480
0.00000000000000000000 0.02849872111609704634
0.00000000000000000000 0.02860176010295156085
0.00000000000000000000 0.02862715096953058133
0.00000000000000000000 0.02882192915448192685
0.00000000000000000000 0.02891279811123351542
0.00000000000000000000 0.02891819227932420841
0.00000000000000000000 0.02898307076193628803
0.00000000000000000000 0.02899715538663402703
0.00000000000000000000 0.02900361463436743406
0.00000000000000000000 0.02900723345820055421
0.00000000000000000000 0.02903725641424663093
0.00000000000000000000 0.02921584121414524254
0.00000000000000000000 0.02943967376967063579
0.00000000000000000000 0.02944579023249354818
0.00000000000000000000 0.02948247348018572314
0.00000000000000000000 0.02953609444991047231
0.00000000000000000000 0.02976470691545150468
0.00000000000000000000 0.02981067127884530141
0.00000000000000000000 0.02999475238636719818
0.00000000000000000000 0.03005447730390055708
0.00000000000000000000 0.03008131162720713986
0.00000000000000000000 0.03009654414337355893
0.00000000000000000000 0.03011056170073275404
0.00000000000000000000 0.03021017257966251979
0.00000000000000000000 0.03037314671405369135
0.00000000000000000000 0.03040974764501517408
0.00000000000000000000 0.03045195332185510889
0.00000000000000000000 0.03046650149051357073
0.00000000000000000000 0.03054735856549293041
0.00000000000000000000 0.03062917704983747144
0.00000000000000000000 0.03083109066462003806
0.00000000000000000000 0.03091454706113786269
0.00000000000000000000 0.03091696531141105778
0.00000000000000000000 0.03113730343893789110
0.00000000000000000000 0.03142799386477966583
0.00000000000000000000 0.03144780146912534019
0.00000000000000000000 0.03151904058258515190
0.00000000000000000000 0.03153895148434795320
0.00000000000000000000 0.03157032529329440590
0.00000000000000000000 0.03159394763026324160
0.00000000000000000000 0.03166662243410975353
0.00000000000000000000 0.03173141342132115156
0.00000000000000000000 0.03178125202924381165
0.00000000000000000000 0.03181140281728516567
0.00000000000000000000 0.03183842553574518092
0.00000000000000000000 0.03202852340402906339
0.00000000000000000000 0.03203373346411613615
0.00000000000000000000 0.03214864217003280539
0.00000000000000000000 0.03216230571012641815
0.00000000000000000000 0.03222119167623446051
0.00000000000000000000 0.03223125528924315059
0.00000000000000000000 0.03226088469810029641
0.00000000000000000000 0.03235938597090723401
0.00000000000000000000 0.03251482799183139094
0.00000000000000000000 0.03257532877537738097
0.00000000000000000000 0.03258725694069322665
0.00000000000000000000 0.03271584501699232456
0.00000000000000000000 0.03274800886679306300
0.00000000000000000000 0.03282182085654852116
0.00000000000000000000 0.03283353066274235371
0.00000000000000000000 0.03297169972901949075
0.00000000000000000000 0.03304585715543223445
0.00000000000000000000 0.03306756394035106211
0.00000000000000000000 0.03307347619941517630
0.00000000000000000000 0.03311636340880780988
0.00000000000000000000 0.03323404237988366455
0.00000000000000000000 0.03332768043210160985
0.00000000000000000000 0.03336260857853351469
0.00000000000000000000 0.03343514569145330378
0.00000000000000000000 0.03359107230006464634
0.00000000000000000000 0.03367755670469605583
0.00000000000000000000 0.03382941541332729757
0.00000000000000000000 0.03386205455659956065
0.00000000000000000000 0.03415934199064166177
0.00000000000000000000 0.03419173855330014805
0.00000000000000000000 0.03423030100118216318
0.00000000000000000000 0.03423705574035104671
0.00000000000000000000 0.03426207681261633775
0.00000000000000000000 0.03454709829558742090
0.00000000000000000000 0.03458078263590017021
0.00000000000000000000 0.03465243267714886166
0.00000000000000000000 0.03470739573789213134
0.00000000000000000000 0.03477422640583588409
0.00000000000000000000 0.03500727221884672447
0.00000000000000000000 0.03502080435857782975
0.00000000000000000000 0.03510423688336222758
0.00000000000000000000 0.03511109501787636200
0.00000000000000000000 0.03516043884556677157
0.00000000000000000000 0.03526704594357184946
0.00000000000000000000 0.03538050234377922848
0.00000000000000000000 0.03559647334824169590
0.00000000000000000000 0.03584545757223436824
0.00000000000000000000 0.03586338772354864118
0.00000000000000000000 0.03588761153734763149
0.00000000000000000000 0.03601743251525989925
0.00000000000000000000 0.03617152083127631035
0.00000000000000000000 0.03621228665430237942
0.00000000000000000000 0.03638593852875151441
0.00000000000000000000 0.03644558504642506774
0.00000000000000000000 0.03644895446366223229
0.00000000000000000000 0.03655865434129684788
0.00000000000000000000 0.03659914542892962752
0.00000000000000000000 0.03676389124149966048
0.00000000000000000000 0.03678997015846498936
0.00000000000000000000 0.03704288440651617303
0.00000000000000000000 0.03747243440006796378
0.00000000000000000000 0.03764911288097382708
0.00000000000000000000 0.03766425917156059761
0.00000000000000000000 0.03776488783906802732
0.00000000000000000000 0.03782718670899681140
0.00000000000000000000 0.03806553621785786073
0.00000000000000000000 0.03819109717788860686
0.00000000000000000000 0.03845441485286035105
0.00000000000000000000 0.03864171956862375718
0.00000000000000000000 0.03884803271303478162
0.00000000000000000000 0.03904794595444675831
0.00000000000000000000 0.03941671642081901600
0.00000000000000000000 0.03945976450385833834
0.00000000000000000000 0.03952069833426086892
0.00000000000000000000 0.03972318380302548857
0.00000000000000000000 0.03992414999604668169
0.00000000000000000000 0.03999448657117150169
0.00000000000000000000 0.04006448511504252102
0.00000000000000000000 0.04010932148899170463
0.00000000000000000000 0.04014869427415337227
0.00000000000000000000 0.04015244019164165151
0.00000000000000000000 0.04034578328069383935
0.00000000000000000000 0.04055578136279711088
0.00000000000000000000 0.04072531895925340928
0.00000000000000000000 0.04083341022594654673
0.00000000000000000000 0.04104851478739070247
0.00000000000000000000 0.04108729349646544210
0.00000000000000000000 0.04116100403268858204
0.00000000000000000000 0.04126056018802454900
0.00000000000000000000 0.04137822989916057487
0.00000000000000000000 0.04138487219712314730
0.00000000000000000000 0.04160305314682245098
0.00000000000000000000 0.04169317215217966527
0.00000000000000000000 0.04173386729266682915
0.00000000000000000000 0.04206670863960394746
0.00000000000000000000 0.04220497432561786527
0.00000000000000000000 0.04222522014959899372
0.00000000000000000000 0.04230835799178203627
0.00000000000000000000 0.04247861460201210471
0.00000000000000000000 0.04251542163351151177
0.00000000000000000000 0.04258328747891836769
0.00000000000000000000 0.04275747159547812343
0.00000000000000000000 0.04277038419552049719
0.00000000000000000000 0.04280308451903101774
0.00000000000000000000 0.04285860330549418756
0.00000000000000000000 0.04294236262062559040
0.00000000000000000000 0.04304577827684755859
0.00000000000000000000 0.04316076831862679375
0.00000000000000000000 0.04316978271035548653
0.00000000000000000000 0.04331919486469824887
0.00000000000000000000 0.04354499050747629579
0.00000000000000000000 0.04382540582730655443
0.00000000000000000000 0.04386087059253539894
0.00000000000000000000 0.04399231469273039846
0.00000000000000000000 0.04406736647047337918
0.00000000000000000000 0.04410491160559955326
0.00000000000000000000 0.04422288515359779071
0.00000000000000000000 0.04451528827570760266
0.00000000000000000000 0.04489846915232982572
0.00000000000000000000 0.04513662090742216748
0.00000000000000000000 0.04544938187514631356
0.00000000000000000000 0.04550150814397460608
0.00000000000000000000 0.04577112430045116725
0.00000000000000000000 0.04577605953082118651
0.00000000000000000000 0.04593513394682775808
0.00000000000000000000 0.04602927314498190398
0.00000000000000000000 0.04607438677850021064
0.00000000000000000000 0.04615776801181094291
0.00000000000000000000 0.04633727794431457409
0.00000000000000000000 0.04670781340257559866
0.00000000000000000000 0.04698125978359529720
0.00000000000000000000 0.04699443394878353303
0.00000000000000000000 0.04715736981288015661
0.00000000000000000000 0.04719666884434409876
0.00000000000000000000 0.04727029719871646968
0.00000000000000000000 0.04735490163896404620
0.00000000000000000000 0.04768006900040627771
0.00000000000000000000 0.04778369692675554781
0.00000000000000000000 0.04805113006186691876
0.00000000000000000000 0.04816869779631088866
0.00000000000000000000 0.04818429666654995558
0.00000000000000000000 0.04821913404080656329
0.00000000000000000000 0.04829411716603976279
0.00000000000000000000 0.04844309968492643143
0.00000000000000000000 0.04846501130779216210
0.00000000000000000000 0.04866798763761066848
0.00000000000000000000 0.04898712366597339496
0.00000000000000000000 0.04907929587977986202
0.00000000000000000000 0.04921948870992337577
0.00000000000000000000 0.04944594906989781963
0.00000000000000000000 0.04950626041159374158
0.00000000000000000000 0.04950845712640448287
0.00000000000000000000 0.04999458828823972328
0.00000000000000000000 0.05007889305547900960
0.00000000000000000000 0.05029714431717359491
0.00000000000000000000 0.05030494535766952963
0.00000000000000000000 0.05032377101161137484
0.00000000000000000000 0.05041150230899444501
0.00000000000000000000 0.05090890035346223169
0.00000000000000000000 0.05161209840627066503
0.00000000000000000000 0.05169542778204923306
0.00000000000000000000 0.05174825451908157681
0.00000000000000000000 0.05252159350221329015
0.00000000000000000000 0.05283860248816053817
0.00000000000000000000 0.05325029644737999668
0.00000000000000000000 0.05365672772137953378
0.00000000000000000000 0.05373620841524439501
0.00000000000000000000 0.05385566719433310806
0.00000000000000000000 0.05438633452319555084
0.00000000000000000000 0.05476719240684638224
0.00000000000000000000 0.05507121715689552305
0.00000000000000000000 0.05513838611356471076
0.00000000000000000000 0.05540378993709095534
0.00000000000000000000 0.05546567536313289776
0.00000000000000000000 0.05579469661744711900
0.00000000000000000000 0.05627076660687334309
0.00000000000000000000 0.05633292334210170810
0.00000000000000000000 0.05646935203818858467
0.00000000000000000000 0.05647966154476807138
0.00000000000000000000 0.05759042197259916368
0.00000000000000000000 0.05762738202160894857
0.00000000000000000000 0.05775405641234403892
0.00000000000000000000 0.05802081013937118725
0.00000000000000000000 0.05802747884843709875
0.00000000000000000000 0.05802770478130529763
0.00000000000000000000 0.05827528728606288372
0.00000000000000000000 0.05840710789665891356
0.00000000000000000000 0.05841037700108860781
0.00000000000000000000 0.05876794579752605413
0.00000000000000000000 0.05910328314753032081
0.00000000000000000000 0.05959870445702741826
0.00000000000000000000 0.06015231955851040729
0.00000000000000000000 0.06092593684846599189
0.00000000000000000000 0.06096730191251092251
0.00000000000000000000 0.06140969771405007521
0.00000000000000000000 0.06175260936691234770
0.00000000000000000000 0.06207929825058310785
0.00000000000000000000 0.06280801269306117429
0.00000000000000000000 0.06293750622131398520
0.00000000000000000000 0.06346750449674540273
0.00000000000000000000 0.06414751738195549613
0.00000000000000000000 0.06443631957009661460
0.00000000000000000000 0.06496414090501466398
0.00000000000000000000 0.06528256932878685748
0.00000000000000000000 0.06542424079655131952
0.00000000000000000000 0.06555838270400878021
0.00000000000000000000 0.06590983419862495030
0.00000000000000000000 0.06686345863911216658
0.00000000000000000000 0.06699090555992162632
0.00000000000000000000 0.06724523629371835509
0.00000000000000000000 0.07119857050948959210
0.00000000000000000000 0.07227531071598225498
0.00000000000000000000 0.07456591596085095086
0.00000000000000000000 0.07779368473880558799
0.00000000000000000000 0.08284656676205875980
0.00000000000000000000 0.08350505521475660997
0.00000000000000000000 0.08417278101420207215
0.00000000000000000000 0.08509390055718371593
0.00000000000000000000 0.08618627278527345170
0.00000000000000000000 0.09042561026753734299
0.00000000000000000000 0.09082224292160322177
0.00000000000000000000 0.09194782283654258370
0.00000000000000000000 0.09690983660829838309
0.00000000000000000000 0.09851160101732497898
0.00000000000000000000 0.10446509508216529627
0.00000000000000000000 0.12293393761699059064
0.00000000000000000000 0.13693067630406191570
0.00000000000000000000 0.17280091314876999675
0.00000000000000000000 1.73205080756887719318
