0.01675631199082243047 0.01819859411844969993
0.01712650505683417645 0.01911234559159959503
0.01870124535138650151 0.01968576110935632908
0.02174863527686566808 0.02188332309725751768
0.02153339908694602498 0.02227832463682399150
0.02055222886754438927 0.02268573698828317900
0.02355179224293985768 0.02411098172556500746
0.02279929007200125202 0.02430077721096869300
0.02390938871770087112 0.02442407468398481371
0.02403464070575577968 0.02475299970136025235
0.02431291567181744981 0.02494552668279055238
0.02262779580477980793 0.02590207383423707987
0.02470463814151275042 0.02661597816298479427
0.02502598284607349122 0.02690387928170472759
0.02443358342322980367 0.02781813814680491811
0.02423304396616353731 0.02902579748962006573
0.02815787932705213215 0.02921079164872861580
0.02654823642996961483 0.02921079164872861580
0.02665179533866270795 0.02921122224246076524
0.02575495412903386697 0.02957074326475065545
0.02580126334556626447 0.02962656521342173568
0.02832604861769389901 0.02981165892659293562
0.02826276744760437484 0.03005955578464894473
0.02336864290501368402 0.03007241607940391512
0.02692160559465659256 0.03009997568621362515
0.02629673086594068107 0.03057276632797041940
0.03022152459186605578 0.03100284536789919485
0.02819502214478251251 0.03113493970111493037
0.02775342879677547905 0.03120102375796111188
0.03018959410043467809 0.03133671244980835990
0.02687070107146022693 0.03143639418461759844
0.02961938715510813516 0.03149063154010282167
0.02897037753671521942 0.03194718898164632115
0.02617564119175451107 0.03195994059584467140
0.03063897709974665665 0.03207394167614741748
0.03187075696634664862 0.03211922704231141151
0.02828154075375839335 0.03219288583989354802
0.02917964722881389097 0.03230143937648735641
0.02403580232829358176 0.03234249300992135534
0.03170041453569966139 0.03237972838926121005
0.02760914508132134709 0.03241467210918918401
0.02790438856741510321 0.03242148941587886385
0.03168613470646736152 0.03253680991598271316
0.03068708723773692221 0.03255519240839545997
0.03179070668898339308 0.03272481405442212443
0.02635953937126460020 0.03308940717241624918
0.03160100505261661391 0.03332572759883686841
0.02514973506404940065 0.03339536638790657069
0.02762114080869703184 0.03361776479718397992
0.02534873019437185182 0.03364884098723823491
0.03138947380736191450 0.03391728310433360372
0.03017918833263867964 0.03425066929954406758
0.02577547146610096110 0.03437900938583998006
0.03415298814978864894 0.03450816810406152207
0.03279370515044357365 0.03465396983288596133
0.02960424555378551870 0.03503693783497888181
0.02395424941226739421 0.03533586047902742555
0.03526234562582827164 0.03635585548796387012
0.03065660190681401484 0.03646729685105019186
0.03366318500240529643 0.03672221457442944453
0.02643210712177451738 0.03678446304194243205
0.03617938245579495338 0.03680454438146146118
0.03487460469846358213 0.03682327259991417107
0.03387574544334528981 0.03749258033440220489
0.03342379956183783724 0.03775570173220394593
0.03156121669077163044 0.03783222430454787066
0.03468149983688049998 0.03819417716561286646
0.03744207502479902222 0.03834832243749947828
0.03698831955158478346 0.03834832243749947828
0.03332652325499041446 0.03853475535087509674
0.03336637584114471311 0.03863919704982077263
0.03017472097770828102 0.03863947755593219457
0.03199143259487475383 0.03880677379392422771
0.03057875159582701396 0.03883761373470773215
0.03658108717663080545 0.03885869321923765551
0.03785528254007586302 0.03890980536084166774
0.03456712148487989938 0.03896040043271833953
0.03634468703529072225 0.03917981736594270542
0.03303580843010697071 0.03940457676086082245
0.03493437704638052699 0.03941065049121686426
0.03656903337365476070 0.03960705886823931432
0.03684053167992801248 0.03984490886206740190
0.03858687917466082501 0.03996103051391831223
0.03386212287169435009 0.03998939652090703623
0.03250888376360047682 0.04007381699817499227
0.03970151649179171072 0.04019962120830651575
0.03215686290922604995 0.04032854126264064087
0.02809381730836336619 0.04042492646854296129
0.03947098651772238537 0.04086036566326780445
0.03332867812352278969 0.04127407852026909740
0.02885147849435097320 0.04150896973233116766
0.03512747622933376501 0.04156736207447984943
0.04092168770724851495 0.04166776880476008582
0.03149129830143230363 0.04180170304441279544
0.03414091892304359221 0.04181606720777920894
0.02826242648738008789 0.04192360954717638116
0.03293136412657845374 0.04194186525399613841
0.04125513546325991487 0.04207273968864756741
0.02607357902215946127 0.04238723588280238902
0.04025724207917545650 0.04261028670966388737
0.03088229502420593298 0.04266832478598375084
0.02635818158336596453 0.04275759505086232370
0.03874212536239456800 0.04299817545129372420
0.03590202077693427363 0.04304006280616171770
0.03963902994221596421 0.04307647012046150747
0.03496253528137614058 0.04339306359256017015
0.03880761888328563419 0.04347421442921186457
0.04235580259941800624 0.04371720851940674030
0.04233157577323638093 0.04377418325229683743
0.03269924208705815571 0.04398606323985041616
0.04306931627798940565 0.04433523228625693008
0.03325187295739301385 0.04460231951322486676
0.03632916670702765471 0.04466684635401444586
0.03814183425074645084 0.04471903303515450956
0.04356667728990761684 0.04500750269243613405
0.04135185195664761032 0.04501767825064807715
0.03509637731504239994 0.04503574265858851372
0.04062596693517681046 0.04506410732205168301
0.03992930961227379727 0.04539291470715915711
0.04034223183872283347 0.04560912020040903958
0.04349867481609047404 0.04573020815530481897
0.04601464466357443189 0.04641983980392420245
0.03767559289565655667 0.04656923008388170332
0.04321169270107695637 0.04661545627511506223
0.04428870628179917834 0.04665168627855949268
0.03315200082494852707 0.04677149996307580077
0.04623209627944720873 0.04712449361136487186
0.04388720667752064875 0.04716691673565345105
0.03806790831932876928 0.04738920294525528210
0.04068220362813499552 0.04776105298435166790
0.02738924416271600049 0.04779703565400999360
0.03586802757398613317 0.04781371618730703710
0.04110783575966301534 0.04807221174214247605
0.04684400590886979993 0.04821446009779948444
0.04672925598150537430 0.04822370495843375515
0.04254701578234339199 0.04823285893096416338
0.03957186793236043554 0.04880221423814493781
0.04683065920491862044 0.04904863917295135961
0.03245358235589110990 0.04933307755705505782
0.04698659384011720508 0.04944353501212522817
0.03571909183258694526 0.04972651130196457936
0.04684941306164917829 0.04995809612714612047
0.04835282388911039259 0.04996398595611392657
0.03826682513180057477 0.04996398595611392657
0.04013632432945692802 0.05008693101175196172
0.04461350866226808376 0.05012360397745006801
0.04083674485064495152 0.05013555147770844267
0.03753355062200432191 0.05032284585174189723
0.04438867232682595920 0.05034365465503269632
0.04311671202019418808 0.05048982088465071155
0.03730962422183796423 0.05060603843300687243
0.04345211354051213559 0.05079362302637946414
0.04567564490199378657 0.05084271590575757671
0.04213126425220317661 0.05086919716455185619
0.04842433084164522034 0.05089026597826428605
0.04688745124754119947 0.05113222994932770105
0.04419612316754174819 0.05139948628783733153
0.04580623352688054789 0.05157714112133712780
0.04496902598112935412 0.05172146363677548875
0.03459536480110792650 0.05179922711196796592
0.04973570089176036768 0.05183942086511083430
0.04498530381281461155 0.05222056818322597799
0.04698157725141986069 0.05229522615025988808
0.04028384974256397910 0.05281388419280801105
0.05168820308728604151 0.05299520543715344895
0.03495248114611948509 0.05310050450484136292
0.04616353527959668468 0.05310912262754406699
0.05104619817569655549 0.05352067899151390085
0.05087092446096637410 0.05382429264333309094
0.05074972877673036842 0.05443563329196873801
0.05410931027709742214 0.05489228092682054555
0.05185803066364351455 0.05497015263611861741
0.04880633428982902866 0.05497015263611861741
0.05466264060491447113 0.05511144411492827772
0.05112250058349242232 0.05553837215456501608
0.05402864197979659333 0.05558938410034667404
0.05249875395650889509 0.05560354440923395009
0.05366481183212565287 0.05614187842177759818
0.04718766096711592140 0.05742644605684942005
0.05476429737334546910 0.05778799102669320703
0.05104075709087951829 0.05797890892744805152
0.05400087361935307362 0.05832463950219642784
0.05286136439725417496 0.05886525631645784379
0.04708849344599605469 0.05924304166936406046
0.05772859510603909478 0.05969603677735472319
0.05781409068082884323 0.05969805566454464141
0.05916484699662797470 0.06016553883025517468
0.05237314226725358485 0.06147225610636977700
0.04731800587122837742 0.06315715998677312593
0.05306285120351094536 0.06354664861618281035
0.06041029703836483383 0.06477385913624783553
0.04856280625278673602 0.06777318002452642487
0.06725866355638610017 0.06865364753037779544
0.06527079233902730038 0.06865364753037779544
0.06127799668028283131 0.07141104073654606921
0.06682590987254730108 0.07299178137034401104
0.06038376931215838628 0.07351398031852175718
0.06524379594042976904 0.07846581685763279190
0.07351011607629590050 0.08232958366479170564
0.05820950523580643854 0.08399114824235624777
0.08847817009518241238 0.09185184830627879382
0.09229435021848776677 0.10149244775149247888
