0.07005047455380319921 0.07812695282460956070
0.08517097141524658521 0.09458496671529233180
0.09144261619381530148 0.09474753393289558900
0.09878786400523645317 0.09914605987913224783
0.09152570911686573607 0.10009063595295027149
0.10093081760658570434 0.10137345926138885410
0.08817160890110505023 0.10410693284316815954
0.10397319257828617489 0.10767274786728882330
0.10773026166628968392 0.11346078721011502999
0.11075947835346491854 0.11412121648095079063
0.10645118003431551512 0.11542893550660859869
0.11245043505915651438 0.11582515938358597940
0.11467304218777560343 0.11702450339637358867
0.10513884651135603499 0.11978241032630927709
0.11721346629658851990 0.11983818943626614595
0.10320877871824436778 0.12434792645207637385
0.09838896816006094392 0.12441286718694292979
0.12005961938487641483 0.12476764089408920455
0.12463383600409679020 0.12482067838078965416
0.10739022850492560557 0.12589107180091174687
0.09676181947346856882 0.12623333686460178060
0.11848074327594630695 0.12803012747612682598
0.12935184313763345432 0.13049093737422512440
0.13127691003676822401 0.13133312794347906660
0.13133821109052482012 0.13165438417223535028
0.11765894067426520275 0.13374820056720720940
0.12314155888291829222 0.13379670043215424746
0.12164692763228010519 0.13520511008305458045
0.12790709885396633894 0.13619343049851403982
0.13460150727985378816 0.13650892493724911536
0.10555998741644341543 0.13820875512501223925
0.11256037744914343390 0.13880317849524292928
0.13732179201647437550 0.13889491163919184813
0.13007792876565368867 0.13910049942361998876
0.13583995041448349017 0.13933961553320467486
0.12208018184566647724 0.13941324605963201222
0.13070379195267564643 0.14012551022532279688
0.11897039520262940593 0.14125011302866719021
0.13002254994178538694 0.14479261188186196008
0.13106945858180057973 0.14628688416367524594
0.13986668209990069101 0.15034395225309829525
0.13277987258232268331 0.15064251429739683452
0.14304659630873597931 0.15067777125379466785
0.12262022878533181125 0.15069714888963117727
0.14805746386325349673 0.15086889734632533133
0.13473709353088633711 0.15097060906157577787
0.12178002541658794478 0.15172181761224767804
0.14856228650573291561 0.15227444645810839230
0.12460471627372976533 0.15305022210292412721
0.12851320913690994496 0.15454486543221471195
0.15418486094705388667 0.15497884788659194166
0.15517467468888904158 0.15823125489239495134
0.12601470512288531767 0.15930235913662735281
0.14811975427421089635 0.16028827785698360198
0.15036783488638999495 0.16215738892239120461
0.15766283303877173805 0.16246423266402568175
0.14859667826786993050 0.16343348647934968776
0.16352745070625065993 0.16354012736745426881
0.16412364636170756471 0.16544246623294672771
0.13161705858244607259 0.16668348497322757473
0.14893467941736251992 0.16868300880879935622
0.14267086795602393345 0.16883404714345365272
0.16892698142923495697 0.16916310525141814436
0.15826745584681425894 0.17238878204661611804
0.17264186687618748861 0.17414791267296528265
0.14112645474873883322 0.17453949346960878630
0.17210869539798651084 0.17511973242301206999
0.15110352296509049763 0.17645283521418117512
0.15621217246661059375 0.17680502115246868322
0.17598802256485693296 0.17681069746118452390
0.16398186448380225322 0.17969367559136179002
0.16031956604657154886 0.18050455037044349504
0.17899679115869007728 0.18063770963979894346
0.16727807909918579465 0.18064641726686173073
0.17906212074019028924 0.18065299567429626837
0.17498426056804430861 0.18531911076993248799
0.18244353254322553948 0.18566609687984750310
0.14983803535150941322 0.18667717168975342390
0.15925822596906152873 0.18821647125178797566
0.18621794634414379210 0.19153594166798559861
0.19013985553513862437 0.19209469213723637249
0.17059704417158461087 0.19398610461127657745
0.18807025052962461631 0.19417597282210999343
0.17013181057491183479 0.19528059525944774233
0.18443324642120667578 0.19950097846825395886
0.16750777364060262520 0.19953314094614796326
0.16598760045079494208 0.20081969210008904225
0.18249252349420239105 0.20109670865471743206
0.19956341795455817545 0.20201995939345596121
0.18576304094241483100 0.20267102304377748734
0.19216975313660164537 0.20331155703343650742
0.19883303158543227940 0.20417723208322596795
0.14997530205023423822 0.20651439676754149155
0.20479527243316630880 0.20781215508183617513
0.15662487636934729895 0.20793046254049954435
0.16406344016441432032 0.20827597628648553130
0.19964475607400766766 0.20899157696353071190
0.20971969667697024087 0.21136721467258950957
0.15807789822496254306 0.21221241481335340051
0.19327104324873214947 0.21443026079425467345
0.18787783847255060121 0.21956025644464757796
0.21603836556897670906 0.22206468714331767389
0.21524448983740138153 0.22261665953462114742
0.18365149907313310651 0.22332745205281656631
0.21090390318721352614 0.22504821068846930787
0.22075558808477604988 0.22605060180971209283
0.22549302878505381176 0.22682272833285110902
0.19162088110473593505 0.22815394671366862056
0.20658731324524540196 0.23564868238619299246
0.21750635651950811500 0.23576638777908751066
0.22804493321756896806 0.23857990521630817460
0.16462941140334177992 0.23870866228137932463
0.18996891630839399245 0.23979057234610617888
0.16143232923254544064 0.23983050889801213468
0.19611367453790329307 0.24153333131757981356
0.20440624268372561967 0.24176704342459617858
0.22316627523045529102 0.24390299169657131406
0.22144428271556870769 0.24413761924122739932
0.20877038142226891915 0.24427989941415353958
0.22173809535696817341 0.24587758679574497900
0.17911266905754377743 0.24619540210127643931
0.24538784335201599407 0.24667486994434595360
0.14921120344077926090 0.24710799432232416484
0.15584357860580411170 0.24712014941768256637
0.23424325217996203041 0.25109056698008985764
0.19742407878503312468 0.25242244182811951481
0.18367841490842004570 0.25381556413324751764
0.18761897851762393552 0.25532847181435197603
0.24345809396122641832 0.25688796356731247172
0.24007375077239129224 0.25861215705558782130
0.17376587748193794702 0.25883404915484931053
0.16652787537146998553 0.25997364899328317955
0.25174058870287469025 0.26001710758712348603
0.17552187508347782963 0.26030853595822356361
0.23733759610455262834 0.26050559454573196660
0.17649702213148982244 0.27081546964914882114
0.18844576960446030034 0.27094659224172629175
0.23815143205578903629 0.27143581509199349311
0.25715362726639834356 0.27151742153594587981
0.18027278897548140724 0.27156443367029003966
0.17499467320973816076 0.27163107795984842152
0.26970699542264042758 0.27284818364854523942
0.21090412500176253241 0.27285245191997953285
0.24589339056935391459 0.27407040250662506597
0.26897384805407986708 0.27421898929481192120
0.22891966833391344527 0.27505216723791964251
0.20154957114437599408 0.27665004840519769047
0.26880449152449187311 0.27991264589944581109
0.26855503508296352244 0.28187157579497179594
0.16896049727537054697 0.28236386511088140683
0.28701342808272728435 0.28782327846757377321
0.25861056796953640902 0.29036386944708836300
0.23851809649843105920 0.29430230393871287253
0.28878217852383086806 0.29485016396334218225
0.24350651492713795698 0.29786900348470979338
0.28490329071039260933 0.29871768284812211247
0.24454689280809285834 0.30011102346733092849
0.17565712192915516887 0.30174620420939324283
0.21830428526399517364 0.30249343068853518091
0.21643722609531962364 0.30407471839485850085
0.25544022760393036986 0.30588922042875432705
0.28137344380073725514 0.30762716386710997618
0.23514647056040502426 0.30969672945022386212
0.21546913755132454660 0.31337584500428344869
0.27238538972632519997 0.31682324697044789152
0.20187218064887132996 0.31682324697044789152
0.19352243165159710436 0.31872165974389643495
0.31251484126033185484 0.31967040533825941129
0.31241779338801850541 0.32403967045653814250
0.15659935536818597734 0.32534657684246748310
0.28293971681896334935 0.32537253802418530935
0.28044030237057077093 0.32700296614631774172
0.16180015872546241185 0.32828176581668389034
0.14384809121442110325 0.32907205127883837337
0.18207809945750769165 0.33139795917195208341
0.21578102057450468387 0.33279391177244227462
0.30466747865607202161 0.33420967612455176887
0.17849490104471399388 0.34064892879607511222
0.22240116744577892449 0.34796802391008901933
0.22343735542602996547 0.35426332079976602385
0.36230087671190031040 0.36422662715133541367
0.30606720981846330387 0.36642090179507669223
0.24234888818735061955 0.36685952169778152099
0.20874141653183514444 0.37328022700132135192
0.21151207949572320421 0.37640495844719229490
0.18407775726565589469 0.37651120319968328642
