0.00000000000000000000 0.00063889414266562745
0.00000000000000000000 0.00204900970331716977
0.00000000000000000000 0.00247955285408736365
0.00000000000000000000 0.00276180999615527160
0.00000000000000000000 0.00281112934302964667
0.00000000000000000000 0.00281115096151219679
0.00000000000000000000 0.00288803170550322843
0.00000000000000000000 0.00295990733598328884
0.00000000000000000000 0.00300224506593871994
0.00000000000000000000 0.00317580835369602778
0.00000000000000000000 0.00355317776924287104
0.00000000000000000000 0.00369985325292643925
0.00000000000000000000 0.00397434511195284088
0.00000000000000000000 0.00398187814606955608
0.00000000000000000000 0.00401816875123711323
0.00000000000000000000 0.00403416552022872049
0.00000000000000000000 0.00411326123580185200
0.00000000000000000000 0.00419853535116814728
0.00000000000000000000 0.00429698048014813712
0.00000000000000000000 0.00429896238019019609
0.00000000000000000000 0.00451935930285181104
0.00000000000000000000 0.00459030044010755398
0.00000000000000000000 0.00467122900308515349
0.00000000000000000000 0.00475971608290271311
0.00000000000000000000 0.00489105362402774291
0.00000000000000000000 0.00489742757322321476
0.00000000000000000000 0.00501634823001396307
0.00000000000000000000 0.00505689035826505009
0.00000000000000000000 0.00523429861985471277
0.00000000000000000000 0.00523756306536960359
0.00000000000000000000 0.00534730167181931681
0.00000000000000000000 0.00535781909465776925
0.00000000000000000000 0.00536819904315017325
0.00000000000000000000 0.00536926029169679502
0.00000000000000000000 0.00547255289119835762
0.00000000000000000000 0.00547559775134319297
0.00000000000000000000 0.00549402556553883065
0.00000000000000000000 0.00558510696940487088
0.00000000000000000000 0.00559256216317581979
0.00000000000000000000 0.00564614010349275431
0.00000000000000000000 0.00578158996787836530
0.00000000000000000000 0.00579379661937074256
0.00000000000000000000 0.00583456514880212850
0.00000000000000000000 0.00593383458533986666
0.00000000000000000000 0.00599044865303991880
0.00000000000000000000 0.00599734069681410065
0.00000000000000000000 0.00604206897939941947
0.00000000000000000000 0.00605083050650640115
0.00000000000000000000 0.00607312648286988371
0.00000000000000000000 0.00611764387183423054
0.00000000000000000000 0.00620233911798351821
0.00000000000000000000 0.00622103137977056148
0.00000000000000000000 0.00622958185668384765
0.00000000000000000000 0.00623081640057754002
0.00000000000000000000 0.00625123866672492017
0.00000000000000000000 0.00635150672699082847
0.00000000000000000000 0.00639171119042708340
0.00000000000000000000 0.00647567258750228556
0.00000000000000000000 0.00647620109165666837
0.00000000000000000000 0.00649393413667917561
0.00000000000000000000 0.00664227166270480330
0.00000000000000000000 0.00666472087242296791
0.00000000000000000000 0.00672853191873527910
0.00000000000000000000 0.00674251534239792699
0.00000000000000000000 0.00681045989689074271
0.00000000000000000000 0.00685433576186245119
0.00000000000000000000 0.00692222916022877926
0.00000000000000000000 0.00694639726501931724
0.00000000000000000000 0.00700432767943475355
0.00000000000000000000 0.00702794694065347458
0.00000000000000000000 0.00704528338804272496
0.00000000000000000000 0.00706224207797026722
0.00000000000000000000 0.00706435124368173448
0.00000000000000000000 0.00707861166722399248
0.00000000000000000000 0.00712699478395314393
0.00000000000000000000 0.00714895572202938270
0.00000000000000000000 0.00717147485649545242
0.00000000000000000000 0.00719852733335532569
0.00000000000000000000 0.00720309156701214558
0.00000000000000000000 0.00722293800707727619
0.00000000000000000000 0.00723176131717448434
0.00000000000000000000 0.00730126499672216923
0.00000000000000000000 0.00732645874324430735
0.00000000000000000000 0.00739201669985569028
0.00000000000000000000 0.00741942108627322277
0.00000000000000000000 0.00742157471043888156
0.00000000000000000000 0.00750963184022194162
0.00000000000000000000 0.00752846122658388465
0.00000000000000000000 0.00759104726597602773
0.00000000000000000000 0.00762320516394083669
0.00000000000000000000 0.00768058824011449634
0.00000000000000000000 0.00770839825388176976
0.00000000000000000000 0.00777844976268880339
0.00000000000000000000 0.00778261091343736885
0.00000000000000000000 0.00781686305302307233
0.00000000000000000000 0.00782317520594983697
0.00000000000000000000 0.00790965556474532150
0.00000000000000000000 0.00791967050896781946
0.00000000000000000000 0.00794435015659252647
0.00000000000000000000 0.00795526765775915641
0.00000000000000000000 0.00797249941677164765
0.00000000000000000000 0.00798512371694803415
0.00000000000000000000 0.00800934462941764631
0.00000000000000000000 0.00801199413641279050
0.00000000000000000000 0.00804912442633042360
0.00000000000000000000 0.00806310168727242434
0.00000000000000000000 0.00813509874556924556
0.00000000000000000000 0.00814790061337098900
0.00000000000000000000 0.00815600035921751343
0.00000000000000000000 0.00818530942548487649
0.00000000000000000000 0.00825623339646012686
0.00000000000000000000 0.00828426604518621434
0.00000000000000000000 0.00834237866183803675
0.00000000000000000000 0.00835050213014355315
0.00000000000000000000 0.00841090026123201412
0.00000000000000000000 0.00842613342523903033
0.00000000000000000000 0.00844851674045304750
0.00000000000000000000 0.00846434968896447176
0.00000000000000000000 0.00848500736782224416
0.00000000000000000000 0.00850443636252319266
0.00000000000000000000 0.00853396084044997887
0.00000000000000000000 0.00853840404424946464
0.00000000000000000000 0.00856771845369141624
0.00000000000000000000 0.00856773210324040212
0.00000000000000000000 0.00857359772197810975
0.00000000000000000000 0.00858224950930775755
0.00000000000000000000 0.00860502157796579764
0.00000000000000000000 0.00861464996902156811
0.00000000000000000000 0.00863754329456453522
0.00000000000000000000 0.00871289473429815754
0.00000000000000000000 0.00874929906376601015
0.00000000000000000000 0.00877253175412197501
0.00000000000000000000 0.00880428606204253228
0.00000000000000000000 0.00881093550444668645
0.00000000000000000000 0.00885708811166622048
0.00000000000000000000 0.00889658568263271970
0.00000000000000000000 0.00890277895158634626
0.00000000000000000000 0.00890944450398086993
0.00000000000000000000 0.00894279250468079864
0.00000000000000000000 0.00896862230378149029
0.00000000000000000000 0.00898088919093059310
0.00000000000000000000 0.00908974096200033943
0.00000000000000000000 0.00915159503398509273
0.00000000000000000000 0.00923221838606268046
0.00000000000000000000 0.00934205603012107713
0.00000000000000000000 0.00935728253468242482
0.00000000000000000000 0.00937052229967134595
0.00000000000000000000 0.00937627281432432819
0.00000000000000000000 0.00940564604230669649
0.00000000000000000000 0.00941267876884106444
0.00000000000000000000 0.00944246389407954814
0.00000000000000000000 0.00945589990005337236
0.00000000000000000000 0.00946862819820625326
0.00000000000000000000 0.00948180585949773627
0.00000000000000000000 0.00949148439742065683
0.00000000000000000000 0.00949437154982057940
0.00000000000000000000 0.00949588566994503253
0.00000000000000000000 0.00953509105534231828
0.00000000000000000000 0.00954232965346670826
0.00000000000000000000 0.00954237341453405274
0.00000000000000000000 0.00954339275314114444
0.00000000000000000000 0.00954611261467874783
0.00000000000000000000 0.00956207182783752954
0.00000000000000000000 0.00956423585174410139
0.00000000000000000000 0.00960571037549401256
0.00000000000000000000 0.00962963223407238382
0.00000000000000000000 0.00963370239123534193
0.00000000000000000000 0.00965309783197441755
0.00000000000000000000 0.00971983217816653304
0.00000000000000000000 0.00975255270476959972
0.00000000000000000000 0.00975339700491033301
0.00000000000000000000 0.00978965036818914801
0.00000000000000000000 0.00978973018689607496
0.00000000000000000000 0.00981624434513541332
0.00000000000000000000 0.00982440166353818790
0.00000000000000000000 0.00983838055763762258
0.00000000000000000000 0.00984368842137375334
0.00000000000000000000 0.00984387152491706871
0.00000000000000000000 0.00988106954598887491
0.00000000000000000000 0.00991387128285906201
0.00000000000000000000 0.00992090574282840365
0.00000000000000000000 0.00992582105221784944
0.00000000000000000000 0.00993233401198862810
0.00000000000000000000 0.00993693943734205547
0.00000000000000000000 0.00995505508212088559
0.00000000000000000000 0.00995626749907227437
0.00000000000000000000 0.00998068529404199864
0.00000000000000000000 0.00999796180660798145
0.00000000000000000000 0.01001912180603083992
0.00000000000000000000 0.01006977730062534257
0.00000000000000000000 0.01009441444207920258
0.00000000000000000000 0.01010286160177610755
0.00000000000000000000 0.01010545077700678723
0.00000000000000000000 0.01011098994517958295
0.00000000000000000000 0.01012257853736520281
0.00000000000000000000 0.01018441045305023239
0.00000000000000000000 0.01020064392096100420
0.00000000000000000000 0.01020536765996536872
0.00000000000000000000 0.01024139940102336728
0.00000000000000000000 0.01030662439714362909
0.00000000000000000000 0.01034062835418156009
0.00000000000000000000 0.01034148819024596766
0.00000000000000000000 0.01035124570700121129
0.00000000000000000000 0.01035499723285168358
0.00000000000000000000 0.01036232322731852826
0.00000000000000000000 0.01039189208968117374
0.00000000000000000000 0.01040534523579238549
0.00000000000000000000 0.01048461498343013221
0.00000000000000000000 0.01049316654428204300
0.00000000000000000000 0.01049849962045672734
0.00000000000000000000 0.01052256026094905948
0.00000000000000000000 0.01053081906835372228
0.00000000000000000000 0.01053476949060038956
0.00000000000000000000 0.01059879010091099860
0.00000000000000000000 0.01060700169941681918
0.00000000000000000000 0.01060820555655421667
0.00000000000000000000 0.01065332301415860064
0.00000000000000000000 0.01066327462195506247
0.00000000000000000000 0.01073629125468677364
0.00000000000000000000 0.01073857056816889671
0.00000000000000000000 0.01076335626958647637
0.00000000000000000000 0.01078367933722254590
0.00000000000000000000 0.01082815193008659048
0.00000000000000000000 0.01082901730113758516
0.00000000000000000000 0.01083579260628856310
0.00000000000000000000 0.01085213419789634627
0.00000000000000000000 0.01090189503538683928
0.00000000000000000000 0.01090575644513478576
0.00000000000000000000 0.01092371382790639084
0.00000000000000000000 0.01094467293299479678
0.00000000000000000000 0.01095105750286038890
0.00000000000000000000 0.01096082214429617945
0.00000000000000000000 0.01098854126260362038
0.00000000000000000000 0.01100133704014289414
0.00000000000000000000 0.01104058314809003988
0.00000000000000000000 0.01105091561981401231
0.00000000000000000000 0.01105324738548492565
0.00000000000000000000 0.01109244966560066735
0.00000000000000000000 0.01109701642348302417
0.00000000000000000000 0.01112585007115094934
0.00000000000000000000 0.01114894758222046908
0.00000000000000000000 0.01118772095296299320
0.00000000000000000000 0.01119881266015184534
0.00000000000000000000 0.01120373812161857413
0.00000000000000000000 0.01122644719593389982
0.00000000000000000000 0.01125318905844694198
0.00000000000000000000 0.01125456888137364719
0.00000000000000000000 0.01125694912847976029
0.00000000000000000000 0.01130441199559461575
0.00000000000000000000 0.01131346894044941466
0.00000000000000000000 0.01141834790309923138
0.00000000000000000000 0.01142558523906741196
0.00000000000000000000 0.01145794959397582018
0.00000000000000000000 0.01145982493740998164
0.00000000000000000000 0.01152899834395458567
0.00000000000000000000 0.01153294029297238787
0.00000000000000000000 0.01156000843165952072
0.00000000000000000000 0.01168772886026060200
0.00000000000000000000 0.01169178968003596435
0.00000000000000000000 0.01176910059885026213
0.00000000000000000000 0.01177027741301797312
0.00000000000000000000 0.01177126471866631399
0.00000000000000000000 0.01178106900121276245
0.00000000000000000000 0.01188494684026435849
0.00000000000000000000 0.01189380914948818570
0.00000000000000000000 0.01190274740772189269
0.00000000000000000000 0.01199385359564709638
0.00000000000000000000 0.01205821467498171401
0.00000000000000000000 0.01207009659904009595
0.00000000000000000000 0.01209617514222072199
0.00000000000000000000 0.01216661830886239803
0.00000000000000000000 0.01222606185667273956
0.00000000000000000000 0.01224997468358549058
0.00000000000000000000 0.01231797488783044001
0.00000000000000000000 0.01232111643522611211
0.00000000000000000000 0.01236720671663396089
0.00000000000000000000 0.01238693913352474814
0.00000000000000000000 0.01240308776069058184
0.00000000000000000000 0.01255468310684951933
0.00000000000000000000 0.01256951056655813102
0.00000000000000000000 0.01257228531932833883
0.00000000000000000000 0.01260848342831147675
0.00000000000000000000 0.01260907686490017089
0.00000000000000000000 0.01260989359861375628
0.00000000000000000000 0.01264062708061739274
0.00000000000000000000 0.01265787009699544802
0.00000000000000000000 0.01269606074699785973
0.00000000000000000000 0.01272341538334232670
0.00000000000000000000 0.01276558066310798205
0.00000000000000000000 0.01277076911335954350
0.00000000000000000000 0.01279112923894760827
0.00000000000000000000 0.01281547124796872904
0.00000000000000000000 0.01286526186912035838
0.00000000000000000000 0.01289182836592663202
0.00000000000000000000 0.01292504854620321782
0.00000000000000000000 0.01297275006171665773
0.00000000000000000000 0.01298073550902575923
0.00000000000000000000 0.01311819640570087604
0.00000000000000000000 0.01311940541335543907
0.00000000000000000000 0.01316959966464598120
0.00000000000000000000 0.01320195044195286715
0.00000000000000000000 0.01332298317045675987
0.00000000000000000000 0.01332371456089130254
0.00000000000000000000 0.01332512404251854146
0.00000000000000000000 0.01337071759229724148
0.00000000000000000000 0.01338644726588753345
0.00000000000000000000 0.01339785243284854002
0.00000000000000000000 0.01344465159713156659
0.00000000000000000000 0.01346248141396741427
0.00000000000000000000 0.01348535829743971112
0.00000000000000000000 0.01349526979299443645
0.00000000000000000000 0.01357334661724496523
0.00000000000000000000 0.01362543973469061698
0.00000000000000000000 0.01370537868872853671
0.00000000000000000000 0.01381954203322982924
0.00000000000000000000 0.01387734053696360742
0.00000000000000000000 0.01392714792410329819
0.00000000000000000000 0.01394822334605563471
0.00000000000000000000 0.01395355372982940052
0.00000000000000000000 0.01396241454100569102
0.00000000000000000000 0.01400071480501744424
0.00000000000000000000 0.01402082713532537203
0.00000000000000000000 0.01407131075259057326
0.00000000000000000000 0.01409906419341479950
0.00000000000000000000 0.01411472208420784871
0.00000000000000000000 0.01412987338287269475
0.00000000000000000000 0.01413670868533971857
0.00000000000000000000 0.01419057360093163751
0.00000000000000000000 0.01421095221741461474
0.00000000000000000000 0.01421491581001078745
0.00000000000000000000 0.01424897249924055899
0.00000000000000000000 0.01426714822224807618
0.00000000000000000000 0.01430821328508344314
0.00000000000000000000 0.01431681455817468245
0.00000000000000000000 0.01436797923656675698
0.00000000000000000000 0.01438747483257108405
0.00000000000000000000 0.01440126858277545989
0.00000000000000000000 0.01443812483733102579
0.00000000000000000000 0.01447150961923624433
0.00000000000000000000 0.01456841074973476077
0.00000000000000000000 0.01457655963738361572
0.00000000000000000000 0.01458439462165180868
0.00000000000000000000 0.01459205394599409449
0.00000000000000000000 0.01467636412487638951
0.00000000000000000000 0.01468206782295651026
0.00000000000000000000 0.01471553906904620596
0.00000000000000000000 0.01474062608755128539
0.00000000000000000000 0.01474601527712104607
0.00000000000000000000 0.01475550151282061309
0.00000000000000000000 0.01476479226004435291
0.00000000000000000000 0.01476865461739804500
0.00000000000000000000 0.01481484219921048832
0.00000000000000000000 0.01482612386628840047
0.00000000000000000000 0.01486988682080953895
0.00000000000000000000 0.01490743907698028649
0.00000000000000000000 0.01494367070229169446
0.00000000000000000000 0.01496866505340225043
0.00000000000000000000 0.01499875905914921197
0.00000000000000000000 0.01507188350057912796
0.00000000000000000000 0.01512028603934793651
0.00000000000000000000 0.01515738789727738220
0.00000000000000000000 0.01530948989512851029
0.00000000000000000000 0.01532360940323406265
0.00000000000000000000 0.01540950737299777440
0.00000000000000000000 0.01544356350947107687
0.00000000000000000000 0.01551354166138289858
0.00000000000000000000 0.01552374115974264335
0.00000000000000000000 0.01552646088551740654
0.00000000000000000000 0.01553943703745583847
0.00000000000000000000 0.01555505697012044865
0.00000000000000000000 0.01555720552004438359
0.00000000000000000000 0.01564432744280250601
0.00000000000000000000 0.01568417526347533342
0.00000000000000000000 0.01578913684764613606
0.00000000000000000000 0.01582232144606114319
0.00000000000000000000 0.01593890257136582403
0.00000000000000000000 0.01594859830972937889
0.00000000000000000000 0.01603273315730766035
0.00000000000000000000 0.01604548094844085449
0.00000000000000000000 0.01611530095578746213
0.00000000000000000000 0.01615507882651925214
0.00000000000000000000 0.01620856402504225469
0.00000000000000000000 0.01625908045487655523
0.00000000000000000000 0.01626627341177447686
0.00000000000000000000 0.01629027076094538215
0.00000000000000000000 0.01629942899417268637
0.00000000000000000000 0.01632805644934099895
0.00000000000000000000 0.01633205701293034828
0.00000000000000000000 0.01637852035649514648
0.00000000000000000000 0.01644089902317105722
0.00000000000000000000 0.01649003859545669637
0.00000000000000000000 0.01675143142761111731
0.00000000000000000000 0.01676464090960959677
0.00000000000000000000 0.01689247085801338574
0.00000000000000000000 0.01698065077258288300
0.00000000000000000000 0.01698537543192052413
0.00000000000000000000 0.01703811321503281850
0.00000000000000000000 0.01717077550864429258
0.00000000000000000000 0.01720819746912475093
0.00000000000000000000 0.01729413357059625400
0.00000000000000000000 0.01732658378977923117
0.00000000000000000000 0.01732997721524503695
0.00000000000000000000 0.01733844911069523653
0.00000000000000000000 0.01736448392920572278
0.00000000000000000000 0.01739152792645268578
0.00000000000000000000 0.01750271106433848312
0.00000000000000000000 0.01753130142747301098
0.00000000000000000000 0.01761150020105103561
0.00000000000000000000 0.01763685045458855336
0.00000000000000000000 0.01784406741640835042
0.00000000000000000000 0.01802605124953305174
0.00000000000000000000 0.01811283170325084929
0.00000000000000000000 0.01814932193005241653
0.00000000000000000000 0.01816360960011641212
0.00000000000000000000 0.01825498981325411954
0.00000000000000000000 0.01826489116471684271
0.00000000000000000000 0.01829969035125786000
0.00000000000000000000 0.01830715534879429063
0.00000000000000000000 0.01838116948978272755
0.00000000000000000000 0.01849417337172451839
0.00000000000000000000 0.01853968634139870064
0.00000000000000000000 0.01854628067014488929
0.00000000000000000000 0.01858473066409316657
0.00000000000000000000 0.01863380533463606520
0.00000000000000000000 0.01866949462454755779
0.00000000000000000000 0.01873438721885960570
0.00000000000000000000 0.01874358322971152874
0.00000000000000000000 0.01878637280175119925
0.00000000000000000000 0.01885935882497435587
0.00000000000000000000 0.01896690801427774326
0.00000000000000000000 0.01912080872443345722
0.00000000000000000000 0.01913778830087090738
0.00000000000000000000 0.01938212942206336831
0.00000000000000000000 0.01951353061366080388
0.00000000000000000000 0.01953962572273152884
0.00000000000000000000 0.01963716922469175424
0.00000000000000000000 0.01968013057010470010
0.00000000000000000000 0.01974527048314761099
0.00000000000000000000 0.01977299671862598612
0.00000000000000000000 0.01985419192433411639
0.00000000000000000000 0.01989029944904930833
0.00000000000000000000 0.01992542511109318681
0.00000000000000000000 0.01995765632454815988
0.00000000000000000000 0.01997382780039250530
0.00000000000000000000 0.02006846020430613775
0.00000000000000000000 0.02008661660384982936
0.00000000000000000000 0.02009093324853901061
0.00000000000000000000 0.02010181429205623593
0.00000000000000000000 0.02023511657510590478
0.00000000000000000000 0.02024022886255415210
0.00000000000000000000 0.02024620946244889280
0.00000000000000000000 0.02046335317031570608
0.00000000000000000000 0.02050201754654831787
0.00000000000000000000 0.02051789992254698589
0.00000000000000000000 0.02059655838960527952
0.00000000000000000000 0.02061570665510971748
0.00000000000000000000 0.02063157394246213638
0.00000000000000000000 0.02067253026794506343
0.00000000000000000000 0.02096317893734107526
0.00000000000000000000 0.02140866564871644201
0.00000000000000000000 0.02148227988692469684
0.00000000000000000000 0.02156639845920700280
0.00000000000000000000 0.02159298651721851953
0.00000000000000000000 0.02172320154947669779
0.00000000000000000000 0.02193292613225986815
0.00000000000000000000 0.02198672592986034707
0.00000000000000000000 0.02213656873290630045
0.00000000000000000000 0.02218492795456820932
0.00000000000000000000 0.02262430129662632364
0.00000000000000000000 0.02282150750016466445
0.00000000000000000000 0.02299674222459356307
0.00000000000000000000 0.02308420946515068323
0.00000000000000000000 0.02345476623015742626
0.00000000000000000000 0.02397242404781146571
0.00000000000000000000 0.02403996903550525630
0.00000000000000000000 0.02430293041292382050
0.00000000000000000000 0.02431545377097520458
0.00000000000000000000 0.02438788353051195290
0.00000000000000000000 0.02476014485407592239
0.00000000000000000000 0.02519838177604809618
0.00000000000000000000 0.02573255690821171782
0.00000000000000000000 0.02582005346776312243
0.00000000000000000000 0.02681455766637932947
0.00000000000000000000 0.02754683679871503671
0.00000000000000000000 0.02793037831947333197
0.00000000000000000000 0.02794453085938455525
0.00000000000000000000 0.02850842721309260544
0.00000000000000000000 0.02871637887417069143
0.00000000000000000000 0.02920669327631060172
0.00000000000000000000 0.02978361930548742778
0.00000000000000000000 0.03004751200941031125
0.00000000000000000000 0.03064467643528157731
0.00000000000000000000 0.03118828037729641858
0.00000000000000000000 0.03176602904999625138
0.00000000000000000000 0.03543816431605495421
0.00000000000000000000 0.05805752558710485650
0.00000000000000000000 0.06984748858777979630
0.00000000000000000000 0.15633985283821355550
0.00000000000000000000 0.27105643359040215712
0.00000000000000000000 1.73205080756887719318
