0.09882650546404986303 0.10573043713765327423
0.09989502413655529378 0.10821133644766123272
0.10234646890556119148 0.11002317646587642108
0.11197064166198192336 0.11657834825045597371
0.11358522319567614101 0.11727940680834039733
0.09807319073826203937 0.12280209771343142400
0.13157455284822516806 0.13913392676129202052
0.12721709879788459241 0.14217116370977297968
0.14050415166871935146 0.14250073834679688467
0.12366940258300518352 0.14287521214645670931
0.14241288451969758011 0.14390459703463587271
0.14541445608308334325 0.14749780570057732798
0.13617664329476122931 0.14933637362337112697
0.14543115050413396583 0.15018600034919579733
0.14731767811127485790 0.15134170823900205960
0.14228479988945161305 0.15321550439382566888
0.13805377238560878617 0.15333634405277984936
0.16047950358051482622 0.16098471360862262602
0.15488318532466135991 0.16177328729648546290
0.14601888665924575572 0.16292339205102512878
0.16069768775823525808 0.16356440993501764058
0.15077405966672713378 0.16485209845129603079
0.14392932283740114685 0.16661593728435966644
0.15316369061562623566 0.16697712484556012646
0.15585851796099367550 0.16778104384588338194
0.14209862107976997669 0.16995931255170459995
0.12677138487359215779 0.17027408292339460405
0.13683111123789434838 0.17220197376290738434
0.13850237371784149265 0.17468842953767785287
0.16175785113672591642 0.17492286519575067638
0.16157877088572050739 0.17549231498969455889
0.16899244131767629518 0.17576832487140855998
0.17467236847817999013 0.17682355776018632287
0.17317664132069521266 0.17838088814516883662
0.14919469728598316882 0.17860234440483349627
0.16720928160896011971 0.18006229600037809702
0.17288738385421090205 0.18225024274762693932
0.16427661257887526958 0.18228641590034125319
0.17155084298575407065 0.18328522112338435646
0.16230588927415706690 0.18331819094286538885
0.16983499378402983071 0.18393319428687091022
0.16992175598502118339 0.18471672125688096133
0.14890586826447729796 0.18485837249397357729
0.18109544881060107846 0.18568384901323539693
0.16986413093119853701 0.18933415393397087789
0.14780008590945947766 0.18959466313244616176
0.16628207218860091565 0.19025573604915152481
0.16119478796494815520 0.19042770129085218045
0.17540308714119545730 0.19313255278056090658
0.15777126081573147887 0.19455338951807735204
0.17147154670001532595 0.19457926605730202496
0.17668036522996441451 0.19487416736946905349
0.16964085029721470699 0.19653681855395041533
0.16355382110709046350 0.19704458817996131637
0.18240078769989107044 0.19802105111545945104
0.18026503637619029075 0.19869722704889369869
0.19802706330525987610 0.19870768625778745253
0.15709896003000120568 0.19871605079266985161
0.19545877403862688126 0.19988295704320099833
0.13827421618332311204 0.20183427489094032947
0.18354308433844024329 0.20239020345543032309
0.18932979955974665875 0.20278347138940466809
0.20169581771480143972 0.20356283406197833719
0.19033525824454874953 0.20408326703346207909
0.18892054227895332952 0.20431368862946622245
0.16525930493538476540 0.20565743609439113282
0.14622642761805854095 0.20572357612130226512
0.17786121913207583733 0.20576855368245894340
0.13584042890939102000 0.20576946565507511777
0.19906677592362775897 0.20688749386322277668
0.19077287137757725777 0.20733477015068527138
0.19860364147561712644 0.20777901157616049388
0.18413868205227001962 0.20828821710359191055
0.18837456239818570203 0.20908394606559266293
0.20440835177741764617 0.20960063581492574536
0.17414761452703067524 0.20988185240027251721
0.16821999281992000563 0.21012839528287019508
0.18540921679646152342 0.21074540191728632910
0.16557231319100415567 0.21107874294021297668
0.17860789331151508130 0.21116944310344668012
0.17257550249290620759 0.21120211526488996689
0.20853525186112173428 0.21133353596604115276
0.16810712275851588671 0.21207492945852496335
0.15288130020269249942 0.21339361272340418019
0.16240172088240506509 0.21451540386259237980
0.19963322363611529786 0.21466428810068663435
0.17714942043234260804 0.21476733310969736701
0.19795870590882608253 0.21571506115696720274
0.20769920832879135153 0.21820131083560331819
0.20995688641821513842 0.22063998423093497681
0.20704531912845902664 0.22063998423093497681
0.21167299063347255750 0.22163775187580359027
0.19189104289841740769 0.22211416695666827414
0.21404462526659803756 0.22286285429396315849
0.20038825340630797567 0.22312128939741115996
0.18018183757193911854 0.22315653131066467973
0.20493365435672478148 0.22352648962563451129
0.15068131283762850603 0.22428529551479339799
0.18902584312888784379 0.22486805947308302622
0.21749719353254581833 0.22507488081519713696
0.17614632299570356921 0.22712937023559320870
0.14899006815062279530 0.22728324143937894686
0.20249844259992907936 0.22831359977444359854
0.19249711732869026481 0.22842224171604608163
0.22576081549770951606 0.22962683241352266350
0.16584046134960761520 0.23146533075087277753
0.19137614359524282581 0.23317680637810495048
0.20541312448580109629 0.23483086228732441558
0.17322724223112884179 0.23719111798145026127
0.22684860466270961865 0.23719111798145026127
0.18888845282151084382 0.23744947056679191477
0.23782002444585848000 0.23798581447306479952
0.22844345209746291792 0.23857836648844765737
0.23070156804155034225 0.24195552160042460565
0.20837778963246378350 0.24210967372626859828
0.22706587846983664059 0.24338800487169909292
0.23918233735887453606 0.24452645649865356603
0.23722214637284483318 0.24643289467129703141
0.18622890609387057759 0.24721398736676730712
0.24485263516365546321 0.24744692725182673709
0.22927975108111622871 0.24847629318869748904
0.16483227641176198541 0.25076277183405304427
0.23022197772117020120 0.25153258462690147867
0.22838737423482646793 0.25397530892014902326
0.17851223016112530151 0.25543061291444796312
0.23395786475443663965 0.25727935534923368488
0.22642224816470399307 0.25804664664909832128
0.23367364865484477332 0.25810628731409146486
0.21593330667182494831 0.25911012279044981499
0.20244698386137202628 0.25923194121626436104
0.24541577006428624830 0.26030750446707917600
0.25040238098449069115 0.26034561536724659669
0.23560587872539193177 0.26050611195342376902
0.21705211260271639606 0.26076043817627481136
0.21102821931378026865 0.26149806799167213400
0.22628114482121758355 0.26156815570452829345
0.21010531552012381984 0.26156815570452829345
0.21030667837953498367 0.26186674401732251694
0.20783517627728551047 0.26199700049277407921
0.19754530714639437217 0.26261300199428450064
0.26237351608832087946 0.26313673317279306918
0.23236664251973748740 0.26352959438169382134
0.23190792150093123003 0.26434316573247690352
0.26028269469641718281 0.26449126620876944882
0.20268962491514130875 0.26528312242633123041
0.16484979605673188985 0.26639880585581299233
0.19220457142059241273 0.26858292179032056124
0.20638733597294872668 0.26899781776239728437
0.24412522135786554611 0.26985405238023413288
0.24825593413740562609 0.27058514193013333271
0.26620701167814025956 0.27145431405079945009
0.22130819264645890110 0.27244087997947796786
0.20465363667260677571 0.27287644099869301506
0.21071499553014794159 0.27642492083712949524
0.24963419493800995119 0.27806204807360412889
0.22414152888117352957 0.27894471038074125646
0.20846794310390176497 0.27952733382384203908
0.24522915945297033002 0.28099393723385385213
0.23522633535850345776 0.28229206936577500020
0.25859046838450644445 0.28256167141490212691
0.20931601531677326844 0.28307266996120744595
0.20718078428909889044 0.28320844591871907614
0.27881488982020491418 0.28348679603417065165
0.26081558414075611818 0.28510786237270346888
0.20390647582535792459 0.28618742860106810566
0.21946962020439661489 0.28644949121851848162
0.22471232249082992438 0.28973750482445792542
0.28816985223018504181 0.28982429721620706076
0.18948849217871005512 0.29045118661671304183
0.26607678834936282497 0.29075763807151649987
0.24384583899724551759 0.29100185538114758943
0.28040171685491038778 0.29244839558406982016
0.22786493129782625644 0.29271447296217029121
0.27974926977629022140 0.29580571188782078806
0.23032834439986094033 0.29936410515786571196
0.23910138938581360080 0.29947805036187125083
0.25642028110823883447 0.30049062935529119445
0.19363380117673165137 0.30143917787202745284
0.27483321639569691097 0.30183635174778644661
0.16561458012882360191 0.30447337071013064191
0.18578289677342998965 0.30541991115206512664
0.15799067014539683318 0.30689372423009297908
0.15167484525320040767 0.31104703249893683736
0.25363190293900728101 0.31113803643610299376
0.28357362743360026158 0.31396160358248115241
0.24953630458523687330 0.31615602852672891609
0.21084648876156805719 0.31889292914738925910
0.26909799711684634360 0.31901024550113360467
0.20171021308089376323 0.31910513303914567196
0.30757814698042412749 0.31924219896523103879
0.20385770706129169305 0.32318749926719247956
0.26517117365137343743 0.32432373271229064660
0.24985062743488817283 0.32480912828025976236
0.21069999207797376894 0.32568770782886574677
0.32184779725455359145 0.32658016335865591717
0.19723247628156409528 0.32674590764955735445
0.32225129441681876763 0.33163905942039967334
0.33246105843238460409 0.33378750691540293172
0.31868969541324254635 0.33643524217693521194
0.33358101682057195170 0.35350947016684125535
0.35341623758300660940 0.37018985297231471465
0.33934851005315863626 0.39076068350709186605
0.25898510871128943567 0.39574440005306538160
