0.01031460358469211969 0.01035932771465357394
0.01011404280272593798 0.01042856626833395250
0.01030238919965747145 0.01072665369817471515
0.01053420844210009588 0.01079246354739706731
0.01027808950864809480 0.01101253488922977579
0.01101464158465723965 0.01118890757204375405
0.01014464010577745268 0.01122543690562827559
0.01017066995805220204 0.01136828633971598279
0.01163421522089575118 0.01168904213414801233
0.01127267101229050862 0.01177235644786265613
0.01050104492128620809 0.01183570298724260193
0.00919347043497669228 0.01257463976467085819
0.01213362670000860642 0.01260951089089341372
0.01177120802178156095 0.01269835667880700632
0.01209200042747748428 0.01285845215065903498
0.01077276730638887167 0.01314835235829449681
0.01208448704178292574 0.01316306043754071446
0.01207537228737251382 0.01322247263242481638
0.01106745083135182890 0.01330502951044640336
0.01304654274212365024 0.01334162783567566235
0.01316429844878488215 0.01348816496168733260
0.01238295694468982688 0.01375756810195936063
0.01289418540347700426 0.01384445577859680539
0.01098179201515666129 0.01398071651650393925
0.01270071850739801743 0.01398880785133329620
0.01409996512537324033 0.01416112031165386517
0.01144060270962901985 0.01426323786030491737
0.01412357407419410557 0.01437001029841433568
0.01180268854021814320 0.01444318109584880917
0.01335489419877225817 0.01453406717290061170
0.01363160799687943014 0.01465440138750172087
0.01230085270524366829 0.01467978476964928135
0.01437446065528843325 0.01482354118098702309
0.01426215122584837368 0.01496381983769251231
0.01384903337878929698 0.01496773312076882939
0.01464487809587946415 0.01497119794143314357
0.01482885702293062005 0.01512881662403230826
0.01505651606975492302 0.01516248796283923596
0.01324867077362582718 0.01516248796283923596
0.01444705716037537370 0.01546370252509183738
0.01450007974139896037 0.01550551144172166058
0.01172414110067750669 0.01552270721839972036
0.01456028757075433257 0.01569683210675626092
0.01089140286851495582 0.01585038671888027925
0.01439288596726195912 0.01587895939035573883
0.01591264705698035298 0.01594742652484456430
0.01379546856730091281 0.01597843143706098590
0.01542565463721080193 0.01599218800437630580
0.01603594590207153489 0.01618376555344895260
0.01481895328682563372 0.01625102741271719151
0.01562369029903747965 0.01627906359764426727
0.01580006814549548069 0.01636313839201598494
0.01496939037787809942 0.01638958216486489233
0.01206595267000833138 0.01646033047587351986
0.01440375145129686382 0.01646401076643269970
0.01636634477918184546 0.01646570552942261054
0.01578630909821352596 0.01667051786396538463
0.01345318241911162317 0.01669873928580965436
0.01641516900419437777 0.01688891098459801079
0.01544690984547352451 0.01700778108951784065
0.01676306729367470910 0.01702687293471895694
0.01085564023561723726 0.01705042742796255076
0.01637354507643927135 0.01706617248526060698
0.01586213433184872901 0.01708460682601310038
0.01503398378501565567 0.01717457521763132711
0.01364016069643637051 0.01728356975206787882
0.01340438980875317820 0.01741240301728524953
0.01333814823555483191 0.01757374690084541335
0.01531921417289987437 0.01758462799919080152
0.01412488766704907139 0.01767676429328794013
0.01593340711041240851 0.01774151532710624424
0.01481536127011789418 0.01777207443501135561
0.01474068582683128910 0.01781628378239118876
0.01566652653676563201 0.01801760570536902958
0.01722095495577507726 0.01801840710229689682
0.01511751716822684437 0.01801992133103206759
0.01785751010204853287 0.01824156309048629090
0.01240835339341778663 0.01826308324051544377
0.01464631112741616829 0.01828067093203913918
0.01766494420285644185 0.01834514487957969106
0.01558813490442975853 0.01835189367422324427
0.01596992810336361410 0.01839674106754339566
0.01822563712748847056 0.01840742422342033988
0.01491520035661336903 0.01856659727344264071
0.01601372893350241217 0.01879947204586602388
0.01856709601415762814 0.01894002943032479375
0.01564684066004682142 0.01897239447942626264
0.01749168794599702606 0.01902769327307619537
0.01527605074579574743 0.01943306902890526780
0.01874203487190350889 0.01951053311228720735
0.01825542289483680913 0.01987455097106785584
0.01617290047219545682 0.01988197302066693761
0.01974427068720195286 0.01997963165072525263
0.01911551685850997745 0.01999618829629133676
0.01885161536032562909 0.02002026579437198375
0.01442750341366349359 0.02005648022896400207
0.01926127233890446641 0.02015976410068764241
0.02005391883080332588 0.02017062619936574666
0.01775297243138638029 0.02018693682123765334
0.01764315195882276005 0.02019671247526750452
0.01823861043795070233 0.02031883940182724335
0.01993122094356008372 0.02032578027986911562
0.01698823923182573095 0.02044970662121458824
0.01370761017425491460 0.02052737753696495804
0.01977133294655506607 0.02065778837480733432
0.01976227014489983710 0.02068833453693247684
0.01679203861282793989 0.02090312190305685866
0.02062041306701610163 0.02131818993232222417
0.02131290882081895988 0.02148004943075450951
0.01603717075273418044 0.02150320859357515019
0.01785931320170230582 0.02175952409258305811
0.01693455082864104080 0.02179375978345675716
0.01756391823004267369 0.02180009326200736328
0.01681563923009793404 0.02191020952229922811
0.02160436850145565704 0.02200648132969050194
0.01897601103471547104 0.02206065948065928303
0.01668335115646222763 0.02234783940338317190
0.02015281153163612712 0.02238707689085655400
0.02093195603738626578 0.02285942531169610561
0.02266156131137578300 0.02311669893551900404
0.01778602600297508884 0.02341306205251045269
0.01989206494395299660 0.02357111506484343283
0.02247711310182648470 0.02370657900262185258
0.01829774988666540980 0.02387267676069792025
0.02250444512496762445 0.02389394068368150270
0.02283744536599812205 0.02395747450995514699
0.01717564390783674413 0.02421302619607900580
0.02179461752369188030 0.02449624368057284896
0.02420310881068315351 0.02452351783240808158
0.01932599655157857949 0.02477542411426709307
0.02011095852422666377 0.02503800628321333974
0.01954548090798947577 0.02516071243443071190
0.02336364520489995697 0.02518584961720115797
0.02215004621868627704 0.02548157485872840425
0.01869892506749186792 0.02557755814368857170
0.02362328464957682075 0.02562296891543113311
0.02159180003665903819 0.02568241065450692015
0.02278344008162932338 0.02619869845628181732
0.02468520244836390140 0.02628618363249636894
0.02221935044427882783 0.02673245818710668492
0.02343091189935341684 0.02680715805367289359
0.02559899358814030773 0.02702715942955478609
0.02101665928684385426 0.02753969870938928824
0.02647513972107889968 0.02821019174756382239
0.02598412352110861939 0.02824764810780804394
0.02634161963291802022 0.02836679180339644543
0.02778474771973440949 0.02863467282110973913
0.02487711204560231690 0.02871848141433355067
0.02799751352597752013 0.02904132940497727161
0.02917336278020386461 0.02936249140891110734
0.02278807773000772474 0.02945060165904165445
0.02496489855486282855 0.02949258804764610248
0.02806257123141932611 0.02975311559225015182
0.02458195845589053810 0.03024719900729005637
0.03085476682343378865 0.03146620612840581727
0.02764166564467346321 0.03211259406675999462
0.03199795251218036374 0.03223249309408083435
0.02845215576560119336 0.03247845675553160533
0.02736953202434770291 0.03258272646121664756
0.03194611718986488380 0.03621579612756176125
0.02677753663001830944 0.03679086922058377729
0.03656763404997485922 0.03774623085331339778
0.03750798255470469411 0.03946685227007310642
0.03934632037311449476 0.03985689438901483111
0.03574667398615675312 0.04288655374900456063
0.04252417528111465672 0.04300229590679792435
0.03325332299947846015 0.04360991628409196380
0.04471486068506386191 0.04737102879288791063
0.03231259262225948808 0.05165071003232626912
0.05825671659269517771 0.05842618077033362445
0.05444236711169546383 0.07180214195565075286
0.07847170060038838324 0.07858757393483968567
