0.00799451945415553984 0.00907370532517074238
0.00845912859921260987 0.01079481750301544522
0.01006536035417539970 0.01105532009142192081
0.01031056525573889257 0.01108247590024660258
0.01048800121359743515 0.01124194251889018559
0.01132750126005688598 0.01140819858764399730
0.01126344111743692381 0.01156336066918641804
0.01064719633472634847 0.01172584897499040490
0.01141372192036125069 0.01179104062366765661
0.01138846047115741125 0.01218490445732106804
0.01145833579514272255 0.01245295344319281676
0.01106750338486281807 0.01267530402599808398
0.01316049964399644556 0.01331089926356021115
0.01295231923017837149 0.01334377688964955358
0.01242028657916177843 0.01335818683087650754
0.01156553490349353751 0.01336534333927362657
0.01126497168257159856 0.01348735203590045728
0.01104697218552771511 0.01348744946348219738
0.01348257716962411763 0.01359741655786753448
0.01270028502899252752 0.01396683114556914601
0.01347244888285416969 0.01404742593793312580
0.01262383168195582717 0.01405190058039643489
0.01274947169637486236 0.01408077246527957536
0.01384260800992432282 0.01411256708472241085
0.01398707059573404965 0.01412438774409860778
0.01102251750258992878 0.01412438774409860778
0.01220532179594674242 0.01429276043504994383
0.01304761328969935782 0.01439100583317654870
0.01286449998335991753 0.01449510623578825590
0.01111556620129654747 0.01458783098584062396
0.01294828182332675298 0.01463118711131303033
0.01290960583992194384 0.01480616334231616565
0.01146126991138209268 0.01497259382034118146
0.01212338382550610071 0.01497992124845176805
0.01465967906729048753 0.01501115505042907236
0.01075586676896102614 0.01507910684076459867
0.01467978988442129526 0.01508047202148239847
0.01005756981972105897 0.01528387032968020129
0.01456199988179474915 0.01537670193469156503
0.01109139870847300133 0.01546888038064380723
0.01490889112203671978 0.01552568335253358585
0.01381396207691946119 0.01571729833082656860
0.01352678260119272689 0.01573233604076570979
0.01431689710901275919 0.01600485395229903421
0.01381788066995214524 0.01621937170918545668
0.01503869243623660173 0.01638299425412904561
0.01503775387847424913 0.01655537554165079778
0.01602592528871930530 0.01656216840762785025
0.01406782329857464084 0.01661997643988617768
0.01363025392834816413 0.01666430310884680147
0.01501741332088366195 0.01677341651622410099
0.01385778882338620926 0.01709715535431016731
0.01495434630223594318 0.01712321097473723866
0.01557690708559469374 0.01719204913580940283
0.01426876248839203075 0.01720678411157252133
0.01602255011047804684 0.01720678411157252133
0.01309055715174691978 0.01750345017774602302
0.01727114235856321012 0.01753036054279508843
0.01639741543976325211 0.01754707912397126396
0.01359260723194516407 0.01755576902249896681
0.01573102368123963438 0.01759285630048124452
0.01385014645452913203 0.01759348507197144862
0.01600895760252411815 0.01762090157134045196
0.01667395919632513185 0.01771786873507677842
0.01460868269338216029 0.01775572764548865451
0.01643105548894127632 0.01781063606748692699
0.01551236226207822373 0.01784481103151086545
0.01503764038111827725 0.01784481103151086545
0.01731564070733944763 0.01796063813107915200
0.01668735179518778672 0.01805703601124642940
0.01527005513629069167 0.01813339628505768880
0.01771199620259982996 0.01827188027431682696
0.01048307992426494341 0.01832590427525406657
0.01643594189096400301 0.01835729453331793812
0.01820083063695863632 0.01851340978770876777
0.01523243173406553692 0.01854003323924827140
0.01764074124245068251 0.01858069159920603883
0.01851127473566436046 0.01860815023760491183
0.01600196819224887143 0.01899691444882221913
0.01194079269538724473 0.01900615457407639833
0.01896887428425973049 0.01901197902447202687
0.01636647632660729115 0.01907187705501920891
0.01849126686765915906 0.01915557818150745786
0.01877423785060600842 0.01916603217215943206
0.01840538050505504883 0.01927300779673464526
0.01454284224363451040 0.01928439776380618670
0.01417442417831155793 0.01983337305471323878
0.01540396723396805431 0.01995857429577444983
0.01387870796713336699 0.02008449551989045095
0.01329657932654699885 0.02013006309657519241
0.01983366693126448893 0.02015567088666890549
0.01988874290733406991 0.02019088175006577071
0.01936749404519605422 0.02038665476976602234
0.01945134169842696603 0.02042206089148353165
0.01811003339668090795 0.02042370315130272521
0.01558339127641255803 0.02054564240874478045
0.01991628007351699953 0.02059536830569516641
0.01816753033782127214 0.02064894185979540900
0.01290477459459272135 0.02076079530987336857
0.01991050382073292560 0.02077600420282890367
0.01790772569376851767 0.02082751433979147457
0.01536314927951567925 0.02096546830351422516
0.01709904948329094357 0.02100590236180782319
0.01511466547734101676 0.02140488403913969745
0.01887444231935046096 0.02143378041708599024
0.01994352391602366090 0.02147742073554005995
0.02018996133921272668 0.02160839827823625436
0.01718680506350588749 0.02166021156644004630
0.02137323510665115403 0.02177531698255120648
0.02145412547051854177 0.02182859176357821937
0.02159946621700514421 0.02188406524986266644
0.01829834009401899719 0.02206739723326296698
0.02133468857749029959 0.02216676150167078835
0.01908001144866370430 0.02217410184530033482
0.02194880324164132784 0.02257513000649255877
0.01661233880299548341 0.02273916771754796659
0.02247492838119844252 0.02287159734849950055
0.02242508705169140790 0.02289646573508453964
0.01497175770724632447 0.02290327064062940357
0.02164262116925736584 0.02299597122735662011
0.01924969260059353204 0.02302044304638738853
0.02025618665556627729 0.02309737912901601090
0.02276466220548680267 0.02317190909323550707
0.02017860527753525049 0.02325608427024408037
0.02055590490942266549 0.02327005884207808406
0.02276337112113345842 0.02336690789256629097
0.01864009083787926055 0.02349886155427368881
0.02310743095166343380 0.02361682391407271542
0.02050394827791747476 0.02385220661213040272
0.01805421877698438343 0.02391801867951292432
0.02396682482735241343 0.02435027070136588229
0.02290016042403862639 0.02437808925112316949
0.01857304850767334259 0.02442706018785336525
0.02320546612655312313 0.02459002888006504156
0.02336190858340254223 0.02464276192262422616
0.02055518302984329221 0.02464778764565410743
0.02228175402330438704 0.02468590008189995577
0.02346901846930136634 0.02476881864363066760
0.02248193740346135158 0.02485291163546227491
0.02162503381382632414 0.02486401853283547528
0.02488401882203413254 0.02488801637954675058
0.02377744044232054169 0.02495259935237158569
0.02196447830599247003 0.02506015016443339724
0.01823657809404838695 0.02506214901498451594
0.02413925586205716012 0.02527175469720016610
0.02049766267006640844 0.02541054901982795974
0.02368326003121141304 0.02541807627529093713
0.02248307931387319783 0.02548610487730863794
0.01887503666736482788 0.02549176186229894919
0.02301755790870567767 0.02549499332508570540
0.02359103596721015897 0.02558840755039647197
0.02317050484206088778 0.02561451752627126946
0.02373394055820238213 0.02587717554650691837
0.02226506019907182124 0.02587800749775192102
0.02335134794035941333 0.02640533790879525874
0.02353849651404558291 0.02683546833770762349
0.02463224959165806818 0.02693303627382778037
0.02126039001129351874 0.02729531008971512046
0.02109337748427896411 0.02749805592256803627
0.02070181079414212116 0.02773483796308249399
0.02057052245652229300 0.02799522764269153988
0.02777532747073847494 0.02804281424222340377
0.02193502868413607296 0.02812702400606280004
0.02664542587213677982 0.02818821579167617164
0.02115299606747570935 0.02903478980537100781
0.02911903257403903808 0.02913205191144200776
0.02766600944578736718 0.02974748728291948946
0.02764396265013966195 0.03111640800395597262
0.02137326916653698936 0.03125942317944669507
0.02634523087151362936 0.03143001282482420222
0.02459341353071518854 0.03187371108136894532
0.02943955456528850670 0.03202235814960849303
0.03074590414549752820 0.03339035934032985597
0.03329249153771964009 0.03370131197832705594
0.02789065682097541243 0.03381922074896506064
0.03033545962601702506 0.03528668500529820451
0.02863176426724773835 0.03685780853350544006
0.03485689556259878585 0.03718939837226945683
0.04029344459398444267 0.04043591575184266040
0.04212323381905590247 0.04245407076428330678
0.03601980979441590097 0.04434433301835939006
0.05121472935436888196 0.05160124443827302648
0.05036113409880140640 0.05884657912240487398
0.08393537533719783172 0.09094904436921735780
0.09075103501563983044 0.09209626501161936873
