0.06003291506474840028 0.06341791833807229606
0.07033141774213762243 0.07054904275533803448
0.07454413080997719654 0.07574849842451045201
0.08671474869686665587 0.08863927294070730878
0.10021486531922149665 0.10036257308386616061
0.10100053686212016879 0.10160250508171070338
0.09724738905988253301 0.10283416044493816355
0.10190018019617599898 0.10762625273507608892
0.08832554787075531932 0.10838083178659267680
0.09619399248721796636 0.10900233405287221289
0.10161797641700910655 0.10949797402855412920
0.10836807055579358861 0.11320590788064792409
0.11186571458620880870 0.11363824713182846260
0.10779605213570887801 0.11598115154669375038
0.11120388906859532407 0.11682814411742455107
0.11375645835789126303 0.12332292833155038270
0.11353647118021607809 0.12350842606509832011
0.09838484008351676413 0.12431388109988696089
0.12617946484459960366 0.12777128745344684679
0.11911397449160812667 0.12858625758564268260
0.12404409863422442839 0.12945995120437439607
0.12386782586471829781 0.13074871120855138806
0.12578363369769426927 0.13096938327716092787
0.11090113884411458012 0.13191064582021189144
0.12240068624053775104 0.13228436014607222737
0.12773890093052669981 0.13525003788828940388
0.12487369153637246921 0.13536355988955575680
0.12557070091794722555 0.13657716609299394572
0.13387293055334376080 0.13753618882859927619
0.12935213690273916765 0.13814011878604337547
0.13710389424743235631 0.13848861254569144741
0.13732955400428828452 0.14013116032666844690
0.13868088375138740154 0.14092672682303786225
0.12553349379019068666 0.14138664012638108014
0.13018571542466919611 0.14281300139723049347
0.14035507448193532132 0.14302898409390729650
0.14280147574627513607 0.14404301024414861709
0.13925134777952821730 0.14410515621161607003
0.12906091822386903112 0.14860854765055608873
0.13402701878605915997 0.14872883152999186174
0.12504688305384570324 0.15080788716765808344
0.13343254845623817029 0.15260339350967222494
0.15116164831978745609 0.15289683040132012737
0.15126626462274403440 0.15319878729922117855
0.12166693642921548590 0.15382380809438855884
0.15403430850440455457 0.15482392192426583377
0.14643400418691437936 0.15632455227566918743
0.14490160638313112629 0.15668203756290352557
0.13354921522704693571 0.15675515542742932129
0.14945019402523118668 0.15988360159644682268
0.13491422275470729697 0.16038210962274201954
0.14544162964936488414 0.16083945285056353014
0.15200563728925584051 0.16119996240917028318
0.12482164775410864443 0.16481043273231985036
0.14421988322919640502 0.16521215260106325573
0.13969424782122652484 0.16537179038976340673
0.15548527622537894333 0.16956001736809817038
0.15078778705131304361 0.16998820931607047657
0.14799131450817104572 0.16999281338326097113
0.16217510883270533362 0.17029863384582274999
0.16270689890540077083 0.17108128419949883425
0.15923363143064570013 0.17522708157921570993
0.16186089945204343299 0.17575331075430336569
0.13183839184172618797 0.17842793419277008793
0.13117515178575800405 0.18017027601858262575
0.14166949353818908408 0.18057156169842691895
0.16723568449250741930 0.18420591262787039399
0.13175896920149129943 0.18423689357553055257
0.15383130700669581103 0.18472682099300971603
0.18594152447373221704 0.18594459681880440294
0.16124103339706413740 0.18629720668198324063
0.15494407603043267030 0.18983968980012580485
0.17240818408430888531 0.18997037918293180336
0.17429181872568749734 0.19019322622221429553
0.18355059917618415932 0.19178519012540232169
0.16203121397801448222 0.19344434469828561407
0.18973785214379798592 0.19439996974213794023
0.13567221566993378778 0.19449544942170582384
0.19148990320599168502 0.19476644563810163735
0.17325844499955259104 0.19507186908510512624
0.17287952358212585469 0.19534876015964314222
0.19470770005784127088 0.19611547409524426877
0.14645607763660964395 0.19678477196015245476
0.17025441776818175943 0.19679840124784392374
0.19604664117894016195 0.19719890103977488760
0.16123015231990994733 0.19821973505263187909
0.16337542797520024362 0.19867225059987325686
0.15481518252363107857 0.20229307660448755946
0.20082651017784364234 0.20230148901539377060
0.18128464686480000312 0.20233057167837384394
0.18703112320784553990 0.20330854390125685516
0.18802753704828428782 0.20412128030325993322
0.18052141983822217464 0.20447549008908233459
0.12242664642350771509 0.20673830909398083211
0.20420739317285763192 0.20747691066123546966
0.20893634153859005909 0.20914277148647889004
0.19947491125082827956 0.20934933322068086103
0.15329779982354813095 0.20986304379974476952
0.20569624571550315650 0.21226157342588253263
0.21116971194454300931 0.21247179775112320921
0.20229516080386550358 0.21274091079267851145
0.14212147984957163027 0.21987828345412846476
0.17678245742829648557 0.22195580010752155586
0.21164997191780751673 0.22315063941179730245
0.21336089920636550077 0.22397111809579689501
0.20387010801147506522 0.22576286415015434095
0.18461813184038361468 0.22605000588382218041
0.19558102716169553648 0.22701623954475397271
0.20502570559554103569 0.23036064096360314712
0.22926783438643411062 0.23044181761320223223
0.19193811833770929587 0.23074155039398441813
0.22816255875526958441 0.23250308162522703714
0.22286072093302969344 0.23345984794754723324
0.16422402207591516032 0.23345984794754723324
0.23398383785760901166 0.23478245414833073812
0.19796342016606699454 0.23495586534684739788
0.19875238657224883476 0.23524902005188000342
0.19714129299097266079 0.23559749551617986674
0.16496332730791879451 0.23779801061071498269
0.22419599224818570482 0.23825998496121189585
0.21237017978477895630 0.24034250161954254232
0.20512527650628498144 0.24271820327117599181
0.22820954896431394632 0.24322689517635873169
0.21308037698529969095 0.24402908790122479488
0.22494949423480506412 0.24478516671238884084
0.21182925343787656347 0.24538842317642983737
0.17599052063874484619 0.24657958906943347466
0.20807786342016310055 0.24842961591707504732
0.15646983276124262763 0.25173882257905938475
0.20031624021177674155 0.25272159967907759093
0.20266764136273712760 0.25285324432525541072
0.25321395375377858672 0.25350937695040365316
0.22611326811739390630 0.25452153188572940179
0.21824862786865165121 0.25472588792426514859
0.25369390033392719142 0.25782268347047482271
0.19057067378416833736 0.25912836831010760408
0.20259202251865426891 0.25916058664281599322
0.17717342014978712528 0.25924348402127933566
0.18529244005591544164 0.25944270684082038070
0.23783559490434080796 0.26021092306146814677
0.22193589357814116902 0.26058812411749388005
0.21713882319179916847 0.26059000536817156224
0.23941563945286845061 0.26244232883298140857
0.25392160800627766593 0.26806755178079971769
0.26812320797343347500 0.26836008414912942976
0.15576342046363647609 0.27008025893556381059
0.18937511888225569412 0.27330264942223003732
0.21968226454841224826 0.27374980902685897011
0.19184228957805743443 0.27392274429878954445
0.18125889309873152722 0.27527008106168715518
0.15115893756054235575 0.27978119976615367648
0.27149830776740480065 0.28083008552674576519
0.20473570353936318411 0.28135283208239830754
0.25895817225096895431 0.28135312556950992091
0.15651814798079907720 0.28195621606167714512
0.15033902097623219607 0.28450167603266390826
0.24290978774749913405 0.28824647257551971880
0.19527484850569401531 0.28973871150376090400
0.26395037614055694153 0.28974045958327893091
0.23547724473132217171 0.29035412714602548689
0.25290317067995266020 0.29093234674686790919
0.19817143273494083888 0.29398772640899223374
0.28631028319373658109 0.29485785652720258865
0.23412472151385727015 0.30455148265892340032
0.30576724145222883289 0.30717677801056469944
0.14896403209381814392 0.30720856507665755819
0.26656629325469566316 0.30968666145956696978
0.23939628942620086449 0.31021632809843985301
0.22151581594859515167 0.31046455870730044202
0.29158437039854356865 0.31581711803084716594
0.26376889022033422894 0.31732648962066362097
0.28758479455462881980 0.32041015400385508549
0.29151014619060261479 0.32334646883372192283
0.14628668038203923585 0.32797425503520077905
0.30820343146395767775 0.33135551219160613856
0.29628263564874884883 0.33278867634053876934
0.29899020916406743309 0.33396845469078101365
0.27504364725590996210 0.33778103147940652384
0.22129924729831657038 0.35047773797815606756
0.21347996244260075693 0.35880538191917282775
0.29394435599838736328 0.35948508821448110773
0.18467791569631350490 0.35970039513759466399
0.26670164245055105745 0.36622970013767291997
0.21334974086534758131 0.36858135765616117929
0.27620400999453786905 0.37257127047186588964
0.16059439467923489198 0.37317898867240378857
0.19975564136332421561 0.37982382976212059056
