0.00872773094909009770 0.00947553707486095687
0.00913052541421639947 0.00948654267202270370
0.01012914714881538690 0.01014977186009689836
0.01010292665625444307 0.01085402317144111735
0.01071141891637432918 0.01104649871118199185
0.01004238761106108699 0.01117981459136040828
0.01084187161202387374 0.01119749346181050063
0.01146473828407038389 0.01148844996536559429
0.01079528241142849176 0.01152001165999794879
0.01117736602521056041 0.01158192915946911448
0.01115883069998815751 0.01163687025198104769
0.00990324779811603204 0.01166024413435887142
0.01144944591248627658 0.01196732203347726682
0.00950657122736456826 0.01214914151577445658
0.01016734210128595987 0.01228910429397131118
0.01223935841845381726 0.01249877760652730666
0.01252554616170244509 0.01280217094639406195
0.01070517732838233149 0.01283424800272522578
0.01280825719318351257 0.01294120023353191769
0.01192264075114138344 0.01294195171124566147
0.01122089245086747150 0.01334386381986467709
0.00990091057062810961 0.01341693999905063488
0.01286275678892531693 0.01351972192409288918
0.01336523232385112767 0.01372476835664192783
0.01348750033895037073 0.01390870410429411591
0.01285839243227130703 0.01448294632700063145
0.01060290913769219336 0.01460217717029671340
0.01488740185875980435 0.01491180710608229487
0.01294226774823751223 0.01492054529328921443
0.01255929666011970647 0.01492460116974831698
0.01342349956795912264 0.01528766549613766457
0.01494183826225115898 0.01532378463430574163
0.01281125560100049819 0.01547168843251666738
0.01545499527094645713 0.01563633904827020638
0.01379449255756105136 0.01573548156917690607
0.01311143046407459330 0.01578478807841483811
0.01091317831004607816 0.01585233767560166249
0.01578029933431043808 0.01589308257049175041
0.01331842562274670842 0.01594373399005332564
0.01496290040264426115 0.01597893444477241701
0.01452358342413427074 0.01604629665778355141
0.01554816662775609405 0.01612006544096822661
0.01174314083429721378 0.01622397664567801212
0.01494715996170300001 0.01638529198216978969
0.01600828780160599984 0.01638896923782821174
0.01624178020779519852 0.01639007100123967067
0.01329763736254947759 0.01640340790009520155
0.01599519871697586276 0.01640340790009520155
0.01381662600681699514 0.01647517868199495014
0.01413807790899911619 0.01648187035873110995
0.01288176140117341419 0.01650767344258777941
0.01335873671133135793 0.01663233974975213136
0.01610092626043510902 0.01664972806347080059
0.01348873253449705926 0.01667540911690334679
0.01242372017099582955 0.01671428929377478598
0.01549599824063348057 0.01677675341484459806
0.01343195323534162287 0.01693174657596673363
0.01297935154619994300 0.01701442932667383834
0.01556090583482068468 0.01710948862273852303
0.01634426803622153826 0.01712698399408216915
0.01327094178300997768 0.01730923879129450671
0.01719532216027135074 0.01731257148739468593
0.01278762398789078970 0.01735274164610573280
0.01603875281757933743 0.01740704123577275012
0.01673527953928187137 0.01763835640591654777
0.01756794550448994782 0.01765332674892961667
0.01612711019588950953 0.01768590341096313093
0.01748694512065515974 0.01773468972818833395
0.01748014503137198042 0.01775499857949551855
0.01613334663342456260 0.01781615044633025335
0.01563247480249566057 0.01797286985995134867
0.01557487506797904618 0.01797906372314450954
0.01743362376564403654 0.01802831322594270619
0.01627805877454591849 0.01815080770225043286
0.01557843671081233540 0.01824243799408156730
0.01770868715828174261 0.01832424671064728991
0.01398607731090092260 0.01834394530363481213
0.01755429953302706583 0.01841130013493248035
0.01729208698791680210 0.01858115376270707414
0.01394257524817016543 0.01858987492564956670
0.01738256865387533684 0.01885036430377599881
0.01885726942308434129 0.01887365024481991657
0.01638648814025931919 0.01893047571159995127
0.01339813966745662978 0.01918198661925537771
0.01767257725089418571 0.01929467852404840103
0.01650886781623623137 0.01930463373818128853
0.01718465543421087913 0.01930640019869051677
0.01763478869335616955 0.01945433533442767968
0.01556631400292282641 0.01956655758884969995
0.01550026642698670507 0.01962880714482403977
0.01665592858044407515 0.01964946167170287736
0.01957238502840697933 0.01965851758018460210
0.01860680524220459028 0.01989216054477487006
0.01889058871253528407 0.01992316105587363384
0.01797191996248200321 0.01999542867421339951
0.01990030538886013514 0.02008631184537898115
0.01959866197596811868 0.02015912105643420313
0.01758635854323539749 0.02025280853433660683
0.01776011523740464448 0.02037704647203375866
0.02025460166293415604 0.02039389637174466099
0.01903375939291823693 0.02039778409948040175
0.01609677932442279621 0.02041921907875421729
0.01927680383492562030 0.02046600777188100143
0.01839163323216197465 0.02048998386947902678
0.02015684139014017537 0.02060845250128576917
0.02011817038084499562 0.02063141228171216229
0.01804533993927366631 0.02074239805582345914
0.01638391202186252268 0.02090123108724601872
0.01940110658354767675 0.02097983509027963669
0.01899196333241956816 0.02135736842432813670
0.01543076862657862501 0.02142121450502275370
0.01832788791334800937 0.02145171906009504109
0.01828475599103484076 0.02173247230770049276
0.01712599823576348504 0.02177004970432741549
0.02192130716339920141 0.02205691948246888898
0.02128980037282281537 0.02215268920428710084
0.02194477712772017683 0.02218491417482966119
0.02197621788904770279 0.02223704264233385824
0.02078570719446303297 0.02255270824393936988
0.02081409977410684370 0.02266879948350193283
0.01472699610830588597 0.02296582346775864064
0.01636006666446472232 0.02333588963336911265
0.02275870130041025494 0.02333595208590536277
0.02237918497909792415 0.02337892805486411346
0.02313024063042336265 0.02338528876199577958
0.02032139210600849080 0.02368335739196404319
0.01881296866465453563 0.02378164185523653010
0.02351574005259967140 0.02391763100921364543
0.01701909550635397755 0.02415848669228490980
0.02202412350718402703 0.02436709682746303340
0.02256692452412236219 0.02452924637535747188
0.01979274443926873003 0.02453529103045946208
0.02062237370789422181 0.02459015574956344846
0.02131264159495633442 0.02465007144207187820
0.02372348910605204947 0.02501326655029255733
0.02369890521841643699 0.02504818495650617746
0.02487442708542870681 0.02537922813165637351
0.02419598762294080177 0.02564728971593701820
0.02414034055396047443 0.02591711437766006446
0.02067543576120383503 0.02622074143461057202
0.01998558748559773127 0.02644262228900022202
0.02250895413855152905 0.02698220030713492645
0.01644633932678631408 0.02698354116865774033
0.02221339531651318408 0.02726179930775522731
0.02325012593758939497 0.02742866379957487749
0.02707111907585061858 0.02747491274824099064
0.02638730716736476314 0.02768902931532764636
0.01858376613488210358 0.02783574800362482657
0.02790672586471101488 0.02791020673157904378
0.02333778821826419311 0.02804959562228649672
0.01894627474740352008 0.02810769914550224208
0.02212782789803396238 0.02824868990678183409
0.02567864627959932575 0.02842590114573895557
0.02697020092072317798 0.02924479820457163287
0.02840894665620377624 0.02936634657589971484
0.02903661830444522959 0.03004771046067579443
0.02096738267420015719 0.03170537943561071298
0.02819140132500989188 0.03202844741373025300
0.02325052718955709224 0.03276832369856877425
0.03093788526037154901 0.03714805542899046048
0.03632276632795116561 0.03716150346332745824
0.03628102507865262061 0.03763821743957462829
0.03095572869125719564 0.03785471515424215783
0.02886676647713771332 0.03817956021714064008
0.03807886137071957167 0.03823251212690981227
0.03857997626802893432 0.03946390247224517561
0.02847740616115568973 0.03964200049536206055
0.03350660020931330030 0.03976173541694003749
0.04348263229736286373 0.04535441693220609166
0.03305850183704067691 0.04558856831137440835
0.03937980078440705967 0.04647566334845087965
0.04616595690227241755 0.04745264013294100969
0.04730527680826147191 0.04957072516188450878
0.05794558547301124907 0.06724525137410909681
0.09230549958641258435 0.09479295849873668744
