0.01064336728379262909 0.01178100394426339660
0.01437020322715436629 0.01485337174445685270
0.01300818977452219798 0.01584012689306591587
0.01462877322487478836 0.01665921126592863691
0.01528361967371242615 0.01712544698944440044
0.01701979334640416411 0.01717260333284804930
0.01621110280325022482 0.01721738751734120526
0.01400766496294423083 0.01756982620747899598
0.01839435759421397670 0.01888731532833457655
0.01706025821792217512 0.01910433944643744053
0.01655604657490286277 0.01937228236557413108
0.01855456442235492789 0.01980614821047279456
0.01825593313345831928 0.02008252515050489018
0.01892680914928933367 0.02019941054143944634
0.01984547138804418007 0.02072847438213690566
0.01660212173020154253 0.02142603315057623956
0.02078309849501454309 0.02187370334141458192
0.01968701297659349037 0.02192508937858093226
0.01798083867258153112 0.02204379446704432532
0.01960156499097785721 0.02219648497825189512
0.02032225550670115066 0.02233829539965314151
0.01926757691547935705 0.02234786800998335779
0.02062356657424531045 0.02272545126603416760
0.01597999087408857530 0.02331673359209904955
0.01984310563263466318 0.02365135028561002328
0.02245577425887776077 0.02375022476308861347
0.02358665375806040521 0.02376346746655463860
0.02153582228842072788 0.02385487449139985644
0.02353020797059037980 0.02389664781840881297
0.02369255978874683366 0.02392907481711170972
0.01891507774530274549 0.02394629647690743948
0.02326432400263861444 0.02429757302851183465
0.02192026909348685978 0.02433050122119226680
0.02228967400511650335 0.02443215702483185828
0.02456062280403115486 0.02472056077431090265
0.02375984958309857592 0.02474053853549942200
0.02085228788363368418 0.02491234831995145851
0.02183571312343698251 0.02502297221054650481
0.02495631600623029675 0.02506767197414912912
0.02306374602000306126 0.02520570601399267641
0.01999696185249939112 0.02534250663294380576
0.02212572228527561261 0.02547470017438991513
0.01946271857676787342 0.02583198284240977374
0.02444101121308556168 0.02584079003643692529
0.02278917519063110644 0.02585016199258408087
0.02193927897518475195 0.02627538994229002001
0.02602373671663622823 0.02633143827542091392
0.01813272959721194677 0.02657205023122933760
0.02569706874839764940 0.02661438819134899839
0.02366609053584143446 0.02670098085542960478
0.02656247852923886155 0.02670598915459308775
0.02142967484723436178 0.02683698892110076770
0.02514491406510869012 0.02708440048619151219
0.01893620991709462839 0.02724556393722981154
0.02687591459624760412 0.02725736671198061845
0.01941532437539178826 0.02727664979517473512
0.02183366812147230496 0.02745866570050373157
0.01725102934072024821 0.02747019058270196157
0.02656649417643150782 0.02788531793726720456
0.02665368259810172238 0.02808857427868142673
0.02752892164363847718 0.02808857427868142673
0.02612699768502227404 0.02813361290241433305
0.02740395326423694655 0.02815257085313391944
0.02635578288945748110 0.02825576737965219964
0.02787878368672069840 0.02832434849081590100
0.02199103184790122609 0.02833714928960109902
0.02604859661684751776 0.02849936798112047420
0.02302038350239626191 0.02859382046598114152
0.02768662185728780478 0.02866757364735560143
0.02299984869713871810 0.02888254590727077492
0.01768259519012655226 0.02900127099242987352
0.02898681088908953637 0.02905352209918031850
0.02897830987713817877 0.02917029438034644817
0.02662152327084780362 0.02925793000830095511
0.02646382750414739277 0.02930480815408308820
0.01921049341159222074 0.02939649326619559258
0.02869249455393288115 0.02942374996360344955
0.02101680330913539840 0.02949944350592263037
0.02163055842390890909 0.02950301418437548812
0.02677139759975835295 0.02962746947815648318
0.02760107426556795626 0.02983237706492746638
0.02566000616123551362 0.02984862618117046368
0.02822102797097456733 0.02995250853015173770
0.02556680444798331911 0.03000281707818310689
0.02924197560458613454 0.03001412068483675852
0.02817051234166238413 0.03001932898175388789
0.01718881938223611877 0.03010448036761735960
0.02811758388197081390 0.03016800043387966521
0.02443110450494146921 0.03019792889946933470
0.02810152310242351043 0.03036450990973869543
0.02585340537777889094 0.03040763088803636466
0.02836187286976765698 0.03062720961656818786
0.02875065156324799198 0.03121808124787165892
0.02796320960040431583 0.03193407355046480600
0.02664208249326039182 0.03208185800995544401
0.02579107982756422002 0.03225785188023574945
0.02797859255891970223 0.03231201155649431056
0.02496645315275852067 0.03231201155649431056
0.02122579751647252558 0.03235732951363257115
0.03242799910329178387 0.03295909017921543754
0.03184350356333198739 0.03298473979211594131
0.03212286188488967104 0.03330803945750751560
0.03106987248436380092 0.03333626150475369615
0.03265220082403568619 0.03337406187388901324
0.02673047133466415273 0.03349926217062004080
0.02578041495917469950 0.03356993755797828272
0.03222885900343883808 0.03375063397147580468
0.02938777924314343523 0.03381947099629010328
0.02705014386666226844 0.03392942693533227555
0.03225900368290580966 0.03412572902800948410
0.02959442930830555665 0.03459318389286484413
0.02474158628914138042 0.03470896390283399052
0.03438158516692027544 0.03472093446490950169
0.02836108926354842519 0.03491566015775907778
0.03303490667565302241 0.03504908718456187927
0.03087904945170720852 0.03507242977973691611
0.03309209370038252579 0.03515910106834518878
0.02801353449928353778 0.03521212230529255360
0.02681295364535289660 0.03534559303047102308
0.03207255504988371086 0.03548598649517255982
0.03531119585087916929 0.03581573393230304964
0.03477988881628015644 0.03595809548232815900
0.03016257603982974711 0.03600528778301970850
0.02909253220159659092 0.03633831355790399092
0.03557485458325798655 0.03651549917663773903
0.03557173420314911627 0.03665855734487472040
0.03488750434226715880 0.03674886292596411808
0.03140249010350018577 0.03675965972585409913
0.03234933239349352396 0.03677477584739524685
0.03374519723396559451 0.03685547061249372369
0.03344207558230728045 0.03689719714682289375
0.03495966447838039226 0.03693996457729684796
0.03441504191448867961 0.03730157365398920760
0.03536664533478868500 0.03730826693465152250
0.03138260675598003591 0.03741806426760952570
0.03482900660490324124 0.03755881968581115810
0.03314950089853885978 0.03760523461681312962
0.03774121015954116226 0.03787594826718122809
0.03691151430099074565 0.03792340285289210605
0.03098703015832567423 0.03824368320886885331
0.03704306906276941952 0.03869768250576206131
0.03837045459222584998 0.03910228009796219706
0.03883739295573811201 0.03920415878649181896
0.03461005366756213231 0.03940065279712929441
0.03933075280480520519 0.03965216088232608599
0.02698534201954767842 0.04015242689765967377
0.03290415505158001547 0.04028226143500950041
0.03826110373038744267 0.04033318566649480436
0.03735449684510247503 0.04041322681087956836
0.04050912322971389479 0.04069797422226349021
0.03592660603650752599 0.04102006860451399423
0.03872388265440582233 0.04104737602738440377
0.03958474519368870848 0.04120738175243951473
0.03486013950516209797 0.04140354304669574548
0.03111623177131684487 0.04168271642740677824
0.03248625955062011544 0.04177321971892723057
0.03714796353030670045 0.04199883742831525546
0.02941017397345663600 0.04266644044392266938
0.03587554856357139804 0.04300640252490118415
0.03690722798484398492 0.04307504789549362195
0.03220003497223328237 0.04319188160345898558
0.04107912357461692560 0.04362091758956711945
0.03270967554018396062 0.04372411611550867244
0.03997650669466932399 0.04400023598879303915
0.04299328556198727530 0.04400801826703300279
0.04401898013406656263 0.04409987346896149935
0.04293612045346961725 0.04414340028787037962
0.03892898957386702746 0.04454377599424437506
0.04176382531472397353 0.04460260163144422196
0.04079067755380044735 0.04533547003839320105
0.04552751826658914258 0.04579952767303353128
0.03573676200012838866 0.04579952767303353128
0.04610164759637246784 0.04690418043109700896
0.04510977280779564919 0.04731145379476545121
0.03828656742614319070 0.04744920960618159017
0.04641362482966761988 0.04763289516988851446
0.04244368985123057186 0.04791452320579144691
0.04324328938972674813 0.04875009592013322679
0.04215888320925478133 0.04887482079737768409
0.04738177374834554728 0.04894587250638227777
0.03170421853410789609 0.04909481383860466591
0.04757236792913246970 0.04945094705277090080
0.04936818093882409247 0.04966924481530859276
0.03932354556697407327 0.04975722384990108327
0.03800389177215274944 0.05046825017811561870
0.04643082270503945397 0.05057072208962916371
0.04002694579570881955 0.05108516620206625392
0.03803173833881712262 0.05156018193933006172
0.04246942754928961783 0.05178558068462420921
0.04527662956046030890 0.05267310570062262720
0.03041915207211201566 0.05273958519563046177
0.03971272148882903225 0.05284567444632285588
0.04428191515010158202 0.05356612386392897718
0.04053086358106312154 0.05384084396140174922
0.05311300237879412744 0.05392699710471931390
0.04929863494347704045 0.05658198704555509467
0.04719322099181694902 0.05696506351225552600
0.04671578113289552581 0.05847650136921130753
0.05470101973828683795 0.06076304739811123207
0.05866814662284625809 0.06185511367712618475
0.04539973953028279829 0.06248164937508557393
0.05308840035571900373 0.06468282270379697996
0.06809467329777219025 0.06947865010946761843
0.06843285379335911633 0.07012274077844683762
0.04858282677963718377 0.07087119799576743762
0.06798201177807360052 0.07434681083837947624
0.07416622804675816749 0.07709529156577751841
0.07189988015258201581 0.08256910091417545006
0.08250817947669612795 0.09814509512346664133
0.20954717352445889622 0.22494140706111515060
