0.06647349253889935083 0.06907144749832519470
0.08201273305888048815 0.09091354932756476326
0.08884830133205638691 0.09187016246123495822
0.09282729507211341657 0.09387715211255301395
0.09503507160906347895 0.09801649891878064236
0.09534905179294539401 0.09920016464213614327
0.10013727524293836169 0.10069313469938200034
0.09954632817046059345 0.10538580877292526294
0.09827245000312052892 0.10590806426271175134
0.10135619934370780626 0.10861844299127688951
0.10886548214105680465 0.11097441522150788829
0.09467882425839690974 0.11122701680119724543
0.09883706175539956618 0.11170458347191904169
0.09049675670158513485 0.11413677455012458117
0.10880219235318494553 0.11467199524710905423
0.11387894419355523712 0.11541189834365596367
0.11302560277251469389 0.11687720147094361745
0.08505817345123599382 0.11695352338173123363
0.11451590359723411161 0.11757052629474055994
0.10624155319084216398 0.11776414372790135199
0.11035168673324691202 0.12091804842939271603
0.12037801607879758392 0.12099006775620420318
0.11911661743746335129 0.12308578872869833931
0.10530145620267902795 0.12491155900939134027
0.12457894436964368767 0.12589322013376152976
0.11425141179959008575 0.12842722837578007811
0.11578292022433292474 0.12901096337977913109
0.12053002711788543544 0.13189041168559204054
0.10533039810821384630 0.14063796714346188388
0.12281012535334125124 0.14294966997907035400
0.11802468057388040834 0.14477751471731062360
0.13659494937875574228 0.14479125684810809083
0.13919446186543141253 0.14491711001806975578
0.12395387482130997003 0.14560857037751850918
0.12046123358235900913 0.14637512738293770309
0.14459839827448178751 0.14681922540086375650
0.12272102655651380421 0.14747934543454971346
0.13980995187799663548 0.14834816988092489054
0.12097969675848171955 0.15269107774847551218
0.14612879858199637195 0.15295288310728666348
0.13605008263634199572 0.15395624925816611683
0.14791280931682765365 0.15395624925816611683
0.13469856311183509012 0.15509054349743561785
0.12953014691966630023 0.15572699012259355600
0.14435735263213539392 0.15583913177389885352
0.14448795768302705178 0.15715293643894415188
0.12667859345772522484 0.15803115636819994871
0.14951152305933154696 0.15860174304057400585
0.12393035169034288812 0.16000218389628553806
0.15429157664431469854 0.16405373265258310633
0.15456921957666536205 0.16455435331516313213
0.14729973442218222135 0.16693119554040855568
0.13333601135424474893 0.16739872130069433087
0.16384490726156958340 0.16742942073434599615
0.15110835241897524472 0.16849100198270522410
0.12338808128648064144 0.16966242840058184949
0.16987889126740279844 0.17034260144203350329
0.14357091811242111978 0.17034476229488088039
0.13193560297093023803 0.17057900887875174223
0.16770005539212881618 0.17343689673946754981
0.16389583653634678950 0.17386537443763780408
0.15807260424985838942 0.17475717537166099436
0.17283824167547376383 0.17531842749969089867
0.16042590938640902132 0.17567282546891230255
0.14354018994378706098 0.17960570541671164180
0.14946537807889348493 0.18102342678199984105
0.16915454616505407048 0.18179234024992363405
0.15297026086692000479 0.18237741507573179689
0.16341364499006355571 0.18383134980436760531
0.16216769436622516243 0.18485286092300645677
0.16497360766496255158 0.18488513645750387360
0.14685057170287987849 0.18617460824108364448
0.15723570440034076445 0.18633624052380295955
0.16201458561154544191 0.18770913276937234437
0.18613923253118586087 0.19074897404595222983
0.18852178191541324459 0.19167635028074836434
0.16541465327813370534 0.19232355625675659483
0.17147400906461907066 0.19438837729019819989
0.18101535565804158234 0.19542493972323882190
0.15205768609440362127 0.19559484085715611590
0.13180857122565617368 0.19583295006399323301
0.17140881397024326782 0.19709479625644329981
0.16534265176418500021 0.19744149995424353783
0.17941243644523474643 0.19913483165153997301
0.13831787363878103592 0.19948278287874421366
0.14350303563578259425 0.20198039588834990066
0.17774504585060307837 0.20210294090673369682
0.18330304827976048876 0.20439532415432801193
0.20406611949166864051 0.20638265436054986646
0.19486230094036652294 0.20737269391555804288
0.18501701673176501606 0.20769382495851385073
0.17331168992179846189 0.20791274312024696225
0.20021699843461648882 0.20824861527364704750
0.20026630183162250076 0.20873863665229519526
0.15177772612767365112 0.21080052134927421137
0.21309873035989823631 0.21400387489532915475
0.19547205635532155510 0.21448535434877599726
0.18121228723970070340 0.21589931589969746373
0.19983441778780927645 0.21643923126079367414
0.18835126518333270007 0.22365398225196966853
0.16961286775070963384 0.22420198040530300854
0.17709699156412542220 0.22466469236176955793
0.20224863279502502955 0.22518916283268189393
0.19451860138274462697 0.22580536036935019983
0.19470900802130133855 0.22644386794837501053
0.18776565630159061659 0.22750374586767219132
0.21155771314862448218 0.23136483964745688247
0.13531346988333969872 0.23213112352348139189
0.21418546511127117826 0.23213383186545363812
0.20484043095613177488 0.23331819911520854105
0.18937047740315118838 0.23331955325961462044
0.18778382692797074283 0.23518831888489385995
0.20983169233490908678 0.23997827910660346484
0.22149495921141990062 0.24037943260248914590
0.23923205288005011671 0.24061322104290380763
0.23479895116489868379 0.24079890173304446810
0.23150796295344763798 0.24163814287295143357
0.21131575065352392606 0.24225787943002968783
0.22596767170619458387 0.24273002019795519857
0.23843873882917959728 0.24414387186325531287
0.20226342118973336670 0.24429915632416479565
0.19847976385701202040 0.24476977806604341414
0.20402998809672823199 0.24671429963073382430
0.24175249253208749844 0.24684177012631849935
0.22454140448573081668 0.24952675606139435027
0.21799601200672832912 0.25037436202802137997
0.21871851362614158631 0.25252790282726178539
0.23097336410290231212 0.25282601733678988776
0.24943787329759081750 0.25292063150878135724
0.18702261584529883409 0.25403495681493065694
0.20120176596921499068 0.25474528842803528805
0.20644928289116551423 0.25514393915714450589
0.24970860733077748783 0.25516668550161225593
0.20748050297592293689 0.25584644822963176214
0.20329492000078117075 0.25586432913746220974
0.24953446199182072185 0.25806484070348767457
0.24322098953655782450 0.25995497316094257068
0.21827034420875476850 0.26143397329856327138
0.21228196378752745010 0.26299265434311064338
0.21246865338504880572 0.26481195270176888235
0.25884172147263068142 0.26498907313055292123
0.20929208755289546717 0.26635563161960912337
0.26152790813389514835 0.26801601346172299056
0.22801488076393197635 0.26945786167758134511
0.17645097068440782073 0.27078864317041989596
0.17791870857470265532 0.27163933087168129488
0.18993937483287123835 0.27227299341365523988
0.22846032742361180312 0.27486986373034938413
0.19141806414520037838 0.27555672006550746556
0.26231618683188984154 0.27556921473104445397
0.20043959810383324416 0.27561991557319259760
0.27409515141392248871 0.27727048324837993976
0.26077365636833160778 0.27786628900565590872
0.19680394604581880058 0.27956612341325831617
0.26730016451900395769 0.28143647174351832385
0.25337671618737694912 0.28216455961735187330
0.23007021236919095175 0.28245915596181353502
0.19518839133518067763 0.28522285326367768921
0.19664787242010986490 0.28575872995256512699
0.26296043306925714900 0.28585282677825285536
0.28197673796008276836 0.29111063993379027171
0.20587256441498977266 0.29231828886843153059
0.29041555260682389017 0.29373249423581077044
0.19285692753876285122 0.29430138625635016147
0.21596520958017029201 0.29525684764381388003
0.25725697973076283587 0.29702483249176642177
0.26455423500319719121 0.29996653475830936664
0.23983921995150428441 0.30105187810795852599
0.24734433644967607213 0.30496674781410043620
0.27819723252569950045 0.30699308180136619661
0.28697125304450815664 0.30843554477392687296
0.24256835151611172430 0.30985965461817238653
0.30969597362679401886 0.31117148036668290656
0.24681033791145534639 0.31639125829409997515
0.19257749752904107510 0.31688003107813883519
0.26623758184556428619 0.31835557798242875016
0.22016085094124260291 0.31900360044988290698
0.23289841399501778896 0.32260808344620856003
0.27756636972745862835 0.32362572821895391195
0.29790317607386335164 0.32438316516649595700
0.27810319262801114215 0.32456902249565122709
0.32345477575846670604 0.32473613210570584364
0.21877041546348210965 0.32875762046259288107
0.17829116733017821850 0.33115281038368160615
0.22524506102426666843 0.33148945668508283946
0.19156495446326199383 0.33578164614815497746
0.31418855147013241558 0.33660379107318760816
0.33469007576041942542 0.33792391514294439769
0.25983648102514411704 0.34226282652615869218
0.21705312574317398022 0.34272560872335416926
0.16307870186168849092 0.34309692004343034233
0.22494358431751715344 0.34705575239232316909
0.21618901494947068143 0.34726705127004414697
0.32930188940254762064 0.35363810865519196280
0.31661619608325186626 0.35380940888552492307
0.25193444694784405957 0.35485063451823994907
0.20871764934971162586 0.35608600711422633278
0.16916937384562991120 0.37054967003070216069
0.27811108072928047985 0.38034805394080306584
