0.00494222856049188804 0.00572198822333895400
0.00753371698649205751 0.00789793062637719930
0.00771894801004861797 0.00804722733172845948
0.00829614599235965235 0.00873129198600235829
0.00798593568724744775 0.00875266321814711576
0.00897147824711111604 0.00924121595608851099
0.00821418572912191447 0.00952367420499884883
0.00894613000975474047 0.00952911684986451277
0.00905633526220705511 0.00958348729091714098
0.00912729248646334569 0.00958854584148912184
0.00750375347149020294 0.00963171306967250396
0.00880231663893508466 0.00985316146071193999
0.00835396107864647824 0.00988778629444991494
0.00884685091209270850 0.01009586509598119596
0.00997081486762341727 0.01029957539000977973
0.00978250121310353729 0.01048604424132806336
0.00924320984580352840 0.01049845406668534036
0.01023426107061825747 0.01055956685125185486
0.00857975991105872429 0.01058186278488658545
0.00936539908726312723 0.01073103908981632056
0.00973989958698945509 0.01075362144529264617
0.01020115681640675065 0.01077212067425494316
0.01005741907960581993 0.01078044851681006326
0.01026997341636864784 0.01088327235054579664
0.00957950051556496519 0.01089363395363313752
0.00962685510789046059 0.01089813051914445205
0.00960896476303729416 0.01094491373288593826
0.01077461742851866175 0.01101149746364403319
0.00998985845820803652 0.01101149746364403319
0.01096621388542629201 0.01101427173614080886
0.00984773178602707695 0.01103518049366219132
0.00792894648075189758 0.01104773485244005780
0.01069689492025331645 0.01113903423535467924
0.00858701490325439014 0.01115752552734835742
0.01044727747784893190 0.01131767465756454774
0.01045071446768785356 0.01134404826769481317
0.01131839040051010013 0.01138419117905153759
0.00861172075611814879 0.01153353028828218475
0.00817871278626463270 0.01170014310070248247
0.01068005866372199499 0.01171231377824232152
0.01159553664273616641 0.01177410167004883275
0.00948551514736032872 0.01180228626860669282
0.00826065185425848073 0.01180228626860669282
0.00819776549036318157 0.01186296745762752645
0.00945373529993411010 0.01189377108643905299
0.01075215715923631514 0.01195229208609045572
0.00903365636872471671 0.01195329048885550999
0.01145661946628449834 0.01201984377081868893
0.01191412474220693817 0.01204286236919247660
0.00972678832929206073 0.01207140524806262459
0.01193828252796448088 0.01208775236237553258
0.01146323998510026705 0.01220527987705910707
0.01167270336919795301 0.01220581727829380542
0.01209245699875781573 0.01227175416618219057
0.01214552838185193641 0.01235870539031487005
0.01106010456605528713 0.01236291661664410541
0.01217768537351171694 0.01247639515193143568
0.01041804846914209937 0.01249451832082307083
0.00930474225148421492 0.01251856362806497147
0.01154327731892033741 0.01253679356309672990
0.01156281222598800479 0.01258990549653238138
0.00976599583375180325 0.01270952496126911274
0.00915711612075723741 0.01272509444041193712
0.01096631932278811436 0.01274093662312174129
0.01097038929614917169 0.01291845725697704679
0.01181886395436073343 0.01302740592533858065
0.01165592604717209831 0.01321035579027541630
0.01308265087133763695 0.01324703217638938113
0.01022703345275303467 0.01326422793736673628
0.01256085437942798533 0.01326825414901160009
0.01331342187701432984 0.01332934758086518762
0.00986860133748324389 0.01334231266944109831
0.01240083962681704302 0.01335592601507221318
0.01043841677601018911 0.01337868333791411221
0.01316184847929492176 0.01338735990826707759
0.01146190783935302493 0.01345041576236487291
0.01198247091416951293 0.01345981805071430788
0.01334231468211729069 0.01389519867010515115
0.01217628977328209447 0.01393673705793509014
0.01246662568188562636 0.01396646114239981189
0.01277845633150339125 0.01403809697868053756
0.01147948475440650762 0.01413663897725318634
0.01223226436016034216 0.01429668623029973010
0.01336951117853158247 0.01445968801551286535
0.00967066462325430823 0.01455938544030038403
0.01402538156516051036 0.01472502557034976317
0.01252423285030799041 0.01472912196950264957
0.01065008492766412497 0.01502711188822813612
0.01257718979296043420 0.01516463069131938381
0.01308975074476506802 0.01517240124224371843
0.01472489732228238202 0.01527820606217464815
0.01069596499868049645 0.01549261846768085205
0.01443432609770783220 0.01550713479651459267
0.01251363850560177973 0.01554691919064680496
0.01507221163377302740 0.01557891477634534665
0.01144979274853564523 0.01561139865309533852
0.01467870966007379062 0.01561353022355874316
0.01521481102291369347 0.01583341209083958395
0.01404841122211239988 0.01583948058483125587
0.01566758095776837542 0.01588663971404667696
0.01359744814049997780 0.01592456778183921895
0.01194037332022189132 0.01593675597618485554
0.01527816072465460091 0.01605617863149311556
0.01221973109586826922 0.01605617863149311556
0.01229522232375179769 0.01621813005732252941
0.01404629942219410774 0.01635401885106497338
0.01126068143764489583 0.01642527778572802633
0.01147967992228738493 0.01650213038346786537
0.01562526730925311788 0.01650433258792231850
0.01233560068243663016 0.01657970306418920028
0.01547909898560985431 0.01698638223898057270
0.01688422999956314813 0.01701235416223789709
0.01481397662513833473 0.01724309921990354461
0.01383069970785376357 0.01731776488654509019
0.01674569682196492409 0.01750104548729125922
0.01401245966012805086 0.01759541590887306675
0.01407829423544771329 0.01761003953945064482
0.01398283718198204545 0.01801391047399224579
0.01666043010161141411 0.01822276699275920953
0.01464594101710289288 0.01823091748365500420
0.01757470355012644148 0.01843856057236614374
0.01858991089081714343 0.01868442622350030904
0.01794454729351007208 0.01875783425185952036
0.01833798576805567224 0.01885458050548833794
0.01856313658631965346 0.01916671299321925925
0.01831528616274860632 0.01930294528672780660
0.01510688783153099797 0.01980808215147658591
0.01447665189221309344 0.02040825982894216642
0.02070515123366021767 0.02095364250498875716
0.02078015924551813651 0.02176045313275119103
0.02071910418637090343 0.02240534851370187819
0.01992479215260958142 0.02253271917916276415
0.02062779404608767672 0.02255395896428927932
0.01993271890402152635 0.02384216155432447928
0.02179650796754676115 0.02397880564278257950
0.02140366250130782202 0.02402936969069996084
0.02209400418279905409 0.02424979239022088603
0.02173082777210859698 0.02489407422065816056
0.02447464578125428322 0.02490872838569241354
0.01883840800309433128 0.02511659583436300081
0.02329629947700023740 0.02517989441370264980
0.01790377728355205603 0.02593784334840325626
0.02403585218402218976 0.02597475769022383404
0.02565774934537501384 0.02608325616693800766
0.02603104293415985787 0.02611073557356903899
0.02116724666216948658 0.02704639675944942381
0.02270299091488706122 0.02708546814884523271
0.02521839038298493221 0.02732963104996976797
0.02398604159167554845 0.02764777410064811480
0.02473667129924960947 0.02788238821475925652
0.01871588862733936792 0.02805084652968218781
0.02630839011713874756 0.02813477044973006214
0.02692135565127733166 0.02848912224300242935
0.02524623535650112258 0.02880995055889644732
0.02952206610931695438 0.02991519129961162093
0.02550304432207394292 0.03037160397246960186
0.02936529450040360409 0.03078470146779188621
0.02983161222250683281 0.03086802979486691009
0.03015672042505944395 0.03110218253665109414
0.02876292608610925630 0.03174204166289618795
0.02598748760463133814 0.03200141645823106201
0.03041873561478505850 0.03215685423393641745
0.02778445813351725774 0.03227505667486067764
0.02970181239819473518 0.03241031222450777710
0.02630131838884094617 0.03258132447488697181
0.02664965880337231974 0.03274559963477948615
0.02634413411626387522 0.03278207274635427937
0.02455994070881421798 0.03282673174347208733
0.03143339458415385368 0.03318041531605640804
0.03036825012480848587 0.03448409931666687744
0.03116613769492473582 0.03508846946223429658
0.03335598784142040224 0.03602730224274628551
0.02468360341922875428 0.03604951139285372114
0.03149897921741723339 0.03682588403973779262
0.03632196963842548865 0.03780613267443834469
0.03437854936807763218 0.03858156798524624287
0.03770119303158581819 0.03866336220919746464
0.03727292004802635478 0.04023474606853973123
0.04057011256934110049 0.04173429594531163217
0.04049759578872871857 0.04258699732171718905
0.03750772046328969267 0.04267499446446779143
0.03813544587628853871 0.04559009939228698266
0.04442882838697266579 0.04559794910846906579
0.03753199240511111839 0.04573816261164172919
0.04284685792695217682 0.04652421258976423973
0.04389710288605756100 0.04654748285790084178
0.03743894708665997800 0.04772526901706024283
0.04743226607223693242 0.04931331326665127496
0.04555793745784596921 0.05089375449429174580
0.05278384369481033817 0.05355001786362306726
0.73482510353638741396 0.73539355710169695968
