0.00000000000000000000 0.01758894089805350044
0.00000000000000000000 0.01847872485727660580
0.00000000000000000000 0.01902889906104325221
0.00000000000000000000 0.02557775256067376657
0.00000000000000000000 0.02820643281414649678
0.00000000000000000000 0.02924100534410551538
0.00000000000000000000 0.02996941741543164908
0.00000000000000000000 0.03080317568439382148
0.00000000000000000000 0.03092713735350201623
0.00000000000000000000 0.03168549458081752757
0.00000000000000000000 0.03172059347581430988
0.00000000000000000000 0.03274590523235303141
0.00000000000000000000 0.03322160618647160973
0.00000000000000000000 0.03329609871804724980
0.00000000000000000000 0.03495698120708480572
0.00000000000000000000 0.03509089778817654076
0.00000000000000000000 0.03509356381429055982
0.00000000000000000000 0.03569117701474784632
0.00000000000000000000 0.03570194042837135373
0.00000000000000000000 0.03602663624808064707
0.00000000000000000000 0.03610401329289361638
0.00000000000000000000 0.03614314820184767740
0.00000000000000000000 0.03689449851993971408
0.00000000000000000000 0.03696708488834585249
0.00000000000000000000 0.03736158614429001962
0.00000000000000000000 0.03780402513951822835
0.00000000000000000000 0.03793331597631530161
0.00000000000000000000 0.03974028716363165598
0.00000000000000000000 0.04007996915342904032
0.00000000000000000000 0.04010816104558075773
0.00000000000000000000 0.04052206949949545278
0.00000000000000000000 0.04071199834882393426
0.00000000000000000000 0.04090590760250768093
0.00000000000000000000 0.04096689125944073806
0.00000000000000000000 0.04157621160392946380
0.00000000000000000000 0.04185929371224546974
0.00000000000000000000 0.04232790810361104078
0.00000000000000000000 0.04280481397910497476
0.00000000000000000000 0.04319783869209246202
0.00000000000000000000 0.04320167323630416667
0.00000000000000000000 0.04363609366489337033
0.00000000000000000000 0.04426590570202359326
0.00000000000000000000 0.04450056992171395887
0.00000000000000000000 0.04456456175749216181
0.00000000000000000000 0.04459042941349284500
0.00000000000000000000 0.04486615135156176576
0.00000000000000000000 0.04490504318413343632
0.00000000000000000000 0.04498967876078536349
0.00000000000000000000 0.04505897341621612623
0.00000000000000000000 0.04536745538024723745
0.00000000000000000000 0.04558459852448664557
0.00000000000000000000 0.04582757804751373676
0.00000000000000000000 0.04593824993039025140
0.00000000000000000000 0.04609086517051506210
0.00000000000000000000 0.04675449899255926245
0.00000000000000000000 0.04684550324148428063
0.00000000000000000000 0.04701563211389866298
0.00000000000000000000 0.04718394429852452304
0.00000000000000000000 0.04779263670728977481
0.00000000000000000000 0.04908222077100123787
0.00000000000000000000 0.04945945517519916707
0.00000000000000000000 0.04952873365988397919
0.00000000000000000000 0.04956344463972452846
0.00000000000000000000 0.05009391647302654377
0.00000000000000000000 0.05100480245585623656
0.00000000000000000000 0.05123940376548841158
0.00000000000000000000 0.05142176102556483830
0.00000000000000000000 0.05164091737898145185
0.00000000000000000000 0.05183351413635133714
0.00000000000000000000 0.05186322329787144969
0.00000000000000000000 0.05196428895622441646
0.00000000000000000000 0.05212316186462463002
0.00000000000000000000 0.05223774904553818432
0.00000000000000000000 0.05245324688432780741
0.00000000000000000000 0.05312521669662798735
0.00000000000000000000 0.05400564224495511823
0.00000000000000000000 0.05419495930373507964
0.00000000000000000000 0.05434881683069735930
0.00000000000000000000 0.05438845758106894412
0.00000000000000000000 0.05446980321758144311
0.00000000000000000000 0.05473991980149815056
0.00000000000000000000 0.05475772524793311169
0.00000000000000000000 0.05475832313781451438
0.00000000000000000000 0.05519511901322125824
0.00000000000000000000 0.05562720941645618589
0.00000000000000000000 0.05581487053498388612
0.00000000000000000000 0.05633068639520882187
0.00000000000000000000 0.05670950446687621910
0.00000000000000000000 0.05702159110113615842
0.00000000000000000000 0.05703367407812618556
0.00000000000000000000 0.05735000965512102034
0.00000000000000000000 0.05758106251991644553
0.00000000000000000000 0.05792632857273272151
0.00000000000000000000 0.05817794340851947105
0.00000000000000000000 0.05905136007358759848
0.00000000000000000000 0.05948897362704695657
0.00000000000000000000 0.06006784133604202436
0.00000000000000000000 0.06038070086198651237
0.00000000000000000000 0.06143981515005096650
0.00000000000000000000 0.06178688697818807141
0.00000000000000000000 0.06199438044442655976
0.00000000000000000000 0.06201717928256984813
0.00000000000000000000 0.06204750083492677204
0.00000000000000000000 0.06245547276049179253
0.00000000000000000000 0.06247375671955568421
0.00000000000000000000 0.06259632217578924018
0.00000000000000000000 0.06296346796153012848
0.00000000000000000000 0.06296705820974789203
0.00000000000000000000 0.06334416402426604198
0.00000000000000000000 0.06338354772016097094
0.00000000000000000000 0.06388026974188305840
0.00000000000000000000 0.06407754764348680410
0.00000000000000000000 0.06474228298623715960
0.00000000000000000000 0.06481595826446862052
0.00000000000000000000 0.06485089697099856443
0.00000000000000000000 0.06543031275395821966
0.00000000000000000000 0.06603672620749159727
0.00000000000000000000 0.06616501344701188059
0.00000000000000000000 0.06641079415799336361
0.00000000000000000000 0.06650735016880279793
0.00000000000000000000 0.06661350042349642453
0.00000000000000000000 0.06671722641821357935
0.00000000000000000000 0.06697109933698655593
0.00000000000000000000 0.06721063746155576946
0.00000000000000000000 0.06733266632802840934
0.00000000000000000000 0.06734161964665062727
0.00000000000000000000 0.06739503286359251055
0.00000000000000000000 0.06749684391648491655
0.00000000000000000000 0.06750686292387417242
0.00000000000000000000 0.06752079137242882056
0.00000000000000000000 0.06758255903186043134
0.00000000000000000000 0.06766785159727699284
0.00000000000000000000 0.06771706312479143508
0.00000000000000000000 0.06775462821043697070
0.00000000000000000000 0.06777512151368551840
0.00000000000000000000 0.06821628475503922762
0.00000000000000000000 0.06836765986624412927
0.00000000000000000000 0.06845335161618824882
0.00000000000000000000 0.06873765912155460622
0.00000000000000000000 0.06887777423965096846
0.00000000000000000000 0.06899279636556220063
0.00000000000000000000 0.06917662286721228126
0.00000000000000000000 0.06973503910046249810
0.00000000000000000000 0.07042264315771074035
0.00000000000000000000 0.07053541476510263863
0.00000000000000000000 0.07085145158694641787
0.00000000000000000000 0.07110342411412538810
0.00000000000000000000 0.07135660415116783228
0.00000000000000000000 0.07147741682495650783
0.00000000000000000000 0.07164536789563503982
0.00000000000000000000 0.07169881084837932683
0.00000000000000000000 0.07171004156588531298
0.00000000000000000000 0.07171480170474567317
0.00000000000000000000 0.07178045021014692328
0.00000000000000000000 0.07179610294306960905
0.00000000000000000000 0.07182845223587135119
0.00000000000000000000 0.07187989112252365920
0.00000000000000000000 0.07235071852614562149
0.00000000000000000000 0.07261716339810592169
0.00000000000000000000 0.07265284394574147986
0.00000000000000000000 0.07287055049168532361
0.00000000000000000000 0.07294169770915417961
0.00000000000000000000 0.07295954451910499627
0.00000000000000000000 0.07296041127843017060
0.00000000000000000000 0.07342123958192076083
0.00000000000000000000 0.07378978461498290897
0.00000000000000000000 0.07399965672612736356
0.00000000000000000000 0.07406196984623131252
0.00000000000000000000 0.07477146529274715514
0.00000000000000000000 0.07489009563860958563
0.00000000000000000000 0.07492041094220566744
0.00000000000000000000 0.07518725774760791347
0.00000000000000000000 0.07560154431352535120
0.00000000000000000000 0.07582608328668689890
0.00000000000000000000 0.07583275690090154897
0.00000000000000000000 0.07583589133269115490
0.00000000000000000000 0.07599486448416423179
0.00000000000000000000 0.07601326536152763769
0.00000000000000000000 0.07612525021940153014
0.00000000000000000000 0.07624357158921211963
0.00000000000000000000 0.07668983906681120510
0.00000000000000000000 0.07684288709808986817
0.00000000000000000000 0.07693901442182746186
0.00000000000000000000 0.07706209649907945491
0.00000000000000000000 0.07761212858341347276
0.00000000000000000000 0.07784491636567453243
0.00000000000000000000 0.07813323105261196777
0.00000000000000000000 0.07817773894004519109
0.00000000000000000000 0.07832258830693353269
0.00000000000000000000 0.07862950191635219299
0.00000000000000000000 0.07883320878243429974
0.00000000000000000000 0.07894943689998543124
0.00000000000000000000 0.07895307181285282638
0.00000000000000000000 0.07916652156922261707
0.00000000000000000000 0.07948341373434614221
0.00000000000000000000 0.07966659433914875799
0.00000000000000000000 0.07981102978620477351
0.00000000000000000000 0.07983980718460544079
0.00000000000000000000 0.07994472374556622907
0.00000000000000000000 0.08005265645889092507
0.00000000000000000000 0.08024809985826643344
0.00000000000000000000 0.08033121294276254765
0.00000000000000000000 0.08038288781965392815
0.00000000000000000000 0.08051003169157507078
0.00000000000000000000 0.08052186204363287469
0.00000000000000000000 0.08063899557725549838
0.00000000000000000000 0.08066372664647061819
0.00000000000000000000 0.08093173451511548322
0.00000000000000000000 0.08096488606548754574
0.00000000000000000000 0.08124931801232421202
0.00000000000000000000 0.08143402173909433661
0.00000000000000000000 0.08150598786526794259
0.00000000000000000000 0.08174351277491398449
0.00000000000000000000 0.08211040842843800314
0.00000000000000000000 0.08216609023924630051
0.00000000000000000000 0.08264085428623645091
0.00000000000000000000 0.08303492309570464913
0.00000000000000000000 0.08304170786188952436
0.00000000000000000000 0.08352266113473898190
0.00000000000000000000 0.08390338706762368037
0.00000000000000000000 0.08454638004084917557
0.00000000000000000000 0.08466687225182473187
0.00000000000000000000 0.08473834518305210783
0.00000000000000000000 0.08482998687001964966
0.00000000000000000000 0.08536295381114433756
0.00000000000000000000 0.08541904069248704157
0.00000000000000000000 0.08558866315317825713
0.00000000000000000000 0.08569647517804535042
0.00000000000000000000 0.08572814826721743275
0.00000000000000000000 0.08576068580715848211
0.00000000000000000000 0.08585542076788466037
0.00000000000000000000 0.08593356619474180891
0.00000000000000000000 0.08593822350891867912
0.00000000000000000000 0.08604957693447785883
0.00000000000000000000 0.08607717032907513666
0.00000000000000000000 0.08614164152664645357
0.00000000000000000000 0.08644094380223625584
0.00000000000000000000 0.08651495093525604640
0.00000000000000000000 0.08669412013068081291
0.00000000000000000000 0.08671493450376643874
0.00000000000000000000 0.08675607910582254501
0.00000000000000000000 0.08681194426855030899
0.00000000000000000000 0.08690372978215124555
0.00000000000000000000 0.08693190937346509384
0.00000000000000000000 0.08704624269858722563
0.00000000000000000000 0.08730531215608262896
0.00000000000000000000 0.08732289843284958553
0.00000000000000000000 0.08741463928836523678
0.00000000000000000000 0.08743780101389310444
0.00000000000000000000 0.08746302431135835609
0.00000000000000000000 0.08767761468203912056
0.00000000000000000000 0.08795041368014888672
0.00000000000000000000 0.08798939484247515763
0.00000000000000000000 0.08819854521526744595
0.00000000000000000000 0.08830914924772353958
0.00000000000000000000 0.08839895134427326606
0.00000000000000000000 0.08843096941384935572
0.00000000000000000000 0.08856118364242338004
0.00000000000000000000 0.08894807590968296929
0.00000000000000000000 0.08900350308285355505
0.00000000000000000000 0.08904570819084867139
0.00000000000000000000 0.08929291332016596472
0.00000000000000000000 0.09019629463635145394
0.00000000000000000000 0.09023898161339312385
0.00000000000000000000 0.09060789751413456106
0.00000000000000000000 0.09090562871727875249
0.00000000000000000000 0.09126009688257875896
0.00000000000000000000 0.09149353388708240942
0.00000000000000000000 0.09168985044969585330
0.00000000000000000000 0.09171364518465427440
0.00000000000000000000 0.09202706178832180395
0.00000000000000000000 0.09203187941931977034
0.00000000000000000000 0.09203608568370855170
0.00000000000000000000 0.09205623894305738075
0.00000000000000000000 0.09205991210508487899
0.00000000000000000000 0.09231423991138784646
0.00000000000000000000 0.09272051211499973689
0.00000000000000000000 0.09276081895867885341
0.00000000000000000000 0.09276191853368731532
0.00000000000000000000 0.09284324963278307863
0.00000000000000000000 0.09296192564347961762
0.00000000000000000000 0.09297838049265262639
0.00000000000000000000 0.09328014745818256903
0.00000000000000000000 0.09328473469510208116
0.00000000000000000000 0.09330686280183575487
0.00000000000000000000 0.09346953954441868107
0.00000000000000000000 0.09370289779534025920
0.00000000000000000000 0.09376463113462137067
0.00000000000000000000 0.09379348376922763686
0.00000000000000000000 0.09392777928426944423
0.00000000000000000000 0.09407762516762421812
0.00000000000000000000 0.09419789326352706604
0.00000000000000000000 0.09436340427719311363
0.00000000000000000000 0.09442298413218180864
0.00000000000000000000 0.09455194417139861640
0.00000000000000000000 0.09459701817717094952
0.00000000000000000000 0.09461299370284662058
0.00000000000000000000 0.09469800424653437854
0.00000000000000000000 0.09481289619042285177
0.00000000000000000000 0.09506447219872868337
0.00000000000000000000 0.09548762313698148929
0.00000000000000000000 0.09551722591221326053
0.00000000000000000000 0.09553210840896592115
0.00000000000000000000 0.09554201325826013058
0.00000000000000000000 0.09555456176860001316
0.00000000000000000000 0.09581182397913071136
0.00000000000000000000 0.09591732481540941879
0.00000000000000000000 0.09605226105577921447
0.00000000000000000000 0.09624830627474052769
0.00000000000000000000 0.09646355439946960320
0.00000000000000000000 0.09647844857750341452
0.00000000000000000000 0.09672657622121623444
0.00000000000000000000 0.09690896733628021065
0.00000000000000000000 0.09695697643830378243
0.00000000000000000000 0.09696317398831608148
0.00000000000000000000 0.09735169733537024639
0.00000000000000000000 0.09761466330372257916
0.00000000000000000000 0.09762239006622880355
0.00000000000000000000 0.09767925445987069022
0.00000000000000000000 0.09820261838641797247
0.00000000000000000000 0.09847134273682507655
0.00000000000000000000 0.09874459703558599588
0.00000000000000000000 0.09898670406677569089
0.00000000000000000000 0.09923410361030771121
0.00000000000000000000 0.09938931325803777861
0.00000000000000000000 0.09943405094003529565
0.00000000000000000000 0.09965029535684391537
0.00000000000000000000 0.09966440683931543365
0.00000000000000000000 0.09973123276965743800
0.00000000000000000000 0.09997416239422574069
0.00000000000000000000 0.10050678999507391131
0.00000000000000000000 0.10085983489121669310
0.00000000000000000000 0.10112182834278042598
0.00000000000000000000 0.10120298310924259744
0.00000000000000000000 0.10122144800089748207
0.00000000000000000000 0.10137772084882816503
0.00000000000000000000 0.10148156329877824899
0.00000000000000000000 0.10156388338554768469
0.00000000000000000000 0.10175248833080270672
0.00000000000000000000 0.10175253848184301342
0.00000000000000000000 0.10200685803205261637
0.00000000000000000000 0.10235800237174630389
0.00000000000000000000 0.10254875793762659175
0.00000000000000000000 0.10273710964968417458
0.00000000000000000000 0.10288590461398412768
0.00000000000000000000 0.10290870751066684419
0.00000000000000000000 0.10291106669683884600
0.00000000000000000000 0.10304882086175816414
0.00000000000000000000 0.10344525987545905021
0.00000000000000000000 0.10357370670616426744
0.00000000000000000000 0.10380386245034022019
0.00000000000000000000 0.10386666905741269440
0.00000000000000000000 0.10396255742868899807
0.00000000000000000000 0.10399636188882430132
0.00000000000000000000 0.10399940447222733031
0.00000000000000000000 0.10417870154058143928
0.00000000000000000000 0.10428155336774083684
0.00000000000000000000 0.10433426111461592545
0.00000000000000000000 0.10442886714337447362
0.00000000000000000000 0.10476703827073001463
0.00000000000000000000 0.10481760402686154943
0.00000000000000000000 0.10487155657716021318
0.00000000000000000000 0.10490116850154926342
0.00000000000000000000 0.10494598631808775557
0.00000000000000000000 0.10525267278844874230
0.00000000000000000000 0.10532763587015933626
0.00000000000000000000 0.10550899415047440555
0.00000000000000000000 0.10573231652977502226
0.00000000000000000000 0.10584216834080721614
0.00000000000000000000 0.10588595710783281489
0.00000000000000000000 0.10604858547056464357
0.00000000000000000000 0.10613920784898650540
0.00000000000000000000 0.10618654972127025693
0.00000000000000000000 0.10629583718377801083
0.00000000000000000000 0.10650054452819519846
0.00000000000000000000 0.10680083728568150192
0.00000000000000000000 0.10706776848258697798
0.00000000000000000000 0.10752628373199139833
0.00000000000000000000 0.10762058730996183764
0.00000000000000000000 0.10774142917756383830
0.00000000000000000000 0.10778372943625673386
0.00000000000000000000 0.10780221446881692315
0.00000000000000000000 0.10780247553796362681
0.00000000000000000000 0.10782041951388737777
0.00000000000000000000 0.10785940485133986566
0.00000000000000000000 0.10810692523909580520
0.00000000000000000000 0.10813426611159838997
0.00000000000000000000 0.10823513507600522610
0.00000000000000000000 0.10845362467221060510
0.00000000000000000000 0.10871974398094530478
0.00000000000000000000 0.10875211286098405983
0.00000000000000000000 0.10913977743906973228
0.00000000000000000000 0.10939375322962308079
0.00000000000000000000 0.10942662454997463539
0.00000000000000000000 0.10943406060144032776
0.00000000000000000000 0.10951813554056699651
0.00000000000000000000 0.10990438623322250355
0.00000000000000000000 0.10994711684670001317
0.00000000000000000000 0.11019767885844941602
0.00000000000000000000 0.11048921914579265535
0.00000000000000000000 0.11049983441692808050
0.00000000000000000000 0.11062259081140349282
0.00000000000000000000 0.11068441991447841577
0.00000000000000000000 0.11071236876144889549
0.00000000000000000000 0.11072619890728771508
0.00000000000000000000 0.11072935579695053487
0.00000000000000000000 0.11090087856775104891
0.00000000000000000000 0.11095305015047790542
0.00000000000000000000 0.11103131034243723940
0.00000000000000000000 0.11134907329988136260
0.00000000000000000000 0.11146046910073439951
0.00000000000000000000 0.11160691827362738404
0.00000000000000000000 0.11209836749670849809
0.00000000000000000000 0.11217278645646583390
0.00000000000000000000 0.11218718644130797057
0.00000000000000000000 0.11255478553674944098
0.00000000000000000000 0.11260177348498248695
0.00000000000000000000 0.11279770632868243996
0.00000000000000000000 0.11292205745052741328
0.00000000000000000000 0.11292807324806378166
0.00000000000000000000 0.11294076562725330337
0.00000000000000000000 0.11316220258093186157
0.00000000000000000000 0.11338297763628864268
0.00000000000000000000 0.11367920229707767499
0.00000000000000000000 0.11374373944995837260
0.00000000000000000000 0.11417859811576744344
0.00000000000000000000 0.11423695018350966957
0.00000000000000000000 0.11425282620388088617
0.00000000000000000000 0.11463173557174180517
0.00000000000000000000 0.11509195166591948412
0.00000000000000000000 0.11514263031745521071
0.00000000000000000000 0.11514296444014943122
0.00000000000000000000 0.11539162311530326566
0.00000000000000000000 0.11549255321961977849
0.00000000000000000000 0.11670549114800067569
0.00000000000000000000 0.11692667748190563315
0.00000000000000000000 0.11704409325627350424
0.00000000000000000000 0.11770443964193144648
0.00000000000000000000 0.11801985552030419546
0.00000000000000000000 0.11837409537688467487
0.00000000000000000000 0.11849056011680850209
0.00000000000000000000 0.11854946367006029273
0.00000000000000000000 0.11859609823481949420
0.00000000000000000000 0.11868181871282135198
0.00000000000000000000 0.11889475312446455557
0.00000000000000000000 0.11951374188569686974
0.00000000000000000000 0.11961107058588850427
0.00000000000000000000 0.11972458395358183403
0.00000000000000000000 0.12026554637313698060
0.00000000000000000000 0.12030519558808694391
0.00000000000000000000 0.12062904304238857012
0.00000000000000000000 0.12113947636912868189
0.00000000000000000000 0.12141161287575431837
0.00000000000000000000 0.12180944837249840784
0.00000000000000000000 0.12233671563878804889
0.00000000000000000000 0.12239450150763656056
0.00000000000000000000 0.12250396718508836658
0.00000000000000000000 0.12252597486049297826
0.00000000000000000000 0.12276161324906335881
0.00000000000000000000 0.12290508318478787775
0.00000000000000000000 0.12301177785194444825
0.00000000000000000000 0.12304686843222195636
0.00000000000000000000 0.12349723160061447380
0.00000000000000000000 0.12375280830868394533
0.00000000000000000000 0.12441187616840088115
0.00000000000000000000 0.12493440070711048229
0.00000000000000000000 0.12532067870514940200
0.00000000000000000000 0.12539472736196016767
0.00000000000000000000 0.12545609163679255493
0.00000000000000000000 0.12560875917569502835
0.00000000000000000000 0.12572047180773932018
0.00000000000000000000 0.12613160982086629724
0.00000000000000000000 0.12632274706911067463
0.00000000000000000000 0.12632499581609829553
0.00000000000000000000 0.12664257054775449052
0.00000000000000000000 0.12664949009421985759
0.00000000000000000000 0.12669511765639970835
0.00000000000000000000 0.12679602003093476403
0.00000000000000000000 0.12679606288914258005
0.00000000000000000000 0.12704034663376587155
0.00000000000000000000 0.12722505441807671622
0.00000000000000000000 0.13002144474248070183
0.00000000000000000000 0.13009016395583219983
0.00000000000000000000 0.13024240784672558302
0.00000000000000000000 0.13124652956900711986
0.00000000000000000000 0.13291568133791512030
0.00000000000000000000 0.13340975420966788567
0.00000000000000000000 0.13367900698934070958
0.00000000000000000000 0.13400317974752246064
0.00000000000000000000 0.13468642575570574649
0.00000000000000000000 0.13619375961659513363
0.00000000000000000000 0.13802059428110996508
0.00000000000000000000 0.13981206991501035630
0.00000000000000000000 0.14093282395677486640
0.00000000000000000000 0.14096898426288123618
0.00000000000000000000 0.14888628493134603570
0.00000000000000000000 0.15392281047638861624
0.00000000000000000000 0.15829530543109562868
0.00000000000000000000 0.16357025964540200524
0.00000000000000000000 1.73205080756887719318
