0.07728026776230065287 0.08268846572987954835
0.08187182289343757080 0.08637947898674946945
0.08658364714746136226 0.08940575361302163793
0.08569681007865660727 0.08940575361302163793
0.08937473239475086928 0.09406334852231787447
0.08634948633274872054 0.10249242751213274993
0.10100473063996065481 0.11234606674018404737
0.11031947311702407222 0.11316737335996768232
0.11318956025012166799 0.11741092931865217130
0.09718960040051656535 0.11763822646910575276
0.11181333224356518330 0.11797240710129211494
0.11566898231723184154 0.12018184488272096178
0.10945618148471862596 0.12208363501405689044
0.11161451081707390864 0.12401005676434921632
0.12282949725573215349 0.12421879602559213196
0.11005580458150117373 0.12430423428132260366
0.12219439234609336120 0.12449655382085181299
0.11507136169588695618 0.12455891955049235020
0.11536876374600139872 0.12702965799043103301
0.11713071236852881651 0.12764487082639758286
0.12450039134574888977 0.12814592482102396542
0.12592188921393882017 0.12865866851740254129
0.12719844829672824482 0.12876024421571405365
0.11442196349241728903 0.12928098656519490528
0.12825246853166466510 0.12929346523368615007
0.12529956189871097050 0.12949229217852809004
0.12167406961296810264 0.13045222055362168390
0.12591424614032628582 0.13083189011999324380
0.12985068065979349372 0.13185177659888494550
0.12302321814613149942 0.13186054012565287530
0.12708151561994721068 0.13236925748276670567
0.12269015867846790047 0.13237453439461932536
0.11714656098073591983 0.13252691338127861598
0.12648050162075058500 0.13274642979701015144
0.12088176330418264059 0.13276576221980571080
0.12478013307955725109 0.13323295307496532680
0.12536674899350994106 0.13339156361451154353
0.11899165288096545667 0.13379562661994934269
0.13307802525631370893 0.13394089009044987670
0.13429954396490981217 0.13435208329714135034
0.13381270773962772314 0.13440677704114542546
0.12908066232401732565 0.13441975975709505309
0.12198371775343294643 0.13450423482258416774
0.11644935395040328929 0.13553216770768078403
0.12120413067234195315 0.13555270861007001626
0.13616153448266560266 0.13644722773813958150
0.13210714070070794790 0.13740951556907071707
0.13618383640071435314 0.13806627077259964187
0.11613596491482300332 0.13947480517137292311
0.13874600089127794855 0.13952037673347486568
0.11710029312196698625 0.13952037673347486568
0.11388532998890284198 0.13983318346946788102
0.13567693675833902844 0.13996373467595921158
0.13908679448905905685 0.14040704196043127250
0.10471290578330059995 0.14052553832500616626
0.13624500909361447754 0.14085733359342786364
0.12493239820043140764 0.14100737024481863058
0.13398495522302675265 0.14145731269989467171
0.13375836940798727093 0.14247988178046983032
0.13437257823541112756 0.14325076834675992687
0.13818088018252749904 0.14325750225000560834
0.11959206169996722258 0.14411365972861608920
0.13574986559474144787 0.14422437121927472736
0.14353859152700645940 0.14433585012436175865
0.13241360668899751496 0.14465738219198909231
0.14386368817560440947 0.14518934967757016197
0.13434782706868761415 0.14536101127791792309
0.12544037797451096372 0.14540150372160942638
0.13511869697500639154 0.14613314540702787570
0.13044734126389626039 0.14614603726714117671
0.11920426561826291678 0.14669883020819404762
0.13201091452573068818 0.14682956887944503821
0.12971986012065289673 0.14690131641930948003
0.14264033225811942329 0.14711265639804288474
0.13123524953813558991 0.14867959443695460964
0.13405486156753734783 0.14976227473324271733
0.12633524070362298075 0.15077974475316741065
0.12827157736742841876 0.15088636326242665930
0.14348936563186412418 0.15088861843931247742
0.13759993590989652579 0.15138876448344512626
0.14211800292024964754 0.15220517850605988497
0.11787515717146332395 0.15244948380554287914
0.14700619313119150933 0.15249442997528886434
0.11771488001130206436 0.15279988563945659519
0.12338482794516837660 0.15353717998592122940
0.14375788232155245483 0.15361611371777320056
0.11974121912028561077 0.15377502594063069408
0.13851664684986125797 0.15392171103696811185
0.12613690931257556804 0.15398021287400417978
0.14924700093891504760 0.15426914802473240540
0.13131075038238859687 0.15606468168950679565
0.15332577579730671813 0.15683900466826614095
0.13368998689140468294 0.15685357960708179448
0.13940777501429577057 0.15693231950470135083
0.14140590903594157934 0.15730059235494361913
0.13236924308352257529 0.15778210349869115081
0.11087318786165523132 0.15809540340113653611
0.15545919010442052488 0.15809784561612419407
0.13083808807795274665 0.15863012026626097106
0.15618722184153957522 0.15883856118293079862
0.13476614640206302509 0.16012977896861921301
0.14846045568043281238 0.16020184005477330902
0.15989408069250790612 0.16068509360581023637
0.15773227098979444860 0.16172690921859148028
0.16163933957050727330 0.16223641847178274511
0.14181025982884587489 0.16230036777666576042
0.15624571014819349513 0.16256802803303221916
0.13496272037521464537 0.16266015449713833174
0.13350999365457807966 0.16320969767074725021
0.14963187611492134721 0.16366553798105945572
0.15227392696719715959 0.16375237079973120613
0.12581058705647080176 0.16423935898928138100
0.16303089462345882188 0.16452003849904434096
0.11837257438597645343 0.16501158775705040971
0.11770402873954714795 0.16512802672684628869
0.13709961466990802648 0.16536155988997280897
0.15077266428899591122 0.16548498180171494765
0.15445846228365245345 0.16595043616392698982
0.12305621270635083708 0.16629350530651518247
0.13801529892388292309 0.16635997046688522083
0.11084165801398458695 0.16641587382170058840
0.13730417641720399358 0.16648388600160426987
0.12233660260710037260 0.16715433593516829114
0.12806645862671062197 0.16778802631249212229
0.11908960633485697611 0.16878008205759972848
0.15607126442388993826 0.16902330400955789536
0.14187146070484291105 0.16913389537748982350
0.16683284150331895157 0.16997855074583975710
0.15663226548404771132 0.17054531192180516497
0.16949807933165123019 0.17068614830068717936
0.13749311376991205091 0.17078946798692534736
0.14917237924337642396 0.17093001157046178173
0.14281210587469989060 0.17167369197269921610
0.16668669969502281081 0.17205213097581992243
0.16037122060591904593 0.17209413225594261121
0.15456378091574668465 0.17233762305881680788
0.16758325711137037062 0.17320611204523567173
0.16938388286371428015 0.17340537063698571729
0.12381911941412034051 0.17407066794004996679
0.12682528972488907315 0.17496432547256202117
0.16730220953220048541 0.17547819826172489366
0.16990631889172597146 0.17566785658449365903
0.13084716540564794718 0.17654627992214330656
0.15652235215360565945 0.17679991111798087911
0.13768282857967142907 0.17713032826127600439
0.15244936104422709966 0.17718152197394243519
0.12544383130208069943 0.17811091952318541809
0.17691340990724480076 0.17861454459988176935
0.15554413640700989752 0.17884474520920781715
0.14305671123704769010 0.17929013941098503881
0.15601606180518029499 0.17938438128324468712
0.14655104416073405638 0.17946619232899208018
0.15283448229950571950 0.17969412159628006531
0.17356796216069864114 0.18064430518073065768
0.15903923403298159123 0.18076591242058373532
0.17644611344932809027 0.18102511895325962277
0.14227036412121013553 0.18115075829620758130
0.17068322222218157425 0.18145628440821232052
0.14282500559059427281 0.18162806121812558047
0.17537660785569317290 0.18223219714021368643
0.18138542299503376820 0.18337884264202319873
0.16648668486364850971 0.18351065900800336839
0.14975027083788527982 0.18352984492738427802
0.17715585668692995780 0.18357403363937727092
0.13089523773953548602 0.18382806084891276099
0.17041094515334656578 0.18397899563220521113
0.18335269561650729964 0.18403167711858009481
0.13933614545461084355 0.18405733576785326955
0.13230935015930206378 0.18452684134739999466
0.15934626158061018786 0.18500655535218413217
0.16391941584859712200 0.18580906103622463199
0.17685616210800614301 0.18626332487486871314
0.15808097098191006835 0.18654914802633823512
0.17868295835523984039 0.18660317089802833102
0.14441720944668842708 0.18723888515852610270
0.14391952087538073535 0.18770926227586079427
0.13331712927122707502 0.18799138324083664031
0.15375655321651604535 0.18811816728746563743
0.18583895175366790808 0.18811850797554113823
0.14098914396540221383 0.18833717766825622264
0.15130252617870493248 0.18857846536729155895
0.16699191118345321772 0.18952561257866026856
0.18606993136638647068 0.19005017598139486990
0.16922646609945729557 0.19044017778403682373
0.14811156902397404345 0.19044398871670301099
0.17045968655005183656 0.19169827954805193637
0.13975506645693958063 0.19175100082493920506
0.14830613409195239627 0.19256008706378449635
0.12480083854817954070 0.19340971153948044448
0.19078755190293311683 0.19499904438417814401
0.14123153269826493883 0.19602327844920441891
0.17317927028817714508 0.19632877864028913661
0.12185176635208262719 0.19721776609575517036
0.17303163630165405151 0.19747706568117812109
0.16806515478075803594 0.19848391073792429062
0.17309718118805436649 0.19966734701464239343
0.14132205640706982375 0.20035262065183340185
0.18141294335888252798 0.20045135137601730047
0.16834967368461048465 0.20086918141182719122
0.19838454319900034051 0.20129171560929001727
0.18888065863005409906 0.20215185984463207580
0.17131364235901525017 0.20237592610827617734
0.14531727135839495046 0.20272575030362274817
0.11753237892033709111 0.20294854905353565400
0.19249327588520770416 0.20297497168587111394
0.14182284135596087693 0.20326635528834327560
0.14080132884215992850 0.20470721976864092451
0.19427780335405983592 0.20488907255256044726
0.19446695258200444312 0.20588961019534318675
0.12989928588363888751 0.20672126967974627232
0.13915294990586651869 0.20710975236212647577
0.13868041613198292539 0.20738957749454461910
0.17516540646972328377 0.20744020660855114202
0.14670938073629952170 0.20798044779839289231
0.17090544253232606287 0.20842694187125815342
0.13181430274786840040 0.20899143279089940628
0.16298608340078912793 0.20930915302889066543
0.12853431355734371011 0.21185130105344290863
0.13840520163931216424 0.21301209618866789874
0.13046178369829761201 0.21316536692456239388
0.17077341464972309315 0.21444961227734748999
0.11829049372665097206 0.21533410097923738613
0.11800321860100605742 0.21566490481466710216
0.21622396440627422720 0.21698238044173973060
0.13083741338130841503 0.21712154376753517449
0.13382796459171664161 0.22145605827841266522
0.22256293765211399016 0.22317361048895117959
0.13809326649126055231 0.22331113541046190840
0.17579956982118669084 0.22389544537793129586
0.21571718321093280579 0.22484211074108576001
0.13117982054200011399 0.22696280805818302984
0.13228548035795542615 0.22868930674286030991
0.22239839071923275804 0.23551932477201914518
0.18689665918001921452 0.23799650495606589073
0.18855984588122404189 0.25224467842861170164
0.24212396497243995896 0.27938116119917077995
