0.07221125499203386033 0.07477514051541481188
0.06840332610686282455 0.08907850810169154476
0.08131524240553399119 0.09036815879586448941
0.09137559487710163186 0.09423337639856053938
0.09475773453976533978 0.09827050742766969826
0.09457243699628706257 0.10419634892288610895
0.09811458930399051537 0.10730649644581988222
0.10963626093363740277 0.10983099231014738228
0.10020143945272548536 0.10983099231014738228
0.09810124045372872748 0.11036926581748009168
0.10085910048658851268 0.11227169273176136610
0.10507560366720103406 0.11333639748912856249
0.09772806035801948066 0.11557853742981863410
0.11368019142539627364 0.11787514590767790568
0.11872541351959303713 0.11894476367108913761
0.10572077796227109803 0.11939854240850490685
0.10435627611843097118 0.11997819120417700656
0.12024991835711897059 0.12110375911012689898
0.11388320948617496053 0.12378298112597042879
0.10686449986451668215 0.12455620875600387221
0.12446566148958565501 0.12611900270713807815
0.11533491866279703408 0.12661071909199295149
0.12365042064718544113 0.12959727694511474771
0.11424165713442092918 0.13083497867558713246
0.11530741667966545871 0.13195632481716415563
0.11898738276573407602 0.13314033350991871796
0.13189915965772822104 0.13404702198416235115
0.13230666893515030669 0.13442223633209154920
0.13084578703737184679 0.13473934543801832642
0.12824591006940533333 0.13477489441647941271
0.13091549818409189965 0.13507770944428923454
0.11533730319514097495 0.13616797627888416189
0.10401387045873881909 0.13832898072934116107
0.13187504446811501579 0.13843917209203041030
0.13625112144807172143 0.13888365802382640624
0.13782590220535123615 0.13915570389828535447
0.13061172698289350014 0.14007263262637920098
0.13387888155065902351 0.14026800954899806828
0.13437761479275281418 0.14050171484101151020
0.13885574440447287503 0.14053827233393084706
0.13925371544939579849 0.14079828508399652720
0.12751272443482508656 0.14084870989116010653
0.13319141668598644124 0.14160052410513532251
0.14079709938842385752 0.14167369623057241013
0.11876830333320420596 0.14172229996976723476
0.11600165149166649647 0.14285455684301881507
0.13492610983411415515 0.14297784164978527555
0.13332431457478324810 0.14340865534465876974
0.14223911111455489475 0.14361188744286665364
0.11781913543564823121 0.14413651773961677627
0.12617673927004047219 0.14450726021447576897
0.13896121657280025019 0.14475891048924824367
0.14157999711924507125 0.14498800483848039988
0.12984040902815666141 0.14522008086403803695
0.13631691579591811991 0.14527071258621390704
0.12316194600275492954 0.14543137676993303509
0.13794289327650322008 0.14562731328718600543
0.14445883004357451540 0.14567803414736818501
0.12748660736591946319 0.14574994177871181122
0.12999320482009893429 0.14596454184260207465
0.14229836728352374120 0.14708597180450350139
0.13666064881649017670 0.14727646097891569643
0.13602075461237711496 0.14761124319954632700
0.11716268244439176360 0.14797297503691050902
0.10240856582006500897 0.14848277534902090680
0.12957460595199279951 0.14878577480535354338
0.14875294682083609055 0.14901560115671633189
0.12883936006613913583 0.14963674463582973817
0.13297528430432400959 0.15051396808369324476
0.13473902882021560057 0.15051396808369324476
0.14920848294649341481 0.15060912700575035394
0.14613067109445398994 0.15067176599514539581
0.14573517425519361135 0.15271100769896933658
0.10924282042923756653 0.15363146519155973513
0.14283878087523577127 0.15404429992064314070
0.11955437652283000538 0.15473606770406811428
0.12540351197642571335 0.15601201178670828784
0.14348088773782841088 0.15606337533999617428
0.13261099702881976037 0.15643745442462642092
0.15454635778916989142 0.15655227992439019191
0.15663773070310249569 0.15685047288034242863
0.15755378993159024903 0.15839529238790775456
0.13698764878570809933 0.15871187824783752895
0.14819653260723908428 0.15915142667168796775
0.13168134287937419136 0.16011676720732107015
0.14016352307888974016 0.16013471998428471799
0.14104911304304534880 0.16020320792359504791
0.15927585771744973142 0.16043455757570151965
0.15760652402544664263 0.16129161645823839044
0.14584769035940808868 0.16140465674910869920
0.13472481838132502330 0.16209229901278596198
0.15923058599949960201 0.16240262357518442382
0.15739804930954501283 0.16322966880602260420
0.16067770578953993743 0.16328937180578909083
0.13683484391447617301 0.16394650143161998423
0.15967299455249647777 0.16483130854340008464
0.13901398388981206500 0.16493580627930909399
0.15012834804723801385 0.16549373860660362978
0.12575130929705077842 0.16607662638818943002
0.16288592039444232951 0.16664249302717545898
0.15168850739312572662 0.16711010804271370089
0.16419127513959169695 0.16725131073142143756
0.14322857683164283427 0.16765141925961615788
0.12776943066558640871 0.16824705695503375247
0.15459979505442947301 0.16835107726159409536
0.13196127805039539749 0.16848962493953051345
0.16550112773653563591 0.16965564839531546704
0.15941214498919867304 0.17108449224392111021
0.13970641405058809026 0.17190001893731218785
0.14142963850080952914 0.17201892661436979370
0.16576692261343575763 0.17250046544938202331
0.17062334837066037152 0.17255916857196251790
0.12822560504872962395 0.17317117785611099712
0.17118711903966241095 0.17321522282066320608
0.14758376398087064141 0.17339279338383420392
0.13146132808356622568 0.17371194322038241431
0.13853907927413416923 0.17442350202958173400
0.15973697808542836052 0.17443107180351510865
0.11937847447737127971 0.17466640649170814270
0.17203263513164929188 0.17492722323056217326
0.15401140965892454182 0.17542261514584919779
0.16896783019284605798 0.17546273499971110077
0.16886818942024905965 0.17677482140950845357
0.11933026287665945975 0.17715202946814329055
0.15304867265566410306 0.17717836181604734724
0.13819265081543111173 0.17722243931685047191
0.17134636954719328905 0.17734324333138568042
0.16084621332626236612 0.17739718581707819567
0.13912801469904076401 0.17743857129795792549
0.12534923625221092158 0.17802087213282846712
0.17721637149965940861 0.17810403847001388122
0.11421450045270833962 0.17836793752647236988
0.14117759881286781609 0.17877228353030139019
0.16941180651713630412 0.17891296731420724964
0.12951140198767066569 0.17902259721570654150
0.16645919341441867134 0.17905301886613861351
0.13181712744841936336 0.17929615418500963187
0.13809115264782684251 0.17945544038084612626
0.13007354193058265346 0.18123556725638284570
0.18127209818026848720 0.18129960373489814596
0.13696001024510467969 0.18153962609245974380
0.12793171564223848602 0.18156993626592540791
0.16420162350673059293 0.18333411923231274221
0.16397407275156802853 0.18406100594626728650
0.13360074166600346968 0.18423340547562547242
0.16584161957846663138 0.18480797398630316453
0.18231572846937166288 0.18499075402174305904
0.17903602281773731142 0.18556536324998162968
0.16428256895734119625 0.18564260842602464674
0.12990799353403789662 0.18578795081703036729
0.16870549671784873524 0.18619460361330208986
0.17114938731677173389 0.18622364043422190427
0.18180800031171814868 0.18641915507437212263
0.16956990214860170885 0.18657163897849307621
0.11883216462412646286 0.18696988368556516358
0.12608784080065210675 0.18716857325636657161
0.18216673120755388915 0.18717222912324887885
0.14786706845678165845 0.18725838578280518121
0.12600992921501508182 0.18754434269087891241
0.14574307744704756429 0.18761689229945427426
0.12655085871891294524 0.18782119884586431779
0.16855628663620636498 0.18833284198985178470
0.16500212903919661556 0.18836359062442228907
0.14207708238342625640 0.18839134060299014828
0.15163143322362862553 0.18913316451231479420
0.16356070873672304278 0.18993933933946019477
0.13901752741538478397 0.19029613377396412122
0.14346781045915810160 0.19066602582165656510
0.13323082929243965089 0.19124395721250481150
0.18969147874389383213 0.19152037631977050780
0.18820883416275233091 0.19161679640646475664
0.16623801261102968962 0.19185454158788656231
0.15801702548130541759 0.19200203854635244927
0.16932542728424812561 0.19211178949051654907
0.18719348136834532137 0.19248252809618354719
0.14058373041454177987 0.19254212887301483392
0.13256893650467810319 0.19256027001378556163
0.17288704360781467773 0.19287419314846090956
0.14183348164205838993 0.19347683863674822180
0.12771471238845480412 0.19347683863674822180
0.18767195665065555810 0.19363833507260069799
0.13937898389040689895 0.19377516893625099104
0.12538227980866475941 0.19424431173038853027
0.13759343311296168277 0.19440538864390749518
0.15973104677523802808 0.19504952950795734212
0.17633730258005547720 0.19519376188538273276
0.17907799924003828251 0.19580822718825882656
0.18391243375549765071 0.19602067752540161538
0.15018942482741404199 0.19626474517326025770
0.14782579419394192843 0.19637263078501426827
0.19030177023392991220 0.19729904541378204264
0.18046755743154557772 0.19823665940989282364
0.14101436356375310344 0.19988579349011048603
0.17063087969623458307 0.20003575962893921369
0.15790992457473221333 0.20037128673158183245
0.11663199285258989135 0.20049347541162854114
0.15492406936471520007 0.20063726707356344114
0.18068430531521392779 0.20064611056265618805
0.12644911706579797794 0.20066906929314176633
0.13557900727214350356 0.20114813248882948415
0.13949446264717724198 0.20149741202842869070
0.16995454603628404322 0.20179437267670488620
0.20050482142252504247 0.20198244991292940709
0.14466485869012191134 0.20219627920344718230
0.13586080578124071216 0.20335820145069197218
0.19368973114897711230 0.20475732307068633675
0.20124634303571398153 0.20495108420195731758
0.16861593913771108499 0.20766021477017473917
0.15302324451465063038 0.20771065011084346996
0.13054614238786979574 0.20833693860958185651
0.15879062298526441799 0.20974205787354552322
0.15282423820539414727 0.21053311237605371042
0.13374482155858319343 0.21104439842989650145
0.19882530159627095911 0.21132152101618581486
0.13047961081560757735 0.21173509591361899806
0.20348592984586044707 0.21330969564077775780
0.19734663760153017820 0.21382869955666289341
0.18310044857183846445 0.21676278859740424898
0.19495616112301705769 0.21881064541664227430
0.21677847574485636928 0.21949004902916396942
0.14097010574043067344 0.21963684700896601854
0.14934709067192539211 0.22242699507564270278
0.21709764364744280063 0.22252011197850607438
0.21861090447639300316 0.22385986015721748288
0.19504300617738079549 0.22426836811718750542
0.20503127808461157899 0.22438749215060399544
0.21529689908735588633 0.22509734722425564502
0.13921488810959073423 0.23104529250759472947
0.17600453189932652176 0.23512063194278062794
0.17268569496484947878 0.23590449469673760441
0.16042525599635604205 0.24399412481746682313
