0.01096917476089597464 0.01205844629216849470
0.01661887267668608545 0.01797843812135697592
0.01737694826052367872 0.02056904877651890076
0.01767442847137253373 0.02203139843442396967
0.01850316579171944198 0.02220314347083744352
0.01968403085391662310 0.02257190699879755430
0.02238049799892096944 0.02343027096323965427
0.02068100525626467845 0.02355352744005577079
0.02192264356389541161 0.02401055169616381907
0.02090251351573474067 0.02430391658760189255
0.02352624523048960081 0.02434600734976106670
0.02215716616638438094 0.02453393379883198056
0.02449510988719000651 0.02473491567668320221
0.02562511653766066932 0.02597511023596653368
0.02150084321135090071 0.02603283737110035495
0.02238159194401310656 0.02635122192532754481
0.02334281655830524119 0.02658351089520892552
0.02508189629385189703 0.02702298012360885085
0.02617300427478209957 0.02712558300067787614
0.02213130364708535205 0.02712793512670119353
0.02455386300791975035 0.02721910975623352200
0.02465436714703526933 0.02725238820198106968
0.02541862356158367670 0.02741390394052207330
0.02616222339018399110 0.02760816735867306637
0.02701856520439843354 0.02765787013093237365
0.02229217219921921997 0.02791432039025952550
0.02631251236929288764 0.02797732518404380531
0.02763216934323435223 0.02808928032391461160
0.02241781511153356082 0.02810612815833683081
0.02030117974053964602 0.02864717069677334693
0.02101580561619683513 0.02865892819206983244
0.02741188407555645093 0.02888765090552384424
0.02863854187170554455 0.02930632630886797693
0.01976932995257971865 0.02933113722571029786
0.02751895235614951196 0.02939660100934334691
0.02315406804183302303 0.02945973170514164241
0.02846414148066381614 0.02958526012940315350
0.02550595315048281506 0.02986621054554056826
0.02187374045197771830 0.03018496629498021791
0.02687264318008527123 0.03029968842542268143
0.02943717994877044844 0.03035179051361735006
0.02748365990938089060 0.03036835253175819080
0.02629432054663629476 0.03049229428570933431
0.02684762719248952670 0.03052745281094314603
0.02875227776499105978 0.03057440958344990328
0.02867387477270875312 0.03073238559255891955
0.02430341245575694253 0.03085087783412327270
0.02738689839431305770 0.03103373446120971310
0.02156675502592207347 0.03128155260632793644
0.02634482867575951154 0.03138419949748311871
0.03050214966784244378 0.03140900038202174005
0.02931017186051431203 0.03145205420021464360
0.02764328058607433414 0.03194510919881634464
0.02781036350681083749 0.03211154499517807070
0.03118932041846524117 0.03213321766449491607
0.03080983679745301351 0.03227008489800534813
0.03134055411969028510 0.03258476378153475628
0.03054096539071372851 0.03263812509570136744
0.03047705642061508333 0.03265523114409604744
0.02560715891335614905 0.03279439244422791000
0.03209921856446539684 0.03320783995979400410
0.03004400549871721199 0.03320783995979400410
0.03004641566114008705 0.03323914640752365784
0.03246827504618252092 0.03344238072448402904
0.02807911922491261245 0.03374816896691240631
0.03260027364445582804 0.03406167353055192942
0.02647848032045427985 0.03410741426835408457
0.02531507301050405292 0.03455596267630484802
0.03251489510473262734 0.03467265285417422960
0.02799039650280138111 0.03469864524935285105
0.03285515754014405737 0.03503624910450265501
0.03260502490194376601 0.03506111962162489215
0.02484425870029658909 0.03513214399266159638
0.02835908403303144532 0.03513739164266513337
0.03285128693009279482 0.03521686053714508796
0.02647698795482293643 0.03522530316544603135
0.03383858177587598798 0.03528144893732942933
0.03432034589413705122 0.03570333248587713448
0.03366508034891686763 0.03622582769989964036
0.03328237043801804407 0.03636820246245957289
0.03516557153720438478 0.03664420718638360108
0.03126930261571968239 0.03697186397132966318
0.03429544559142550658 0.03702054568952768687
0.03494174087364358694 0.03719594508785190740
0.02983889006595619175 0.03733650029326295722
0.03092291598902616873 0.03773422358497603019
0.02395891315365554150 0.03810684310988132067
0.02834744243121720825 0.03812050794356002664
0.03363734632376677580 0.03826097971001436032
0.03017691406783181221 0.03832804618181769735
0.03867559338921863071 0.03869490881066828952
0.03057425659438285648 0.03875691452823395999
0.03718434662135236546 0.03883767867193881757
0.03028840273838323202 0.03883767867193881757
0.03653320763969188090 0.03910605361611741576
0.03087119113692649019 0.03961672902390174500
0.02656602143993757117 0.03986532125633261009
0.03012305493077577223 0.03998163613667031491
0.03185838033634509625 0.04039679210220083888
0.03043599318223767780 0.04049150501964909193
0.04046770235519644987 0.04059265950364779330
0.03388258782628424115 0.04076736694776980641
0.03828001880683787328 0.04095566075833147190
0.03436240437261874059 0.04097171630542022214
0.03723682247209936236 0.04105624697978183663
0.02978127675883916747 0.04112302837242706038
0.03688709370122279785 0.04125723104772532207
0.02867113338216702167 0.04136044230616470890
0.03849079468370262408 0.04163738049433979294
0.04041041965793745055 0.04183720648796711988
0.03443564744579954290 0.04203163304950294221
0.03648106778871974820 0.04205472792824840877
0.03526960690741686583 0.04212254525865947313
0.02850841901748215820 0.04230421589907094188
0.03456274745181884406 0.04236188232570142070
0.04074179044975405339 0.04239288003154493417
0.03562546968637662209 0.04253596681281625325
0.03331240201986934713 0.04256356978147271541
0.02601497555142559537 0.04263337388113021265
0.03473407226021356375 0.04277797087493676043
0.04154955364599299122 0.04283353812930985188
0.04067670888628284465 0.04295048547948657203
0.02584656615798877621 0.04295308484528972959
0.02691970388581632276 0.04318206966164604699
0.03898491924281231175 0.04325521570277136851
0.03148793892882763984 0.04325575321701903564
0.03814612726951591148 0.04327486029678517115
0.02881994435858141468 0.04331956630544259168
0.02937747040957232672 0.04340673355839844844
0.04130763304800188357 0.04371202430656937615
0.04092058013719771653 0.04389359462881545215
0.03922004639421126232 0.04431449232035662711
0.03616333177591540826 0.04452527899240200926
0.04204529009850341281 0.04455481579228555422
0.04456509614886981080 0.04473878516163376506
0.03519036237570666303 0.04478239271360306278
0.04410026973481327717 0.04493666634104438035
0.04281179858778393077 0.04493666634104438035
0.04421366059607881316 0.04516948234487109387
0.03278353640402185271 0.04588904677390955034
0.03962335419603538883 0.04631301626701551238
0.04648194640747549400 0.04691636235362024732
0.03998294511089964948 0.04704281626915225722
0.04595688430713662509 0.04723284623099276852
0.04446828214355710851 0.04761390743367665407
0.04729901259304205435 0.04762455325423876201
0.04486296102312867240 0.04773851134926927059
0.04713768515947162896 0.04784701792733921100
0.04181951943058852955 0.04786766582744110543
0.03908719420623232854 0.04801033287872052968
0.04559645043658354380 0.04845305532721559671
0.04898849387712750358 0.04962532878844107959
0.04247597477758268542 0.04974897092508724639
0.04665008676244089547 0.04984958955401491004
0.04710519964704727031 0.04997745380871169985
0.04528579859400810870 0.05022395665915083129
0.04239949859175205088 0.05048091271584246448
0.04542936097516590832 0.05063158436337513585
0.04930569987627411027 0.05068848578787885778
0.03908983121933969768 0.05109669509379215907
0.03391744109377672900 0.05114178953079711459
0.03871015907655815658 0.05114781872221700609
0.04756693386852118427 0.05136715951068534375
0.03789796766092579094 0.05152048161126487891
0.05174457371088547752 0.05193019249333383908
0.05155098315677866805 0.05218653890485260016
0.04834822211918617801 0.05259626875458134343
0.04845161157891665626 0.05267337397146246158
0.05245802420176788605 0.05319435598344284671
0.04848633060701815906 0.05334968556356224634
0.05238357204707418113 0.05357215586709557914
0.05168065888336845215 0.05392219043358666142
0.04038229726089211102 0.05479579279007232295
0.05174819449897812701 0.05580170778966490885
0.04520859638840368094 0.05677511745569477353
0.05118491182266521333 0.05680079800256154776
0.04701752408263518840 0.05690670903505561096
0.05093121702375340981 0.05711597751781555266
0.05278858417190816082 0.05726372629820056237
0.05725249551698065320 0.05762029249965550798
0.05808919058236707011 0.05854155915165466101
0.05036893473231946611 0.05989033812606768536
0.06018317027296570670 0.06033754291162152922
0.05691144615155512010 0.06044386275043187734
0.05557291113997103044 0.06060455307765423572
0.04370055865578954812 0.06179729205227128125
0.06081615405781901768 0.06197637725997242469
0.06127959386768837974 0.06225603010617948574
0.05219841803601180802 0.06237018839301401718
0.05513801267626149138 0.06244134732683461614
0.04568385689722323506 0.06304176548428230831
0.04405863397783447988 0.06306826045387729784
0.06233360512757465249 0.06317055864137617605
0.05998769185700270762 0.06430105237810243568
0.04714607501540775403 0.06462546998895654649
0.06444939456879528183 0.06526156327999435569
0.06481646860145454103 0.06581093504813284589
0.04758042865994446813 0.06806026262191022802
0.06694883700434045570 0.06831098997168782994
0.06269808746556733425 0.06843998649544591473
0.06447489912937461043 0.06851892933066562608
0.06486778743376209189 0.07001936061675982648
0.07483824110960797527 0.07633923342227487419
0.09773252068655513547 0.10666636391203916656
0.13020442731392686819 0.14035220092337602482
