0.08681538957877633911 0.08757448776718598782
0.11907617666790820676 0.12226102337026391320
0.12090253509796891618 0.12822988510022709230
0.12661109622348862280 0.13156774752820604713
0.13441122638107502740 0.13609468135798752364
0.13484585220432371289 0.13714098549114048242
0.13422474372681678090 0.13780961436987268498
0.13963219855006611669 0.14089220616901954042
0.12244114018304724789 0.14163748866168004992
0.13343872681960153304 0.14187304354428989517
0.11031886774164514908 0.14658525373247738299
0.14148866485859637465 0.14689291683594277171
0.12104453750372622112 0.14723282822911590295
0.13751688397413355802 0.14729800799918260634
0.13197639194883967195 0.14732710723098843553
0.11068693089481509984 0.14846471111357395500
0.14958590652102785046 0.15210289091025533392
0.12576807937512013424 0.15370742112571303406
0.15542623963591781222 0.15704053923517652391
0.16238117370473004186 0.16282417095801873796
0.16139125145804031347 0.16380300892000054791
0.13084470524156494031 0.16412472213757323125
0.15854339861112404231 0.16493810670697583998
0.14162039121831815347 0.16868658110557335772
0.14592114689589957832 0.16879837840928355042
0.16541520209775559258 0.17022462163660170842
0.16005660280492606251 0.17260298542653249032
0.15770507447975101734 0.17298950163382920131
0.16870379524970549601 0.17334660087707270959
0.16327093032835851560 0.17354194487110860545
0.14114644058546838012 0.17375831221903129120
0.16215164497988995840 0.17376171232080148132
0.12850189880217374738 0.17472094458108766712
0.16601410240781117045 0.17479080023390441978
0.16113999007451870749 0.17564846507124959318
0.16654800619687418206 0.17753268771256067171
0.16694139819357844967 0.17753570046932484749
0.17310688290871026340 0.17833775609829080611
0.15629227221589822583 0.18052240152137297158
0.16299904343214483005 0.18062861238389191221
0.14125051683261416469 0.18122616547185574354
0.16823512697047382503 0.18147485303523674949
0.17699481104709324786 0.18377699567132360636
0.18117967647411054033 0.18436257067437183954
0.16937477660368788213 0.18440477199184696078
0.18010179746857554739 0.18577741620047072413
0.15399906456105572072 0.18732092237551276059
0.18779177762146506692 0.18819666038154986287
0.14607314664616888322 0.18906219304774307677
0.18594070944781268540 0.19036295461764979331
0.16100810502554363524 0.19052262590097113204
0.18665877113506734730 0.19142828842699197156
0.19031040387810657655 0.19174881245872413271
0.18858907113446388149 0.19203899314987987745
0.16793442243407571968 0.19304736621847909395
0.15412779079639263302 0.19363843856002002641
0.19205624630185264001 0.19445405044365798863
0.18506565555960100000 0.19643423161795059428
0.15674958642576120038 0.19717438161632958038
0.14175643947741384254 0.19719222403905867225
0.19783504718980465809 0.19793223528146275392
0.18289842135083617114 0.19804344324994321846
0.15940302559797880910 0.19807113756321406695
0.18519419024706804122 0.19910637222918003975
0.18256368906733400070 0.19936334163396990382
0.18487732105913001757 0.20018761502883228309
0.18637231394709180554 0.20065334671570003722
0.17316913757332202950 0.20210424011083205631
0.19091021897228893645 0.20228313716677653877
0.16009506496515227281 0.20243145374968454786
0.19479679695370294423 0.20341872205631977844
0.19114599074040322657 0.20429597615426448032
0.18249392649609746941 0.20639669058638854260
0.19705441518495991904 0.20760524091137608216
0.14911222745562280334 0.20826455021592035766
0.20250055248065898517 0.20922707539928100950
0.18661900534017789033 0.20945748198465183321
0.19381858786172248554 0.21006037885630238216
0.17540477654926778239 0.21024420008678779137
0.17310292531232765456 0.21088973018249748681
0.16431852747679359661 0.21143262104670912382
0.18054192678675873296 0.21149772149781970176
0.17114273942874119738 0.21177498270559705351
0.17817944666483045979 0.21300905469600672770
0.16062197884055995356 0.21363038883146640012
0.20481806152505971363 0.21384422964026944536
0.18889303771379462038 0.21401982465976535086
0.21116879755062539781 0.21466615780079753573
0.18990122950407700708 0.21554643880657325949
0.18227688684790196993 0.21852967711790688421
0.17989178326559740473 0.21903572982114469236
0.21772927277739273499 0.22024005634853272007
0.16717701594389827724 0.22077115148102927078
0.18441031826492371160 0.22118193566543875583
0.19667595675542812184 0.22118405103486507568
0.20129401084780221276 0.22183856916948219151
0.21545414608416832425 0.22193628920935759563
0.18242618594163698131 0.22275505170994575055
0.18353251779649465414 0.22363203378171553348
0.16409179316215535827 0.22454975151104009101
0.18858388371300432995 0.22506096358774441146
0.20159370564301606898 0.22517303377397701603
0.17972624621032229353 0.22531849824755323386
0.22378249938538308239 0.22572908603771463243
0.16595945003041223664 0.22636187655582545863
0.18401893028629240368 0.22756896878391189021
0.17563505040470236973 0.22806886849572044484
0.23141215211147306285 0.23169210392621542027
0.22128969145420651632 0.23258535523464193839
0.16310439703659995736 0.23286186427229091378
0.19767967347349874041 0.23294436038457122518
0.23428502766767508869 0.23496789846422558301
0.21302567314910225704 0.23511287199210900711
0.23434018804461323460 0.23677131125438613535
0.21057413155113557934 0.23762274355718801533
0.23612208217941693666 0.23800772266250996845
0.22555681270087446499 0.23853018036517106837
0.19125582133759655434 0.23910455615176698374
0.21123104104252871105 0.23934367446683596503
0.16357112997723791126 0.23999559660070396427
0.18323138813588268903 0.24035597402140540524
0.19636041094472875268 0.24054872503283158958
0.20784502381508804247 0.24082243349075171945
0.23558703790112439647 0.24283557423526253016
0.23880022438636935855 0.24289843888634740643
0.19521327550671174755 0.24401887300511071466
0.20391143504237319029 0.24754260993897236887
0.24726971141618311889 0.24805383899224389688
0.19194842017192045858 0.24827317974339785378
0.24109369422384149817 0.24895803539197733367
0.18174811859354289556 0.24973027542799508538
0.23468103166668294324 0.25001318561753183012
0.20807057511915807990 0.25014141568905134960
0.18091189359709014539 0.25069808415289596137
0.24549583277359957045 0.25103513625444767721
0.24370179556868148962 0.25207028013991977788
0.23363576021009249684 0.25213317313380673168
0.23958868602086469402 0.25331436085447273099
0.20033670990280061375 0.25432687767452982763
0.25399731504826900119 0.25579954687853906359
0.23729041874889317265 0.25690002174134562996
0.25248691294141989427 0.25716960208185452030
0.24167768394900673856 0.25762182600384020414
0.24598966452767032087 0.25766542457131291766
0.20125743110677549175 0.25861268765754863441
0.18909920043914618670 0.25994667264550025410
0.17529044215665165463 0.26032871701261650621
0.22344432150933801751 0.26165577479198631750
0.24571728893185892928 0.26311433991991073356
0.20457444610190150813 0.26325429197950089844
0.21310148905933118391 0.26395166555646820683
0.24154511843274009686 0.26525551919355344621
0.26110472632054171349 0.26555393673312682745
0.20418748790257007508 0.26780714949701128758
0.22440829043905996532 0.26792608063885819947
0.19592894940878588517 0.26836323944382173279
0.20613761193981469666 0.26860014021491818159
0.25981658865533291403 0.26908339349550203234
0.24988352633942317871 0.27134334681333827088
0.20783362534582017211 0.27172887748183827128
0.24874873847917383651 0.27393924124488561178
0.26650798549546922400 0.27544364359300982370
0.27101725857089292715 0.27639732133094996325
0.26137495918287506624 0.27667089633306107821
0.20940583465280288022 0.27698768320470429360
0.22679874462220625531 0.27739168038868727839
0.20658185161569264654 0.27895960229157285015
0.23035381804140253603 0.27896085497829908872
0.27859856913097524878 0.27941647018139670333
0.19144335131049999843 0.28086535600772177812
0.25262440162712740399 0.28874068628286508886
0.26666175174597706032 0.29139723411528689612
0.18446737563572157548 0.29153695564053572209
0.18185771599370184615 0.29239156726511433826
0.21992085101287850435 0.29359447718849362996
0.18791527013832329263 0.29449104583862262263
0.29502651189186035463 0.29525304526007700723
0.19655360183676953700 0.29924345842670074802
0.29966959945728255388 0.29991644027914698967
0.18712991114469371134 0.30063747109302541016
0.22747249847649339549 0.31191225201907735176
0.17063479127117220369 0.31347387526022824078
0.23041205697258587692 0.31649233783512098483
0.30277828746185664333 0.31689695233081832670
0.31012183290030959082 0.32041202286909886698
0.18499505168261121124 0.33028063202295060430
0.16211036339393827821 0.33028063202295060430
0.23574515253380853852 0.33764343530228024814
0.33041369811615367569 0.34280588916332821459
0.23546206722041482240 0.35216297363225840256
0.34258996851672229855 0.35369531178775481806
0.32610433925526033372 0.36027354264344341184
0.22950939233696696085 0.37170617388068383224
0.37610411646742197833 0.38850877948839313003
0.21492367763199335395 0.38916392571256352984
0.26018305406197128615 0.38925289741106761099
0.21070079770835312138 0.39410090306224565548
