0.01450626551529126881 0.01590079419064977656
0.01649784808246138393 0.01696363662135549899
0.01676216847318888828 0.01731567777500878438
0.01864811162838155706 0.01941581367251050266
0.01640732068993356815 0.01942255881634356515
0.01601606115633403063 0.01942982950879097032
0.01822507289679026199 0.01946936678501504439
0.01936233829908910048 0.01974782665254289776
0.01780423975061027134 0.02038491897447059290
0.01758826180755925297 0.02038491897447059290
0.01978521911191581314 0.02086447435351749743
0.01802830886574499636 0.02129777977588217380
0.02032372044070742192 0.02170547734416106503
0.02133106633061986404 0.02191629577090419348
0.01930570933858406779 0.02203271526514360285
0.02277088109492735393 0.02364059247451444704
0.02390466972705899279 0.02410894562814979228
0.02354302722504243023 0.02444072461662687157
0.01903864552658042150 0.02448256632892215068
0.02458432671841909861 0.02477259808976435898
0.02265780044024615081 0.02527641687506655688
0.02545712341654498764 0.02635560732022650121
0.02445978760137849581 0.02691686998719710136
0.02259497819474099931 0.02703707121521923759
0.02663655411895004405 0.02736075692461198069
0.02271189236449460552 0.02750404974038572758
0.02709727167855324054 0.02756216013280950519
0.02365751891255667844 0.02762099334753829669
0.02477385382967674937 0.02779751119065941925
0.02662045157858974539 0.02827803816358462688
0.02307990768216704180 0.02835459375713532751
0.02494481272529234031 0.02838608844221665248
0.02810044293283987804 0.02841880006636621214
0.02251332732724169866 0.02906189017811964051
0.02553027574629996438 0.02916876647641793163
0.02389290007520782078 0.02926047801730110448
0.02342211882193488345 0.02927723385839169773
0.02866806949163300949 0.02933747869889894930
0.02862801123099516926 0.02935554562656427988
0.02904293555666620161 0.02943004624947337042
0.02903458732861147890 0.02957141810806143689
0.02850638261441320459 0.02961566237652481573
0.02582219848090506337 0.02961999595793128950
0.02775558861014182366 0.02967704138557584331
0.02241845108573389464 0.02984919880906032261
0.02669729169530732013 0.02985538384819355628
0.02167174772584442438 0.02987349093562826491
0.02460561233699294637 0.03008798044085896767
0.02114377801956527497 0.03013983015438475785
0.02925576082678518069 0.03017703771309009769
0.02789189091306008492 0.03072121004713644285
0.03040404210488082543 0.03075086883801086968
0.03006111983272458446 0.03090397219186006780
0.02348529970413021015 0.03098762345616147898
0.02899672103752968730 0.03126193952503162482
0.02846674381098029255 0.03126598831927097921
0.02667182995062510747 0.03147935452789289018
0.03045547799946765263 0.03154420309013887536
0.02782427011936570646 0.03167003907047072353
0.02944282085531995177 0.03167732314769258761
0.02316434381371436022 0.03174985808575749024
0.02755172311193998178 0.03176641661285798529
0.02306409739376286475 0.03178728276569751238
0.03079840767978768087 0.03184570400397881973
0.02985275527441024965 0.03187854334728518896
0.02640537810935679811 0.03190163635832282685
0.02687929262250177143 0.03216009232874571938
0.02297890296053822778 0.03225438601398737670
0.02856995605533498711 0.03241711360063703751
0.02616181198370618605 0.03255733082773117765
0.02611362421166025030 0.03266108088081672717
0.02577680849895250259 0.03266277958600135450
0.02881333684959107300 0.03273639810244904219
0.02844494710982149732 0.03292077885214808597
0.03249757079318760233 0.03301506863883302972
0.02371616243433881735 0.03310456045529269059
0.02993764596841213405 0.03333300690093163321
0.02312204907252908906 0.03355767467869798931
0.02504385586794960483 0.03360051265872909809
0.02502296694673952077 0.03386155286389518765
0.02750636987205262035 0.03396314573326818936
0.03307122085865616540 0.03436038802104204176
0.03227827958160076061 0.03454616747812629812
0.02801917228542850219 0.03470872563089228563
0.03466325692342743514 0.03485960779519461233
0.03465498056873399929 0.03523508989571863537
0.02797817023972560060 0.03533003620226724678
0.03396958078321783703 0.03541156225746266983
0.03495515876621686779 0.03545622792772691600
0.02515678380717292079 0.03546936920589791736
0.02972768383334798911 0.03554077879240399862
0.03529959672451187663 0.03557930362181880440
0.03053254214385063905 0.03593459309750413055
0.02732959878460310826 0.03593916912156894933
0.03546754649583648555 0.03600587491646269067
0.03074723418708151523 0.03607510798329575247
0.03326121335618993646 0.03610601001328148096
0.02743378768372320767 0.03631367160778866537
0.03095269175856239785 0.03641973950638129759
0.03562056613395894050 0.03642596623924387184
0.03000070787260085761 0.03649132946276274769
0.03642357938054804206 0.03684545983951980491
0.02888623912806359897 0.03688137982156449585
0.03427942563147841348 0.03712636339396503671
0.03586411572946638510 0.03714058344611127771
0.03398384927146264750 0.03775623787075724908
0.03792408164437226920 0.03792600398592291949
0.02891507884203084466 0.03798829362817750244
0.03601454378115766242 0.03830958912244971509
0.02801141555632364818 0.03862806360370718561
0.03438984838072049049 0.03878734477813957499
0.03559831524093809429 0.03886258537391656942
0.02938993129458855602 0.03898080854406948959
0.02877696264176560909 0.03906067510648415092
0.03167003557238958628 0.03906067510648415092
0.03597879030346511769 0.03923369440035085615
0.03721743099440937702 0.03935342008227040583
0.02889024893511063508 0.03939691168984206515
0.03287597535496968731 0.03985020694739706271
0.03678878663217717560 0.04003199406382949160
0.03071528493183527803 0.04013858650952220608
0.02988838553318978047 0.04016602499442752799
0.03839733120323522014 0.04023839040145847645
0.03899741783169709264 0.04056275677467970769
0.04020923301700524144 0.04072479149553807909
0.03949311942018630950 0.04087087801347569216
0.03698476331323721084 0.04092971479249696287
0.04087950415511049096 0.04115206441364501616
0.03583318244410128861 0.04149361235788938396
0.03790375165430498461 0.04174460374011976921
0.03138055394821191724 0.04178627020777402751
0.03480969414665085332 0.04213519597543646106
0.03443546967885170729 0.04261270201645655370
0.03140083923228995794 0.04262779436991796789
0.04201127670296311845 0.04267918192534491534
0.03577646262720911990 0.04309068234801600311
0.02723601847075069610 0.04313663012935774893
0.03307344541673723493 0.04333977644171390503
0.03415236724870913954 0.04335087586326653863
0.03518176110089577674 0.04348511111993166173
0.02901330752027610205 0.04371746026718898587
0.03706001848883046929 0.04374922434959465506
0.03933542529450102104 0.04411486409643262940
0.04070719753280561265 0.04450978941273370931
0.04391087977507996537 0.04472336385726592700
0.03562438390723259712 0.04491794300225235986
0.04055355093040877851 0.04494288745074859204
0.04259352661595133815 0.04515534313280780698
0.04182700499863264282 0.04536699099972538174
0.04341243813091579667 0.04544188138600962351
0.03425189228868798230 0.04560770741038638193
0.03937404100191228135 0.04571968979564750707
0.04360728241687417822 0.04619680437262040779
0.04443147342836305247 0.04621703004355535993
0.04031444288153929884 0.04630106339832325280
0.03778908650635594280 0.04661758939402992075
0.04384666295379350404 0.04674135094020058501
0.03717425038481786403 0.04699852270813933280
0.04157164059504004500 0.04751887680322774976
0.03567649566691449836 0.04752599939025557024
0.03450100826190068137 0.04761247450743327086
0.03450638655590494014 0.04845401468765005853
0.04523265124998488568 0.04882617206229308143
0.03895886163329512902 0.04884291317514510150
0.04876076440797846162 0.04898139550766331118
0.04524891703163629042 0.04900106737825762199
0.03311857701688549621 0.04968723352420232470
0.04499196530987478737 0.04971522847498222736
0.04886238579746991079 0.04977223743794442073
0.04405423188288658948 0.05046223281042817171
0.04561017708001909032 0.05121818354468892637
0.03436896843113960986 0.05157206755434214085
0.04777932130318860576 0.05161761878634004569
0.04292321092790674780 0.05196581112212394354
0.04526349421840802911 0.05226678603290209335
0.05067175650709578039 0.05251705499201046734
0.05024713370459180095 0.05369464697893733957
0.04940052337476375649 0.05443254717828978351
0.04831211970108361536 0.05478696701803172781
0.04915028510298408843 0.05550235979304235512
0.05290219153708238670 0.05616179657762322003
0.04928728915061839772 0.05685064493486623183
0.05309979624147911914 0.05731126717511685065
0.05627382826556499157 0.05771285473480475964
0.05498730207428246392 0.05874226229657287385
0.05339958484531705935 0.05879664589653380707
0.05331797154701268387 0.05989362128005776970
0.06001096580800897862 0.06262193527008157179
0.05359932626115213733 0.06599392430216899363
0.05279996403631868895 0.06733309911555890315
0.05547120781133461215 0.06745594848053564074
0.06144605535799583379 0.06892578779026795055
0.05985889560829889960 0.06955838295612649935
0.06140556098074281127 0.07029117927279149303
0.05824865908490139965 0.07078327930026750980
0.06997633086232529775 0.07139224015567324777
0.06643457786418555111 0.07410066836348500052
0.06960483383711858762 0.07911173730894024980
0.07083267597910784807 0.08165605828309206726
0.08415867324161237228 0.08550428146812996677
0.09127748704813701264 0.09323742316143325548
0.08557705571519573506 0.09648328328282095023
