0.00000000000000000000 0.00588196286962177229
0.00000000000000000000 0.01817464720842705550
0.00000000000000000000 0.01927012435807375426
0.00000000000000000000 0.01990633580577517298
0.00000000000000000000 0.02174366647243054090
0.00000000000000000000 0.02317368289557783165
0.00000000000000000000 0.02335434765701133175
0.00000000000000000000 0.02661618671110108081
0.00000000000000000000 0.02684605415005787005
0.00000000000000000000 0.02825541701716849374
0.00000000000000000000 0.02847035672941193585
0.00000000000000000000 0.02866715176002596760
0.00000000000000000000 0.02889839290830743118
0.00000000000000000000 0.02967662777327865001
0.00000000000000000000 0.02970257860224231536
0.00000000000000000000 0.03001737422451361548
0.00000000000000000000 0.03015964764844184312
0.00000000000000000000 0.03062845586481978064
0.00000000000000000000 0.03063542138656596969
0.00000000000000000000 0.03067472471103611931
0.00000000000000000000 0.03085827768248981459
0.00000000000000000000 0.03129326879097971831
0.00000000000000000000 0.03135318097262435738
0.00000000000000000000 0.03148029338015844586
0.00000000000000000000 0.03161843783055315327
0.00000000000000000000 0.03176538171219552009
0.00000000000000000000 0.03222718034902528894
0.00000000000000000000 0.03232138868172797219
0.00000000000000000000 0.03390152114849577514
0.00000000000000000000 0.03404783467984155709
0.00000000000000000000 0.03478621583706920789
0.00000000000000000000 0.03491796938838614972
0.00000000000000000000 0.03506323075224952734
0.00000000000000000000 0.03506731469546103819
0.00000000000000000000 0.03548077568584561553
0.00000000000000000000 0.03628807212663644199
0.00000000000000000000 0.03664643925273861069
0.00000000000000000000 0.03677194831841027606
0.00000000000000000000 0.03679579081245474420
0.00000000000000000000 0.03695264688630970490
0.00000000000000000000 0.03697930764911689511
0.00000000000000000000 0.03706898168993011389
0.00000000000000000000 0.03760152012025895496
0.00000000000000000000 0.03760445003572254058
0.00000000000000000000 0.03761050738524601006
0.00000000000000000000 0.03812875919049990570
0.00000000000000000000 0.03814015361760233341
0.00000000000000000000 0.03833050454029340859
0.00000000000000000000 0.03868929406018365574
0.00000000000000000000 0.03894788818244823703
0.00000000000000000000 0.04018364625397297801
0.00000000000000000000 0.04047115829455259078
0.00000000000000000000 0.04067034899988131863
0.00000000000000000000 0.04103555121090671221
0.00000000000000000000 0.04104693687031758798
0.00000000000000000000 0.04110883457521958412
0.00000000000000000000 0.04119714828536152895
0.00000000000000000000 0.04145027038617869058
0.00000000000000000000 0.04224882274707512930
0.00000000000000000000 0.04224911969691467345
0.00000000000000000000 0.04235909167332282260
0.00000000000000000000 0.04236354357154122063
0.00000000000000000000 0.04247882199390694280
0.00000000000000000000 0.04252554887701049530
0.00000000000000000000 0.04265127694795246144
0.00000000000000000000 0.04313817012802895201
0.00000000000000000000 0.04343653346093087619
0.00000000000000000000 0.04404181361862444938
0.00000000000000000000 0.04440840998434120862
0.00000000000000000000 0.04450265379773812868
0.00000000000000000000 0.04572567421392279702
0.00000000000000000000 0.04632245114112978207
0.00000000000000000000 0.04638535471711834751
0.00000000000000000000 0.04647581971915190624
0.00000000000000000000 0.04651596321013498625
0.00000000000000000000 0.04667230122027966194
0.00000000000000000000 0.04675442699622422288
0.00000000000000000000 0.04677530091437562265
0.00000000000000000000 0.04704234494926874677
0.00000000000000000000 0.04707650727394907531
0.00000000000000000000 0.04725265432125477782
0.00000000000000000000 0.04760283534732913380
0.00000000000000000000 0.04766536389165211551
0.00000000000000000000 0.04778861500639344090
0.00000000000000000000 0.04846876068375984004
0.00000000000000000000 0.04881794837447779589
0.00000000000000000000 0.04906563195012901557
0.00000000000000000000 0.04956742653304091473
0.00000000000000000000 0.04957415775337460639
0.00000000000000000000 0.04978287093461402496
0.00000000000000000000 0.04981476996189351802
0.00000000000000000000 0.05014072810603716762
0.00000000000000000000 0.05016332933705221903
0.00000000000000000000 0.05023355583428969900
0.00000000000000000000 0.05023554709277040092
0.00000000000000000000 0.05100489046212988015
0.00000000000000000000 0.05110565798064445331
0.00000000000000000000 0.05111665606274917728
0.00000000000000000000 0.05113958675223377603
0.00000000000000000000 0.05116444044756562892
0.00000000000000000000 0.05119495895110263289
0.00000000000000000000 0.05125850248186725189
0.00000000000000000000 0.05168713019481042947
0.00000000000000000000 0.05180837939073063697
0.00000000000000000000 0.05185557042877582401
0.00000000000000000000 0.05187771032078325462
0.00000000000000000000 0.05192413997396660985
0.00000000000000000000 0.05199395788178971800
0.00000000000000000000 0.05202898631589219364
0.00000000000000000000 0.05218656831211804237
0.00000000000000000000 0.05286571713230388270
0.00000000000000000000 0.05307576241674999418
0.00000000000000000000 0.05328998272273971493
0.00000000000000000000 0.05356645980322658623
0.00000000000000000000 0.05379077796316833471
0.00000000000000000000 0.05390603749420030955
0.00000000000000000000 0.05426566811964714243
0.00000000000000000000 0.05428281611733184325
0.00000000000000000000 0.05433397893950572821
0.00000000000000000000 0.05449049041810590660
0.00000000000000000000 0.05459107881063433865
0.00000000000000000000 0.05477269454508552904
0.00000000000000000000 0.05501278143787328989
0.00000000000000000000 0.05514954699149160477
0.00000000000000000000 0.05544873195727968024
0.00000000000000000000 0.05576620641002496409
0.00000000000000000000 0.05579884908628992418
0.00000000000000000000 0.05585369247277684190
0.00000000000000000000 0.05619417993950434620
0.00000000000000000000 0.05639752757258932603
0.00000000000000000000 0.05639892437622135574
0.00000000000000000000 0.05683906291962433771
0.00000000000000000000 0.05705070773449267413
0.00000000000000000000 0.05708705300682677397
0.00000000000000000000 0.05724349554214009511
0.00000000000000000000 0.05742734133695832216
0.00000000000000000000 0.05779316829640491343
0.00000000000000000000 0.05800970580351345884
0.00000000000000000000 0.05804619499191398385
0.00000000000000000000 0.05806461066679854260
0.00000000000000000000 0.05829012804101854628
0.00000000000000000000 0.05841737695928810037
0.00000000000000000000 0.05852315330966061796
0.00000000000000000000 0.05900318457004379014
0.00000000000000000000 0.05935542198208487025
0.00000000000000000000 0.06001349008998906054
0.00000000000000000000 0.06010763581048877979
0.00000000000000000000 0.06016599633086023441
0.00000000000000000000 0.06022787647528506094
0.00000000000000000000 0.06040594492739918830
0.00000000000000000000 0.06074365241948904981
0.00000000000000000000 0.06086482052854836483
0.00000000000000000000 0.06090049441487245530
0.00000000000000000000 0.06121731621303168336
0.00000000000000000000 0.06124052788575198164
0.00000000000000000000 0.06133276012606746902
0.00000000000000000000 0.06137987144094418646
0.00000000000000000000 0.06149774797488505307
0.00000000000000000000 0.06162815967684517199
0.00000000000000000000 0.06194742985373836996
0.00000000000000000000 0.06224347253960838683
0.00000000000000000000 0.06250302515928433944
0.00000000000000000000 0.06259377985168637637
0.00000000000000000000 0.06278169455739328331
0.00000000000000000000 0.06312887043490469918
0.00000000000000000000 0.06313426831286360341
0.00000000000000000000 0.06313852536329304932
0.00000000000000000000 0.06343136135696939015
0.00000000000000000000 0.06357189774039152808
0.00000000000000000000 0.06372373178510180869
0.00000000000000000000 0.06374363978949366960
0.00000000000000000000 0.06376291393163599497
0.00000000000000000000 0.06396656494510766233
0.00000000000000000000 0.06414919269945183744
0.00000000000000000000 0.06440894881531576688
0.00000000000000000000 0.06466007955219631176
0.00000000000000000000 0.06479759573004358064
0.00000000000000000000 0.06499023182642484076
0.00000000000000000000 0.06529370120643772368
0.00000000000000000000 0.06531799809408436741
0.00000000000000000000 0.06540666435301753512
0.00000000000000000000 0.06593168840945062836
0.00000000000000000000 0.06599352091900168027
0.00000000000000000000 0.06616134152280921110
0.00000000000000000000 0.06617777049086290275
0.00000000000000000000 0.06641320673161335564
0.00000000000000000000 0.06654133637175707605
0.00000000000000000000 0.06667239870382392353
0.00000000000000000000 0.06670196662775747243
0.00000000000000000000 0.06670548038769044674
0.00000000000000000000 0.06683616638928571718
0.00000000000000000000 0.06695893771023755936
0.00000000000000000000 0.06696500607055824728
0.00000000000000000000 0.06718057333591131997
0.00000000000000000000 0.06736728317353957163
0.00000000000000000000 0.06744536832590276865
0.00000000000000000000 0.06746758078542230974
0.00000000000000000000 0.06748678146875970729
0.00000000000000000000 0.06750930085669622216
0.00000000000000000000 0.06769598794011683074
0.00000000000000000000 0.06779774653233532067
0.00000000000000000000 0.06794225617786769922
0.00000000000000000000 0.06803284826560052068
0.00000000000000000000 0.06807595647178285581
0.00000000000000000000 0.06810669344908856782
0.00000000000000000000 0.06820405247647927383
0.00000000000000000000 0.06822393256536778139
0.00000000000000000000 0.06823617832682306317
0.00000000000000000000 0.06854138880014075397
0.00000000000000000000 0.06923607656707138347
0.00000000000000000000 0.06927439391576466210
0.00000000000000000000 0.06927959537547072333
0.00000000000000000000 0.06928280009260755212
0.00000000000000000000 0.06939329285239351219
0.00000000000000000000 0.06985993909676541103
0.00000000000000000000 0.06987577057173040285
0.00000000000000000000 0.06989447111724524098
0.00000000000000000000 0.07010949195735902140
0.00000000000000000000 0.07014854547931334561
0.00000000000000000000 0.07016968679061613701
0.00000000000000000000 0.07020264959746955191
0.00000000000000000000 0.07028162919194215486
0.00000000000000000000 0.07054800594559722249
0.00000000000000000000 0.07057734541407155449
0.00000000000000000000 0.07072542495596007006
0.00000000000000000000 0.07080807058566729317
0.00000000000000000000 0.07101424954469857942
0.00000000000000000000 0.07107473363386729304
0.00000000000000000000 0.07139377248066541837
0.00000000000000000000 0.07165859804872352912
0.00000000000000000000 0.07170697286085134237
0.00000000000000000000 0.07187547364400653782
0.00000000000000000000 0.07222674665881968770
0.00000000000000000000 0.07231051030976740068
0.00000000000000000000 0.07280830452708178524
0.00000000000000000000 0.07296132700499358137
0.00000000000000000000 0.07319796749804848013
0.00000000000000000000 0.07320258106189461711
0.00000000000000000000 0.07356474857575345805
0.00000000000000000000 0.07373513968279622743
0.00000000000000000000 0.07385190615598230535
0.00000000000000000000 0.07407405827310112323
0.00000000000000000000 0.07436764903372274083
0.00000000000000000000 0.07445876994796198078
0.00000000000000000000 0.07446409635805507909
0.00000000000000000000 0.07460503274145417751
0.00000000000000000000 0.07484155496350623771
0.00000000000000000000 0.07511188847989144768
0.00000000000000000000 0.07519674428331789284
0.00000000000000000000 0.07525957922800952105
0.00000000000000000000 0.07532588556980900074
0.00000000000000000000 0.07535569952809559324
0.00000000000000000000 0.07548506644574758118
0.00000000000000000000 0.07554645455407628385
0.00000000000000000000 0.07557688114721018702
0.00000000000000000000 0.07562824605277346235
0.00000000000000000000 0.07583504143927259633
0.00000000000000000000 0.07584743814124440819
0.00000000000000000000 0.07603371756720646302
0.00000000000000000000 0.07614136663350302980
0.00000000000000000000 0.07637428467560125611
0.00000000000000000000 0.07644856853692931498
0.00000000000000000000 0.07658460537459170492
0.00000000000000000000 0.07666406247335143254
0.00000000000000000000 0.07684861988828335655
0.00000000000000000000 0.07686398388646696611
0.00000000000000000000 0.07696999023308517818
0.00000000000000000000 0.07707166636189674569
0.00000000000000000000 0.07734613533387491024
0.00000000000000000000 0.07739173510025548763
0.00000000000000000000 0.07750741991273811526
0.00000000000000000000 0.07759413796528095986
0.00000000000000000000 0.07766133236306901888
0.00000000000000000000 0.07770013067702954968
0.00000000000000000000 0.07771153190274161793
0.00000000000000000000 0.07776329479750708484
0.00000000000000000000 0.07805280316527145323
0.00000000000000000000 0.07806090911641810903
0.00000000000000000000 0.07806998058687267261
0.00000000000000000000 0.07817442434137558682
0.00000000000000000000 0.07821898970782049931
0.00000000000000000000 0.07837295861944154618
0.00000000000000000000 0.07839598520132476378
0.00000000000000000000 0.07840569396566993143
0.00000000000000000000 0.07849434247235861917
0.00000000000000000000 0.07879265817954278495
0.00000000000000000000 0.07882126365036339066
0.00000000000000000000 0.07889875886125992388
0.00000000000000000000 0.07898135287655239090
0.00000000000000000000 0.07945782988398525370
0.00000000000000000000 0.07972688863926666314
0.00000000000000000000 0.07989627630814885584
0.00000000000000000000 0.08010245830310686044
0.00000000000000000000 0.08013153117468020670
0.00000000000000000000 0.08042270656479375002
0.00000000000000000000 0.08046414616237482220
0.00000000000000000000 0.08068247180552171050
0.00000000000000000000 0.08078026197369572725
0.00000000000000000000 0.08083704113575944372
0.00000000000000000000 0.08097773700883779957
0.00000000000000000000 0.08099607829577790130
0.00000000000000000000 0.08101441320752884867
0.00000000000000000000 0.08123294145843316938
0.00000000000000000000 0.08131201295381489114
0.00000000000000000000 0.08134806143481343454
0.00000000000000000000 0.08135751858958854832
0.00000000000000000000 0.08136556630945963875
0.00000000000000000000 0.08157071791452528975
0.00000000000000000000 0.08157907916832242423
0.00000000000000000000 0.08172760919121606349
0.00000000000000000000 0.08182717248430650125
0.00000000000000000000 0.08198278788611623735
0.00000000000000000000 0.08204993064085383536
0.00000000000000000000 0.08217471729397871072
0.00000000000000000000 0.08240269099712181633
0.00000000000000000000 0.08246182658343462202
0.00000000000000000000 0.08252258247309772476
0.00000000000000000000 0.08302499871196687697
0.00000000000000000000 0.08324441361317455601
0.00000000000000000000 0.08390481401173256748
0.00000000000000000000 0.08400298389241711572
0.00000000000000000000 0.08404132467691563524
0.00000000000000000000 0.08435569311773111201
0.00000000000000000000 0.08477013878980753370
0.00000000000000000000 0.08494705340427040341
0.00000000000000000000 0.08494961060742746428
0.00000000000000000000 0.08496347094932482635
0.00000000000000000000 0.08502726632064147583
0.00000000000000000000 0.08611084601636515012
0.00000000000000000000 0.08615091127802872173
0.00000000000000000000 0.08617014583928959970
0.00000000000000000000 0.08623159549819715830
0.00000000000000000000 0.08623727273993024578
0.00000000000000000000 0.08625474754722066428
0.00000000000000000000 0.08639173644111027006
0.00000000000000000000 0.08653896794219662070
0.00000000000000000000 0.08682238526583560545
0.00000000000000000000 0.08704830620201173264
0.00000000000000000000 0.08709781658606952082
0.00000000000000000000 0.08730506963123552122
0.00000000000000000000 0.08745881016811354880
0.00000000000000000000 0.08747456015298427090
0.00000000000000000000 0.08758357608453097576
0.00000000000000000000 0.08775239690999205033
0.00000000000000000000 0.08776959064059827731
0.00000000000000000000 0.08783939682513157432
0.00000000000000000000 0.08789303549633346868
0.00000000000000000000 0.08834960639705291552
0.00000000000000000000 0.08836537420848152025
0.00000000000000000000 0.08840460172536090955
0.00000000000000000000 0.08849502781640197768
0.00000000000000000000 0.08872250577992034370
0.00000000000000000000 0.08896196897115964120
0.00000000000000000000 0.08901361175539865278
0.00000000000000000000 0.08910484374330882029
0.00000000000000000000 0.08923403125358009280
0.00000000000000000000 0.08958959613042115355
0.00000000000000000000 0.08961954212612537052
0.00000000000000000000 0.08966519278762753731
0.00000000000000000000 0.08974998961074433235
0.00000000000000000000 0.09039265840081839309
0.00000000000000000000 0.09044621105274130990
0.00000000000000000000 0.09055207511099616635
0.00000000000000000000 0.09084262769218144629
0.00000000000000000000 0.09094198092356500784
0.00000000000000000000 0.09113638894041775629
0.00000000000000000000 0.09131124529483201913
0.00000000000000000000 0.09152017990969710248
0.00000000000000000000 0.09168268744370089429
0.00000000000000000000 0.09173046690374751788
0.00000000000000000000 0.09173152444517676529
0.00000000000000000000 0.09200716020995021449
0.00000000000000000000 0.09204673381366915152
0.00000000000000000000 0.09233113989593930149
0.00000000000000000000 0.09236239369024527857
0.00000000000000000000 0.09238891904504496766
0.00000000000000000000 0.09253898594630501073
0.00000000000000000000 0.09273651895526421884
0.00000000000000000000 0.09290161875812705250
0.00000000000000000000 0.09299919595183203658
0.00000000000000000000 0.09309155408774746898
0.00000000000000000000 0.09314026939068043021
0.00000000000000000000 0.09333950111329207544
0.00000000000000000000 0.09358769087597272607
0.00000000000000000000 0.09362986419906087210
0.00000000000000000000 0.09363778813089068676
0.00000000000000000000 0.09366327584937844675
0.00000000000000000000 0.09372551434169437701
0.00000000000000000000 0.09374210682493633318
0.00000000000000000000 0.09381954768679912071
0.00000000000000000000 0.09403548111250660535
0.00000000000000000000 0.09421046552623975334
0.00000000000000000000 0.09429401662839108356
0.00000000000000000000 0.09439496360159621569
0.00000000000000000000 0.09441726415175834275
0.00000000000000000000 0.09442056427175000988
0.00000000000000000000 0.09463952472835880647
0.00000000000000000000 0.09467160236212132651
0.00000000000000000000 0.09476450694855116652
0.00000000000000000000 0.09490277844282846154
0.00000000000000000000 0.09507746827812939283
0.00000000000000000000 0.09517544860120663586
0.00000000000000000000 0.09540568410903731145
0.00000000000000000000 0.09544183786504586986
0.00000000000000000000 0.09550046947031066991
0.00000000000000000000 0.09566576908087043307
0.00000000000000000000 0.09567977525493689961
0.00000000000000000000 0.09576721790127694367
0.00000000000000000000 0.09586710185739646950
0.00000000000000000000 0.09606739430584050610
0.00000000000000000000 0.09620104477918965669
0.00000000000000000000 0.09621240049362661528
0.00000000000000000000 0.09651599208532277152
0.00000000000000000000 0.09657421599496911202
0.00000000000000000000 0.09666497249915788348
0.00000000000000000000 0.09684713762603379406
0.00000000000000000000 0.09726557492296133978
0.00000000000000000000 0.09756084511575172091
0.00000000000000000000 0.09776987563775110801
0.00000000000000000000 0.09782278626820072043
0.00000000000000000000 0.09795934623216878689
0.00000000000000000000 0.09824030789792426166
0.00000000000000000000 0.09837695176044468359
0.00000000000000000000 0.09860729130216465410
0.00000000000000000000 0.09880003135998394193
0.00000000000000000000 0.09909935365702998711
0.00000000000000000000 0.09915941194656555102
0.00000000000000000000 0.09918027875783454184
0.00000000000000000000 0.09919836715571035690
0.00000000000000000000 0.09936044041627227486
0.00000000000000000000 0.09937769767467791171
0.00000000000000000000 0.09980172986887113351
0.00000000000000000000 0.10012770024976845595
0.00000000000000000000 0.10029652307053972538
0.00000000000000000000 0.10037778722514846541
0.00000000000000000000 0.10055523277309777463
0.00000000000000000000 0.10055563164091839423
0.00000000000000000000 0.10129609725368511619
0.00000000000000000000 0.10133238095047823746
0.00000000000000000000 0.10139749117221528996
0.00000000000000000000 0.10154832214647799282
0.00000000000000000000 0.10217759006963063328
0.00000000000000000000 0.10257142083732297133
0.00000000000000000000 0.10272246482436278581
0.00000000000000000000 0.10276175225429154403
0.00000000000000000000 0.10290778226057571698
0.00000000000000000000 0.10295918547222795980
0.00000000000000000000 0.10336925475718229672
0.00000000000000000000 0.10410147021996828121
0.00000000000000000000 0.10422950836590290369
0.00000000000000000000 0.10433932070991688845
0.00000000000000000000 0.10460264063475438467
0.00000000000000000000 0.10481962706927518136
0.00000000000000000000 0.10503911402510933415
0.00000000000000000000 0.10540921834638537768
0.00000000000000000000 0.10610191299735759196
0.00000000000000000000 0.10687456882368148725
0.00000000000000000000 0.10703723181342195137
0.00000000000000000000 0.10719826427660618384
0.00000000000000000000 0.10780475521670462857
0.00000000000000000000 0.10788403751346599402
0.00000000000000000000 0.10823696295869109085
0.00000000000000000000 0.10856764504773157298
0.00000000000000000000 0.10878684666142036941
0.00000000000000000000 0.10906437833022129824
0.00000000000000000000 0.10921591137426692186
0.00000000000000000000 0.10966298983563918523
0.00000000000000000000 0.10974931841912786978
0.00000000000000000000 0.10982918798888931244
0.00000000000000000000 0.11022529412707887664
0.00000000000000000000 0.11022616612859266472
0.00000000000000000000 0.11228868775458053508
0.00000000000000000000 0.11296349672386807317
0.00000000000000000000 0.11400605747197287143
0.00000000000000000000 0.11422518036682874354
0.00000000000000000000 0.11432408974308808092
0.00000000000000000000 0.11446585007768490805
0.00000000000000000000 0.11447081051578957001
0.00000000000000000000 0.11507855931018882989
0.00000000000000000000 0.11518692112085104906
0.00000000000000000000 0.11550464440102535535
0.00000000000000000000 0.11631254213667036046
0.00000000000000000000 0.11691747223539501743
0.00000000000000000000 0.11693861636363664380
0.00000000000000000000 0.11702631491846970935
0.00000000000000000000 0.11717813578611079028
0.00000000000000000000 0.11720524449486777185
0.00000000000000000000 0.11734511263741526088
0.00000000000000000000 0.11992306121439921807
0.00000000000000000000 0.12021470669763474615
0.00000000000000000000 0.12438040406036804386
0.00000000000000000000 0.12915883267985586724
0.00000000000000000000 0.13083130206722842770
0.00000000000000000000 0.13277344773674934486
0.00000000000000000000 0.13304334068318018902
0.00000000000000000000 0.13731645724065744130
0.00000000000000000000 0.14573093700307199194
0.00000000000000000000 0.15577694493756105709
0.00000000000000000000 0.16039066858714190467
0.00000000000000000000 1.73205080756887719318
