0.00960719669375781349 0.00976173643137489763
0.01010028416266811786 0.01051352166619703293
0.00930259803748480392 0.01111027927255723961
0.01081511689371146383 0.01155924722071775997
0.01156723902411622290 0.01281991903219853457
0.01233508623798155492 0.01287373558876005186
0.01143399724185734621 0.01308830234094073876
0.01315754393824276718 0.01321361494168753897
0.01079349390235071100 0.01327433225056392531
0.01305988602198039986 0.01335284141477998537
0.01113122242200126864 0.01335284141477998537
0.01278917007434792787 0.01338857406565806783
0.01188843581149623581 0.01357097855152817646
0.01286596398249500832 0.01361387225177563068
0.01147768972490305871 0.01374860535824333138
0.00991374568800975665 0.01380667056875162745
0.01248299888869367283 0.01414866226335365768
0.01310121461349223089 0.01428711315477813881
0.01296849691172120324 0.01437203247388175315
0.01164144115639131026 0.01463161107476672849
0.01475485462274792568 0.01478165741395296232
0.01322560345402978843 0.01502571378784621145
0.01506950229965172382 0.01509686187706706616
0.01446971565141277026 0.01512702907862577793
0.01491393701057649665 0.01573741317345103696
0.01358614589058225290 0.01578707034078074070
0.01450537361714331064 0.01579395970996415322
0.01376234140181000973 0.01582802878414522885
0.01571785003453183421 0.01593303144578550254
0.01479424188344745719 0.01593303144578550254
0.01333945125519577640 0.01595765305796411140
0.01549706804960678842 0.01610283866091192020
0.01586514507780135974 0.01611245383836345732
0.01508092479896699922 0.01620443933555636151
0.01493932063005296365 0.01623812484046235557
0.01276350448116213461 0.01631173948553478817
0.01530905759273233635 0.01661234658850515786
0.01618010462746557326 0.01662055764355868659
0.01642255285408067769 0.01664137723687907425
0.01178450502997722450 0.01666948438008026764
0.01563503370952698188 0.01669674899035245713
0.01439593773185446172 0.01670619154589567112
0.01380206955208799179 0.01744539498955354970
0.01739136634766359421 0.01754748630116099301
0.01345716860291423442 0.01756852378236143861
0.01754950220033798039 0.01760287263107855604
0.01163579360298373257 0.01773919448807647486
0.01737433163207859413 0.01784544158168173064
0.01517798516520028201 0.01795919011944090843
0.01266704489694994371 0.01800123086967387459
0.01715284741905012678 0.01808754360828998889
0.01756382022061339643 0.01813459133964767656
0.01351957213003868521 0.01815744839371827637
0.01564111703092874520 0.01820086735778948459
0.01580306952078637875 0.01857705583104863820
0.01794525525304679209 0.01861773612362179614
0.01797364510266443241 0.01863212231545705727
0.01825650209057549239 0.01873651283044589291
0.01516368143429469573 0.01880560019283841061
0.01747479427237348670 0.01891538749150059942
0.01505376085650997342 0.01901005664944132798
0.01770395982436034216 0.01903610981322209975
0.01894862903799880705 0.01932466506384330693
0.01705113676644279957 0.01936482423312475137
0.01741749837730853512 0.01937813731707162604
0.01187757166977918520 0.01937836548235902581
0.01921700017448315159 0.01952049134158408486
0.01592027571544253270 0.01964182000330581129
0.01947469317461335975 0.01972057727256045639
0.01474493585718977297 0.01980765068079022584
0.01296322788204678014 0.01992848443168122180
0.01807129811645705186 0.02055589810788059982
0.01983306455913260227 0.02078859027740776258
0.02020582478027429033 0.02081360961656595829
0.01842294707984879973 0.02131395286069006495
0.01997399170054732151 0.02132406906385811082
0.02056356266968190072 0.02142345724623565331
0.02138110214689068270 0.02151416274143948260
0.01988085634742503549 0.02176021944784099771
0.01838583411901012488 0.02184238106181609837
0.01778076080145107873 0.02188054653238311054
0.01477055828734629046 0.02195421114952562577
0.01818042718004691388 0.02252098080754987366
0.01775409022052146929 0.02266717101554513794
0.01923049900251235650 0.02281027467890288027
0.02243532603137451606 0.02283775889155917685
0.02279461241550309603 0.02295166497322572927
0.01946414263936944306 0.02296997811032140679
0.01765469964859492716 0.02315260108404854772
0.01959633447927885269 0.02322563153949971579
0.02332169211185241078 0.02364612028932077184
0.02259750846433225893 0.02381940323064790296
0.02107660547291943451 0.02448933493523593533
0.02146356858827768235 0.02482048841116046844
0.02208124502948229789 0.02486460548759767547
0.01959797665756066176 0.02488039220193870651
0.01904189080839084613 0.02496252019268855107
0.01640342077291361347 0.02497730956477773462
0.02490828396835061825 0.02500808997343332424
0.02443244575558329093 0.02501019266988012066
0.01653309240174878625 0.02511615278833483414
0.02352097301990276751 0.02523981715154923269
0.02374382707558393354 0.02531255765213888051
0.02110442932411976669 0.02532715630715846183
0.02526380072511381220 0.02533562793382713313
0.02446868305071888544 0.02575780507252779447
0.02162247161692726349 0.02606901032577043503
0.01836273290408082029 0.02626390803567742530
0.02568073197578931571 0.02639352281167663128
0.02559869229387644676 0.02646028768659870051
0.02346626192600552788 0.02668372247375968079
0.02592447748044772113 0.02671350566387540801
0.02402900394052988678 0.02711218681154159427
0.02184423902457444111 0.02730890156851389916
0.02756287983492514831 0.02873470805959520147
0.02876072194005119265 0.02893044940572421508
0.02783744171524969030 0.02901877865623330582
0.02467780273977943431 0.02937608657304370541
0.02533130149020451638 0.02963614678985443743
0.02356163809980700574 0.02982495493142473322
0.02958031159768019155 0.02987215067428077367
0.02895059877647437538 0.03021061146070472617
0.02580837677072799971 0.03035344190011318374
0.03003094951789357647 0.03053720691298422718
0.02983103788167953616 0.03110960666859343554
0.02628428246311388661 0.03134157187433861402
0.03008005216385197314 0.03143456687507206054
0.03172652852642305482 0.03175955712411207554
0.03216141464181505871 0.03222860824738204427
0.02777456518174815925 0.03237136224083427688
0.03187902561470980223 0.03260763300040707413
0.02799956133412832490 0.03267311159519195596
0.03153362834222615124 0.03267625153749804945
0.02508183682524317212 0.03294211078176940977
0.03080436063610441505 0.03344200796015677629
0.03454481492128554099 0.03481012260472121644
0.03631706136876619584 0.03643333533566642940
0.03584496333774610244 0.03662640132285305272
0.03055485309807769861 0.03672522699176364314
0.03068969210436658240 0.03824389881787108869
0.03866620800979905098 0.04014807512848686533
0.03565432159487709474 0.04107623174750462541
0.03602870375194297536 0.04325097867270201457
0.03386609813294384069 0.04351640434421129300
0.04323194598647915610 0.04540056228837639762
0.04342443625045867839 0.04572292356534231328
0.04004355202583349121 0.04770544071701292993
0.04792760236454365885 0.04850383046864097103
0.04619716781056324578 0.04931026551728581037
0.04138545870556837453 0.05124407726283889547
0.05258648385712039186 0.05316350408068384881
0.66979211437650154615 0.67446283850793831149
