0.00000000000000000000 0.00475712327146003092
0.00000000000000000000 0.01783736258134002717
0.00000000000000000000 0.01817326432802299913
0.00000000000000000000 0.02298428111776741611
0.00000000000000000000 0.02582585088458820219
0.00000000000000000000 0.02712640903455879049
0.00000000000000000000 0.02821924765366828902
0.00000000000000000000 0.02846680354347623162
0.00000000000000000000 0.02899802748596895172
0.00000000000000000000 0.02961792104634986683
0.00000000000000000000 0.03017684560562619231
0.00000000000000000000 0.03020295207168085735
0.00000000000000000000 0.03122929223202647667
0.00000000000000000000 0.03214885235252665230
0.00000000000000000000 0.03277714630219031450
0.00000000000000000000 0.03314299911816914745
0.00000000000000000000 0.03371664819237258498
0.00000000000000000000 0.03372090050324023924
0.00000000000000000000 0.03399673310255431347
0.00000000000000000000 0.03430477732155526316
0.00000000000000000000 0.03535762526063687683
0.00000000000000000000 0.03555241181175620296
0.00000000000000000000 0.03557136126891401184
0.00000000000000000000 0.03569008760115021522
0.00000000000000000000 0.03576412372343564655
0.00000000000000000000 0.03594278997462525133
0.00000000000000000000 0.03778419082187707556
0.00000000000000000000 0.03869737736329763311
0.00000000000000000000 0.03905606141362556044
0.00000000000000000000 0.04037630579936012792
0.00000000000000000000 0.04070124636119807487
0.00000000000000000000 0.04307200901163309170
0.00000000000000000000 0.04314924445924489538
0.00000000000000000000 0.04445369612795380121
0.00000000000000000000 0.04450617184305750984
0.00000000000000000000 0.04553880303587633238
0.00000000000000000000 0.04591966517709534373
0.00000000000000000000 0.04635632305963288680
0.00000000000000000000 0.04645244930584504356
0.00000000000000000000 0.04647707912411048331
0.00000000000000000000 0.04664753369812227324
0.00000000000000000000 0.04679891724686681409
0.00000000000000000000 0.04723078557431115848
0.00000000000000000000 0.04764109462535731643
0.00000000000000000000 0.04787264760335770836
0.00000000000000000000 0.04802785230040650111
0.00000000000000000000 0.04837316326135156219
0.00000000000000000000 0.04856060068301394639
0.00000000000000000000 0.04878618277627001093
0.00000000000000000000 0.04908632418723905821
0.00000000000000000000 0.04915070509710924712
0.00000000000000000000 0.05014540308974030358
0.00000000000000000000 0.05034148117434007752
0.00000000000000000000 0.05051937013365161155
0.00000000000000000000 0.05142352186856895269
0.00000000000000000000 0.05152437773288724709
0.00000000000000000000 0.05176142363469196650
0.00000000000000000000 0.05184495254555315791
0.00000000000000000000 0.05199658022174563632
0.00000000000000000000 0.05228939369977950169
0.00000000000000000000 0.05267790210384677013
0.00000000000000000000 0.05292277633379071505
0.00000000000000000000 0.05319387432405385530
0.00000000000000000000 0.05395031372619830262
0.00000000000000000000 0.05400544392924597897
0.00000000000000000000 0.05421147365068260116
0.00000000000000000000 0.05460659221064365076
0.00000000000000000000 0.05472582696679802877
0.00000000000000000000 0.05488793156257859573
0.00000000000000000000 0.05490383680739179678
0.00000000000000000000 0.05514289879880111822
0.00000000000000000000 0.05530300073306428782
0.00000000000000000000 0.05623473275797410964
0.00000000000000000000 0.05628040907164136297
0.00000000000000000000 0.05650132007201735113
0.00000000000000000000 0.05669873085969301396
0.00000000000000000000 0.05706096412537434159
0.00000000000000000000 0.05738329003327120870
0.00000000000000000000 0.05755317165003303453
0.00000000000000000000 0.05781132131483269349
0.00000000000000000000 0.05807698282273740520
0.00000000000000000000 0.05846790308605815528
0.00000000000000000000 0.05904199948494031486
0.00000000000000000000 0.05913401996831930268
0.00000000000000000000 0.05913807506714623130
0.00000000000000000000 0.05917362866220127887
0.00000000000000000000 0.05917507456118394071
0.00000000000000000000 0.05921226543429390643
0.00000000000000000000 0.05931113873185388935
0.00000000000000000000 0.05945514916070870209
0.00000000000000000000 0.05947230807124045948
0.00000000000000000000 0.05950946036948107781
0.00000000000000000000 0.05958512802598547181
0.00000000000000000000 0.05972738081104315283
0.00000000000000000000 0.05981178195704182216
0.00000000000000000000 0.05992199324806696953
0.00000000000000000000 0.06003348634632110770
0.00000000000000000000 0.06031959424804473474
0.00000000000000000000 0.06037726395888617925
0.00000000000000000000 0.06063238896735986122
0.00000000000000000000 0.06075162611100358434
0.00000000000000000000 0.06101954319820643291
0.00000000000000000000 0.06199009137932485342
0.00000000000000000000 0.06207608345493527413
0.00000000000000000000 0.06219569824874836977
0.00000000000000000000 0.06222100893283346451
0.00000000000000000000 0.06230919050835127815
0.00000000000000000000 0.06235319855338392059
0.00000000000000000000 0.06239871649372913387
0.00000000000000000000 0.06300278832875286228
0.00000000000000000000 0.06303769303449337225
0.00000000000000000000 0.06325720259818899682
0.00000000000000000000 0.06339882578293139226
0.00000000000000000000 0.06352095756129774728
0.00000000000000000000 0.06356073205940271365
0.00000000000000000000 0.06358910449614504912
0.00000000000000000000 0.06368733489634835487
0.00000000000000000000 0.06372904622274119801
0.00000000000000000000 0.06376490908858412077
0.00000000000000000000 0.06412376104539832533
0.00000000000000000000 0.06416362435522757202
0.00000000000000000000 0.06436942523223196377
0.00000000000000000000 0.06446417163058960897
0.00000000000000000000 0.06450427998084004577
0.00000000000000000000 0.06454773678459668762
0.00000000000000000000 0.06460623290390844764
0.00000000000000000000 0.06467445042085048779
0.00000000000000000000 0.06472339796694728808
0.00000000000000000000 0.06476792104492076763
0.00000000000000000000 0.06483241016046129013
0.00000000000000000000 0.06491236981327912214
0.00000000000000000000 0.06503771844594886942
0.00000000000000000000 0.06524002810928576646
0.00000000000000000000 0.06547534112141767393
0.00000000000000000000 0.06554950734305685367
0.00000000000000000000 0.06561651535875118180
0.00000000000000000000 0.06563328750831289027
0.00000000000000000000 0.06569476632757319245
0.00000000000000000000 0.06647034581904648354
0.00000000000000000000 0.06665027730228281766
0.00000000000000000000 0.06687692869591763123
0.00000000000000000000 0.06691271756068170595
0.00000000000000000000 0.06691312970774589142
0.00000000000000000000 0.06721566005639206809
0.00000000000000000000 0.06724997154126818866
0.00000000000000000000 0.06775494033337575717
0.00000000000000000000 0.06785446410994326605
0.00000000000000000000 0.06788572335131436153
0.00000000000000000000 0.06795372799518310802
0.00000000000000000000 0.06796604874760009407
0.00000000000000000000 0.06827063623275188287
0.00000000000000000000 0.06843636642196554432
0.00000000000000000000 0.06846921101136317633
0.00000000000000000000 0.06848972305937459093
0.00000000000000000000 0.06856342576866696070
0.00000000000000000000 0.06863936756463795419
0.00000000000000000000 0.06902926934663418390
0.00000000000000000000 0.06903594775992095978
0.00000000000000000000 0.06923472388250964671
0.00000000000000000000 0.06939934942777463422
0.00000000000000000000 0.06944149048254370793
0.00000000000000000000 0.06957443457281412003
0.00000000000000000000 0.06965128715329096942
0.00000000000000000000 0.07004908656059001537
0.00000000000000000000 0.07007311392304602093
0.00000000000000000000 0.07010420167334156794
0.00000000000000000000 0.07040374649682198949
0.00000000000000000000 0.07058154327974026920
0.00000000000000000000 0.07059194673621618787
0.00000000000000000000 0.07093380365119318631
0.00000000000000000000 0.07159322260470724064
0.00000000000000000000 0.07164028461538028691
0.00000000000000000000 0.07205952588249991964
0.00000000000000000000 0.07233829944693156988
0.00000000000000000000 0.07249813881526558090
0.00000000000000000000 0.07268887050372488390
0.00000000000000000000 0.07272146615158048277
0.00000000000000000000 0.07285399796032798747
0.00000000000000000000 0.07291466582738367896
0.00000000000000000000 0.07315583298151198677
0.00000000000000000000 0.07357714330864731367
0.00000000000000000000 0.07436264467103162468
0.00000000000000000000 0.07448090014957760296
0.00000000000000000000 0.07456019431636336237
0.00000000000000000000 0.07498844466105544782
0.00000000000000000000 0.07508521959740899199
0.00000000000000000000 0.07514264968064549022
0.00000000000000000000 0.07521825633946907508
0.00000000000000000000 0.07542571270358072733
0.00000000000000000000 0.07556506250570117766
0.00000000000000000000 0.07564365485676018130
0.00000000000000000000 0.07565593369480808073
0.00000000000000000000 0.07590392979790998307
0.00000000000000000000 0.07598193764118059412
0.00000000000000000000 0.07607664715972443925
0.00000000000000000000 0.07625806575748005078
0.00000000000000000000 0.07630708564496692381
0.00000000000000000000 0.07631698565673589174
0.00000000000000000000 0.07662652187941715320
0.00000000000000000000 0.07665949376609766663
0.00000000000000000000 0.07673796298499979684
0.00000000000000000000 0.07699892762675590585
0.00000000000000000000 0.07745280160730746988
0.00000000000000000000 0.07751824859149132607
0.00000000000000000000 0.07752198190102775610
0.00000000000000000000 0.07787279628047930058
0.00000000000000000000 0.07839042993116249192
0.00000000000000000000 0.07858889991747579351
0.00000000000000000000 0.07874289906218262525
0.00000000000000000000 0.07875182808102647314
0.00000000000000000000 0.07899095025102514933
0.00000000000000000000 0.07902421250015685683
0.00000000000000000000 0.07916746751161811424
0.00000000000000000000 0.07923241869586440667
0.00000000000000000000 0.07925292989709674385
0.00000000000000000000 0.07958004462453874273
0.00000000000000000000 0.07983925538217463702
0.00000000000000000000 0.07985143586208200139
0.00000000000000000000 0.08009913424230161172
0.00000000000000000000 0.08028183518908858785
0.00000000000000000000 0.08042062705332175820
0.00000000000000000000 0.08044885271798082882
0.00000000000000000000 0.08064111562088963070
0.00000000000000000000 0.08071365741585653786
0.00000000000000000000 0.08084727317613928099
0.00000000000000000000 0.08112250955110771045
0.00000000000000000000 0.08118888211503900998
0.00000000000000000000 0.08123953989870096037
0.00000000000000000000 0.08145133507686153074
0.00000000000000000000 0.08157447076957925758
0.00000000000000000000 0.08167634023018918721
0.00000000000000000000 0.08192917749515497838
0.00000000000000000000 0.08224203280202760369
0.00000000000000000000 0.08230835336992263496
0.00000000000000000000 0.08243549310774279937
0.00000000000000000000 0.08249727802284909095
0.00000000000000000000 0.08267581016072321487
0.00000000000000000000 0.08296681222162895220
0.00000000000000000000 0.08308145109117570648
0.00000000000000000000 0.08323479675507731990
0.00000000000000000000 0.08345298912098653155
0.00000000000000000000 0.08352239481158275913
0.00000000000000000000 0.08352614039887668040
0.00000000000000000000 0.08356253567080298983
0.00000000000000000000 0.08357616161584338621
0.00000000000000000000 0.08362168519578890014
0.00000000000000000000 0.08370501708308789035
0.00000000000000000000 0.08404538315413238869
0.00000000000000000000 0.08422315805876610939
0.00000000000000000000 0.08428979794684179905
0.00000000000000000000 0.08442991445403545681
0.00000000000000000000 0.08447611115062976517
0.00000000000000000000 0.08450425183504661764
0.00000000000000000000 0.08481023722164109102
0.00000000000000000000 0.08487428806064115094
0.00000000000000000000 0.08489407701507184489
0.00000000000000000000 0.08496844277575937854
0.00000000000000000000 0.08509152927632569752
0.00000000000000000000 0.08521066075058371381
0.00000000000000000000 0.08531929485622230525
0.00000000000000000000 0.08558426290807125136
0.00000000000000000000 0.08570265320319084279
0.00000000000000000000 0.08604441629029530025
0.00000000000000000000 0.08645531210868694083
0.00000000000000000000 0.08648695005110244860
0.00000000000000000000 0.08654433389471705151
0.00000000000000000000 0.08655413181592555572
0.00000000000000000000 0.08656442869750792524
0.00000000000000000000 0.08734019278235344297
0.00000000000000000000 0.08749588205660341345
0.00000000000000000000 0.08749697700446362747
0.00000000000000000000 0.08757995646238514453
0.00000000000000000000 0.08822723572267630876
0.00000000000000000000 0.08843691122820812600
0.00000000000000000000 0.08844618982664201323
0.00000000000000000000 0.08862220821208076360
0.00000000000000000000 0.08927803031418640733
0.00000000000000000000 0.08937202345340586329
0.00000000000000000000 0.08945348418422567616
0.00000000000000000000 0.08953641328163119972
0.00000000000000000000 0.08964630043743897214
0.00000000000000000000 0.08974650037308079531
0.00000000000000000000 0.08979015669331669169
0.00000000000000000000 0.08984066626768393016
0.00000000000000000000 0.09006545935371625122
0.00000000000000000000 0.09011994642756226970
0.00000000000000000000 0.09021146087388445811
0.00000000000000000000 0.09056346123567277084
0.00000000000000000000 0.09075010424800115938
0.00000000000000000000 0.09102530776787098876
0.00000000000000000000 0.09114195414659935490
0.00000000000000000000 0.09149152032151974812
0.00000000000000000000 0.09164312200906456207
0.00000000000000000000 0.09166231899569804442
0.00000000000000000000 0.09180649455310130325
0.00000000000000000000 0.09256409440151382173
0.00000000000000000000 0.09261118599008204277
0.00000000000000000000 0.09264774121643763738
0.00000000000000000000 0.09312415674483241756
0.00000000000000000000 0.09334418113738095213
0.00000000000000000000 0.09341450104395052079
0.00000000000000000000 0.09351797557706655051
0.00000000000000000000 0.09357525271230889008
0.00000000000000000000 0.09372088722098992353
0.00000000000000000000 0.09373657113095641702
0.00000000000000000000 0.09399681940546650294
0.00000000000000000000 0.09449510997891806541
0.00000000000000000000 0.09488526412576887836
0.00000000000000000000 0.09491981639006596971
0.00000000000000000000 0.09579616360708739786
0.00000000000000000000 0.09602117442741160691
0.00000000000000000000 0.09645678348741401620
0.00000000000000000000 0.09657074294622565447
0.00000000000000000000 0.09690011375947917005
0.00000000000000000000 0.09691384625570297062
0.00000000000000000000 0.09697571874841291739
0.00000000000000000000 0.09703769758972836945
0.00000000000000000000 0.09710845409789697902
0.00000000000000000000 0.09721043792242127501
0.00000000000000000000 0.09728466516893970184
0.00000000000000000000 0.09741537285166905480
0.00000000000000000000 0.09766152237233802214
0.00000000000000000000 0.09776348615343811999
0.00000000000000000000 0.09793919793140475061
0.00000000000000000000 0.09815161465416606668
0.00000000000000000000 0.09843565262346468114
0.00000000000000000000 0.09857536924830670455
0.00000000000000000000 0.09879799847083145514
0.00000000000000000000 0.09882240369806945257
0.00000000000000000000 0.09902138329517699844
0.00000000000000000000 0.09909662403833548183
0.00000000000000000000 0.09913461937762788057
0.00000000000000000000 0.09915286072102839909
0.00000000000000000000 0.09921953441604901280
0.00000000000000000000 0.09924000550389602826
0.00000000000000000000 0.09951702553607787161
0.00000000000000000000 0.09979523770221247758
0.00000000000000000000 0.09986653266104092430
0.00000000000000000000 0.09998829014899192347
0.00000000000000000000 0.10033128764412634071
0.00000000000000000000 0.10053506563795343298
0.00000000000000000000 0.10072139224638888833
0.00000000000000000000 0.10080791266944588713
0.00000000000000000000 0.10142437263073204867
0.00000000000000000000 0.10151483294992387496
0.00000000000000000000 0.10188533048921741275
0.00000000000000000000 0.10189277798075817294
0.00000000000000000000 0.10201737488022784295
0.00000000000000000000 0.10205453195972553904
0.00000000000000000000 0.10221003460291057385
0.00000000000000000000 0.10228651391621808309
0.00000000000000000000 0.10246387876618788526
0.00000000000000000000 0.10276942754911824740
0.00000000000000000000 0.10417389142767746746
0.00000000000000000000 0.10419931581729979797
0.00000000000000000000 0.10458532417876223453
0.00000000000000000000 0.10459503781087998997
0.00000000000000000000 0.10468262181029897029
0.00000000000000000000 0.10485821952678223146
0.00000000000000000000 0.10557963837914854932
0.00000000000000000000 0.10575945211401216461
0.00000000000000000000 0.10586700033075062410
0.00000000000000000000 0.10596509895739800178
0.00000000000000000000 0.10629038474080615417
0.00000000000000000000 0.10632299308823690842
0.00000000000000000000 0.10640751481318387606
0.00000000000000000000 0.10646437241831480103
0.00000000000000000000 0.10654814349705332699
0.00000000000000000000 0.10656093338899198797
0.00000000000000000000 0.10658093963268373827
0.00000000000000000000 0.10668644303130202233
0.00000000000000000000 0.10693294204818784565
0.00000000000000000000 0.10703461574679282164
0.00000000000000000000 0.10719908468938753321
0.00000000000000000000 0.10764966993293079156
0.00000000000000000000 0.10796850336950927773
0.00000000000000000000 0.10808828644207500724
0.00000000000000000000 0.10814052895325949877
0.00000000000000000000 0.10865133597194587267
0.00000000000000000000 0.10882180135281581401
0.00000000000000000000 0.10882937526661699834
0.00000000000000000000 0.10893728227077648096
0.00000000000000000000 0.10894218025101227998
0.00000000000000000000 0.10913541835918694201
0.00000000000000000000 0.10914061684277291675
0.00000000000000000000 0.10965879932297141475
0.00000000000000000000 0.10979937951547760755
0.00000000000000000000 0.11021231719473684185
0.00000000000000000000 0.11021640262709807290
0.00000000000000000000 0.11022131179051641858
0.00000000000000000000 0.11044646001201503804
0.00000000000000000000 0.11052193877338746530
0.00000000000000000000 0.11073650019237864239
0.00000000000000000000 0.11075913572192340462
0.00000000000000000000 0.11093716845745370259
0.00000000000000000000 0.11121183254572017396
0.00000000000000000000 0.11136939178782909177
0.00000000000000000000 0.11170295871672335231
0.00000000000000000000 0.11189362228488500262
0.00000000000000000000 0.11208240772146538244
0.00000000000000000000 0.11227009683869376699
0.00000000000000000000 0.11240062116069010623
0.00000000000000000000 0.11295490783096326370
0.00000000000000000000 0.11302160971899770370
0.00000000000000000000 0.11312818514326523911
0.00000000000000000000 0.11315744326449456159
0.00000000000000000000 0.11331764129165629307
0.00000000000000000000 0.11342507164308078538
0.00000000000000000000 0.11347643574613913708
0.00000000000000000000 0.11352987810653096534
0.00000000000000000000 0.11374525734859763926
0.00000000000000000000 0.11378378474061823233
0.00000000000000000000 0.11388426605815855919
0.00000000000000000000 0.11445223156721680280
0.00000000000000000000 0.11470040099896762487
0.00000000000000000000 0.11487030785274529587
0.00000000000000000000 0.11520073292822319289
0.00000000000000000000 0.11536707705047927197
0.00000000000000000000 0.11545416447921959258
0.00000000000000000000 0.11579805777633539465
0.00000000000000000000 0.11630256775214957432
0.00000000000000000000 0.11651007315477135418
0.00000000000000000000 0.11664884295890554089
0.00000000000000000000 0.11696228635573946431
0.00000000000000000000 0.11737396523727272601
0.00000000000000000000 0.11799900638806332109
0.00000000000000000000 0.11817148992042048050
0.00000000000000000000 0.11822787185802544063
0.00000000000000000000 0.11838464048667002304
0.00000000000000000000 0.11855196613205352951
0.00000000000000000000 0.11856190309757758117
0.00000000000000000000 0.11861454033521331985
0.00000000000000000000 0.11901900841852106061
0.00000000000000000000 0.11902647188777554232
0.00000000000000000000 0.11920535394098287496
0.00000000000000000000 0.11952085611955252931
0.00000000000000000000 0.11963122099856218772
0.00000000000000000000 0.11966429952142883242
0.00000000000000000000 0.11968100719066451787
0.00000000000000000000 0.12011979733432752437
0.00000000000000000000 0.12014031788687655478
0.00000000000000000000 0.12029172454560044248
0.00000000000000000000 0.12040114600029623582
0.00000000000000000000 0.12057629759060502217
0.00000000000000000000 0.12102611013100698922
0.00000000000000000000 0.12142926026936065598
0.00000000000000000000 0.12160298200931714263
0.00000000000000000000 0.12170043970700583635
0.00000000000000000000 0.12202680175856052414
0.00000000000000000000 0.12251648779232496289
0.00000000000000000000 0.12287849387258828471
0.00000000000000000000 0.12341682128350264791
0.00000000000000000000 0.12342855707994311587
0.00000000000000000000 0.12356749001730507609
0.00000000000000000000 0.12398220118867771256
0.00000000000000000000 0.12483021023776522118
0.00000000000000000000 0.12491587166307824286
0.00000000000000000000 0.12544190692503387474
0.00000000000000000000 0.12562516058079656323
0.00000000000000000000 0.12572331528562311065
0.00000000000000000000 0.12596311973674345630
0.00000000000000000000 0.12605174063095872516
0.00000000000000000000 0.12726686244967497230
0.00000000000000000000 0.12746514131061728592
0.00000000000000000000 0.12746939705411952648
0.00000000000000000000 0.12810975873234944911
0.00000000000000000000 0.12829147839720758673
0.00000000000000000000 0.12866204750262283385
0.00000000000000000000 0.12892926834601300956
0.00000000000000000000 0.12982150340698214719
0.00000000000000000000 0.13261446210627333975
0.00000000000000000000 0.13302007481511199383
0.00000000000000000000 0.13343700336862199252
0.00000000000000000000 0.13389271812308964349
0.00000000000000000000 0.13405770293561453110
0.00000000000000000000 0.13536756788308421107
0.00000000000000000000 0.13538223439401689263
0.00000000000000000000 0.13561606666073514060
0.00000000000000000000 0.13685569005273506837
0.00000000000000000000 0.13801948546385564565
0.00000000000000000000 0.13894041245087732084
0.00000000000000000000 0.13940304726838875782
0.00000000000000000000 0.14018280097255567118
0.00000000000000000000 0.14108938189078079617
0.00000000000000000000 0.14112165860337358425
0.00000000000000000000 0.14159295849136979695
0.00000000000000000000 0.14260041075345067374
0.00000000000000000000 0.14332388767587761480
0.00000000000000000000 0.14337872341096608020
0.00000000000000000000 0.14670203107683171817
0.00000000000000000000 0.14707963689106223759
0.00000000000000000000 0.14870149522397912989
0.00000000000000000000 0.14877864000791654608
0.00000000000000000000 0.14908918358684475347
0.00000000000000000000 0.15021364188704247611
0.00000000000000000000 0.15178604321075730987
0.00000000000000000000 0.15352520627813573406
0.00000000000000000000 0.17024678842441093307
0.00000000000000000000 0.18616114189770532894
0.00000000000000000000 1.73205080756887719318
