0.00000000000000000000 0.01301255480467301134
0.00000000000000000000 0.01596658132379931427
0.00000000000000000000 0.02081862090436634866
0.00000000000000000000 0.02121335344062167533
0.00000000000000000000 0.02126715376064319818
0.00000000000000000000 0.02321062976659865953
0.00000000000000000000 0.02492546544887574295
0.00000000000000000000 0.02591667096760792016
0.00000000000000000000 0.02664958154861668538
0.00000000000000000000 0.02665211506995831051
0.00000000000000000000 0.02668590259736399600
0.00000000000000000000 0.02756317961099179203
0.00000000000000000000 0.02787781755564935904
0.00000000000000000000 0.02932032573969190967
0.00000000000000000000 0.02949251521548327745
0.00000000000000000000 0.02955503369930393212
0.00000000000000000000 0.02991666046763840486
0.00000000000000000000 0.03029259233210442742
0.00000000000000000000 0.03078892474555788503
0.00000000000000000000 0.03223615599932269649
0.00000000000000000000 0.03225626135147411505
0.00000000000000000000 0.03245751120229235787
0.00000000000000000000 0.03304645612331699733
0.00000000000000000000 0.03388099146795520850
0.00000000000000000000 0.03409312189973980750
0.00000000000000000000 0.03509835388933456313
0.00000000000000000000 0.03635928596073103453
0.00000000000000000000 0.03636422500435883276
0.00000000000000000000 0.03682703337697381535
0.00000000000000000000 0.03727710785699501345
0.00000000000000000000 0.03728804784511750847
0.00000000000000000000 0.03779206563112089828
0.00000000000000000000 0.03834748281538451903
0.00000000000000000000 0.03956745683598884844
0.00000000000000000000 0.04025821838149180182
0.00000000000000000000 0.04078835030746076618
0.00000000000000000000 0.04083784978582509495
0.00000000000000000000 0.04135257467235484846
0.00000000000000000000 0.04195332263767019565
0.00000000000000000000 0.04205587406694111241
0.00000000000000000000 0.04334601605881775732
0.00000000000000000000 0.04365465486073637907
0.00000000000000000000 0.04370173128758856468
0.00000000000000000000 0.04377595135411588984
0.00000000000000000000 0.04417505811979974967
0.00000000000000000000 0.04457878004154206680
0.00000000000000000000 0.04520668778140454758
0.00000000000000000000 0.04521210475327556294
0.00000000000000000000 0.04523031345090709754
0.00000000000000000000 0.04523976210887198368
0.00000000000000000000 0.04548716440496638341
0.00000000000000000000 0.04654615239481726952
0.00000000000000000000 0.04660426563556247653
0.00000000000000000000 0.04721455458607107247
0.00000000000000000000 0.04749830074337896280
0.00000000000000000000 0.04776573241816651355
0.00000000000000000000 0.04901854744169126255
0.00000000000000000000 0.04928632991350923725
0.00000000000000000000 0.04956853092775792557
0.00000000000000000000 0.04988488945202677188
0.00000000000000000000 0.05009113777401179302
0.00000000000000000000 0.05093517118469449018
0.00000000000000000000 0.05110116070442623920
0.00000000000000000000 0.05112786028508823494
0.00000000000000000000 0.05123658667660421079
0.00000000000000000000 0.05125620125516224673
0.00000000000000000000 0.05239725559769643770
0.00000000000000000000 0.05256760664189997351
0.00000000000000000000 0.05292855051549452683
0.00000000000000000000 0.05322434781251229874
0.00000000000000000000 0.05473242412747900826
0.00000000000000000000 0.05499715652226496582
0.00000000000000000000 0.05509924702000745800
0.00000000000000000000 0.05564297163270791324
0.00000000000000000000 0.05597741019599682122
0.00000000000000000000 0.05600716532109370482
0.00000000000000000000 0.05610671929813523112
0.00000000000000000000 0.05637527943495733440
0.00000000000000000000 0.05643741829671466981
0.00000000000000000000 0.05680338343412746210
0.00000000000000000000 0.05685605618995783622
0.00000000000000000000 0.05701511486849621807
0.00000000000000000000 0.05717519784530675914
0.00000000000000000000 0.05770757578897971890
0.00000000000000000000 0.05776862307257834422
0.00000000000000000000 0.05823710332886673779
0.00000000000000000000 0.05877242360858913467
0.00000000000000000000 0.05890461037150303281
0.00000000000000000000 0.05899118073051325822
0.00000000000000000000 0.05928304274083831538
0.00000000000000000000 0.05965853342851857449
0.00000000000000000000 0.05973787823586725748
0.00000000000000000000 0.06022720096510805754
0.00000000000000000000 0.06036322544227188530
0.00000000000000000000 0.06039221878343457861
0.00000000000000000000 0.06057061958091797260
0.00000000000000000000 0.06090531610755799824
0.00000000000000000000 0.06090815376279930943
0.00000000000000000000 0.06104748317678521108
0.00000000000000000000 0.06146975603919204584
0.00000000000000000000 0.06155276151143675850
0.00000000000000000000 0.06170591942209771585
0.00000000000000000000 0.06185620639814578409
0.00000000000000000000 0.06218457813182419469
0.00000000000000000000 0.06247133954386865223
0.00000000000000000000 0.06317503975264512905
0.00000000000000000000 0.06360773418211014552
0.00000000000000000000 0.06385252435880225952
0.00000000000000000000 0.06429348138949021740
0.00000000000000000000 0.06437263305669101154
0.00000000000000000000 0.06470959171211879135
0.00000000000000000000 0.06487547886663913577
0.00000000000000000000 0.06511203786189782849
0.00000000000000000000 0.06546268990912854080
0.00000000000000000000 0.06576104402961042983
0.00000000000000000000 0.06577485634787866298
0.00000000000000000000 0.06612187930049850948
0.00000000000000000000 0.06644698478724336832
0.00000000000000000000 0.06652021455992003507
0.00000000000000000000 0.06653543099146876083
0.00000000000000000000 0.06688453640958516577
0.00000000000000000000 0.06692973713734207131
0.00000000000000000000 0.06695381698039871987
0.00000000000000000000 0.06704778709395353697
0.00000000000000000000 0.06727986727027085445
0.00000000000000000000 0.06736289162569177036
0.00000000000000000000 0.06779674915511230138
0.00000000000000000000 0.06790212356621232181
0.00000000000000000000 0.06809552208232601267
0.00000000000000000000 0.06814692865446402015
0.00000000000000000000 0.06872308891952892684
0.00000000000000000000 0.06874576811880957206
0.00000000000000000000 0.06894905418670566055
0.00000000000000000000 0.06907687845674170823
0.00000000000000000000 0.06913963833651765034
0.00000000000000000000 0.06951736103348084284
0.00000000000000000000 0.06954159892184760827
0.00000000000000000000 0.06957433711422261746
0.00000000000000000000 0.06975079174593308562
0.00000000000000000000 0.06983787337020840036
0.00000000000000000000 0.07013693648932067815
0.00000000000000000000 0.07021267057592159300
0.00000000000000000000 0.07043531605797220818
0.00000000000000000000 0.07086594605666861335
0.00000000000000000000 0.07087370383033521348
0.00000000000000000000 0.07099731100052436572
0.00000000000000000000 0.07122676948803222108
0.00000000000000000000 0.07174401318430964625
0.00000000000000000000 0.07177648894940369395
0.00000000000000000000 0.07184371646639718667
0.00000000000000000000 0.07198268094870152733
0.00000000000000000000 0.07208003406868065954
0.00000000000000000000 0.07209665789947486414
0.00000000000000000000 0.07222439956727379207
0.00000000000000000000 0.07229727917851151708
0.00000000000000000000 0.07250086860546221812
0.00000000000000000000 0.07259372739732875002
0.00000000000000000000 0.07266320840734553921
0.00000000000000000000 0.07285234341562908666
0.00000000000000000000 0.07289700867383382132
0.00000000000000000000 0.07305458362280221885
0.00000000000000000000 0.07316033072466163190
0.00000000000000000000 0.07327381735506650895
0.00000000000000000000 0.07332843366467291235
0.00000000000000000000 0.07372705208841641433
0.00000000000000000000 0.07389607078189741607
0.00000000000000000000 0.07410660893021074613
0.00000000000000000000 0.07424699648765298310
0.00000000000000000000 0.07430773687610893463
0.00000000000000000000 0.07451382751853539987
0.00000000000000000000 0.07452990360312722329
0.00000000000000000000 0.07468366576240692556
0.00000000000000000000 0.07487850051182491640
0.00000000000000000000 0.07522581195210398253
0.00000000000000000000 0.07561962827870066794
0.00000000000000000000 0.07580550750251234537
0.00000000000000000000 0.07600185118248829752
0.00000000000000000000 0.07625405229994508538
0.00000000000000000000 0.07629453217255589836
0.00000000000000000000 0.07675626897064520560
0.00000000000000000000 0.07678938530762056958
0.00000000000000000000 0.07702259008003313479
0.00000000000000000000 0.07708442308564684986
0.00000000000000000000 0.07725439226585074926
0.00000000000000000000 0.07727893763216289735
0.00000000000000000000 0.07733473854484429477
0.00000000000000000000 0.07758495007045407288
0.00000000000000000000 0.07786474697159651015
0.00000000000000000000 0.07804709945723917186
0.00000000000000000000 0.07824390069665825009
0.00000000000000000000 0.07834201767656825965
0.00000000000000000000 0.07841004663037452749
0.00000000000000000000 0.07854184371897780792
0.00000000000000000000 0.07858170146600949868
0.00000000000000000000 0.07874496734604510828
0.00000000000000000000 0.07890360302894629252
0.00000000000000000000 0.07892810659540663853
0.00000000000000000000 0.07925398099644290206
0.00000000000000000000 0.07927129866045432016
0.00000000000000000000 0.07943953910562805143
0.00000000000000000000 0.07945947007015681518
0.00000000000000000000 0.07948134457286749888
0.00000000000000000000 0.07958035759756437733
0.00000000000000000000 0.07966661265951256732
0.00000000000000000000 0.07989953983831317441
0.00000000000000000000 0.08002036681480535762
0.00000000000000000000 0.08019215195070407420
0.00000000000000000000 0.08022577615173388799
0.00000000000000000000 0.08023720898312021454
0.00000000000000000000 0.08030371928333164544
0.00000000000000000000 0.08050355957277738339
0.00000000000000000000 0.08057277948513712207
0.00000000000000000000 0.08080715043023704858
0.00000000000000000000 0.08101019589856624237
0.00000000000000000000 0.08106634318694004582
0.00000000000000000000 0.08114732243434751024
0.00000000000000000000 0.08120536827326280127
0.00000000000000000000 0.08125743884913412540
0.00000000000000000000 0.08174387691006967938
0.00000000000000000000 0.08211433526241181113
0.00000000000000000000 0.08226927051633027566
0.00000000000000000000 0.08261545697438094082
0.00000000000000000000 0.08262901802673017215
0.00000000000000000000 0.08266462611106702163
0.00000000000000000000 0.08272694149624221227
0.00000000000000000000 0.08272849733324703914
0.00000000000000000000 0.08278880008940590896
0.00000000000000000000 0.08287565891903507509
0.00000000000000000000 0.08291345659682193558
0.00000000000000000000 0.08327357593732484520
0.00000000000000000000 0.08373118283539160434
0.00000000000000000000 0.08399223001659732180
0.00000000000000000000 0.08409065299540773031
0.00000000000000000000 0.08418752014146249629
0.00000000000000000000 0.08432172278363056495
0.00000000000000000000 0.08435096163373560774
0.00000000000000000000 0.08449561694164083037
0.00000000000000000000 0.08457217934594159214
0.00000000000000000000 0.08521380365256278622
0.00000000000000000000 0.08524035062655441197
0.00000000000000000000 0.08536970327430332128
0.00000000000000000000 0.08559071211367125231
0.00000000000000000000 0.08565751985693105530
0.00000000000000000000 0.08584740947851716986
0.00000000000000000000 0.08593916899393459763
0.00000000000000000000 0.08597866463256763347
0.00000000000000000000 0.08601410242539946072
0.00000000000000000000 0.08632904743311384244
0.00000000000000000000 0.08639443883218031472
0.00000000000000000000 0.08641391066668908938
0.00000000000000000000 0.08647319728271070371
0.00000000000000000000 0.08652371266212215140
0.00000000000000000000 0.08655286410849645506
0.00000000000000000000 0.08660908931302553626
0.00000000000000000000 0.08694881425315380274
0.00000000000000000000 0.08697196019231495656
0.00000000000000000000 0.08704850573544045678
0.00000000000000000000 0.08738432311797504626
0.00000000000000000000 0.08746567298954290026
0.00000000000000000000 0.08759871527550579240
0.00000000000000000000 0.08792454011412560722
0.00000000000000000000 0.08816013853943899248
0.00000000000000000000 0.08818645792129463368
0.00000000000000000000 0.08834192315398742279
0.00000000000000000000 0.08841979209216122015
0.00000000000000000000 0.08916954777144228683
0.00000000000000000000 0.08922849377560430895
0.00000000000000000000 0.08925812466151124280
0.00000000000000000000 0.08966269076105946867
0.00000000000000000000 0.08966621439154973117
0.00000000000000000000 0.08986406511875782988
0.00000000000000000000 0.09004878868617978427
0.00000000000000000000 0.09027017506780381229
0.00000000000000000000 0.09030983529942701593
0.00000000000000000000 0.09039647001301499840
0.00000000000000000000 0.09045272413897799402
0.00000000000000000000 0.09068125796081880075
0.00000000000000000000 0.09068819558957347260
0.00000000000000000000 0.09085370500824764550
0.00000000000000000000 0.09095747036163663590
0.00000000000000000000 0.09126125738396025089
0.00000000000000000000 0.09141549757784690755
0.00000000000000000000 0.09196125436785021479
0.00000000000000000000 0.09206334734030381661
0.00000000000000000000 0.09227319977636046222
0.00000000000000000000 0.09231460426596090063
0.00000000000000000000 0.09260064904937213848
0.00000000000000000000 0.09285297222609464884
0.00000000000000000000 0.09297016984362263536
0.00000000000000000000 0.09299036634930779588
0.00000000000000000000 0.09318245270799474511
0.00000000000000000000 0.09349633538410311029
0.00000000000000000000 0.09363331259550754238
0.00000000000000000000 0.09382915476706861491
0.00000000000000000000 0.09414390625518950784
0.00000000000000000000 0.09429530918963699437
0.00000000000000000000 0.09453586229533593455
0.00000000000000000000 0.09465548078532641518
0.00000000000000000000 0.09467702248336197501
0.00000000000000000000 0.09470743745247894863
0.00000000000000000000 0.09483317329122638306
0.00000000000000000000 0.09490602970016301376
0.00000000000000000000 0.09510665798502900004
0.00000000000000000000 0.09513611521101436597
0.00000000000000000000 0.09526465640722128758
0.00000000000000000000 0.09535314184068616195
0.00000000000000000000 0.09543734850604376763
0.00000000000000000000 0.09547551145202863576
0.00000000000000000000 0.09552533167035300032
0.00000000000000000000 0.09556817285408868157
0.00000000000000000000 0.09597713358561273111
0.00000000000000000000 0.09607941276913727069
0.00000000000000000000 0.09609275722910881612
0.00000000000000000000 0.09619423305920389577
0.00000000000000000000 0.09660488690120873356
0.00000000000000000000 0.09682348435137448639
0.00000000000000000000 0.09751375958482220996
0.00000000000000000000 0.09767826073605433146
0.00000000000000000000 0.09826456713454735648
0.00000000000000000000 0.09848698119638224502
0.00000000000000000000 0.09852928395044853460
0.00000000000000000000 0.09855279852181592082
0.00000000000000000000 0.09855974297273628615
0.00000000000000000000 0.09880042648364278923
0.00000000000000000000 0.09890367222197168906
0.00000000000000000000 0.09914718009375898811
0.00000000000000000000 0.09927002774905802074
0.00000000000000000000 0.09928992760076370272
0.00000000000000000000 0.09938979898863409268
0.00000000000000000000 0.09939222705840659866
0.00000000000000000000 0.09958063652851809056
0.00000000000000000000 0.09999189373530596725
0.00000000000000000000 0.10022133718912118461
0.00000000000000000000 0.10026771738884902863
0.00000000000000000000 0.10033741798734781281
0.00000000000000000000 0.10036357454783026433
0.00000000000000000000 0.10044378609075647890
0.00000000000000000000 0.10071220870691542648
0.00000000000000000000 0.10099801004211368671
0.00000000000000000000 0.10108339372107706666
0.00000000000000000000 0.10121358981219624740
0.00000000000000000000 0.10182307422499031757
0.00000000000000000000 0.10189301115626887839
0.00000000000000000000 0.10206169690540441153
0.00000000000000000000 0.10211183439211662938
0.00000000000000000000 0.10215609690623446426
0.00000000000000000000 0.10223359051244966522
0.00000000000000000000 0.10245678121977154496
0.00000000000000000000 0.10256855875540026035
0.00000000000000000000 0.10257203339837689393
0.00000000000000000000 0.10292410092046407055
0.00000000000000000000 0.10296584979539824545
0.00000000000000000000 0.10315901996788509609
0.00000000000000000000 0.10329117660309934668
0.00000000000000000000 0.10331033238514790440
0.00000000000000000000 0.10339536449393600670
0.00000000000000000000 0.10359681179668771278
0.00000000000000000000 0.10379244397989979831
0.00000000000000000000 0.10394558358648137153
0.00000000000000000000 0.10419967620565107058
0.00000000000000000000 0.10434921136455634072
0.00000000000000000000 0.10445138964790635916
0.00000000000000000000 0.10457002399096503031
0.00000000000000000000 0.10461279643634986691
0.00000000000000000000 0.10471517744758063184
0.00000000000000000000 0.10487808214912644478
0.00000000000000000000 0.10494788391007783823
0.00000000000000000000 0.10507082446347551508
0.00000000000000000000 0.10526360380100416303
0.00000000000000000000 0.10550308319996286321
0.00000000000000000000 0.10579464330211861556
0.00000000000000000000 0.10595340071525161108
0.00000000000000000000 0.10605135801232569437
0.00000000000000000000 0.10612835285497135285
0.00000000000000000000 0.10642499065129687463
0.00000000000000000000 0.10642658754260474196
0.00000000000000000000 0.10671254757609334451
0.00000000000000000000 0.10685902464898368314
0.00000000000000000000 0.10688357253251479229
0.00000000000000000000 0.10716371376455011144
0.00000000000000000000 0.10722384587156877367
0.00000000000000000000 0.10730053869043063020
0.00000000000000000000 0.10732464286385062779
0.00000000000000000000 0.10735579196182623574
0.00000000000000000000 0.10745718064170901862
0.00000000000000000000 0.10773755190787925873
0.00000000000000000000 0.10789315071194408024
0.00000000000000000000 0.10795616692966744643
0.00000000000000000000 0.10817728229795975370
0.00000000000000000000 0.10817946809587275503
0.00000000000000000000 0.10839959970606145856
0.00000000000000000000 0.10842613507197142175
0.00000000000000000000 0.10867270829993332104
0.00000000000000000000 0.10878439042630251576
0.00000000000000000000 0.10891540203533879583
0.00000000000000000000 0.10906173781293541925
0.00000000000000000000 0.10907686881731572248
0.00000000000000000000 0.10922230070158829573
0.00000000000000000000 0.10951700373500869445
0.00000000000000000000 0.10953174001994929465
0.00000000000000000000 0.10963557905957127536
0.00000000000000000000 0.10967833439973301290
0.00000000000000000000 0.10991278398958309603
0.00000000000000000000 0.11001785754853432575
0.00000000000000000000 0.11048294086458793073
0.00000000000000000000 0.11049215060608313932
0.00000000000000000000 0.11054141365060644875
0.00000000000000000000 0.11070885427925528099
0.00000000000000000000 0.11076842766239546056
0.00000000000000000000 0.11099496895042990086
0.00000000000000000000 0.11112712425995258103
0.00000000000000000000 0.11114520877397532361
0.00000000000000000000 0.11139249774813306249
0.00000000000000000000 0.11171063333489962555
0.00000000000000000000 0.11219675471535116296
0.00000000000000000000 0.11221901574731049656
0.00000000000000000000 0.11222487797781034724
0.00000000000000000000 0.11222806939658257208
0.00000000000000000000 0.11242199060304623737
0.00000000000000000000 0.11288280018139673633
0.00000000000000000000 0.11290098973397184878
0.00000000000000000000 0.11313119068811930412
0.00000000000000000000 0.11317824639107315621
0.00000000000000000000 0.11323206426685321346
0.00000000000000000000 0.11338509398756661806
0.00000000000000000000 0.11351023179965559484
0.00000000000000000000 0.11357504585998755287
0.00000000000000000000 0.11371336249125424400
0.00000000000000000000 0.11408244626154859236
0.00000000000000000000 0.11466177744764778634
0.00000000000000000000 0.11518904093364847052
0.00000000000000000000 0.11529908514794530439
0.00000000000000000000 0.11548071328998878171
0.00000000000000000000 0.11593022075458672693
0.00000000000000000000 0.11606036641724469527
0.00000000000000000000 0.11674679426826152506
0.00000000000000000000 0.11679887904190040804
0.00000000000000000000 0.11696885552491945170
0.00000000000000000000 0.11711609015667397149
0.00000000000000000000 0.11736537092956358941
0.00000000000000000000 0.11801757506976286172
0.00000000000000000000 0.11820492617659154877
0.00000000000000000000 0.11830844383743038817
0.00000000000000000000 0.11853686414673857141
0.00000000000000000000 0.11910208711194610054
0.00000000000000000000 0.11913637605001152486
0.00000000000000000000 0.11953340658489139403
0.00000000000000000000 0.11953560237852323134
0.00000000000000000000 0.11984305578303632023
0.00000000000000000000 0.12009713049548567665
0.00000000000000000000 0.12023566364553370245
0.00000000000000000000 0.12057428533952257999
0.00000000000000000000 0.12067341502693273991
0.00000000000000000000 0.12123038136489179550
0.00000000000000000000 0.12164569416608125851
0.00000000000000000000 0.12179172974754172432
0.00000000000000000000 0.12206758729515033990
0.00000000000000000000 0.12216639459721619076
0.00000000000000000000 0.12285078423561492100
0.00000000000000000000 0.12287325426683097518
0.00000000000000000000 0.12290734506382215707
0.00000000000000000000 0.12334760890086680918
0.00000000000000000000 0.12361489061567891568
0.00000000000000000000 0.12506983269546106952
0.00000000000000000000 0.12524288728823637640
0.00000000000000000000 0.12598984756460049339
0.00000000000000000000 0.12613698541623419302
0.00000000000000000000 0.12630303412504750860
0.00000000000000000000 0.12644462693864824687
0.00000000000000000000 0.12670935445704389899
0.00000000000000000000 0.12738835465985132167
0.00000000000000000000 0.12758213108862734297
0.00000000000000000000 0.12828363667707753937
0.00000000000000000000 0.12893353557507261642
0.00000000000000000000 0.12904104354004927724
0.00000000000000000000 0.12912069505046874784
0.00000000000000000000 0.13014807811557591033
0.00000000000000000000 0.13038386838620225072
0.00000000000000000000 0.13115172843389752422
0.00000000000000000000 0.13125931258668338542
0.00000000000000000000 0.13138794860665156672
0.00000000000000000000 0.13176388555079493470
0.00000000000000000000 0.13200407294175345307
0.00000000000000000000 0.13302430125210376599
0.00000000000000000000 0.13395538509714066677
0.00000000000000000000 0.13549210282475554479
0.00000000000000000000 0.13600359228602854067
0.00000000000000000000 0.13623068170947744138
0.00000000000000000000 0.13753996027411033443
0.00000000000000000000 0.13795998881047719098
0.00000000000000000000 0.13871365625175702263
0.00000000000000000000 0.13919585760086269910
0.00000000000000000000 0.14019744658432031770
0.00000000000000000000 0.14252424314035003206
0.00000000000000000000 0.14284733999135973415
0.00000000000000000000 0.14429126164699140888
0.00000000000000000000 0.15064061381459870059
0.00000000000000000000 0.15694041470069022837
0.00000000000000000000 0.17361108274230507842
0.00000000000000000000 1.73205080756887719318
