0.00000000000000000000 0.00183225265180173426
0.00000000000000000000 0.00434594816346018688
0.00000000000000000000 0.00466312053806755122
0.00000000000000000000 0.00479097834735898054
0.00000000000000000000 0.00492004236560745177
0.00000000000000000000 0.00581817647515959092
0.00000000000000000000 0.00607461644798873868
0.00000000000000000000 0.00608603015329147855
0.00000000000000000000 0.00642093172676695689
0.00000000000000000000 0.00663453101143396309
0.00000000000000000000 0.00663709841901555242
0.00000000000000000000 0.00684519731308417742
0.00000000000000000000 0.00702086588724244124
0.00000000000000000000 0.00705122947522374317
0.00000000000000000000 0.00712710232733896297
0.00000000000000000000 0.00713809040552564750
0.00000000000000000000 0.00724825827672301564
0.00000000000000000000 0.00731597166858045499
0.00000000000000000000 0.00736939461252756559
0.00000000000000000000 0.00742665765426979256
0.00000000000000000000 0.00751279087272009767
0.00000000000000000000 0.00787390337159436793
0.00000000000000000000 0.00789224024598790888
0.00000000000000000000 0.00804258680770313268
0.00000000000000000000 0.00808212091861870013
0.00000000000000000000 0.00809304595164959777
0.00000000000000000000 0.00809805330807353459
0.00000000000000000000 0.00815716690318406441
0.00000000000000000000 0.00821762445975191338
0.00000000000000000000 0.00835116970080634381
0.00000000000000000000 0.00841110459325338303
0.00000000000000000000 0.00843697692232714229
0.00000000000000000000 0.00852449187803834725
0.00000000000000000000 0.00852580652358262032
0.00000000000000000000 0.00855736352395015769
0.00000000000000000000 0.00864991823130119297
0.00000000000000000000 0.00872026656232201790
0.00000000000000000000 0.00875908856496330525
0.00000000000000000000 0.00884173611308925432
0.00000000000000000000 0.00884872740002829242
0.00000000000000000000 0.00891448097091386907
0.00000000000000000000 0.00893261990982040580
0.00000000000000000000 0.00894763153829673981
0.00000000000000000000 0.00902299830135563571
0.00000000000000000000 0.00919299947306575528
0.00000000000000000000 0.00937441760347985757
0.00000000000000000000 0.00939380298435808260
0.00000000000000000000 0.00940291247986449127
0.00000000000000000000 0.00945775516561668528
0.00000000000000000000 0.00957702306144573613
0.00000000000000000000 0.00972144480908122659
0.00000000000000000000 0.00975001889903738365
0.00000000000000000000 0.00995050349193436420
0.00000000000000000000 0.01000759224343946048
0.00000000000000000000 0.01000830840783495206
0.00000000000000000000 0.01004008155916109174
0.00000000000000000000 0.01013113985516738390
0.00000000000000000000 0.01015191538471096715
0.00000000000000000000 0.01018843424508752635
0.00000000000000000000 0.01027265618352340634
0.00000000000000000000 0.01027869767040236540
0.00000000000000000000 0.01028804628343050337
0.00000000000000000000 0.01040694649674236971
0.00000000000000000000 0.01070476910566914470
0.00000000000000000000 0.01083902433446767843
0.00000000000000000000 0.01084985064429844041
0.00000000000000000000 0.01092266871598645238
0.00000000000000000000 0.01092874107524250543
0.00000000000000000000 0.01095880790798033598
0.00000000000000000000 0.01102834773165355109
0.00000000000000000000 0.01112320216897117256
0.00000000000000000000 0.01122215468139879831
0.00000000000000000000 0.01133454304603643582
0.00000000000000000000 0.01136127449020389070
0.00000000000000000000 0.01146677288057212224
0.00000000000000000000 0.01148561564910077250
0.00000000000000000000 0.01152712536885590854
0.00000000000000000000 0.01153684203164936396
0.00000000000000000000 0.01174289680994220104
0.00000000000000000000 0.01179605210384958476
0.00000000000000000000 0.01180423730508522139
0.00000000000000000000 0.01191738951825652322
0.00000000000000000000 0.01201462649313440358
0.00000000000000000000 0.01208879035482335502
0.00000000000000000000 0.01209420544403629928
0.00000000000000000000 0.01210035528928568756
0.00000000000000000000 0.01225844930319432494
0.00000000000000000000 0.01229734490337561562
0.00000000000000000000 0.01235787796362028575
0.00000000000000000000 0.01237674787860006294
0.00000000000000000000 0.01242250779247132224
0.00000000000000000000 0.01253327433999188757
0.00000000000000000000 0.01254676494632692325
0.00000000000000000000 0.01268507307951622157
0.00000000000000000000 0.01272997737534213407
0.00000000000000000000 0.01273791770702340995
0.00000000000000000000 0.01278944153529715591
0.00000000000000000000 0.01280877885989783332
0.00000000000000000000 0.01283077387375363039
0.00000000000000000000 0.01304716036554470424
0.00000000000000000000 0.01309166856636746236
0.00000000000000000000 0.01313843077497400987
0.00000000000000000000 0.01322390395649581003
0.00000000000000000000 0.01326578547991787843
0.00000000000000000000 0.01329624592620540398
0.00000000000000000000 0.01350331545331118731
0.00000000000000000000 0.01350626032673920771
0.00000000000000000000 0.01364027175426405294
0.00000000000000000000 0.01364230026496867677
0.00000000000000000000 0.01374206401054873204
0.00000000000000000000 0.01375721201878485171
0.00000000000000000000 0.01381282083217540493
0.00000000000000000000 0.01381852207996587568
0.00000000000000000000 0.01387390732432231683
0.00000000000000000000 0.01400215815486271012
0.00000000000000000000 0.01410623002043408930
0.00000000000000000000 0.01418154746988771128
0.00000000000000000000 0.01419802436705265743
0.00000000000000000000 0.01420503819553429851
0.00000000000000000000 0.01434720074433946078
0.00000000000000000000 0.01435381733441276793
0.00000000000000000000 0.01436731641879713389
0.00000000000000000000 0.01440092516560515477
0.00000000000000000000 0.01440692690378243650
0.00000000000000000000 0.01441096088319083861
0.00000000000000000000 0.01442118324431196363
0.00000000000000000000 0.01457824724821812565
0.00000000000000000000 0.01459364503565303145
0.00000000000000000000 0.01460478396490662648
0.00000000000000000000 0.01463259501804427265
0.00000000000000000000 0.01466702143413911065
0.00000000000000000000 0.01469565586455996720
0.00000000000000000000 0.01482982816339972233
0.00000000000000000000 0.01483451195571980873
0.00000000000000000000 0.01489682556968485554
0.00000000000000000000 0.01491821651288164838
0.00000000000000000000 0.01493041865526827452
0.00000000000000000000 0.01493169381670208552
0.00000000000000000000 0.01493878673182759062
0.00000000000000000000 0.01499891540436953767
0.00000000000000000000 0.01518966154614032234
0.00000000000000000000 0.01520429710932105771
0.00000000000000000000 0.01521662480453301117
0.00000000000000000000 0.01527099251344255990
0.00000000000000000000 0.01530820950086519451
0.00000000000000000000 0.01531063689403939360
0.00000000000000000000 0.01533602068735346463
0.00000000000000000000 0.01539354502402215732
0.00000000000000000000 0.01543289475712382279
0.00000000000000000000 0.01547632073346590087
0.00000000000000000000 0.01547727706449054594
0.00000000000000000000 0.01549331528326484617
0.00000000000000000000 0.01550442978130746503
0.00000000000000000000 0.01556528168732168246
0.00000000000000000000 0.01557781640968846151
0.00000000000000000000 0.01562155461204919188
0.00000000000000000000 0.01565947972926013190
0.00000000000000000000 0.01566094824208320857
0.00000000000000000000 0.01566634489508191355
0.00000000000000000000 0.01569833643934280890
0.00000000000000000000 0.01575648833598397233
0.00000000000000000000 0.01577327818192388736
0.00000000000000000000 0.01589097284001813118
0.00000000000000000000 0.01589590213779027220
0.00000000000000000000 0.01594485167000747258
0.00000000000000000000 0.01600469800289282610
0.00000000000000000000 0.01603750852852185368
0.00000000000000000000 0.01604948859670184136
0.00000000000000000000 0.01609413958796128072
0.00000000000000000000 0.01610267360785385196
0.00000000000000000000 0.01611119219475554837
0.00000000000000000000 0.01622586454022370908
0.00000000000000000000 0.01630634085922076995
0.00000000000000000000 0.01633045067436672201
0.00000000000000000000 0.01634684265430300099
0.00000000000000000000 0.01634758142837423531
0.00000000000000000000 0.01636133208427518332
0.00000000000000000000 0.01642333428183971600
0.00000000000000000000 0.01648457234823404866
0.00000000000000000000 0.01651711586458274456
0.00000000000000000000 0.01655323319840811686
0.00000000000000000000 0.01658288812248157051
0.00000000000000000000 0.01663697322507960014
0.00000000000000000000 0.01676987776633542468
0.00000000000000000000 0.01681266712831553170
0.00000000000000000000 0.01681319254054129686
0.00000000000000000000 0.01690363048736136589
0.00000000000000000000 0.01693560736571587955
0.00000000000000000000 0.01693847085723323639
0.00000000000000000000 0.01702131210424169191
0.00000000000000000000 0.01702438374479735284
0.00000000000000000000 0.01705981212205639336
0.00000000000000000000 0.01708729737905440027
0.00000000000000000000 0.01710337950201795687
0.00000000000000000000 0.01712088343472682392
0.00000000000000000000 0.01722151282621091350
0.00000000000000000000 0.01745592068327875973
0.00000000000000000000 0.01749235476835685546
0.00000000000000000000 0.01749396052984943453
0.00000000000000000000 0.01756123888217562060
0.00000000000000000000 0.01765586718235252414
0.00000000000000000000 0.01769027813146673705
0.00000000000000000000 0.01778824584729707045
0.00000000000000000000 0.01779675912666163484
0.00000000000000000000 0.01784826646004631159
0.00000000000000000000 0.01795874634453155719
0.00000000000000000000 0.01797577304440945226
0.00000000000000000000 0.01803021712714491034
0.00000000000000000000 0.01806776658267487956
0.00000000000000000000 0.01808698339813837389
0.00000000000000000000 0.01814824849051750386
0.00000000000000000000 0.01820199795630441167
0.00000000000000000000 0.01826574205551900060
0.00000000000000000000 0.01830415339480058468
0.00000000000000000000 0.01840302908860787234
0.00000000000000000000 0.01849942680369015199
0.00000000000000000000 0.01852927171517878419
0.00000000000000000000 0.01860999127086658891
0.00000000000000000000 0.01864162349021461149
0.00000000000000000000 0.01864561933361388868
0.00000000000000000000 0.01869687213686695854
0.00000000000000000000 0.01870516904073716430
0.00000000000000000000 0.01870814785267863392
0.00000000000000000000 0.01876324901749958085
0.00000000000000000000 0.01883634236956084271
0.00000000000000000000 0.01883686146432984529
0.00000000000000000000 0.01889332550535493052
0.00000000000000000000 0.01893931716857648676
0.00000000000000000000 0.01900172352282936822
0.00000000000000000000 0.01901526511425030708
0.00000000000000000000 0.01902560402322638761
0.00000000000000000000 0.01902635177388001600
0.00000000000000000000 0.01905293102562559751
0.00000000000000000000 0.01908137492178422698
0.00000000000000000000 0.01913418204190859770
0.00000000000000000000 0.01913603417927866104
0.00000000000000000000 0.01917225678578469636
0.00000000000000000000 0.01917681527711000491
0.00000000000000000000 0.01931652419809847671
0.00000000000000000000 0.01936074604519833278
0.00000000000000000000 0.01936198743938494227
0.00000000000000000000 0.01943101723445907550
0.00000000000000000000 0.01951127197608330810
0.00000000000000000000 0.01953059356648509381
0.00000000000000000000 0.01954025863767772098
0.00000000000000000000 0.01956277795196451064
0.00000000000000000000 0.01960354079265795926
0.00000000000000000000 0.01961806635023393558
0.00000000000000000000 0.01965685320265632072
0.00000000000000000000 0.01966640195780655284
0.00000000000000000000 0.01978660509218219815
0.00000000000000000000 0.01980723379964487857
0.00000000000000000000 0.01988827608313917944
0.00000000000000000000 0.01992148350153898073
0.00000000000000000000 0.01998513938678504048
0.00000000000000000000 0.02003768935342070331
0.00000000000000000000 0.02014091544607558154
0.00000000000000000000 0.02014810340674969003
0.00000000000000000000 0.02019068052173325287
0.00000000000000000000 0.02024637568434180593
0.00000000000000000000 0.02037534795400855817
0.00000000000000000000 0.02064765211060761926
0.00000000000000000000 0.02064939332533208619
0.00000000000000000000 0.02068622769472708289
0.00000000000000000000 0.02073305189383406813
0.00000000000000000000 0.02075685037539752240
0.00000000000000000000 0.02076767219081329316
0.00000000000000000000 0.02080676299503983820
0.00000000000000000000 0.02090200019809650145
0.00000000000000000000 0.02090908829891198473
0.00000000000000000000 0.02104568884704611023
0.00000000000000000000 0.02117004243123549526
0.00000000000000000000 0.02146225882545356456
0.00000000000000000000 0.02149224619278979759
0.00000000000000000000 0.02152060316977555052
0.00000000000000000000 0.02161294880485666384
0.00000000000000000000 0.02178778894886709144
0.00000000000000000000 0.02180277912404931379
0.00000000000000000000 0.02182206033451658533
0.00000000000000000000 0.02183550966520202488
0.00000000000000000000 0.02186336634315916641
0.00000000000000000000 0.02187452638197203217
0.00000000000000000000 0.02201051891837198585
0.00000000000000000000 0.02202262209848957625
0.00000000000000000000 0.02205978549518446477
0.00000000000000000000 0.02218063529275299262
0.00000000000000000000 0.02218698939134544287
0.00000000000000000000 0.02221874176223417874
0.00000000000000000000 0.02228772261027962137
0.00000000000000000000 0.02231105315005188841
0.00000000000000000000 0.02240520326109499832
0.00000000000000000000 0.02242213678447880360
0.00000000000000000000 0.02244272779419446626
0.00000000000000000000 0.02244491616823584071
0.00000000000000000000 0.02244658479365616716
0.00000000000000000000 0.02276853779439238709
0.00000000000000000000 0.02281215345851283008
0.00000000000000000000 0.02301025384566980636
0.00000000000000000000 0.02304701183689668309
0.00000000000000000000 0.02306009878399472440
0.00000000000000000000 0.02306516226170853695
0.00000000000000000000 0.02312232662956233836
0.00000000000000000000 0.02320501076042278885
0.00000000000000000000 0.02321431411300766898
0.00000000000000000000 0.02338529073050253995
0.00000000000000000000 0.02339854162592176767
0.00000000000000000000 0.02343992746277353059
0.00000000000000000000 0.02345963311777200452
0.00000000000000000000 0.02366451092558955610
0.00000000000000000000 0.02380318782218433099
0.00000000000000000000 0.02382370663009089964
0.00000000000000000000 0.02383165830943372379
0.00000000000000000000 0.02384810527176335973
0.00000000000000000000 0.02388462879682031956
0.00000000000000000000 0.02393104636768317653
0.00000000000000000000 0.02403408868017765931
0.00000000000000000000 0.02405927543188682988
0.00000000000000000000 0.02406269885416362567
0.00000000000000000000 0.02417389896155236473
0.00000000000000000000 0.02417861024759251215
0.00000000000000000000 0.02426077182940382729
0.00000000000000000000 0.02430635775006682875
0.00000000000000000000 0.02430744983353391037
0.00000000000000000000 0.02434886344272853970
0.00000000000000000000 0.02435325841792416665
0.00000000000000000000 0.02436650323897670070
0.00000000000000000000 0.02438350880244414404
0.00000000000000000000 0.02441633775719089655
0.00000000000000000000 0.02446336511348848330
0.00000000000000000000 0.02447833201471407566
0.00000000000000000000 0.02459056573209052535
0.00000000000000000000 0.02470472463448829606
0.00000000000000000000 0.02472418487874993021
0.00000000000000000000 0.02474951926698858509
0.00000000000000000000 0.02482576605015869575
0.00000000000000000000 0.02484472800514853433
0.00000000000000000000 0.02491930220986499772
0.00000000000000000000 0.02496669438954406128
0.00000000000000000000 0.02503102629761799411
0.00000000000000000000 0.02503512653365258175
0.00000000000000000000 0.02516302961951983816
0.00000000000000000000 0.02517033258564994880
0.00000000000000000000 0.02543031552392117228
0.00000000000000000000 0.02547793890323825361
0.00000000000000000000 0.02551646139770260766
0.00000000000000000000 0.02552830493497253855
0.00000000000000000000 0.02556690760493881415
0.00000000000000000000 0.02559476248435906681
0.00000000000000000000 0.02574920273972079038
0.00000000000000000000 0.02588995075070730373
0.00000000000000000000 0.02590716448484197548
0.00000000000000000000 0.02594943200217891821
0.00000000000000000000 0.02615870565092809699
0.00000000000000000000 0.02620723297104214297
0.00000000000000000000 0.02629432620712730123
0.00000000000000000000 0.02631905477954431596
0.00000000000000000000 0.02648187120192263197
0.00000000000000000000 0.02651360855033553510
0.00000000000000000000 0.02652479938859853351
0.00000000000000000000 0.02658578566303989796
0.00000000000000000000 0.02660142490443587540
0.00000000000000000000 0.02690322622465398869
0.00000000000000000000 0.02694077825766490186
0.00000000000000000000 0.02696510793428623723
0.00000000000000000000 0.02696941648512533526
0.00000000000000000000 0.02708843038416412080
0.00000000000000000000 0.02716865040245092233
0.00000000000000000000 0.02724902467930763808
0.00000000000000000000 0.02726892063256723675
0.00000000000000000000 0.02727294118367572240
0.00000000000000000000 0.02738958141202897309
0.00000000000000000000 0.02744071423035066015
0.00000000000000000000 0.02760608155076894193
0.00000000000000000000 0.02760825921518495971
0.00000000000000000000 0.02764908669762769847
0.00000000000000000000 0.02766352861329945956
0.00000000000000000000 0.02781961981487776972
0.00000000000000000000 0.02782291823135741096
0.00000000000000000000 0.02792124058930330749
0.00000000000000000000 0.02794958687992484675
0.00000000000000000000 0.02804921063383671379
0.00000000000000000000 0.02818697463418268559
0.00000000000000000000 0.02835635299660521289
0.00000000000000000000 0.02836782671570086539
0.00000000000000000000 0.02845478148918411526
0.00000000000000000000 0.02866495059617667554
0.00000000000000000000 0.02868129770451893767
0.00000000000000000000 0.02874038415631543705
0.00000000000000000000 0.02921382614367974348
0.00000000000000000000 0.02923677953716771402
0.00000000000000000000 0.02963908236223880902
0.00000000000000000000 0.02966570458563497215
0.00000000000000000000 0.02976102118859903084
0.00000000000000000000 0.02977920380607509271
0.00000000000000000000 0.02978640186722733563
0.00000000000000000000 0.02987795225128659499
0.00000000000000000000 0.03001390554337905747
0.00000000000000000000 0.03026093710579164098
0.00000000000000000000 0.03045006837882275122
0.00000000000000000000 0.03051552594940968449
0.00000000000000000000 0.03051611976615016888
0.00000000000000000000 0.03053344243728477181
0.00000000000000000000 0.03053685584957700760
0.00000000000000000000 0.03154561564101832777
0.00000000000000000000 0.03189452386671388223
0.00000000000000000000 0.03219543000570058294
0.00000000000000000000 0.03249142192042427102
0.00000000000000000000 0.03266768426636506434
0.00000000000000000000 0.03269090941098581199
0.00000000000000000000 0.03275590889670386419
0.00000000000000000000 0.03305014407272577337
0.00000000000000000000 0.03306688588018057845
0.00000000000000000000 0.03308714950538183680
0.00000000000000000000 0.03351225302204812601
0.00000000000000000000 0.03360842679121890664
0.00000000000000000000 0.03392235280092473909
0.00000000000000000000 0.03427891856664450759
0.00000000000000000000 0.03440939355484758794
0.00000000000000000000 0.03461867005572301370
0.00000000000000000000 0.03464774284046480413
0.00000000000000000000 0.03490091383352358217
0.00000000000000000000 0.03505405913595804196
0.00000000000000000000 0.03519116519393598874
0.00000000000000000000 0.03519436544521296201
0.00000000000000000000 0.03524307348637009674
0.00000000000000000000 0.03531888147416729906
0.00000000000000000000 0.03556338015324817664
0.00000000000000000000 0.03565682382534671874
0.00000000000000000000 0.03569981732235368715
0.00000000000000000000 0.03609769464963935581
0.00000000000000000000 0.03636439968086226104
0.00000000000000000000 0.03655148519096863141
0.00000000000000000000 0.03711731658503466397
0.00000000000000000000 0.03730178701100785726
0.00000000000000000000 0.03731489455217850554
0.00000000000000000000 0.03747168676834969347
0.00000000000000000000 0.03754705292736432165
0.00000000000000000000 0.03755444892209850588
0.00000000000000000000 0.03779563309738558780
0.00000000000000000000 0.03892458287582969273
0.00000000000000000000 0.03913919070210618301
0.00000000000000000000 0.03937891649117569726
0.00000000000000000000 0.03948905477412817389
0.00000000000000000000 0.03973267537419337275
0.00000000000000000000 0.03984597463617663843
0.00000000000000000000 0.03989324748898630257
0.00000000000000000000 0.04114807359469711129
0.00000000000000000000 0.04122654552818702522
0.00000000000000000000 0.04127097988671846879
0.00000000000000000000 0.04171599884016483767
0.00000000000000000000 0.04180252035181770964
0.00000000000000000000 0.04208513819975685105
0.00000000000000000000 0.04292826649829965813
0.00000000000000000000 0.04304638196044235227
0.00000000000000000000 0.04334755698662148826
0.00000000000000000000 0.04357992803374421270
0.00000000000000000000 0.04363675730730487423
0.00000000000000000000 0.04370163339308048150
0.00000000000000000000 0.04467953032967185434
0.00000000000000000000 0.04474023515418443925
0.00000000000000000000 0.04510449085190659790
0.00000000000000000000 0.04589887033239094943
0.00000000000000000000 0.04623356505430191443
0.00000000000000000000 0.04695499269557645156
0.00000000000000000000 0.04715608863113485150
0.00000000000000000000 0.04723624912688815375
0.00000000000000000000 0.04762375721845148180
0.00000000000000000000 0.04768221888426854571
0.00000000000000000000 0.04789510215100161589
0.00000000000000000000 0.04793310490799007617
0.00000000000000000000 0.04842561925583944299
0.00000000000000000000 0.04852954633781712129
0.00000000000000000000 0.04932614179797211590
0.00000000000000000000 0.04932807308517975914
0.00000000000000000000 0.04952593173653856845
0.00000000000000000000 0.05093256961744740963
0.00000000000000000000 0.05138948539358237366
0.00000000000000000000 0.05164967349107076056
0.00000000000000000000 0.05233321427118805408
0.00000000000000000000 0.05284024135492687568
0.00000000000000000000 0.05407430525438746555
0.00000000000000000000 0.05513763154140978451
0.00000000000000000000 0.05667954765369850184
0.00000000000000000000 0.05713458283792963860
0.00000000000000000000 0.05718969304630406453
0.00000000000000000000 0.06016901160211866884
0.00000000000000000000 0.06037337359736354853
0.00000000000000000000 0.06835045285060026288
0.00000000000000000000 0.07148493487230740684
0.00000000000000000000 0.07355101588228001031
0.00000000000000000000 0.07697110887355303188
0.00000000000000000000 0.08067867863926812821
0.00000000000000000000 0.08101994257919234443
0.00000000000000000000 0.08313607442517255419
0.00000000000000000000 0.08447299043630118742
0.00000000000000000000 0.09584870280222465566
0.00000000000000000000 0.10151696669039025900
0.00000000000000000000 0.42293521349828921974
0.00000000000000000000 0.46947129077593646729
0.00000000000000000000 1.73205080756887719318
