0.01893298068217364946 0.01910054110578776956
0.02153265912417461417 0.02278825244228758345
0.02296107424515701073 0.02328728238377375179
0.02048072983151397533 0.02374901276785725338
0.02784602903402309815 0.02794778051553416243
0.02803170107031253619 0.02850986202196223451
0.02790240036387828249 0.02887759426411740799
0.02911916943602277028 0.02942198477999146550
0.02906810140178437904 0.03167047647241143932
0.02945652617763025449 0.03205327002117671492
0.02941972342875790250 0.03234720105266267187
0.03268096233467809170 0.03303907732680193970
0.02874406639725706272 0.03388923580562856058
0.03211356543916513845 0.03461966919097276413
0.02957314032406335377 0.03545143822416505636
0.03299018473704191240 0.03576112673871527370
0.03443690282943617093 0.03618188348170407048
0.03270530757007257538 0.03637468870132685994
0.03308189917104924216 0.03654244106366652534
0.02695207861411419090 0.03654379602269969968
0.03500520430676377914 0.03719499840780204902
0.03141996127324994670 0.03881641815455091904
0.03813351904287073241 0.03919807299630462261
0.03881479455243633941 0.03969917744458553027
0.03678080739564246887 0.04006145009213207125
0.03655091018665376779 0.04013632513533847007
0.03967265199318752850 0.04015303087520424169
0.03882649543140993115 0.04074631275379785728
0.03521522887284187636 0.04077408333079699659
0.02815480981469437732 0.04144365700095363481
0.04011751057865334952 0.04166676425624593616
0.03494314861290956364 0.04206439766037513295
0.04099708517826574500 0.04270845011631726335
0.03913460436557367195 0.04274726220132144677
0.03923339014986104711 0.04353929909285012695
0.04172763464886614093 0.04369591194673905221
0.03302352351950561815 0.04430941348399319857
0.04091490643029892238 0.04451026922118891255
0.04004556434571605178 0.04460566734208239181
0.04259099892222475980 0.04463917925498875339
0.03915168460618366486 0.04476064958623587886
0.03138578553595059578 0.04494311226971776929
0.04348790471441071892 0.04502914502322213214
0.04440623479482063568 0.04508818456473815545
0.04603308529863610332 0.04666401148231927309
0.04370604632865787015 0.04714240644500019423
0.04072198836340924083 0.04782853571027576717
0.04652399770421060399 0.04784127233266022988
0.03889987422303142761 0.04926121858393622127
0.04212925908579889800 0.04932903215491403481
0.04735542129019744417 0.04933589003352947810
0.03546870928439121301 0.04947626743559550844
0.03838635712888149171 0.04984995636511266315
0.04384920052012247771 0.04985486350479810536
0.03641544347863405473 0.05127565003339300959
0.04293935491605154614 0.05173572658612840547
0.03746163083620171474 0.05216534329049773294
0.03770038122898670963 0.05237048716933198622
0.04154479400363240982 0.05244071150414932048
0.05213622783170576702 0.05281000386075829917
0.03926804639941529340 0.05302015807731880193
0.05206842911513035604 0.05512383180747342654
0.04356751508998755323 0.05588506962487503615
0.04683787339588130899 0.05662108583369359488
0.04708081323818305575 0.05731871500682213239
0.04251019032215277299 0.05791542287609542650
0.03291391322539230502 0.05819020526515487901
0.05422083451378631458 0.05862994774910496032
0.04933305866019441904 0.05881867331268773869
0.05391548906192542012 0.05927392426994346902
0.05725395333959037991 0.05934543979336878716
0.04199027222573750717 0.05980101153737781700
0.05667428826385292884 0.06016181660816131288
0.03933785729624416500 0.06193248420998278408
0.05991818262608726575 0.06258276056691758349
0.05809782726335886022 0.06284598196649905655
0.06058595883536922744 0.06296166955337360871
0.05494256173786947473 0.06408254977421586063
0.06422104064669706402 0.06423607705390595168
0.05965402835347883431 0.06460867407812179164
0.05723512300501266276 0.06504535521620387339
0.05693374342956224882 0.06584363262421483176
0.05306890189844110789 0.06595745753160030256
0.04489341527635686696 0.06618104965197522949
0.06220093429486309167 0.06828187309609497213
0.05980891171977478771 0.06842528910023804034
0.06111127343314180782 0.06951276342014250931
0.06672699638727554172 0.07158030303974183273
0.06383611032218328152 0.07521597824697215384
0.06509732628424305667 0.07608072869782428471
0.06766136966162324129 0.07620866959587717371
0.06324443719219709215 0.07982013018079067712
0.07865828959809693932 0.08005852840752229749
0.07512906310566529189 0.08054552628604425002
0.07282764281961791319 0.08093002074353447539
0.05439022069224681150 0.08430712579440968746
0.04198573079881116193 0.08505924622895533194
0.06506963409463434322 0.08641946710739008275
0.08347098181158162100 0.08757714504701068214
0.06656543628670336110 0.08953005883573952883
0.08572947111265756537 0.09765662345086548179
0.10068931780655886177 0.10120469328310589818
0.05201225926876559130 0.69850571739356248635
