0.00000000000000000000 0.01267124119188514988
0.00000000000000000000 0.01338394698494389454
0.00000000000000000000 0.01632320778953375365
0.00000000000000000000 0.02077376052182102265
0.00000000000000000000 0.02243599181693453973
0.00000000000000000000 0.02366299622693901830
0.00000000000000000000 0.02586926506893201527
0.00000000000000000000 0.02721791780153571053
0.00000000000000000000 0.02996690212082372268
0.00000000000000000000 0.03012661844830841207
0.00000000000000000000 0.03147092900814874028
0.00000000000000000000 0.03301326567534006162
0.00000000000000000000 0.03352370630659454176
0.00000000000000000000 0.03366991867250887505
0.00000000000000000000 0.03421228911146645402
0.00000000000000000000 0.03618815996464394558
0.00000000000000000000 0.03655490336473397189
0.00000000000000000000 0.03718810585609547137
0.00000000000000000000 0.03729840573231062856
0.00000000000000000000 0.03759108185380163891
0.00000000000000000000 0.03777928903156876905
0.00000000000000000000 0.03838592056438851208
0.00000000000000000000 0.03889551207305749075
0.00000000000000000000 0.03912752572256054245
0.00000000000000000000 0.03958281817677306719
0.00000000000000000000 0.03978427526976466982
0.00000000000000000000 0.03994698476277521587
0.00000000000000000000 0.04003187327814867330
0.00000000000000000000 0.04071570300613222559
0.00000000000000000000 0.04091133259444526549
0.00000000000000000000 0.04120389604652550941
0.00000000000000000000 0.04125002394818519380
0.00000000000000000000 0.04220889610173823858
0.00000000000000000000 0.04261049010199131210
0.00000000000000000000 0.04289357975333107226
0.00000000000000000000 0.04304338413970568850
0.00000000000000000000 0.04337187044415211773
0.00000000000000000000 0.04361594811886330275
0.00000000000000000000 0.04425297343587889648
0.00000000000000000000 0.04494220742670806956
0.00000000000000000000 0.04579662041426633273
0.00000000000000000000 0.04597182558993307550
0.00000000000000000000 0.04631821626551277382
0.00000000000000000000 0.04655503550126053464
0.00000000000000000000 0.04819437794079978188
0.00000000000000000000 0.04907786863519988246
0.00000000000000000000 0.04945138554261567509
0.00000000000000000000 0.04948069104229515375
0.00000000000000000000 0.05000518078246216774
0.00000000000000000000 0.05006269491793734205
0.00000000000000000000 0.05048150945299761938
0.00000000000000000000 0.05065932140912829396
0.00000000000000000000 0.05086408568752179976
0.00000000000000000000 0.05122979119151955391
0.00000000000000000000 0.05176429229421037476
0.00000000000000000000 0.05189113566831234092
0.00000000000000000000 0.05197050449350799906
0.00000000000000000000 0.05207695404669647476
0.00000000000000000000 0.05212979350693477260
0.00000000000000000000 0.05290755333322004483
0.00000000000000000000 0.05392293880765729186
0.00000000000000000000 0.05401819462478089917
0.00000000000000000000 0.05410274314787886368
0.00000000000000000000 0.05416061865882747239
0.00000000000000000000 0.05416288725270157478
0.00000000000000000000 0.05458816219036134038
0.00000000000000000000 0.05505054729159646748
0.00000000000000000000 0.05606410587280100805
0.00000000000000000000 0.05625659182068205172
0.00000000000000000000 0.05647615885767713617
0.00000000000000000000 0.05693628867997534149
0.00000000000000000000 0.05703082909783939447
0.00000000000000000000 0.05777786720736763360
0.00000000000000000000 0.05822795047764574988
0.00000000000000000000 0.05829749681554731444
0.00000000000000000000 0.05833702672875404338
0.00000000000000000000 0.05865439980762009176
0.00000000000000000000 0.05906089323145218700
0.00000000000000000000 0.05922490651508327542
0.00000000000000000000 0.05935290772430709683
0.00000000000000000000 0.05956306319945012251
0.00000000000000000000 0.05960484767483163748
0.00000000000000000000 0.05975806533698367617
0.00000000000000000000 0.06008054914608537689
0.00000000000000000000 0.06008978363794913874
0.00000000000000000000 0.06079916220060731236
0.00000000000000000000 0.06105209478804813489
0.00000000000000000000 0.06121303838028713251
0.00000000000000000000 0.06150454625642050310
0.00000000000000000000 0.06177956693892474455
0.00000000000000000000 0.06198104798863680875
0.00000000000000000000 0.06250419269250356846
0.00000000000000000000 0.06253456677778294892
0.00000000000000000000 0.06309057701908475646
0.00000000000000000000 0.06327264500201454367
0.00000000000000000000 0.06398380814062022692
0.00000000000000000000 0.06466486283956139614
0.00000000000000000000 0.06489613471902000441
0.00000000000000000000 0.06496441096896508893
0.00000000000000000000 0.06507666722221351618
0.00000000000000000000 0.06508998103798668833
0.00000000000000000000 0.06535184535740885814
0.00000000000000000000 0.06541579911008968407
0.00000000000000000000 0.06549699379941970045
0.00000000000000000000 0.06567156412405487920
0.00000000000000000000 0.06605850953312882023
0.00000000000000000000 0.06609162812005207888
0.00000000000000000000 0.06635693388336259824
0.00000000000000000000 0.06647549068294772434
0.00000000000000000000 0.06657539775397365578
0.00000000000000000000 0.06669132906961394713
0.00000000000000000000 0.06696590884476467942
0.00000000000000000000 0.06733732992677629592
0.00000000000000000000 0.06737788808902954452
0.00000000000000000000 0.06739797541500944233
0.00000000000000000000 0.06739950095746975733
0.00000000000000000000 0.06757929398982666369
0.00000000000000000000 0.06762844506341453288
0.00000000000000000000 0.06773170341840431541
0.00000000000000000000 0.06786414411431702931
0.00000000000000000000 0.06790046851131238681
0.00000000000000000000 0.06886281652101247652
0.00000000000000000000 0.06892266257180536260
0.00000000000000000000 0.06900228031359610659
0.00000000000000000000 0.06934279594530333435
0.00000000000000000000 0.06984769425612122329
0.00000000000000000000 0.07006344304867694051
0.00000000000000000000 0.07014041488464783924
0.00000000000000000000 0.07015095236564809766
0.00000000000000000000 0.07033997436825553673
0.00000000000000000000 0.07034310045522684796
0.00000000000000000000 0.07036356810290812780
0.00000000000000000000 0.07045890689318903832
0.00000000000000000000 0.07046624842917527387
0.00000000000000000000 0.07059566563043360998
0.00000000000000000000 0.07059894800828721284
0.00000000000000000000 0.07082531445093391553
0.00000000000000000000 0.07090170519944408167
0.00000000000000000000 0.07091340995367810540
0.00000000000000000000 0.07093101843536482598
0.00000000000000000000 0.07109687947600984437
0.00000000000000000000 0.07123190803156595474
0.00000000000000000000 0.07143342956947849876
0.00000000000000000000 0.07183331387318936390
0.00000000000000000000 0.07184528587609245731
0.00000000000000000000 0.07185008785159373301
0.00000000000000000000 0.07206682122345556274
0.00000000000000000000 0.07212504832194512050
0.00000000000000000000 0.07215224409540546557
0.00000000000000000000 0.07254049297453871170
0.00000000000000000000 0.07289558385013328312
0.00000000000000000000 0.07292803213260951045
0.00000000000000000000 0.07325796832253651802
0.00000000000000000000 0.07327845034185777318
0.00000000000000000000 0.07333187340365908413
0.00000000000000000000 0.07337694702041876182
0.00000000000000000000 0.07355278919005799054
0.00000000000000000000 0.07358137836263209386
0.00000000000000000000 0.07421040351121227507
0.00000000000000000000 0.07425588077647295171
0.00000000000000000000 0.07443701860208615240
0.00000000000000000000 0.07478733410142719695
0.00000000000000000000 0.07489110895127347456
0.00000000000000000000 0.07543897366268437210
0.00000000000000000000 0.07563769694106116381
0.00000000000000000000 0.07569108095798300628
0.00000000000000000000 0.07580135104659457834
0.00000000000000000000 0.07599022986933552659
0.00000000000000000000 0.07621715536682088787
0.00000000000000000000 0.07624517626298389639
0.00000000000000000000 0.07643367630210617936
0.00000000000000000000 0.07645096621775607226
0.00000000000000000000 0.07654565102622608308
0.00000000000000000000 0.07662005664720418496
0.00000000000000000000 0.07670151929392356183
0.00000000000000000000 0.07676934046340982976
0.00000000000000000000 0.07683157144080476897
0.00000000000000000000 0.07739885513705421771
0.00000000000000000000 0.07746459359710088088
0.00000000000000000000 0.07747957324240377364
0.00000000000000000000 0.07804735837147064315
0.00000000000000000000 0.07807561045943385569
0.00000000000000000000 0.07826094498093218166
0.00000000000000000000 0.07841300480611712587
0.00000000000000000000 0.07844997898301117600
0.00000000000000000000 0.07914262222671027136
0.00000000000000000000 0.07965852672306750204
0.00000000000000000000 0.07980258002880363799
0.00000000000000000000 0.08004905532115376421
0.00000000000000000000 0.08042504781644434220
0.00000000000000000000 0.08045374660477284945
0.00000000000000000000 0.08057734022489668191
0.00000000000000000000 0.08080513574940739741
0.00000000000000000000 0.08100696195923126619
0.00000000000000000000 0.08119869070309868042
0.00000000000000000000 0.08124480635814804175
0.00000000000000000000 0.08195712644846665784
0.00000000000000000000 0.08227388195441658059
0.00000000000000000000 0.08270367325504403289
0.00000000000000000000 0.08288795782351909835
0.00000000000000000000 0.08291447640704800726
0.00000000000000000000 0.08308839954993652022
0.00000000000000000000 0.08338768200951424125
0.00000000000000000000 0.08356376223775154044
0.00000000000000000000 0.08371132671963328609
0.00000000000000000000 0.08372355369900447153
0.00000000000000000000 0.08372385469003391922
0.00000000000000000000 0.08391879677045344099
0.00000000000000000000 0.08416957589033878528
0.00000000000000000000 0.08417732018902585045
0.00000000000000000000 0.08420440390998713831
0.00000000000000000000 0.08421369252224300550
0.00000000000000000000 0.08439946786729961292
0.00000000000000000000 0.08454649080025952723
0.00000000000000000000 0.08461570967796880338
0.00000000000000000000 0.08464041168860167441
0.00000000000000000000 0.08482633168078863861
0.00000000000000000000 0.08497101120461655888
0.00000000000000000000 0.08536153921008472756
0.00000000000000000000 0.08557497100532297785
0.00000000000000000000 0.08566790037005783676
0.00000000000000000000 0.08578957619371999077
0.00000000000000000000 0.08587996503188533026
0.00000000000000000000 0.08589281788654253014
0.00000000000000000000 0.08606738417700483812
0.00000000000000000000 0.08617025503732538005
0.00000000000000000000 0.08619926697157474782
0.00000000000000000000 0.08629513759459604694
0.00000000000000000000 0.08657516847877608224
0.00000000000000000000 0.08679465245894982250
0.00000000000000000000 0.08687918739138834889
0.00000000000000000000 0.08709299841636639061
0.00000000000000000000 0.08717447700619751494
0.00000000000000000000 0.08726730019026519847
0.00000000000000000000 0.08754653178170876404
0.00000000000000000000 0.08757963626688164416
0.00000000000000000000 0.08770219415213177661
0.00000000000000000000 0.08878952696444904202
0.00000000000000000000 0.08905751981431944686
0.00000000000000000000 0.08914697482662832517
0.00000000000000000000 0.08916552333933737418
0.00000000000000000000 0.08921954165183389185
0.00000000000000000000 0.08925517548804506873
0.00000000000000000000 0.08941462539275735200
0.00000000000000000000 0.08945938756349482157
0.00000000000000000000 0.08987633198878054730
0.00000000000000000000 0.09003882234951371411
0.00000000000000000000 0.09017813010765694803
0.00000000000000000000 0.09019165996730364732
0.00000000000000000000 0.09046266945934855475
0.00000000000000000000 0.09054949756477741196
0.00000000000000000000 0.09066224692704334676
0.00000000000000000000 0.09139535313890558010
0.00000000000000000000 0.09152987270968630795
0.00000000000000000000 0.09199264432401227376
0.00000000000000000000 0.09199864326353655863
0.00000000000000000000 0.09210146474616767720
0.00000000000000000000 0.09215884305545873900
0.00000000000000000000 0.09242350333654804351
0.00000000000000000000 0.09243126715617154543
0.00000000000000000000 0.09244707495591278357
0.00000000000000000000 0.09260880771861218497
0.00000000000000000000 0.09271816340158080261
0.00000000000000000000 0.09286907167417282616
0.00000000000000000000 0.09294277489874769316
0.00000000000000000000 0.09319045497150683921
0.00000000000000000000 0.09344435333025666313
0.00000000000000000000 0.09375150189008886470
0.00000000000000000000 0.09389848965566377492
0.00000000000000000000 0.09393721807529724355
0.00000000000000000000 0.09401692433019542827
0.00000000000000000000 0.09414230122366906706
0.00000000000000000000 0.09418215468210300312
0.00000000000000000000 0.09427984917731396797
0.00000000000000000000 0.09429120936608038905
0.00000000000000000000 0.09440734938690886757
0.00000000000000000000 0.09492048537775363282
0.00000000000000000000 0.09497143198917215590
0.00000000000000000000 0.09529707836819291400
0.00000000000000000000 0.09544826610324071148
0.00000000000000000000 0.09578971665854396633
0.00000000000000000000 0.09593827333882486152
0.00000000000000000000 0.09613806837850238929
0.00000000000000000000 0.09628628531588838413
0.00000000000000000000 0.09641686860458209551
0.00000000000000000000 0.09658347649341840480
0.00000000000000000000 0.09667588790232853335
0.00000000000000000000 0.09685277222134329456
0.00000000000000000000 0.09705597547377094181
0.00000000000000000000 0.09722290910836059452
0.00000000000000000000 0.09730747322884564232
0.00000000000000000000 0.09752081814596022524
0.00000000000000000000 0.09794451845858581640
0.00000000000000000000 0.09803277890365538760
0.00000000000000000000 0.09822620823185462813
0.00000000000000000000 0.09825990925541375209
0.00000000000000000000 0.09837316542535794184
0.00000000000000000000 0.09844761721158899748
0.00000000000000000000 0.09880490235262165410
0.00000000000000000000 0.09915292803581986225
0.00000000000000000000 0.09943795133005502163
0.00000000000000000000 0.10020499067470756138
0.00000000000000000000 0.10029770214559892427
0.00000000000000000000 0.10037050106013650774
0.00000000000000000000 0.10056262483500010008
0.00000000000000000000 0.10060426744056046033
0.00000000000000000000 0.10066130592084272799
0.00000000000000000000 0.10070480452980190567
0.00000000000000000000 0.10088276794626181709
0.00000000000000000000 0.10090928062223242234
0.00000000000000000000 0.10094541086682516651
0.00000000000000000000 0.10094597378855717229
0.00000000000000000000 0.10097188224682759894
0.00000000000000000000 0.10117477469182216410
0.00000000000000000000 0.10128554719937460371
0.00000000000000000000 0.10138529064955301151
0.00000000000000000000 0.10138723983587689947
0.00000000000000000000 0.10172903434760018071
0.00000000000000000000 0.10189926001317912985
0.00000000000000000000 0.10254882674149795596
0.00000000000000000000 0.10254934183385633339
0.00000000000000000000 0.10295621974083067618
0.00000000000000000000 0.10347442683164807808
0.00000000000000000000 0.10384056638212596502
0.00000000000000000000 0.10384209198544025465
0.00000000000000000000 0.10423737069534040611
0.00000000000000000000 0.10455325978895062267
0.00000000000000000000 0.10475026887967565925
0.00000000000000000000 0.10479754427897433611
0.00000000000000000000 0.10483083120108457886
0.00000000000000000000 0.10492599220103410174
0.00000000000000000000 0.10515167713689559104
0.00000000000000000000 0.10528922239570358277
0.00000000000000000000 0.10532567045677322659
0.00000000000000000000 0.10552207719429915200
0.00000000000000000000 0.10555153990349402937
0.00000000000000000000 0.10602019154118144662
0.00000000000000000000 0.10624680284508072892
0.00000000000000000000 0.10640739153510229975
0.00000000000000000000 0.10647381854975183912
0.00000000000000000000 0.10661094603872466047
0.00000000000000000000 0.10707101797791196418
0.00000000000000000000 0.10707163861817670103
0.00000000000000000000 0.10711288752782703593
0.00000000000000000000 0.10774679408235841860
0.00000000000000000000 0.10786431624191718248
0.00000000000000000000 0.10811280421367543136
0.00000000000000000000 0.10830959179681642901
0.00000000000000000000 0.10854154535009408189
0.00000000000000000000 0.10872428618337048878
0.00000000000000000000 0.10907114724924879545
0.00000000000000000000 0.10940135768181571962
0.00000000000000000000 0.10964300778947694281
0.00000000000000000000 0.10969950863288825682
0.00000000000000000000 0.10979335964443467932
0.00000000000000000000 0.11017806518212312772
0.00000000000000000000 0.11032330216526119171
0.00000000000000000000 0.11046026566230487953
0.00000000000000000000 0.11054494629083769230
0.00000000000000000000 0.11063997404223532839
0.00000000000000000000 0.11071746252881881079
0.00000000000000000000 0.11110064987982980200
0.00000000000000000000 0.11127237336695629255
0.00000000000000000000 0.11141612366627247355
0.00000000000000000000 0.11143649087060877867
0.00000000000000000000 0.11149807553419094353
0.00000000000000000000 0.11251100854083975755
0.00000000000000000000 0.11256932650098561144
0.00000000000000000000 0.11290731318145542927
0.00000000000000000000 0.11301169325474451355
0.00000000000000000000 0.11314745053065874969
0.00000000000000000000 0.11351444453583446614
0.00000000000000000000 0.11361256964532598368
0.00000000000000000000 0.11380118727102368770
0.00000000000000000000 0.11400354251387871674
0.00000000000000000000 0.11423568632311124904
0.00000000000000000000 0.11475263466070693974
0.00000000000000000000 0.11507115645473103838
0.00000000000000000000 0.11548251223768703222
0.00000000000000000000 0.11559233140295376019
0.00000000000000000000 0.11572941436578788876
0.00000000000000000000 0.11587416202130471077
0.00000000000000000000 0.11637741867896846115
0.00000000000000000000 0.11650869393498040905
0.00000000000000000000 0.11669973422242156669
0.00000000000000000000 0.11678910530561324721
0.00000000000000000000 0.11683008827137704444
0.00000000000000000000 0.11716434783656103080
0.00000000000000000000 0.11773198960090391907
0.00000000000000000000 0.11781145002932072452
0.00000000000000000000 0.11781916543467714498
0.00000000000000000000 0.11783737887896862662
0.00000000000000000000 0.11787871050178917731
0.00000000000000000000 0.11788800579850722272
0.00000000000000000000 0.11838156866441557069
0.00000000000000000000 0.11839328518082012365
0.00000000000000000000 0.11871005939885792557
0.00000000000000000000 0.11898841244376287540
0.00000000000000000000 0.11933462979261680315
0.00000000000000000000 0.11971294739805309060
0.00000000000000000000 0.11979135243104571673
0.00000000000000000000 0.12001830149842722395
0.00000000000000000000 0.12036459573502260312
0.00000000000000000000 0.12062256236335819337
0.00000000000000000000 0.12067452014075831512
0.00000000000000000000 0.12068356677400234045
0.00000000000000000000 0.12104906914373762816
0.00000000000000000000 0.12133645795731019812
0.00000000000000000000 0.12148192003934348004
0.00000000000000000000 0.12153336197568913313
0.00000000000000000000 0.12214097052669531385
0.00000000000000000000 0.12224065626276446606
0.00000000000000000000 0.12241607315079486296
0.00000000000000000000 0.12277409514255990808
0.00000000000000000000 0.12378210051686538984
0.00000000000000000000 0.12380932193052018864
0.00000000000000000000 0.12393029304295521964
0.00000000000000000000 0.12402736843884658302
0.00000000000000000000 0.12420150638123961251
0.00000000000000000000 0.12427129028724416548
0.00000000000000000000 0.12438679518742239150
0.00000000000000000000 0.12458271868502815427
0.00000000000000000000 0.12467942849155347340
0.00000000000000000000 0.12479850420550468726
0.00000000000000000000 0.12515233284788998547
0.00000000000000000000 0.12526589426341966371
0.00000000000000000000 0.12564168924525523363
0.00000000000000000000 0.12571007855122662278
0.00000000000000000000 0.12573465094436611644
0.00000000000000000000 0.12582918010471075276
0.00000000000000000000 0.12600078771806275113
0.00000000000000000000 0.12600316328528063381
0.00000000000000000000 0.12621249041254084533
0.00000000000000000000 0.12629302605906667090
0.00000000000000000000 0.12632699156296481324
0.00000000000000000000 0.12664572469514634445
0.00000000000000000000 0.12735307636024151279
0.00000000000000000000 0.12748935113244616590
0.00000000000000000000 0.12751831538519950437
0.00000000000000000000 0.12753827476577303535
0.00000000000000000000 0.12760382414416274188
0.00000000000000000000 0.12780498871092441093
0.00000000000000000000 0.12805478235366044015
0.00000000000000000000 0.12818122542329166147
0.00000000000000000000 0.12826711639676627308
0.00000000000000000000 0.12851105138580559695
0.00000000000000000000 0.12916154535155077721
0.00000000000000000000 0.12941627429732185939
0.00000000000000000000 0.12948954842379517549
0.00000000000000000000 0.12996962727209518396
0.00000000000000000000 0.13048004275595137536
0.00000000000000000000 0.13069933484049925387
0.00000000000000000000 0.13073319928718182825
0.00000000000000000000 0.13106308849758074864
0.00000000000000000000 0.13201965240193624940
0.00000000000000000000 0.13366743149099533094
0.00000000000000000000 0.13371209356192040318
0.00000000000000000000 0.13433667006892191509
0.00000000000000000000 0.13514995193930096073
0.00000000000000000000 0.13530777382791203678
0.00000000000000000000 0.13556164003444021171
0.00000000000000000000 0.13612846781449261524
0.00000000000000000000 0.13806723961907099718
0.00000000000000000000 0.13834729880673982128
0.00000000000000000000 0.13886435005734742987
0.00000000000000000000 0.14181330812082287851
0.00000000000000000000 0.14286071943381534188
0.00000000000000000000 0.14389130131931973655
0.00000000000000000000 0.14519306094772871374
0.00000000000000000000 0.14583538088890868334
0.00000000000000000000 0.14609392180677949202
0.00000000000000000000 0.14830333965773470628
0.00000000000000000000 0.14865997079134887771
0.00000000000000000000 0.14917464016717146835
0.00000000000000000000 0.15015983022499523880
0.00000000000000000000 0.15041929728938238653
0.00000000000000000000 0.15121260689243401498
0.00000000000000000000 0.15197140620205212835
0.00000000000000000000 0.15200624129577477994
0.00000000000000000000 0.15474068496177570409
0.00000000000000000000 0.15584806260140598999
0.00000000000000000000 0.15806688913562425003
0.00000000000000000000 0.15830802811146701958
0.00000000000000000000 0.16065917020209408150
0.00000000000000000000 0.16066170271832630467
0.00000000000000000000 0.16143210604812194275
0.00000000000000000000 0.16268515134546862599
0.00000000000000000000 0.16282196157043457574
0.00000000000000000000 0.16530645765417906201
0.00000000000000000000 0.16778632569811807729
0.00000000000000000000 0.17248308347857824185
0.00000000000000000000 0.17974838047176852629
0.00000000000000000000 0.18224074792740552198
0.00000000000000000000 0.18332562874119617824
0.00000000000000000000 0.18603715298427420111
0.00000000000000000000 0.19754243612273370001
0.00000000000000000000 0.20803332308759470148
0.00000000000000000000 0.24085230279020342081
0.00000000000000000000 0.31515955866325179313
0.00000000000000000000 1.73205080756887719318
