0.01914867020846170234 0.02201631290680450964
0.02314862733742043682 0.02552378533185188994
0.02691578857603247124 0.02696319294029405830
0.02802405987206698854 0.02820279434537739313
0.02425337796423747763 0.02868822792396970994
0.02436596978020483945 0.02916035959931614560
0.02130752487700851572 0.02922979615445965226
0.02804237308732683218 0.02990483349876416064
0.02709270445760696144 0.03011718609794942700
0.02980530621491417342 0.03025255457338721712
0.02204751897981077624 0.03032514943999103235
0.02200195312257791080 0.03069839365827747163
0.02789509794402873430 0.03092772643079566910
0.03063177812419380641 0.03104846578927623196
0.03048430155950189804 0.03240345765764238162
0.03289860638820382710 0.03325576576157194403
0.02806261556063167212 0.03331016664568202390
0.03506742838009897778 0.03540044218508852508
0.02932446879946628768 0.03592684087723238551
0.03550584260262523717 0.03693192797189458892
0.03612784026082594552 0.03714592113401605361
0.03529229787423309589 0.03907539598077869325
0.03935326654158633614 0.03938184439469545606
0.03592759119871660745 0.03956619364684589579
0.03644491416293344638 0.03990144634948572522
0.03938992189087638096 0.04072409747843572236
0.04081811927400775392 0.04378800226780365373
0.04172211588878119159 0.04390610192448446414
0.03846574600682082373 0.04406213612624281656
0.04132510158370109737 0.04500692624295555416
0.04014793097232370600 0.04502360721835595159
0.04085540749922747517 0.04608342027553227749
0.04120984405571970211 0.04650243988212739155
0.03375926200300825852 0.04703816346958882011
0.03553791289558475008 0.04715476561501826674
0.04288759668144993126 0.04716336473528166123
0.04520529543823608581 0.04885223031462694598
0.03274797302372318974 0.04889113921055303347
0.03692264972871463907 0.04979359247125091092
0.04022027248493038193 0.04998237325853917973
0.05078888526567970629 0.05109256748884014043
0.04664588623490114466 0.05210577481791960758
0.04972858857844323494 0.05236217985729296753
0.05229728887307787816 0.05240120667869752752
0.04283435398308584052 0.05352026010611769802
0.05167404291456038218 0.05367975273798769598
0.03698248085118373968 0.05460492250676275000
0.04032051435905803505 0.05491562331865554314
0.05306491123739708049 0.05503572247180640864
0.05184089894788728586 0.05662743287079360227
0.05005595852174016258 0.05711454307016233800
0.04569020054112413187 0.05727636428673184982
0.04527198342555908278 0.05728227654111411188
0.04333207299758649184 0.05750905397503040806
0.05192511881211493707 0.05793137920022838061
0.05493134794954109695 0.05810933351675726111
0.04585736966664963332 0.05894081072912091962
0.05266711394132845420 0.05942386018214671634
0.04373593851181499514 0.06004675907370371490
0.05925630036636762854 0.06078231063437964515
0.05092117939017280076 0.06297720516894683707
0.06265929136652099996 0.06373179051935472239
0.04793302670403867816 0.06455379199385125055
0.06404310135843924168 0.06457272025308356811
0.04585580773241117181 0.06498081095554864017
0.05994966147990241773 0.06563698057075356695
0.05839077593659262183 0.06667687071757051609
0.03330380177534950081 0.06741619720333159871
0.04950501444889559427 0.07147239992720587354
0.06605496526303317184 0.07162584007405119191
0.06023405032377136814 0.07163272291043874807
0.04766614157716199396 0.07176354778118675115
0.07098624321385019198 0.07302195214985827965
0.07089063993297257948 0.07390159049699043803
0.06678284382693688848 0.07410583283102804841
0.05851516511689006106 0.07502717217715107467
0.06696793812110111987 0.07547099346615598892
0.07136898312713992054 0.07576095173214264511
0.04808131072368232450 0.07615577772862236472
0.05754967734762852366 0.07853853152036241458
0.05841121821308304513 0.08171371305332436608
0.06281777042349555307 0.08336353321201543654
0.04544795743573776248 0.08392252571927617810
0.07765888555749574096 0.08413878522363441026
0.07711491344735833808 0.08747635958728897099
0.08095417731149801011 0.08761122209190519428
0.07936835876493254782 0.08772758457512058738
0.08081294314447709515 0.08981107161275461714
0.07571636803688647221 0.09921716335790756180
0.09659859606836633528 0.11167368104074540391
0.06200450271412224351 0.68785919464610822960
