0.05605675560319361983 0.06251953633012299894
0.06999430898101446918 0.07045739645203352719
0.07668113531508639891 0.08114590223826008419
0.08987617494641614302 0.09317403313194669301
0.09667414155397441311 0.09860241288391534409
0.09462310835658604979 0.10038821289365507106
0.10076406104534464669 0.10881383249335246921
0.09971935550227782608 0.10881383249335246921
0.10265812525598023985 0.11114898860073810227
0.11266867389180357240 0.11447170648678743621
0.10499278958572905163 0.11476120493142706602
0.10809903532323709985 0.11572344063081813070
0.10362810701682524661 0.11677238118510969989
0.11751901885971111072 0.11847391787605848767
0.10817679714895360454 0.11911230989676110936
0.11743651369276977836 0.11986744023471355980
0.10997591589526387046 0.12127903678793164333
0.11911221872204653949 0.12319543627670384578
0.11050996348693246929 0.12387542635233669830
0.11880483599628044455 0.12459745722531741230
0.11579213203368113327 0.12602430324697175279
0.12379251080418689213 0.12688521725441476162
0.12059906825427166299 0.12919773480768512175
0.12373739394637965627 0.12956284859267311327
0.09400412273498599813 0.13213654710362809919
0.12544272235414308247 0.13232188939192082722
0.11777745048334546663 0.13239951010433559375
0.12461664412603633278 0.13249242624178209082
0.13122035844168372654 0.13306990430991949559
0.13071785552023809651 0.13324137424230655946
0.11137792083182258829 0.13393883619516208650
0.13005710216761173781 0.13422047927477961937
0.13000030274904481042 0.13465702142752075665
0.11658158237115893996 0.13470761495724389856
0.11925519180970403643 0.13513767573708954095
0.12677611464788818285 0.13519517879145542816
0.13470925299730485136 0.13551556644185958067
0.12773476777336870147 0.13596757890471797281
0.12731769605763085251 0.13726907155844342290
0.12219565625075914927 0.13756654701381196282
0.10446513694740239275 0.13761293679300062864
0.12989569644277371152 0.13767606584727404284
0.12637024283375447586 0.13773924918420560326
0.12797908384657516456 0.13826136856558141064
0.13335558448149059663 0.13842101912689191989
0.12046109792724940535 0.13856343168730286819
0.13547892734370306500 0.13972124173550035109
0.13051519493659566318 0.14014857385267612266
0.14012044309418159038 0.14059304051114523970
0.13547759713218593403 0.14143955804938379561
0.14109177071197984144 0.14190987582486336294
0.13234545441011685840 0.14209795417423976005
0.14168534598136320324 0.14336167702219304587
0.12978569602445477749 0.14371902095228109020
0.13671769801979199999 0.14373587223146475078
0.14365004355497931754 0.14425860494094933095
0.13921591750960748968 0.14486414582493309378
0.14522141933348298171 0.14555246480929764918
0.14483321477914787301 0.14562786425335172424
0.14324185327331104278 0.14683077467378255476
0.13735881036741276473 0.14720348901478705339
0.12609552010210345330 0.14752704647853506770
0.14326131639303987808 0.14796054098996816450
0.12750047686614085496 0.14796167120856437704
0.14009021028031473644 0.14801589486104271831
0.12480519763007888456 0.14819375139723772739
0.12091411492657308524 0.14854839900466740299
0.13349179099179739327 0.14861067919522155667
0.14048753175832787154 0.14868574690754773893
0.11040450020398143161 0.14892712679575725865
0.13616752211769467262 0.14914758936830715963
0.12467540402871744865 0.14930960324838066233
0.14609637640987749307 0.14934876679351585804
0.10885310367400866105 0.14968084975345927190
0.13883263579562019063 0.15066586693578043477
0.11683844305134095942 0.15076798874336394540
0.14822775584896952239 0.15107752076156730214
0.13531325892570150726 0.15126107633752444714
0.13856083053759121748 0.15176954497863073823
0.14826734834576058009 0.15178005069930447513
0.13563898376498731424 0.15254911860861394834
0.11539370602436961610 0.15325702599540150239
0.13737553244866534952 0.15328490254097085210
0.14861668289771162721 0.15351704657919715280
0.14995610293174277405 0.15367859851718745912
0.11044982658398110054 0.15410128277894108439
0.12995083613877997375 0.15491112788448024862
0.14308068864316622615 0.15542571203309532568
0.14319925271889202834 0.15571248590554445657
0.13581848186824710401 0.15577045609599285414
0.15522236087792637416 0.15681672413988537174
0.12591654333701191026 0.15687959725567868219
0.14343637648208709678 0.15776491802381603646
0.15069086180077581605 0.15786951858230743873
0.11526346919050536877 0.15807236153748407959
0.10685034456378966761 0.15923516788530622801
0.13270638893788319623 0.15947988459886947021
0.14927533705550985466 0.16043908424180700067
0.11419682254914836905 0.16115796543522320494
0.15350882869511964235 0.16118919957569222134
0.13506899700934688058 0.16172836766267711939
0.12122618545155250391 0.16324875265617655451
0.10685072990720340114 0.16384116228211645372
0.13001372718129902695 0.16492486004025969093
0.16215253614630109613 0.16537870318791739188
0.13537656722978114177 0.16544170619651138443
0.12750157372413756240 0.16621770988105588618
0.11372832562174593762 0.16627212938040242252
0.11883992115720562466 0.16633082700092957640
0.11987669018998924064 0.16807443017909867722
0.16248211170565551864 0.16812763662736637804
0.13652016201268721285 0.16857793808102203292
0.13891663075392587934 0.16903177803075972174
0.16022870816679049555 0.16903525153598764064
0.13843668019466542907 0.16908011915460308128
0.12165025138963259099 0.16926918641855887016
0.16520154293240499332 0.16976638646377675834
0.13930102728300924886 0.16977672396992241066
0.13866492155217152726 0.16991341753369640366
0.15993220897318244367 0.17032062391450866756
0.15528742852351121173 0.17032062391450866756
0.13753034433101252176 0.17085190750186385333
0.12594061219242166927 0.17108785957149746926
0.16105176742458082728 0.17146314068545046028
0.16396283127597191531 0.17190853045385184883
0.15768377677047495933 0.17253398570242764465
0.13248373614087596839 0.17289008346386977588
0.15020563386239607628 0.17377902668237127370
0.16220157989730035752 0.17435923434435579571
0.16744266767349447189 0.17460282794652168259
0.15045344818851044688 0.17496785394837438554
0.14584888095159956323 0.17590041356944230433
0.15964938067541484257 0.17707011766429014976
0.13362832636729793379 0.17802712718469904107
0.14134259447610025839 0.17841593416991108345
0.15403636662563943704 0.17945470675523575443
0.14438678511806316007 0.18054717810903933572
0.12983529082186592851 0.18065793493534065828
0.14571322553191673466 0.18092547489101112879
0.15156691105397138153 0.18139487711444401974
0.13504888091454361754 0.18149175260423364153
0.12974653049877982181 0.18166599971900446175
0.17813331874689572465 0.18177923228776290965
0.13860914557680403814 0.18246331931534584547
0.13788881791661869447 0.18258282404048414849
0.13172027841123670755 0.18320877702941879006
0.14809676130589102816 0.18357576597501007454
0.14718282509681293591 0.18362153922253360294
0.11730521858855412487 0.18479104020098024996
0.11647175529176109765 0.18517762395652384577
0.17506086112784263742 0.18523903421619417053
0.16183363654135185516 0.18565039452477119508
0.11472944565161635744 0.18568132199328127308
0.12554975003192200833 0.18608025017392243461
0.12562429940312189180 0.18647773477367773909
0.14806653811683126443 0.18651352915914409802
0.18266532355092673923 0.18777888402682707536
0.14407298549655367381 0.18834465254308177529
0.16282095266795210131 0.18844270392632991862
0.12508937829283009457 0.18873113725977364030
0.16262966525869856915 0.18951065416774434680
0.17876708331753390913 0.18996924541528012464
0.14051449219622744180 0.19025633696461038968
0.18381760523733087220 0.19077707834378163088
0.12886148581644299438 0.19154053693999448238
0.14922057641962452323 0.19169548392385515889
0.18150285019382902951 0.19290274636273940789
0.15884088507221769127 0.19344430678462998241
0.13228842866079285057 0.19377956327011883197
0.14216616321909039677 0.19417719655975787529
0.15992367879807053987 0.19427795734773639635
0.19208752507402240828 0.19494126405906458954
0.18491564243704455839 0.19519003895317310615
0.18038584264554682890 0.19575544492407717656
0.17849849050780863813 0.19625162127103207288
0.17865204283943814101 0.19636182818437317166
0.12688191688569466775 0.19644604585063665803
0.12374289259676078678 0.19675775197473235889
0.12486894350195172632 0.19767229365197722113
0.13598872125586272674 0.19820251000999705715
0.18493876246050272583 0.19828448470103057777
0.15843715433320879060 0.19918008136096257421
0.13587620596643837367 0.19961220229006404470
0.18196676784161672225 0.19972498997277701727
0.14678521651043527352 0.19997424331237739770
0.18977994441344753218 0.20059488913651540853
0.19060421934060231552 0.20063177850418573156
0.15922284942025988208 0.20148080361661377391
0.16711238554078375329 0.20266123036879285513
0.17835101706569542190 0.20296902496196847498
0.15119975751230910199 0.20315708434329873833
0.13706622015808470061 0.20407211303744687836
0.19802536888803146109 0.20522004041917740746
0.17790615728424533093 0.20525807312029958895
0.15778350853603348436 0.20644429405076089590
0.14050875841916130038 0.20673010187494789136
0.12951081323075289142 0.20847877772264669649
0.20119156401652968369 0.20913442351167041422
0.16683849667141750772 0.20958346310731565398
0.15310552598887644526 0.21033356255639806820
0.20515781676288097346 0.21143902117128426932
0.12971569840692559472 0.21234219775480614456
0.12565658190603093414 0.21372729361780021251
0.17726011524930571084 0.21377976988885316612
0.18008618041287405287 0.21465830766710353172
0.14455900291110063138 0.21476954045684995553
0.17351060044443081254 0.21500943181612547361
0.18696684954717665561 0.21548470242203682234
0.15007739730492564156 0.21677720820352661124
0.19499603368776793899 0.21968322696484188228
0.15275894000293963049 0.21993092062492605732
0.12086635968782614980 0.22215367068083566315
0.20005075268418331946 0.22569550628251022761
0.22572580408076087233 0.22607271539512849290
0.17867182938541087411 0.22828651036011526898
0.19898771783672819513 0.22880750781291639417
0.21372608087863972925 0.22920989763423477159
0.21093045476289057349 0.23525078775306507151
0.19767763843550092973 0.23542419892716442975
0.17882336458619135788 0.23843283824903457879
0.24482519799192203891 0.25581411675560217223
0.20862860258544493886 0.25708487816210978671
0.19189271869069790544 0.26281488891206183922
0.26558326137036092351 0.26847649435428949660
0.26926039085149428010 0.27254589413079149951
