0.06707800279863489201 0.06994263851299989398
0.08388901568720259772 0.08489041246227642390
0.08404927257084149339 0.08512148659104740167
0.08127769841105908499 0.08819030507578579092
0.08853891353510111306 0.09326081688013357351
0.09034732824276582586 0.09369962180420696174
0.08847322268327223460 0.09643994269380967710
0.09975056597825911198 0.10293956198432131777
0.10186930102110687557 0.10409603245610517253
0.08571898520053820858 0.10545800219343448578
0.10488392178289322743 0.10608096392318872025
0.09338087777218677388 0.10782487325817337320
0.10151693102297834614 0.11201805015894911177
0.10321433676112885813 0.11223301782707148511
0.08965736817022955385 0.11259830385352599669
0.11422256400247107755 0.11468035612395546807
0.11538174563220743307 0.12033703242012543100
0.12251117737946319586 0.12290900273063563863
0.11651414319848497902 0.12314595478918272109
0.09854533803698584116 0.12813824571706469713
0.09545724492253200577 0.12822894327444653295
0.08525202247050064908 0.12940734619241825443
0.12832284263544982417 0.12967753267240178516
0.12531873527191580986 0.13175511446437085383
0.12500044310628669053 0.13219936938743354071
0.13171831446780621344 0.13238140052426575211
0.11650760093200117351 0.13335208962431746582
0.12989508500222093912 0.13657476194483075815
0.10662143568769508195 0.13674821531025652122
0.13134802504943707269 0.13840609391641470194
0.11264897811972016117 0.13927435959651082720
0.13764240969716620699 0.13946568286866922737
0.13727727568817801873 0.14037043068964824566
0.14394970020189529203 0.14410373383082761278
0.12252768734109942272 0.14769823060831024919
0.14155322229754066510 0.15095034879167371078
0.14232201627869550675 0.15287106306787842658
0.13975456195021254691 0.15413335670905459196
0.15202180955702110365 0.15444800256215340806
0.12009288162667422495 0.15536878551090638201
0.12943243126970521706 0.15634932399030285199
0.15596419395333552260 0.15858649479238684510
0.10534040180451731405 0.15859414945749669701
0.12968624030345604625 0.15942078925767647068
0.16261900871385859269 0.16612220326837540130
0.14441580237202605863 0.16731553205853563759
0.15897491282273043534 0.16747806273536111621
0.16349597233106175076 0.16826639850986668812
0.15428674564799108038 0.16858729815551332099
0.13667602117836510911 0.16863157354968846824
0.15812980113888214229 0.16916921683797458975
0.16612499792442247948 0.17038167996571587648
0.14118517224239299224 0.17263297329238083688
0.14073592836222725833 0.17331666229394396272
0.17376501366017824135 0.17487224659651043335
0.16035194760116786017 0.17571075676276048938
0.16846207141407593122 0.17716302206014944431
0.17269701461134837062 0.17862663422823493731
0.17727773445990233081 0.18153542689017906908
0.18025348851338349188 0.18443617549020793756
0.17339239552001475819 0.18461774602536851209
0.16554987117588426671 0.18619677434978978980
0.15594878977758422356 0.18768635869711980391
0.17740065666922671950 0.18890254589375352068
0.17886343261124318382 0.19402508897393166976
0.19278842122935888059 0.19439712801640315898
0.17793919241293906786 0.19472101842437108954
0.19004445031165154156 0.19589391585177656774
0.19533071946045152401 0.19589391585177656774
0.17453920842115280831 0.19665146252050141884
0.13219646309518298666 0.19847486669517910851
0.18411330548180740441 0.19934174591374662078
0.16229455353464117273 0.20090854288015008722
0.20173745289507272194 0.20272879675945953970
0.16741250405672572499 0.20384214070247252959
0.20027768778431270791 0.20618172677889712308
0.18375733821691636605 0.20651719688184785872
0.19234790245714530887 0.20666015664511641625
0.19431934567909098233 0.20688679678293928066
0.20661589567150404068 0.20789896851899528074
0.19780462910412888178 0.20809702506452007476
0.20505350760225179996 0.20850690693872536707
0.20563922711220289363 0.21221438910901488373
0.19604913447830146778 0.21289927084346990660
0.21285851450310611099 0.21370851693347001077
0.17099694781145308164 0.21389368293783131425
0.17872354157086167703 0.21430184089372825151
0.15528509062206724556 0.21656793305256377691
0.17676921214460572518 0.21897454331602661526
0.20543912083997822871 0.22602299361660535548
0.15675008998359502010 0.23029442299792673987
0.21779990891975892220 0.23107562169959375287
0.21379668528472814404 0.23222635602973112912
0.19142453699229297626 0.23408429375018280361
0.20634221147091508231 0.23440946396070577729
0.18139056471761155764 0.23653450262890760025
0.21905461966738351554 0.23653987654228453286
0.21531462074558538333 0.23715864207519110618
0.22182377899302727076 0.23853664892595208280
0.23206893785286117349 0.24023680312007791859
0.19180486857833281555 0.24139221013147979522
0.23642700001383074038 0.24147805136287478489
0.22763367741034387648 0.24303480203745245203
0.19811485799212108505 0.24516330228152835580
0.24352461504393119185 0.24548498703430796097
0.23974615590260067721 0.24586501837075205867
0.24233037612364666247 0.24615421362755218748
0.23391913038962475202 0.24753227289826049140
0.23661961755782182082 0.24822694191402752684
0.22940340146092724760 0.24830810356670149353
0.24714253008494010966 0.24847301193670628949
0.23932899455554565438 0.25029871908728695828
0.24214017369795354240 0.25137759491201794315
0.24738505954736780823 0.25231156019713263383
0.20736591915923555107 0.25308078399230377054
0.16688941729702708172 0.25386030773532192173
0.21401074257618729613 0.25398739779900636471
0.22964144897564819914 0.25475258167597586434
0.22669335475568619387 0.25679751252454430244
0.25198708520217932838 0.25957290715934910885
0.17705090407253917806 0.26255292415758163527
0.25637560291126221257 0.26283194102870832687
0.23065485667501442468 0.26369804439842409183
0.24895430518992361923 0.26385719956247982720
0.16449897633314508605 0.26469778692086454175
0.26387776702926513117 0.26549383224862499464
0.18808607941389998697 0.26594993457906490608
0.24242786387497469724 0.26725253010615718230
0.25212525474070240916 0.26977578630866999587
0.24412572906512222670 0.27059845286633643635
0.23268699356754743435 0.27138810001258445448
0.21199088592273190867 0.27283107681681462164
0.24764932749083196084 0.27286992171397284057
0.23706861928025602104 0.27433086068679835012
0.26446801367014571849 0.27463187137236882984
0.15769103476040732814 0.27795640861735126936
0.19229384347913647257 0.27961124210512777744
0.20689417706913068584 0.28072150405798051986
0.21978572511597421757 0.28115803350573170816
0.24384125302081369191 0.28332286713050963689
0.27676715872389379136 0.28523364881779078583
0.22686246145153812770 0.28606457818209451993
0.28068486727353303412 0.28764756988406864346
0.24275318464911821437 0.28805997183854786803
0.19021956410854989894 0.28842494299899879007
0.16669421561022004785 0.28892976416100873971
0.27244244157143809870 0.28892976416100873971
0.28748955994798136571 0.28910054179001726249
0.26512508405271589806 0.28949066481452773170
0.26076741521270835333 0.29007010506104080605
0.25623258120733988230 0.29026920226048902318
0.21804255282690224171 0.29355242414671184337
0.18723822165992798361 0.29455135441044189015
0.23541511397835912511 0.29612444618074801328
0.21667061128181430707 0.29755051967065232477
0.22083642529875330274 0.29894855709319906323
0.28779833310720709383 0.29928121911218058537
0.28929200917372610569 0.30112752845950174763
0.21107560170800165888 0.30176623414811526436
0.29392874999034357408 0.30333836358091659235
0.23470211723373718415 0.30359293915171980949
0.17939659671911856176 0.30606246010607834895
0.24081386522681572093 0.30642114826045813158
0.21613219777142500533 0.30843534050871218577
0.22675608575943828615 0.31272460557204384557
0.21549440208785997086 0.31326129023621401837
0.23371363462519365028 0.31521195694383924435
0.22938468707706405336 0.31598337214243243931
0.29014561735944927046 0.31630670368032176576
0.23635373058786682265 0.31630670368032176576
0.21396346707831898071 0.31756189924433669836
0.29322729602689301398 0.32167968894448289996
0.31074010517090178141 0.32482747757214297524
0.14065942133390327284 0.32604314296422826081
0.31961247457969732544 0.32814306058143244416
0.30555466040602080602 0.32998188100793973687
0.30420118563433540260 0.33134707054989664954
0.22911438037455164607 0.33465543254274987550
0.28114119859149006020 0.33703965602675156621
0.13754004049593199221 0.33755361239633224768
0.20175659459392786266 0.34257137050953728741
0.22178742615746813160 0.34317687157458076630
0.21052155898922544908 0.36884941378865432338
0.27254600807518036820 0.37065519965443388672
