0.07698467305198375410 0.07919013588591783392
0.06985101891407766161 0.08186374311351950206
0.08092194188381027220 0.08467770944567015734
0.07958665726537351992 0.08604938469564017700
0.08659273460507745102 0.09191604561829862241
0.09028452053093995178 0.09673954032026996219
0.09356488819203759300 0.09733361013490708646
0.09462136793656479583 0.10314579359387322788
0.09569869733426822345 0.10353497434809154354
0.10406254975383795458 0.10676346205119892352
0.10094197823608797027 0.10735282598745296556
0.10669574773174261839 0.10843570138084517029
0.10490703139988116765 0.10946063892217622326
0.10819804880621844423 0.11044626989014522112
0.10456749184439967371 0.11220993930095070346
0.10291955611320514896 0.11265738314735433689
0.09707920546299217412 0.11275352704578431307
0.10463470983175859885 0.11563124631959630084
0.11725209892313595561 0.11865698384903543283
0.10873334673811986539 0.12098642817641705460
0.11921925535843584665 0.12237232337259766612
0.11431523753918718111 0.12283134641960509470
0.10282944330491666785 0.12413554070306929977
0.11600436687033434391 0.12426350280605485965
0.11211799364513526378 0.12452387044494322987
0.10957583001698883995 0.12688153571509744322
0.12740274404365911631 0.12823310590769876338
0.12377984542255682232 0.12988573589704810463
0.12892499921324171441 0.13227397468458654273
0.11264819123333622009 0.13300709699638174621
0.12991171598428638556 0.13360879906008338303
0.11701662128257775408 0.13397888805373225907
0.08378006515602814952 0.13495862283657397707
0.12573135404363003365 0.13619707100846215053
0.10308904106297474279 0.13624902456281412499
0.12809237440147061560 0.13672096956644944066
0.12878717822784668812 0.13691656049678299634
0.13034300985338551082 0.13761771350963836191
0.12791992405796401289 0.13823781128065207313
0.12761276553882769380 0.14190073328793592622
0.13579442076283435026 0.14209038200933390983
0.12960779655431281521 0.14247621074036348476
0.12985997241143790171 0.14299130591814795954
0.14035652465941939049 0.14306180636484802648
0.13702763830877046081 0.14334287641075160735
0.14343892906710223323 0.14373536153779126190
0.11657508575451507038 0.14401203460409336965
0.14009490166138022227 0.14417314923362772872
0.14033273243389271512 0.14473673418875473984
0.13478537597818521232 0.14573563026790731234
0.12639108360494596961 0.14594494469767335665
0.10796813669960231286 0.14624884471835883359
0.14171837578392490475 0.14633953686231809810
0.14604190634312194663 0.14674111114815346912
0.14148528779976526915 0.14693370722366744241
0.13052253598685786828 0.14727850433806868868
0.13941045355895664848 0.14731942812942910859
0.13650187079818718039 0.14753915630101502310
0.13593120713765491359 0.14771225324866593676
0.13612618722066216481 0.14785535607012678661
0.13404300896523588249 0.14819485693368736334
0.14263015255515881785 0.14942318167922657990
0.14954996299919393055 0.14965026708669310063
0.13473164287983441234 0.15007166285865314315
0.14280171548448947205 0.15012407712261374715
0.15018159920558457610 0.15029596577164602844
0.14796205767824732735 0.15082392779719180909
0.13649964042210488424 0.15153104756411717169
0.13520946081346923995 0.15214466556941161346
0.14669835233890513027 0.15218947241767732947
0.12026867438730422244 0.15249198556935747439
0.15070160039706981259 0.15325531073415296635
0.12673123523008206215 0.15417456961785461211
0.14983266963767563618 0.15481707074192460616
0.14663278326594006429 0.15482743828157036203
0.13157218366380121766 0.15499744018244215882
0.11114224031190712838 0.15514162179723067769
0.13274037270571850677 0.15607602218710300845
0.15283562518252785667 0.15607602218710300845
0.15618665929261116299 0.15668021402125248409
0.11945629740123367424 0.15719030324979918478
0.12706089491240518674 0.15732370303019765911
0.15517402331515045555 0.15756812312853221703
0.14735805078833588699 0.15760506978399485556
0.13781256527445759352 0.15908095182822346025
0.14224922851685417591 0.15913389785409953747
0.13846882902553486749 0.15960987970706536077
0.15445845459769314001 0.15966303218498262284
0.15827169508076593951 0.16043224203639896985
0.15375697541872895835 0.16147869415031904095
0.11844741480962123203 0.16178036328979805702
0.13892247334334806297 0.16195644209569889926
0.13406258199977355572 0.16210047764669419101
0.14076907287757323139 0.16387035868321284116
0.15045477114881722347 0.16395352617315572807
0.12210387235230989178 0.16395352617315572807
0.12291661098730898016 0.16678283794349782476
0.16659886644980134718 0.16743204870908906523
0.16384109825301026997 0.16743204870908906523
0.13584106001159734767 0.16761859944737833583
0.14359518986740760216 0.16820622048729413911
0.16842718655004107475 0.16883397868183994128
0.15062900557562791670 0.16932214226471359320
0.16972048645466647487 0.17001452990029411461
0.15508346730970531957 0.17054107395443990347
0.12742631833829773380 0.17173927999439653203
0.16602703596947226972 0.17208960287270702594
0.15877968939599157450 0.17216707389838939446
0.14850096043254523703 0.17265921740091924597
0.16490124594753449716 0.17286779939836502407
0.13328412400892683531 0.17342477657553234671
0.14840429442113914349 0.17345724899026049304
0.17335606649453919048 0.17370539267742682310
0.15839450256634579617 0.17389072924941348375
0.15292417171994165948 0.17451325026432976117
0.13475807189483651749 0.17581515461332311578
0.15225960988346967651 0.17633126141488400518
0.16447725695752418718 0.17642129215277638221
0.15024449308515200330 0.17674610652634709096
0.16090165777447668072 0.17680327662224568086
0.17497553442075031160 0.17700853422470727572
0.15806506825529731408 0.17765540896154261019
0.14349640935781823869 0.17765540896154261019
0.13116290402855390607 0.17767542596827376467
0.12242007071571653354 0.17775006580539598477
0.16016379727787113940 0.17777378641773780577
0.16965001651057334819 0.17800082665004529625
0.17225979803431892834 0.17852342796712775130
0.14687071604824408766 0.18005952123826390876
0.16989285650600821631 0.18009758981381587817
0.14752136198748683205 0.18047399938894448379
0.15741662681016099778 0.18062196312769401851
0.17445618495144604720 0.18077246379286832090
0.17191037054260643879 0.18153957111835664073
0.14282588879834079432 0.18237717501193018155
0.16821204842905002064 0.18360463263466425543
0.16312134379907883286 0.18392387120459066652
0.16973945442170820797 0.18402267543461359178
0.14201876860423331972 0.18475152929946606073
0.12932934506102392036 0.18480429544370025052
0.15180029036799932984 0.18496467568937469128
0.15208723834007811804 0.18501009501833401427
0.12179863382291955531 0.18522911007248402115
0.18336072340602815878 0.18536012096885912115
0.18163628139108728421 0.18569555852689376141
0.16796277461258996011 0.18572090902752433350
0.18328512315721764980 0.18636026380265402480
0.16512879372558630919 0.18665826851232630856
0.13059159304197101581 0.18688915308223635892
0.13572575073257114875 0.18704362939024057888
0.14502712314235530200 0.18836829592470211159
0.15448895143443544531 0.18916797227880080556
0.12532446416255260679 0.18981113585064160465
0.15160445533528774109 0.18993481330902017845
0.15230075320070315947 0.19059076103271779812
0.19067144101160019010 0.19239275186618831626
0.15721669973582436119 0.19337726093098969726
0.16736240777512884081 0.19362978731493774021
0.19367478689091194299 0.19389032597145441916
0.16156062809802229641 0.19391191046516134677
0.12919739098711222058 0.19395719001504485579
0.19271034228425745760 0.19427569308378656032
0.17874136076470689694 0.19435630196448472340
0.15109628591792473307 0.19438982212965244534
0.14519166820004661411 0.19602256516907709538
0.14788825427174165372 0.19609801468459212015
0.17960569030963119408 0.19708675699939282033
0.17419882888539986454 0.19773112963753816662
0.19769070275201094944 0.19845330426923005196
0.18001881483044221421 0.19949185358632715026
0.14823359605480809775 0.19995421970709892356
0.17175447934065704580 0.20028576006199419468
0.14127046748501523310 0.20061540015372308909
0.19938095572756747709 0.20227171542701100071
0.16453529855585014019 0.20289986024628181571
0.18470553197020303515 0.20355115110113022880
0.12639485355675081357 0.20364383578438147171
0.12142321002016440157 0.20430576457065641183
0.15288795892931653086 0.20434690219025128388
0.19146957491601654389 0.20474109507077900560
0.19331060611075726041 0.20521443590797369683
0.14960436301662535796 0.20538813584186621508
0.16142044165200231109 0.20594779464693135917
0.18001900990114036438 0.20595524973768716825
0.14140608365702866944 0.20630259318720306494
0.20218928332671909365 0.20703296679887811527
0.15825507455787238276 0.20746412377404852001
0.16453274927154462604 0.20807037677662651443
0.20393069991878670644 0.20841133593894331510
0.20453425298848099123 0.20987551348102709281
0.15614247552106449990 0.21236085738771656728
0.13876956344215252148 0.21336350421997782312
0.16009188244311620131 0.21549841637809485917
0.20502930368306115927 0.21568828827095934408
0.15530653100951741230 0.21618457567983598300
0.15102669009625421803 0.21618457567983598300
0.19944384838323414577 0.21671239253519888890
0.18357003186531861694 0.21719438864833187641
0.17396507772320701779 0.21865446190077131305
0.18964550634958693420 0.21984159194262201109
0.21379136645231114344 0.22057198666617497396
0.13411393585205452772 0.22066548826146378803
0.13849488939240658936 0.22176540493634991358
0.18380892116084512899 0.22227664299378638302
0.16485295422426227141 0.22299228630788653360
0.19144242647705111970 0.22346592338442622383
0.13985970641224371169 0.22456062797127274155
0.19345309332762236632 0.22464271346357947423
0.20563886171590112228 0.22551184767522750030
0.13203483367147206273 0.22578738698261641149
0.22142618240947464781 0.22660137927554779846
0.17948351810081178415 0.22779228697335995868
0.21883192613950633310 0.22970575501475440361
0.15835280062297474313 0.23173526214365325337
0.19854696733084925553 0.23423883610859155824
0.21318063600631376175 0.24129252835028078272
0.12114061801059981816 0.24298027182708500926
0.18464160635743540051 0.24687921937651771676
0.12403723894909655934 0.25496533603961779590
0.21163594071410493647 0.26325496379606555530
