0.01517337245950284297 0.01521713750148048251
0.01914223998974710905 0.02062170412039714129
0.02108901783154177798 0.02130537662403404059
0.02034559120755010872 0.02143949735599958578
0.02118235428009056578 0.02195814771052171169
0.02004835665772753545 0.02207231944517098338
0.02129919172572360825 0.02222398038804866693
0.02194942745310804466 0.02340643671646643748
0.02170222781469441364 0.02359899457230103803
0.02320261123680319310 0.02371464905870904541
0.01986395333678097827 0.02398138481339550862
0.02210734966891798187 0.02465299761542436019
0.02331187077528002610 0.02481542559958430788
0.02080917790341893850 0.02544532792109325745
0.02203284505760425699 0.02577199974409622937
0.02226542951993834216 0.02594750851164874875
0.02043309156696248088 0.02598190667076090768
0.02555808092676641052 0.02612708789084590422
0.02315069517378557859 0.02648223497613455893
0.02279902255120559371 0.02685699416553776267
0.02465930573075595517 0.02687713379609445175
0.02632811402932153447 0.02732103874338395397
0.02733796942629523191 0.02745203249761311512
0.02604569258650281383 0.02746867064626835886
0.02529377329997867588 0.02760163905240888699
0.02407445647044764367 0.02763426784646109274
0.02358027410477401414 0.02772052180007428257
0.02063825615775963934 0.02783218637179408692
0.02173886962061148329 0.02804923346599031558
0.02752413387041697038 0.02824626597391167657
0.02365362413089454330 0.02830693314302748509
0.02803665072786215226 0.02861005193912130595
0.02484642479609502908 0.02891506505830337276
0.02919942635538028824 0.02933833275299585833
0.02112697732681799445 0.02951518879117547706
0.02414182388911640526 0.02953389217286851720
0.02816451331319611007 0.02960516469603293246
0.02694388364307296127 0.02976760646871145360
0.02403429447886072309 0.02980572938366439495
0.02658154131560921604 0.02980726102073055078
0.02000338737951487533 0.02988369724385660231
0.02794812083399848129 0.03007250352429696738
0.02376188881455033527 0.03036643233121211552
0.03027812640552228485 0.03051885690720417682
0.02689953851386850739 0.03054338950304070002
0.03011380252691374035 0.03059033556283290503
0.02382546515183501731 0.03070319614661513180
0.02950627938260593289 0.03079289671145642518
0.02479761801568518970 0.03080671738946950955
0.02948474106558621882 0.03102981345231731539
0.02591156642768738250 0.03108764631282277813
0.02501838893124559357 0.03133099920202112032
0.02295440656445961458 0.03139466889687387435
0.02876405315361024728 0.03146195897782384787
0.02240930730990851535 0.03170814982423873080
0.02966438424625339118 0.03193168589667487456
0.03137803472086745510 0.03227094441023886651
0.03011223726495367015 0.03277182615071267541
0.02873527029850161257 0.03284994290217294749
0.03276844895489203907 0.03289063563225094050
0.02717996973630246865 0.03290866052936961689
0.03283048039696849496 0.03295447770941951210
0.03185322504685371425 0.03308566764192075182
0.03133346239589904214 0.03350724187758020306
0.03377825745155053211 0.03384634764396406842
0.03027204485741523052 0.03384646824022243677
0.02981827155896624518 0.03408593330098236979
0.03006890426523071286 0.03410908190918629512
0.02939890538384740473 0.03457704103404812129
0.03349173073063470285 0.03458310037366248146
0.03278076811791458961 0.03468440375129341890
0.03478593023922078864 0.03497177435374256016
0.03338004703426981912 0.03500530971804344249
0.03042795399590568495 0.03509066009979112943
0.02980871177491932131 0.03509763413677664118
0.03441459327658712847 0.03512448884824357492
0.03479664197806774800 0.03520832007232638922
0.03370248598413779634 0.03530422469374840805
0.03412271402534609865 0.03551604444289594570
0.03235345340034869593 0.03612500282824541997
0.02842456212299221407 0.03622010002013935359
0.02806363073124087948 0.03622719950141599365
0.03395327113005260078 0.03630521241587165993
0.03270430754192812234 0.03631124241038727329
0.03255536206147315037 0.03642935446256070908
0.03035918272095150874 0.03654564271974793804
0.03185077624052868456 0.03655542855324082907
0.03024193012281010604 0.03656946734181699271
0.03562095877950553074 0.03660864852477778431
0.03555796691349116107 0.03682496056524670741
0.02872236201072270526 0.03685250435767949140
0.03519132266766713396 0.03702422555054917658
0.03430079793591763598 0.03709357771176917395
0.03324352370748192426 0.03711383884405663330
0.03538498819728406325 0.03722928763397131968
0.02875694706623577179 0.03724887830066944683
0.03725677836163202722 0.03734844103111375352
0.03677506332001717615 0.03739490403724116813
0.03416175935129642932 0.03750269875877444703
0.03401380650624402646 0.03762202638696739154
0.03735527772930646168 0.03772611245196121066
0.03747898446718637283 0.03813738947363253667
0.03262629577584074542 0.03815506833514940160
0.03606211852765819903 0.03826108002829257254
0.03346887388672557112 0.03838094089097673217
0.02915459872737953886 0.03848995681480976011
0.03058585052742624280 0.03865118919012665299
0.03620133851284943610 0.03866812498060131359
0.03496015745171927175 0.03878913913736254521
0.03165414384123181601 0.03886081906909504696
0.03535846253825629393 0.03888916807854619906
0.03857733920242786829 0.03890969716848842463
0.03455837239933030880 0.03894830299047890437
0.03396592201586266097 0.03921860597630309753
0.03707672984689514006 0.03926169815490224146
0.03330842750688132320 0.03928055678726742606
0.03122976897194619170 0.03943596766605787091
0.03658363517187848690 0.03947459153328303910
0.03650243878529635388 0.03953084099993637440
0.03055144980025344473 0.03955801638734101483
0.02931826311589595321 0.03959628010050114666
0.03083864916744353049 0.03971955997742238759
0.03496941528853391573 0.04003891190437058184
0.03014580827409886823 0.04026472765726722691
0.03493614522690845214 0.04041385733358805743
0.02735338179580003651 0.04070175804423081106
0.03840709184941939330 0.04087738945249972528
0.02944573914784024554 0.04138806273160339222
0.03172574289337143361 0.04142163690070277404
0.03036158902395806256 0.04143563569464363966
0.03811867675151917045 0.04158495149871775654
0.03768677017298256021 0.04180342560594395296
0.03723096991887720614 0.04182574394468264317
0.03207435721242012788 0.04188204334447322846
0.03659847412194737470 0.04188469908884729503
0.03728885157803421557 0.04218854660745457313
0.03585930237923377895 0.04226509843942991007
0.03470250356461703628 0.04233774536341668171
0.04198454384988084542 0.04239907598330905358
0.03056967536692243789 0.04276021672224063902
0.03414712562068003554 0.04282548308424256878
0.04004443137497005339 0.04287511504079671854
0.03628403998506681688 0.04302092556662034245
0.04254038363907772929 0.04305080426205201011
0.03328189670548751394 0.04318203437491995728
0.03644721382347242133 0.04320146090015129087
0.04079226562161855640 0.04346593745491458133
0.03980098103087865297 0.04348240978090982256
0.03231987728423532658 0.04351353732872736968
0.03808397368627901292 0.04354647240623069071
0.03656172021366133063 0.04364806846022969977
0.03991245915037166386 0.04369889093055994572
0.03317242922159052004 0.04379827016325044814
0.03833816346060141961 0.04407447678336006563
0.04127775962808415827 0.04409184438871784767
0.03979577569814288229 0.04437167713590432078
0.03692245086203644472 0.04455462411385471139
0.03644066938801040351 0.04478673111017584391
0.03619123117719641458 0.04481588251404786116
0.04409081895212601382 0.04496177240605668535
0.03374522476101947388 0.04529749489359469194
0.03917358683997931856 0.04547691297522472864
0.03829922207877341223 0.04596098711087238942
0.03675012139517867121 0.04597389832639210694
0.03285562128374208690 0.04632182977335715796
0.03981020173718021610 0.04649075423045359590
0.04644029005536930849 0.04689104645899948298
0.04116911259683935648 0.04694709068610164460
0.03149954985800434981 0.04715931924378478912
0.04700617880152252459 0.04731799659854198786
0.04519550999102458361 0.04735779834013054829
0.03790182510269164001 0.04792221047007053786
0.04036834565749104764 0.04802097167780666059
0.04349791165763968598 0.04806870650351240809
0.04150344555504726501 0.04809097565753535364
0.04777102418449324234 0.04893852305258005603
0.04504339511683436853 0.04984610004311706977
0.04062435919280917712 0.05065839210971230522
0.04886779400139785318 0.05073747219851951207
0.02875062568605231059 0.05088314962289453014
0.05118712382792638821 0.05187799462916067167
0.04903190162920368494 0.05237615508204915282
0.05223849996723135131 0.05267681819452883774
0.05199094180154389261 0.05285174233677106259
0.04818764094170241430 0.05341845532492032339
0.04955869756232113982 0.05376856846205044227
0.04903683240690601131 0.05403468299552885434
0.05350957491206451144 0.05424997333122216076
0.05306711163344295795 0.05431306065041489883
0.04342225941798088379 0.05443009008569280743
0.05248580881363854728 0.05449414800500643891
0.03765907976875058905 0.05521884429485954260
0.04567257256343486976 0.05599003310687491325
0.04691190169046537822 0.05604315566952626504
0.04820627209255621409 0.05609581183618834316
0.05126434120435684194 0.05646634778881928080
0.04788401975901526719 0.05731911201635427056
0.05232968875194368014 0.05859447909390837900
0.04914148232648173770 0.05972938605082415975
0.05301558617825471997 0.06006834493229028932
0.05201520728454030185 0.06072292473911975602
0.05893865695940792016 0.06095584986538109262
0.05284877986879790018 0.06214847994855376978
0.06261221445322111279 0.06542069358944563318
0.06407815522001913955 0.07064569045474936027
0.06524963698407436341 0.07193582471039446091
0.06136648639546322254 0.07412136763667631634
0.05930805407773777349 0.07471416476865194722
0.07937198205342878288 0.08137776126619918060
0.08864638784255801651 0.09210335555688711762
0.10104964330018284535 0.10336971443012039906
