0.07045108689516918488 0.08443861871350222259
0.08754108528882827145 0.08910829439596804069
0.09478935781417652251 0.10155799187624962865
0.10088830391169945067 0.10246719359391877335
0.10386035701685100707 0.10506977893109378797
0.10227540420118737263 0.10551502102948508155
0.10202372829781702901 0.10760222728944905668
0.09995544819304354178 0.10866393040442431928
0.10185710174161204111 0.10874373382567899260
0.10595241873034809410 0.10992874121267483256
0.10982074541221092945 0.11142224732359584660
0.11185940468533044079 0.11217980138826497138
0.11098743337651736929 0.11533449832572705007
0.11063247817151676544 0.11889089581009608387
0.11589002749258411895 0.12104182367611555915
0.11888364859685283947 0.12112673454920259986
0.12271634191032632089 0.12367206718179428460
0.10966984907673738014 0.12488599366619412834
0.10684963792904349222 0.12527508655748895161
0.12463361988152418802 0.12677728869976567783
0.12007226365194390016 0.12763491686153144444
0.12284008805973607725 0.12919163576688177941
0.12201956158408000519 0.12919866110229411005
0.12015392479842279538 0.13096759812307073867
0.11741860331341806567 0.13124107271167503863
0.11436082189367821615 0.13251560555861480184
0.13157243595564907523 0.13328774858441091999
0.12820287243332798011 0.13427709691451983343
0.12084994868064968809 0.13572558143579835366
0.12482477831624032294 0.13629372501013090058
0.11470834752767589126 0.13644055657601353304
0.12248745104446968901 0.13713138022783588621
0.13614323569334105257 0.13732417146497416516
0.13480908019911694296 0.13748625941022160624
0.13121402826397679520 0.13897197478891679112
0.13872422889372185151 0.13897491883406071222
0.11966779130848197166 0.13985849232062833036
0.12770717755524382819 0.13988965668274677689
0.11733465650346974751 0.14024269066927189109
0.13918551988482261161 0.14025777551167656343
0.12443304162258103651 0.14070483784335208188
0.13315419888118504299 0.14294632836501278139
0.14209294715561682221 0.14391565206502199281
0.12407474291231088137 0.14434879874845504832
0.10209887121830332757 0.14450834027578599028
0.14038128006119235391 0.14464399285244974869
0.11970005383709229896 0.14511675099491425089
0.14419590944955365530 0.14738893289887278204
0.14426187051145208939 0.14797897986072147680
0.12112587896307477897 0.14807064128324279317
0.14799838255389144437 0.14943599513563185499
0.12445353966284622427 0.15268304922714048821
0.12638227184884617826 0.15275100449732989527
0.12744931644825815975 0.15375267381693902280
0.14517428997118797529 0.15450925508224314098
0.14405215814659264040 0.15500408400031637224
0.15242662389624811459 0.15500776674190130944
0.12165865732606596927 0.15506042541713177529
0.13902617325256844127 0.15594510187725166284
0.13908328493208013676 0.15629049072930831232
0.14318670533488922492 0.15687319211404762709
0.13456413000675818137 0.15732792005435494720
0.15794695736006730824 0.15796727558940623637
0.13297626805220666424 0.15803375977196360003
0.15165582978880992604 0.15806704295577117536
0.15765889328867283004 0.15861953104273571191
0.15184133324153140099 0.15862900701707133289
0.15560514355758323091 0.15884377596657109355
0.11582772049751768884 0.15894979192588276629
0.12935354696703665889 0.16019776314997616340
0.12179130192966838853 0.16033181079760763788
0.15803070062633145509 0.16082303454633817275
0.15316656547682108713 0.16114652940374837864
0.15880634854133574008 0.16198292150180601534
0.13895661556825630867 0.16225045376821461973
0.12693185163428608031 0.16261115837687345476
0.14127299413820923468 0.16273805490284362629
0.11189123300283455864 0.16326071533681346670
0.13038023459531525305 0.16343061014454479674
0.14160654517240758854 0.16351419515328505239
0.15872098868743267364 0.16357131152147405539
0.14551309130764611410 0.16416054440880512022
0.15388324925712285052 0.16474776038153787772
0.13766878893267348039 0.16503347841434723442
0.15408380855360265249 0.16506041666801371526
0.12659756183413070629 0.16581037833923853442
0.16524842629612476741 0.16600943502269571717
0.15084248544782849488 0.16801280992052655683
0.15590422838273532147 0.16874679559429200948
0.15684530023485382388 0.16922409017501560680
0.15846844563703876840 0.16950412070986431434
0.14419694170661886967 0.16953454631434977662
0.15816555875264898257 0.16976717172151584156
0.13565030111356551901 0.16991089220442809338
0.14170097723678268253 0.16991717019525320875
0.15925798093076998230 0.17010642104655568363
0.15281243134863159439 0.17017096995517716485
0.15973126933953457618 0.17076456877280998814
0.17038420474838303353 0.17127360694390619811
0.16172605348641580503 0.17229295691047513683
0.13883510009071725610 0.17308699079236386509
0.12757416150749742445 0.17311792365778680414
0.13691639258417712122 0.17318674051064161801
0.17198550028416867419 0.17374084149754573381
0.12589279950977108613 0.17403744320303426996
0.16038418539338697433 0.17443376869465798684
0.15622462422975089136 0.17509475310129268832
0.17447202240189560452 0.17509938216159484647
0.16042914134881611221 0.17554280209570910509
0.16700070226319896349 0.17586064131658901699
0.16355485677495526509 0.17631214575999645811
0.17138550115137340946 0.17658185588448560566
0.15858316228860988573 0.17800071560731647868
0.17632186230828808537 0.17914208365055955818
0.16166659411462008800 0.17921015420964681031
0.16494101712790051883 0.18037384071455847545
0.16147465824919213229 0.18146056424599860124
0.15155694279365869437 0.18146336530163040268
0.13180554169763361583 0.18255693793283728210
0.16975227408178308885 0.18404532644714705070
0.18425957993156896753 0.18453711537004685583
0.15139585855811144022 0.18493677424541263288
0.18447490094219579082 0.18497624423708189378
0.14611315897399954067 0.18529428652143589695
0.16181476132534453050 0.18550778270669851522
0.15541458027911650430 0.18583668733123895334
0.16160702891379052915 0.18605183077146220105
0.18529982345808901356 0.18625033798280438146
0.18214835832946116301 0.18656364475118342172
0.13983048478331322473 0.18703399096888828623
0.16504244669870046791 0.18727548683845801625
0.16523864820225700467 0.18786532306639813772
0.17006606157466816476 0.18817461652939196370
0.18053175383992928205 0.18884799016868450416
0.17781991256208010133 0.18907485078425068092
0.18718359748552873545 0.18945568917625849048
0.18869353575909794674 0.19042362063037512887
0.17229262178605031508 0.19089161229811038578
0.13018808606834694763 0.19112298621372772467
0.13676613001968404570 0.19151148908343196275
0.17935615295373064093 0.19235056169624126232
0.13086194309684406889 0.19272586510078534849
0.17759251519315982781 0.19464349389187146633
0.13439606868104880810 0.19474557104862605383
0.15521482621363077992 0.19633441743797469536
0.17359454269274107729 0.19750753323127773209
0.16650338962956987010 0.19765885813866654330
0.15332651170409147823 0.19795263669763379921
0.16497062368506920649 0.19829868031796676897
0.16290264428459808044 0.19892371931049440681
0.16016417228025567332 0.19936004773236559728
0.17416382885028502958 0.19943420099032807546
0.17509487688898520141 0.20111425553740147620
0.18028341428192926066 0.20165244023793854611
0.20134690374292102399 0.20173605371900193983
0.18333258146304035052 0.20304406493920995613
0.14405512754173546708 0.20387142976965347274
0.13709922341547406410 0.20393830316061464791
0.15321979844645400304 0.20509267058249336380
0.13908043674479536600 0.20611749617226762799
0.13686904075973616024 0.20691114411117236815
0.17288676125584329091 0.20702662448037864595
0.18162183598927247874 0.20729239635288185251
0.17238825892989681487 0.20739789947730105646
0.17835800151062078389 0.20780027119765681620
0.17584392168468993001 0.20844451846166103803
0.19175574615384755051 0.20847442177689520793
0.17833413411881418598 0.20979630489146153249
0.20004358746741893182 0.20984425886509747161
0.20103293319190762567 0.21245304194582759205
0.18753705218177915692 0.21357910990098444293
0.17093244984802130615 0.21554524751302489571
0.12612220743545168866 0.21573591958814758440
0.16618009666834795968 0.21771323061086558792
0.16794904486035017177 0.21812017273303951903
0.19315312155456515475 0.21942263186336510850
0.13092778163299192973 0.21999063253707956678
0.16481319954825215945 0.22082381127511582775
0.17899194666424272926 0.22089268828367633613
0.15135841535843586048 0.22145826204586205321
0.21178859968390364998 0.22163430559889826799
0.14074227929069707543 0.22212588279971737237
0.13791771949254463814 0.22355699854432015128
0.12983558213887164134 0.22437111409756674285
0.20628443269692220419 0.22473232095979830958
0.14747633529058634672 0.22481787776294739900
0.15159437938023589965 0.22545478548038913602
0.22039708645753086635 0.22881057476810412465
0.15046633319614635682 0.22982128077129132526
0.13828898186909416301 0.23485121741745496049
0.19707946771580783785 0.23498754086863582469
0.13375492265257879487 0.23733163813789465157
0.19869408534388263710 0.23838795764326639604
0.18350582541683344018 0.23910192910204544625
0.11642062903582817146 0.24041155321013119028
0.22743169527628298576 0.24145819218212780100
0.12641130750049084375 0.24298290184417159487
0.24168441712183011405 0.24394923845360366732
0.22018786210990470842 0.24467584965450522860
0.23718511837245032092 0.24637894654852326992
0.22073069558681418512 0.25370943670030665640
0.16167347660510980600 0.26037366448475240954
0.18047936280508772300 0.26664128463534492175
0.13309824935112057886 0.27306607329754883917
0.27323604257011668839 0.29724110620575128205
