0.00000000000000000000 0.01917620864113026707
0.00000000000000000000 0.02280888205437847302
0.00000000000000000000 0.02581346829578639451
0.00000000000000000000 0.02621451744158554212
0.00000000000000000000 0.02642771342464080714
0.00000000000000000000 0.02703483387938576676
0.00000000000000000000 0.02836778554806679981
0.00000000000000000000 0.02912201527677643967
0.00000000000000000000 0.03018739992367216324
0.00000000000000000000 0.03029376849273958047
0.00000000000000000000 0.03107121607991822701
0.00000000000000000000 0.03145439798608390403
0.00000000000000000000 0.03161131705990292973
0.00000000000000000000 0.03265583627303156322
0.00000000000000000000 0.03404710520709611221
0.00000000000000000000 0.03459879761843537294
0.00000000000000000000 0.03512020145967072182
0.00000000000000000000 0.03609602822745232309
0.00000000000000000000 0.03644792308162193850
0.00000000000000000000 0.03707468727091657590
0.00000000000000000000 0.03839798264462854910
0.00000000000000000000 0.03935406397308650189
0.00000000000000000000 0.04045105355911651768
0.00000000000000000000 0.04054589849637891402
0.00000000000000000000 0.04064560635490918616
0.00000000000000000000 0.04068136399145927395
0.00000000000000000000 0.04076060852664138007
0.00000000000000000000 0.04082102857233359944
0.00000000000000000000 0.04089774592920494140
0.00000000000000000000 0.04109607986693166598
0.00000000000000000000 0.04130386747587207891
0.00000000000000000000 0.04134018438528402201
0.00000000000000000000 0.04152255557741311998
0.00000000000000000000 0.04158521544880657700
0.00000000000000000000 0.04166156348367787421
0.00000000000000000000 0.04196292755453266687
0.00000000000000000000 0.04264084147637380723
0.00000000000000000000 0.04299442701317938292
0.00000000000000000000 0.04374398444867437508
0.00000000000000000000 0.04402893820587060192
0.00000000000000000000 0.04422163704701925768
0.00000000000000000000 0.04472484954011988340
0.00000000000000000000 0.04507665723852999351
0.00000000000000000000 0.04529854809906971175
0.00000000000000000000 0.04535287684739657682
0.00000000000000000000 0.04539200849191259851
0.00000000000000000000 0.04558790705285425959
0.00000000000000000000 0.04577889226594585026
0.00000000000000000000 0.04608716941155426711
0.00000000000000000000 0.04616429526612073064
0.00000000000000000000 0.04624911711631546352
0.00000000000000000000 0.04642277212581750329
0.00000000000000000000 0.04674154612342842213
0.00000000000000000000 0.04682656992308589089
0.00000000000000000000 0.04686857542759172157
0.00000000000000000000 0.04700088263778987724
0.00000000000000000000 0.04712286187540933730
0.00000000000000000000 0.04866348192883197810
0.00000000000000000000 0.04870388500795902464
0.00000000000000000000 0.04884627063364755523
0.00000000000000000000 0.04890581259492365884
0.00000000000000000000 0.04952857231744834526
0.00000000000000000000 0.04976556868809937223
0.00000000000000000000 0.05028843826990968963
0.00000000000000000000 0.05045884675227717275
0.00000000000000000000 0.05071749268705805919
0.00000000000000000000 0.05130175242514825595
0.00000000000000000000 0.05192567880392978674
0.00000000000000000000 0.05200240797433680617
0.00000000000000000000 0.05250862354079907646
0.00000000000000000000 0.05258484236759956854
0.00000000000000000000 0.05258855513438885632
0.00000000000000000000 0.05288339580635923604
0.00000000000000000000 0.05297488886645527334
0.00000000000000000000 0.05375119300483553048
0.00000000000000000000 0.05376037447365368538
0.00000000000000000000 0.05420223279137263012
0.00000000000000000000 0.05429681006071488542
0.00000000000000000000 0.05437807803481447405
0.00000000000000000000 0.05466074942799815234
0.00000000000000000000 0.05467151479950536214
0.00000000000000000000 0.05487677597696913323
0.00000000000000000000 0.05509073826624868997
0.00000000000000000000 0.05557130474401359571
0.00000000000000000000 0.05558679686665374264
0.00000000000000000000 0.05605494405071372033
0.00000000000000000000 0.05642038609234844432
0.00000000000000000000 0.05649261949526491328
0.00000000000000000000 0.05650887694311593906
0.00000000000000000000 0.05653766696513659595
0.00000000000000000000 0.05681583625277134703
0.00000000000000000000 0.05712624218659762693
0.00000000000000000000 0.05722252817080102777
0.00000000000000000000 0.05743252527002316865
0.00000000000000000000 0.05772640565686572300
0.00000000000000000000 0.05808063379261161480
0.00000000000000000000 0.05812972295071932444
0.00000000000000000000 0.05836380839867823939
0.00000000000000000000 0.05861791224055549338
0.00000000000000000000 0.05866700552319840251
0.00000000000000000000 0.05878554694843065448
0.00000000000000000000 0.05889799754776613855
0.00000000000000000000 0.05904936760367799492
0.00000000000000000000 0.05988539178938247221
0.00000000000000000000 0.05999218548049722877
0.00000000000000000000 0.06019288921367376560
0.00000000000000000000 0.06023366058872704765
0.00000000000000000000 0.06029069431518141453
0.00000000000000000000 0.06056175974942207968
0.00000000000000000000 0.06058006551157373715
0.00000000000000000000 0.06066968173196706643
0.00000000000000000000 0.06073148377409066240
0.00000000000000000000 0.06087410117671415016
0.00000000000000000000 0.06149872066968862377
0.00000000000000000000 0.06151207971823034748
0.00000000000000000000 0.06181828283326711720
0.00000000000000000000 0.06217012935673353613
0.00000000000000000000 0.06222650562194653734
0.00000000000000000000 0.06235350160155983534
0.00000000000000000000 0.06254160773265823869
0.00000000000000000000 0.06318391479294795110
0.00000000000000000000 0.06323670413889670439
0.00000000000000000000 0.06335536058023047423
0.00000000000000000000 0.06364706432066774555
0.00000000000000000000 0.06412276333301401843
0.00000000000000000000 0.06424863984458555055
0.00000000000000000000 0.06446928445799419982
0.00000000000000000000 0.06479859812157397203
0.00000000000000000000 0.06515763082440106935
0.00000000000000000000 0.06520210877327482779
0.00000000000000000000 0.06536760046527323453
0.00000000000000000000 0.06544999007518866041
0.00000000000000000000 0.06558411028986098346
0.00000000000000000000 0.06598376231684774385
0.00000000000000000000 0.06607871294908887472
0.00000000000000000000 0.06621519945206623403
0.00000000000000000000 0.06677809588427309484
0.00000000000000000000 0.06691490125607153783
0.00000000000000000000 0.06694697526139734012
0.00000000000000000000 0.06731456176271907732
0.00000000000000000000 0.06820867403108693550
0.00000000000000000000 0.06821137959601092371
0.00000000000000000000 0.06858660344831754574
0.00000000000000000000 0.06860110368760348465
0.00000000000000000000 0.06860837610130333941
0.00000000000000000000 0.06907447756419568541
0.00000000000000000000 0.06930916576126204542
0.00000000000000000000 0.06945136301058355000
0.00000000000000000000 0.06953489095775326756
0.00000000000000000000 0.06958099637479131516
0.00000000000000000000 0.06986807506560015202
0.00000000000000000000 0.06988487565937732959
0.00000000000000000000 0.06997520335939221015
0.00000000000000000000 0.07007567678556624047
0.00000000000000000000 0.07053462527492182499
0.00000000000000000000 0.07064023312127312715
0.00000000000000000000 0.07067085941533267357
0.00000000000000000000 0.07083030304507086095
0.00000000000000000000 0.07083709366321010170
0.00000000000000000000 0.07122782418717285569
0.00000000000000000000 0.07126717489967988872
0.00000000000000000000 0.07159511629451500991
0.00000000000000000000 0.07195557058064096234
0.00000000000000000000 0.07197187883325224800
0.00000000000000000000 0.07225669851757515749
0.00000000000000000000 0.07274971925270284911
0.00000000000000000000 0.07300404132624412068
0.00000000000000000000 0.07301305035096761209
0.00000000000000000000 0.07312355636932650615
0.00000000000000000000 0.07312906791767355419
0.00000000000000000000 0.07322204821088909577
0.00000000000000000000 0.07325293403764995825
0.00000000000000000000 0.07339757248083529639
0.00000000000000000000 0.07354973110788956547
0.00000000000000000000 0.07379144915031965457
0.00000000000000000000 0.07386042384379398751
0.00000000000000000000 0.07396176643088270275
0.00000000000000000000 0.07402684599011165323
0.00000000000000000000 0.07411542730843033444
0.00000000000000000000 0.07414770771924325543
0.00000000000000000000 0.07415123947166406271
0.00000000000000000000 0.07425159673672426797
0.00000000000000000000 0.07454610390303344214
0.00000000000000000000 0.07459625193702745793
0.00000000000000000000 0.07493980249271679772
0.00000000000000000000 0.07495328852178324841
0.00000000000000000000 0.07495359934937763369
0.00000000000000000000 0.07526418455853041423
0.00000000000000000000 0.07546940155790832216
0.00000000000000000000 0.07596069589378476317
0.00000000000000000000 0.07598798650077291661
0.00000000000000000000 0.07614317658287832191
0.00000000000000000000 0.07630996484362928545
0.00000000000000000000 0.07639646633037383561
0.00000000000000000000 0.07642187379844606054
0.00000000000000000000 0.07664006718520149919
0.00000000000000000000 0.07667130647456843473
0.00000000000000000000 0.07674752069578129332
0.00000000000000000000 0.07693520269976461545
0.00000000000000000000 0.07694336359331425956
0.00000000000000000000 0.07694762343277355976
0.00000000000000000000 0.07701306317240438903
0.00000000000000000000 0.07701550211423599523
0.00000000000000000000 0.07721410216153513917
0.00000000000000000000 0.07731844963307894780
0.00000000000000000000 0.07736676154058737265
0.00000000000000000000 0.07738142471487688412
0.00000000000000000000 0.07773605151795072443
0.00000000000000000000 0.07773655396641244997
0.00000000000000000000 0.07814987523801460167
0.00000000000000000000 0.07831739899235702629
0.00000000000000000000 0.07840527453085938125
0.00000000000000000000 0.07860657198775711230
0.00000000000000000000 0.07906636017360040014
0.00000000000000000000 0.07914969391573695168
0.00000000000000000000 0.07922138794524943850
0.00000000000000000000 0.07928401375749517810
0.00000000000000000000 0.07950910639598511576
0.00000000000000000000 0.07958490189927096281
0.00000000000000000000 0.07960154106517158823
0.00000000000000000000 0.07976672168844506361
0.00000000000000000000 0.07979550945878732815
0.00000000000000000000 0.07983142818295303755
0.00000000000000000000 0.07998848428815916178
0.00000000000000000000 0.08045926963888311301
0.00000000000000000000 0.08065807178196728044
0.00000000000000000000 0.08078186252513590293
0.00000000000000000000 0.08144159608291752506
0.00000000000000000000 0.08165841765142421715
0.00000000000000000000 0.08174649742249737172
0.00000000000000000000 0.08222673073964177626
0.00000000000000000000 0.08226142366903098357
0.00000000000000000000 0.08241353185485898736
0.00000000000000000000 0.08249751788604758884
0.00000000000000000000 0.08257958644138946314
0.00000000000000000000 0.08263454419876077595
0.00000000000000000000 0.08283972056080445012
0.00000000000000000000 0.08285415209392513192
0.00000000000000000000 0.08310841981492401997
0.00000000000000000000 0.08351064615045690476
0.00000000000000000000 0.08359754672943651987
0.00000000000000000000 0.08368548423213331700
0.00000000000000000000 0.08378001703895525398
0.00000000000000000000 0.08408241245601989766
0.00000000000000000000 0.08423022358219293959
0.00000000000000000000 0.08439043527041885373
0.00000000000000000000 0.08448592711009690615
0.00000000000000000000 0.08451048660223495212
0.00000000000000000000 0.08483343693075993952
0.00000000000000000000 0.08497085113674426871
0.00000000000000000000 0.08531733366559035581
0.00000000000000000000 0.08539958537183932330
0.00000000000000000000 0.08562317614075770633
0.00000000000000000000 0.08562746491270083193
0.00000000000000000000 0.08575669900074235630
0.00000000000000000000 0.08590260787387889174
0.00000000000000000000 0.08613125695483679622
0.00000000000000000000 0.08655589491349481579
0.00000000000000000000 0.08668034001609548067
0.00000000000000000000 0.08669793093101282877
0.00000000000000000000 0.08679109138536586499
0.00000000000000000000 0.08699329754155472882
0.00000000000000000000 0.08706293975971866883
0.00000000000000000000 0.08730939645952461026
0.00000000000000000000 0.08795434057061607414
0.00000000000000000000 0.08929187053889200976
0.00000000000000000000 0.08942377814419935622
0.00000000000000000000 0.08965037487996113663
0.00000000000000000000 0.08974112894899055615
0.00000000000000000000 0.08979647211596987477
0.00000000000000000000 0.08986133985163713422
0.00000000000000000000 0.08996596448233908083
0.00000000000000000000 0.09002470957698689713
0.00000000000000000000 0.09031007460754157667
0.00000000000000000000 0.09040444382322042338
0.00000000000000000000 0.09071568712260356937
0.00000000000000000000 0.09086689358435136310
0.00000000000000000000 0.09112938954650152967
0.00000000000000000000 0.09129777739309592743
0.00000000000000000000 0.09160955966068261291
0.00000000000000000000 0.09190598946405723058
0.00000000000000000000 0.09202747395342956993
0.00000000000000000000 0.09210682944366341274
0.00000000000000000000 0.09214187836248395602
0.00000000000000000000 0.09246275275209905886
0.00000000000000000000 0.09278975407046086143
0.00000000000000000000 0.09353430118267803961
0.00000000000000000000 0.09361182649025552582
0.00000000000000000000 0.09362892413311554862
0.00000000000000000000 0.09387038512675220658
0.00000000000000000000 0.09388063812890193316
0.00000000000000000000 0.09393034211686289436
0.00000000000000000000 0.09405604854939798865
0.00000000000000000000 0.09407357775326133376
0.00000000000000000000 0.09412545657349041806
0.00000000000000000000 0.09456823040321139795
0.00000000000000000000 0.09492128684076242551
0.00000000000000000000 0.09494989269511121266
0.00000000000000000000 0.09512985870557152945
0.00000000000000000000 0.09515291128446119739
0.00000000000000000000 0.09518805034059169001
0.00000000000000000000 0.09533931293367715887
0.00000000000000000000 0.09543262479357028649
0.00000000000000000000 0.09575747750501145683
0.00000000000000000000 0.09584296772864786540
0.00000000000000000000 0.09625411792631514973
0.00000000000000000000 0.09657926485171733355
0.00000000000000000000 0.09669296249186053183
0.00000000000000000000 0.09694255359854624110
0.00000000000000000000 0.09703164413219997342
0.00000000000000000000 0.09716240951941007564
0.00000000000000000000 0.09735979802191359334
0.00000000000000000000 0.09741048908211002999
0.00000000000000000000 0.09802703491469849650
0.00000000000000000000 0.09833555582462613631
0.00000000000000000000 0.09848213841437802873
0.00000000000000000000 0.09864243627222286925
0.00000000000000000000 0.09868327405813726028
0.00000000000000000000 0.09890589183445266941
0.00000000000000000000 0.09910696700494039946
0.00000000000000000000 0.09937473790563182419
0.00000000000000000000 0.09950517275401059292
0.00000000000000000000 0.09978088574156489254
0.00000000000000000000 0.09997596185269652658
0.00000000000000000000 0.10002605054028913811
0.00000000000000000000 0.10013231152590111595
0.00000000000000000000 0.10014957956877063028
0.00000000000000000000 0.10036412590076763951
0.00000000000000000000 0.10062882459538444180
0.00000000000000000000 0.10066219035695095352
0.00000000000000000000 0.10077419756980168786
0.00000000000000000000 0.10085969387319623780
0.00000000000000000000 0.10102074565883299717
0.00000000000000000000 0.10113133765373509554
0.00000000000000000000 0.10120903228770955495
0.00000000000000000000 0.10125811846103212333
0.00000000000000000000 0.10127559176048363254
0.00000000000000000000 0.10134159594950271910
0.00000000000000000000 0.10165201038144794365
0.00000000000000000000 0.10170966304337568376
0.00000000000000000000 0.10176433244145305368
0.00000000000000000000 0.10217004274961119514
0.00000000000000000000 0.10221180828972488419
0.00000000000000000000 0.10229383775515396571
0.00000000000000000000 0.10236165249859216497
0.00000000000000000000 0.10257549376168570432
0.00000000000000000000 0.10287684339492011998
0.00000000000000000000 0.10314758538131200971
0.00000000000000000000 0.10363708322008476082
0.00000000000000000000 0.10369149782062381249
0.00000000000000000000 0.10372482410950063791
0.00000000000000000000 0.10396336757990476407
0.00000000000000000000 0.10400154724537510886
0.00000000000000000000 0.10400391381825328796
0.00000000000000000000 0.10405518935616166198
0.00000000000000000000 0.10407333404114492426
0.00000000000000000000 0.10408338352431117935
0.00000000000000000000 0.10423622114557136442
0.00000000000000000000 0.10450662268967091106
0.00000000000000000000 0.10451140534326300302
0.00000000000000000000 0.10460757512892371324
0.00000000000000000000 0.10475833343108387208
0.00000000000000000000 0.10483671636365594904
0.00000000000000000000 0.10504968559611720103
0.00000000000000000000 0.10519296561512711530
0.00000000000000000000 0.10524183507871791299
0.00000000000000000000 0.10543244833628123702
0.00000000000000000000 0.10564069508966279776
0.00000000000000000000 0.10565392498636916319
0.00000000000000000000 0.10591696542714625073
0.00000000000000000000 0.10597196147526877219
0.00000000000000000000 0.10615075077790128710
0.00000000000000000000 0.10627951625626515242
0.00000000000000000000 0.10637242787428828616
0.00000000000000000000 0.10661746346655964768
0.00000000000000000000 0.10672765994538502277
0.00000000000000000000 0.10677887162593535653
0.00000000000000000000 0.10689226776842758460
0.00000000000000000000 0.10700909111968402720
0.00000000000000000000 0.10727776947150498288
0.00000000000000000000 0.10737224247315012293
0.00000000000000000000 0.10755913031393893320
0.00000000000000000000 0.10763436193191926182
0.00000000000000000000 0.10768810259634890858
0.00000000000000000000 0.10793254763852752620
0.00000000000000000000 0.10793285965817733807
0.00000000000000000000 0.10798746081157568899
0.00000000000000000000 0.10819860072166402609
0.00000000000000000000 0.10838912036059948629
0.00000000000000000000 0.10871069052830148460
0.00000000000000000000 0.10894029941644089998
0.00000000000000000000 0.10898120676951471297
0.00000000000000000000 0.10898352618677330239
0.00000000000000000000 0.10951773947402995701
0.00000000000000000000 0.10962207675190485667
0.00000000000000000000 0.10967239246398334529
0.00000000000000000000 0.10985383875272368426
0.00000000000000000000 0.10995980334580196525
0.00000000000000000000 0.11000591667281976738
0.00000000000000000000 0.11004648050169758833
0.00000000000000000000 0.11097243801884240644
0.00000000000000000000 0.11126350582029065350
0.00000000000000000000 0.11132326170345563376
0.00000000000000000000 0.11144924731780796179
0.00000000000000000000 0.11150312731999813265
0.00000000000000000000 0.11178504350133310064
0.00000000000000000000 0.11195481544877187996
0.00000000000000000000 0.11200263567426160805
0.00000000000000000000 0.11205266119278137205
0.00000000000000000000 0.11218893233536507414
0.00000000000000000000 0.11273686609833812045
0.00000000000000000000 0.11280510909055968538
0.00000000000000000000 0.11295508118043819101
0.00000000000000000000 0.11296373087454540662
0.00000000000000000000 0.11296989235743599977
0.00000000000000000000 0.11327768003433709432
0.00000000000000000000 0.11344044164566380317
0.00000000000000000000 0.11375420258047527766
0.00000000000000000000 0.11387463330482172630
0.00000000000000000000 0.11392216727144037491
0.00000000000000000000 0.11426236934802690148
0.00000000000000000000 0.11426406144000166021
0.00000000000000000000 0.11427810335673106723
0.00000000000000000000 0.11461734972646633879
0.00000000000000000000 0.11469390553364980367
0.00000000000000000000 0.11476151210053472940
0.00000000000000000000 0.11486667262450768467
0.00000000000000000000 0.11495666744458579722
0.00000000000000000000 0.11514882705777011729
0.00000000000000000000 0.11526012724644059404
0.00000000000000000000 0.11530033881995713219
0.00000000000000000000 0.11557795286347333219
0.00000000000000000000 0.11607478549068879492
0.00000000000000000000 0.11610924042519567279
0.00000000000000000000 0.11655592163987074650
0.00000000000000000000 0.11655745118784181791
0.00000000000000000000 0.11710909942292629937
0.00000000000000000000 0.11744660053898363372
0.00000000000000000000 0.11747106429716823450
0.00000000000000000000 0.11763156499247466591
0.00000000000000000000 0.11796514760556348067
0.00000000000000000000 0.11807925080650602534
0.00000000000000000000 0.11812821064364309454
0.00000000000000000000 0.11850147810323459485
0.00000000000000000000 0.11952940766355787949
0.00000000000000000000 0.11967727516867278370
0.00000000000000000000 0.11982547568301954444
0.00000000000000000000 0.12017044995855870326
0.00000000000000000000 0.12032248408946598361
0.00000000000000000000 0.12033942787860252288
0.00000000000000000000 0.12038282997088904647
0.00000000000000000000 0.12056609604728300844
0.00000000000000000000 0.12070702994931271912
0.00000000000000000000 0.12079722474624393636
0.00000000000000000000 0.12084753432735284573
0.00000000000000000000 0.12104103193217939649
0.00000000000000000000 0.12108269736987792298
0.00000000000000000000 0.12117916475702911194
0.00000000000000000000 0.12136438336442326169
0.00000000000000000000 0.12154037082453084118
0.00000000000000000000 0.12158630892643940147
0.00000000000000000000 0.12178749995147256091
0.00000000000000000000 0.12190112111035841802
0.00000000000000000000 0.12303764481890273885
0.00000000000000000000 0.12378302418798176054
0.00000000000000000000 0.12382380384870149415
0.00000000000000000000 0.12395052484963142714
0.00000000000000000000 0.12412809084457969433
0.00000000000000000000 0.12428015361176998621
0.00000000000000000000 0.12446683881637533864
0.00000000000000000000 0.12517259764765273355
0.00000000000000000000 0.12625233369114644000
0.00000000000000000000 0.12671307385459967820
0.00000000000000000000 0.12702143869382276353
0.00000000000000000000 0.12716622049892375990
0.00000000000000000000 0.12764908592285267863
0.00000000000000000000 0.12782590238012553341
0.00000000000000000000 0.12795327786225885180
0.00000000000000000000 0.12806396722808538469
0.00000000000000000000 0.12975912254068538987
0.00000000000000000000 0.13010203749448265298
0.00000000000000000000 0.13046934177994995441
0.00000000000000000000 0.13168481400322781805
0.00000000000000000000 0.13348873832237409531
0.00000000000000000000 0.13602170061618926167
0.00000000000000000000 0.13849347987495438939
0.00000000000000000000 0.13986709097244157118
0.00000000000000000000 0.13986862275938821698
0.00000000000000000000 0.14035060466954027425
0.00000000000000000000 0.14550998182298099937
0.00000000000000000000 0.14559217219156922463
0.00000000000000000000 0.14588856558449830869
0.00000000000000000000 0.14707393631585735649
0.00000000000000000000 0.14789208104522530429
0.00000000000000000000 0.14899460573114772788
0.00000000000000000000 0.16759455562659117400
0.00000000000000000000 0.18421367264679255893
0.00000000000000000000 0.20191281291829282774
0.00000000000000000000 0.22108161553166419400
0.00000000000000000000 1.73205080756887719318
