0.00000000000000000000 0.01755222632088280013
0.00000000000000000000 0.01958072945028312487
0.00000000000000000000 0.02223936732541367811
0.00000000000000000000 0.02314644321689367235
0.00000000000000000000 0.02324355089980083278
0.00000000000000000000 0.02554136317778161330
0.00000000000000000000 0.02786442333042785102
0.00000000000000000000 0.02811524391322495556
0.00000000000000000000 0.02906832572051170141
0.00000000000000000000 0.03005662694601040491
0.00000000000000000000 0.03132759363361078964
0.00000000000000000000 0.03187449764813321540
0.00000000000000000000 0.03261284736827309294
0.00000000000000000000 0.03280481293661528103
0.00000000000000000000 0.03297512054534375986
0.00000000000000000000 0.03297800235290365700
0.00000000000000000000 0.03378929752180578894
0.00000000000000000000 0.03398189313145848212
0.00000000000000000000 0.03453567780946683458
0.00000000000000000000 0.03521542739531786231
0.00000000000000000000 0.03567921948928169662
0.00000000000000000000 0.03602418197471441569
0.00000000000000000000 0.03651776544386615281
0.00000000000000000000 0.03666991239989075141
0.00000000000000000000 0.03990374578862801447
0.00000000000000000000 0.04047040634935152731
0.00000000000000000000 0.04170715995222627759
0.00000000000000000000 0.04234264598767488452
0.00000000000000000000 0.04302499474445565381
0.00000000000000000000 0.04340946984538456704
0.00000000000000000000 0.04358224268924967143
0.00000000000000000000 0.04387490058951047656
0.00000000000000000000 0.04416148035419476675
0.00000000000000000000 0.04437760667123661490
0.00000000000000000000 0.04569139878874289157
0.00000000000000000000 0.04596004769745456325
0.00000000000000000000 0.04597820909364676301
0.00000000000000000000 0.04636880524381625790
0.00000000000000000000 0.04697425968918608058
0.00000000000000000000 0.04800074576677895721
0.00000000000000000000 0.04833999524995775260
0.00000000000000000000 0.04871668886571610402
0.00000000000000000000 0.04887432839480081170
0.00000000000000000000 0.04941007956929929085
0.00000000000000000000 0.04955213640612530362
0.00000000000000000000 0.04961959627164250208
0.00000000000000000000 0.04991091287204268284
0.00000000000000000000 0.05118072185149469960
0.00000000000000000000 0.05124561588739491580
0.00000000000000000000 0.05134635780748093847
0.00000000000000000000 0.05194701616568338232
0.00000000000000000000 0.05196681193017375910
0.00000000000000000000 0.05204421307054053758
0.00000000000000000000 0.05227698888562028190
0.00000000000000000000 0.05230061891134812208
0.00000000000000000000 0.05247121881706942603
0.00000000000000000000 0.05273422684801485488
0.00000000000000000000 0.05320830655505840584
0.00000000000000000000 0.05335444556627212676
0.00000000000000000000 0.05420805291140860793
0.00000000000000000000 0.05424435808094111439
0.00000000000000000000 0.05428851128513695334
0.00000000000000000000 0.05443090909960701662
0.00000000000000000000 0.05443935654242402361
0.00000000000000000000 0.05465809493671829056
0.00000000000000000000 0.05504616687560137667
0.00000000000000000000 0.05511698726109662966
0.00000000000000000000 0.05525031007518596549
0.00000000000000000000 0.05548667534720091304
0.00000000000000000000 0.05566899850236037978
0.00000000000000000000 0.05589296052753094796
0.00000000000000000000 0.05695889962293029796
0.00000000000000000000 0.05730910061811794742
0.00000000000000000000 0.05757360101450659240
0.00000000000000000000 0.05758256294588400687
0.00000000000000000000 0.05768454401882514709
0.00000000000000000000 0.05798580541174700592
0.00000000000000000000 0.05840813002572838725
0.00000000000000000000 0.05841544966287404855
0.00000000000000000000 0.05875570116347909183
0.00000000000000000000 0.05947446843980513237
0.00000000000000000000 0.06000601400885014619
0.00000000000000000000 0.06037789242753576618
0.00000000000000000000 0.06038361630394832591
0.00000000000000000000 0.06058882907810769769
0.00000000000000000000 0.06084442187686857351
0.00000000000000000000 0.06094203009967470719
0.00000000000000000000 0.06138319359567260408
0.00000000000000000000 0.06174268691733320741
0.00000000000000000000 0.06208749888415474733
0.00000000000000000000 0.06239415187726347206
0.00000000000000000000 0.06259427494141972526
0.00000000000000000000 0.06285876043686844383
0.00000000000000000000 0.06292825914579155966
0.00000000000000000000 0.06346028180149812514
0.00000000000000000000 0.06349254367657486409
0.00000000000000000000 0.06356243799100187719
0.00000000000000000000 0.06391008361073663435
0.00000000000000000000 0.06400631476454476942
0.00000000000000000000 0.06433936635234976942
0.00000000000000000000 0.06549522485864112120
0.00000000000000000000 0.06586490696803376510
0.00000000000000000000 0.06595274635477982317
0.00000000000000000000 0.06645887671966599353
0.00000000000000000000 0.06710858376754914867
0.00000000000000000000 0.06718169488885294971
0.00000000000000000000 0.06740594204684446922
0.00000000000000000000 0.06795974372032899391
0.00000000000000000000 0.06813307332479316691
0.00000000000000000000 0.06829796375319871493
0.00000000000000000000 0.06848401361901300388
0.00000000000000000000 0.06858288215905207486
0.00000000000000000000 0.06859065848127626763
0.00000000000000000000 0.06901789549540184032
0.00000000000000000000 0.06978607786709244143
0.00000000000000000000 0.07012328622706337500
0.00000000000000000000 0.07034899263128942259
0.00000000000000000000 0.07036234608330291240
0.00000000000000000000 0.07068904020883680361
0.00000000000000000000 0.07071665572162533220
0.00000000000000000000 0.07154608507615246860
0.00000000000000000000 0.07169459996955090952
0.00000000000000000000 0.07173233523180545801
0.00000000000000000000 0.07191549606450160781
0.00000000000000000000 0.07216476261934744174
0.00000000000000000000 0.07217387292976444602
0.00000000000000000000 0.07235955525048574921
0.00000000000000000000 0.07269039539830930707
0.00000000000000000000 0.07271944066751112601
0.00000000000000000000 0.07307769241019507200
0.00000000000000000000 0.07347214950461088134
0.00000000000000000000 0.07412317114943567375
0.00000000000000000000 0.07443260591874575893
0.00000000000000000000 0.07444535380864870933
0.00000000000000000000 0.07467296906506643017
0.00000000000000000000 0.07492464104202609110
0.00000000000000000000 0.07492747620613009196
0.00000000000000000000 0.07513087399549651935
0.00000000000000000000 0.07533912073414458788
0.00000000000000000000 0.07605431513873271709
0.00000000000000000000 0.07630855517367245155
0.00000000000000000000 0.07637962381659481326
0.00000000000000000000 0.07662281579856483615
0.00000000000000000000 0.07662318969040170236
0.00000000000000000000 0.07697772460127080829
0.00000000000000000000 0.07712842361494859356
0.00000000000000000000 0.07717104625515446015
0.00000000000000000000 0.07727326829889506754
0.00000000000000000000 0.07749335905699822336
0.00000000000000000000 0.07821235184583029409
0.00000000000000000000 0.07845901921740190688
0.00000000000000000000 0.07894561828473652121
0.00000000000000000000 0.07925431630096725633
0.00000000000000000000 0.07955419018828022160
0.00000000000000000000 0.07971605665882827707
0.00000000000000000000 0.07986523034268344645
0.00000000000000000000 0.07997005091791352382
0.00000000000000000000 0.08005420578286054356
0.00000000000000000000 0.08011743170266373559
0.00000000000000000000 0.08082923693528853981
0.00000000000000000000 0.08152154046510833030
0.00000000000000000000 0.08154600911209293479
0.00000000000000000000 0.08189779770267255343
0.00000000000000000000 0.08200072259523623341
0.00000000000000000000 0.08212062017769954092
0.00000000000000000000 0.08220699905018406806
0.00000000000000000000 0.08263619415203951601
0.00000000000000000000 0.08275123926884903058
0.00000000000000000000 0.08276653590632292168
0.00000000000000000000 0.08288518239832336210
0.00000000000000000000 0.08298131257739421729
0.00000000000000000000 0.08327277489542973810
0.00000000000000000000 0.08333519956593528344
0.00000000000000000000 0.08352430442441888259
0.00000000000000000000 0.08355685513409424892
0.00000000000000000000 0.08386857066408270889
0.00000000000000000000 0.08398570487916373617
0.00000000000000000000 0.08402038340152150064
0.00000000000000000000 0.08436147893368349526
0.00000000000000000000 0.08444325368309742175
0.00000000000000000000 0.08446819301441177430
0.00000000000000000000 0.08487650178992225958
0.00000000000000000000 0.08500519532022775271
0.00000000000000000000 0.08513227420863103689
0.00000000000000000000 0.08527531810621932773
0.00000000000000000000 0.08542899543343336621
0.00000000000000000000 0.08546818077491147303
0.00000000000000000000 0.08556850664624313096
0.00000000000000000000 0.08571447078353040816
0.00000000000000000000 0.08596455353550491729
0.00000000000000000000 0.08635356025142069958
0.00000000000000000000 0.08635508190060811606
0.00000000000000000000 0.08678968519538607373
0.00000000000000000000 0.08682590773487250391
0.00000000000000000000 0.08685014135262954238
0.00000000000000000000 0.08687241529081560221
0.00000000000000000000 0.08713317959826995251
0.00000000000000000000 0.08739123711845418752
0.00000000000000000000 0.08770634173115024468
0.00000000000000000000 0.08787347400514569640
0.00000000000000000000 0.08800569044015763009
0.00000000000000000000 0.08806105627152495396
0.00000000000000000000 0.08823149075433656119
0.00000000000000000000 0.08833021075247016185
0.00000000000000000000 0.08856128040365844611
0.00000000000000000000 0.08874248342318602489
0.00000000000000000000 0.08906244022747529521
0.00000000000000000000 0.09006938797485487813
0.00000000000000000000 0.09009506174951668889
0.00000000000000000000 0.09018280183357010871
0.00000000000000000000 0.09047254053426409537
0.00000000000000000000 0.09081935047506524417
0.00000000000000000000 0.09096441240536255746
0.00000000000000000000 0.09103930892160078114
0.00000000000000000000 0.09119930645267738945
0.00000000000000000000 0.09141856887387843356
0.00000000000000000000 0.09146203571217269290
0.00000000000000000000 0.09186099452339864524
0.00000000000000000000 0.09249842814251765799
0.00000000000000000000 0.09253695461823456536
0.00000000000000000000 0.09271170410878494528
0.00000000000000000000 0.09287185527300897969
0.00000000000000000000 0.09287413736552080357
0.00000000000000000000 0.09347707794831171257
0.00000000000000000000 0.09349845534573637817
0.00000000000000000000 0.09385634983726966196
0.00000000000000000000 0.09416257612170163271
0.00000000000000000000 0.09437577183725694152
0.00000000000000000000 0.09443382089305635274
0.00000000000000000000 0.09458792865179779796
0.00000000000000000000 0.09486117719896924871
0.00000000000000000000 0.09502283292398357173
0.00000000000000000000 0.09503393171597100675
0.00000000000000000000 0.09569037382010796289
0.00000000000000000000 0.09572158000415376122
0.00000000000000000000 0.09588226800427228358
0.00000000000000000000 0.09604204522282694390
0.00000000000000000000 0.09608642580518451937
0.00000000000000000000 0.09620427917099788617
0.00000000000000000000 0.09622541496031523922
0.00000000000000000000 0.09627549345414318505
0.00000000000000000000 0.09628715278271091083
0.00000000000000000000 0.09653962013276450038
0.00000000000000000000 0.09657437325243520276
0.00000000000000000000 0.09667911792144950889
0.00000000000000000000 0.09678665156543483916
0.00000000000000000000 0.09692912149597492089
0.00000000000000000000 0.09695021117201278738
0.00000000000000000000 0.09709681918721575766
0.00000000000000000000 0.09738479724705816076
0.00000000000000000000 0.09741922110901857224
0.00000000000000000000 0.09743359695426985490
0.00000000000000000000 0.09754460204437041815
0.00000000000000000000 0.09785501606516543160
0.00000000000000000000 0.09820394245712175951
0.00000000000000000000 0.09827602950948167992
0.00000000000000000000 0.09877997252366844949
0.00000000000000000000 0.09887360688117065310
0.00000000000000000000 0.09892672259497792275
0.00000000000000000000 0.09895684331632989550
0.00000000000000000000 0.09900364630098314189
0.00000000000000000000 0.09962895790209744251
0.00000000000000000000 0.09988867428123994474
0.00000000000000000000 0.10040173424594675544
0.00000000000000000000 0.10042234844673256222
0.00000000000000000000 0.10045088807868318703
0.00000000000000000000 0.10053757008092306657
0.00000000000000000000 0.10058982796667743920
0.00000000000000000000 0.10079483842816515382
0.00000000000000000000 0.10081027592030418483
0.00000000000000000000 0.10090489289302115306
0.00000000000000000000 0.10138203105054152675
0.00000000000000000000 0.10160943416360952718
0.00000000000000000000 0.10174491712440854319
0.00000000000000000000 0.10176027316412546153
0.00000000000000000000 0.10207626967043836874
0.00000000000000000000 0.10224228079137799574
0.00000000000000000000 0.10230148943933230210
0.00000000000000000000 0.10234475317022206919
0.00000000000000000000 0.10241635268213997167
0.00000000000000000000 0.10249735800383796835
0.00000000000000000000 0.10253304109614318207
0.00000000000000000000 0.10258079359362937133
0.00000000000000000000 0.10295438707095598552
0.00000000000000000000 0.10316414311719485086
0.00000000000000000000 0.10340170703838566513
0.00000000000000000000 0.10340880054132355059
0.00000000000000000000 0.10345244080877151471
0.00000000000000000000 0.10353110599547191151
0.00000000000000000000 0.10357770009140267187
0.00000000000000000000 0.10363872401507384646
0.00000000000000000000 0.10366969486761701269
0.00000000000000000000 0.10405883223954208450
0.00000000000000000000 0.10430452513147175919
0.00000000000000000000 0.10451973070597608828
0.00000000000000000000 0.10483029568881675753
0.00000000000000000000 0.10491396374673216119
0.00000000000000000000 0.10495009126249137121
0.00000000000000000000 0.10526635134022724327
0.00000000000000000000 0.10564884236285469743
0.00000000000000000000 0.10588255263758537816
0.00000000000000000000 0.10596362236279374680
0.00000000000000000000 0.10597416785911634163
0.00000000000000000000 0.10649783539551734013
0.00000000000000000000 0.10650033479774238809
0.00000000000000000000 0.10656591205189026861
0.00000000000000000000 0.10665079080768345710
0.00000000000000000000 0.10679123327903577989
0.00000000000000000000 0.10694797023180668827
0.00000000000000000000 0.10781951803780963350
0.00000000000000000000 0.10819492103170928743
0.00000000000000000000 0.10820765883507967031
0.00000000000000000000 0.10823095968903138908
0.00000000000000000000 0.10845491400021389783
0.00000000000000000000 0.10846188525529261437
0.00000000000000000000 0.10849850314805255247
0.00000000000000000000 0.10853803610425737103
0.00000000000000000000 0.10870210125588206096
0.00000000000000000000 0.10880882011685205635
0.00000000000000000000 0.10910193234534995566
0.00000000000000000000 0.10922639110863616163
0.00000000000000000000 0.11003398337544051389
0.00000000000000000000 0.11009123797909521614
0.00000000000000000000 0.11040036587747868724
0.00000000000000000000 0.11079415101007761280
0.00000000000000000000 0.11084126421539225449
0.00000000000000000000 0.11084453640194508184
0.00000000000000000000 0.11108837022111482662
0.00000000000000000000 0.11113278905679983832
0.00000000000000000000 0.11163033201160596497
0.00000000000000000000 0.11166523154669244500
0.00000000000000000000 0.11185379796497599281
0.00000000000000000000 0.11186960458397171569
0.00000000000000000000 0.11246539859680573792
0.00000000000000000000 0.11251999144519497786
0.00000000000000000000 0.11278558322049618556
0.00000000000000000000 0.11292291965955708610
0.00000000000000000000 0.11293344371202515553
0.00000000000000000000 0.11363242478069303376
0.00000000000000000000 0.11395801680963173197
0.00000000000000000000 0.11409499826531652178
0.00000000000000000000 0.11510493808775451585
0.00000000000000000000 0.11534582368989862444
0.00000000000000000000 0.11542241227796443126
0.00000000000000000000 0.11557320684823524370
0.00000000000000000000 0.11589560575393023645
0.00000000000000000000 0.11620837997875033132
0.00000000000000000000 0.11631543731721132040
0.00000000000000000000 0.11633047144349309421
0.00000000000000000000 0.11702068480679553297
0.00000000000000000000 0.11711352551520604059
0.00000000000000000000 0.11751723254908320870
0.00000000000000000000 0.11774355386043819371
0.00000000000000000000 0.11822111679881334989
0.00000000000000000000 0.11826835915568638391
0.00000000000000000000 0.11826981230314315141
0.00000000000000000000 0.11850007935093066769
0.00000000000000000000 0.11866014760366458414
0.00000000000000000000 0.11901858209803135857
0.00000000000000000000 0.11908973567282180039
0.00000000000000000000 0.11923231163615849448
0.00000000000000000000 0.11963370713878233864
0.00000000000000000000 0.12022481197268738984
0.00000000000000000000 0.12043175417579599085
0.00000000000000000000 0.12115071973871964495
0.00000000000000000000 0.12134017932324149547
0.00000000000000000000 0.12134888515610187110
0.00000000000000000000 0.12322208615481126948
0.00000000000000000000 0.12336241259303890039
0.00000000000000000000 0.12404934245624159306
0.00000000000000000000 0.12425686991495453471
0.00000000000000000000 0.12425787689141172543
0.00000000000000000000 0.12435313634899752833
0.00000000000000000000 0.12458976910950644856
0.00000000000000000000 0.12499982867103566486
0.00000000000000000000 0.12506081669179139326
0.00000000000000000000 0.12551325464931398224
0.00000000000000000000 0.12558991226691340604
0.00000000000000000000 0.12656779518115446326
0.00000000000000000000 0.12699865287128014879
0.00000000000000000000 0.12703514020345091362
0.00000000000000000000 0.12749692966303641239
0.00000000000000000000 0.12761268286086241419
0.00000000000000000000 0.12773961978556874763
0.00000000000000000000 0.12816429852933580724
0.00000000000000000000 0.12842384750251728542
0.00000000000000000000 0.12922591449295617316
0.00000000000000000000 0.12954193625930654488
0.00000000000000000000 0.12960857348623378016
0.00000000000000000000 0.12987533929444600167
0.00000000000000000000 0.13009449401538134006
0.00000000000000000000 0.13036123651573608417
0.00000000000000000000 0.13082352985367012854
0.00000000000000000000 0.13109723562761016469
0.00000000000000000000 0.13189321701531805942
0.00000000000000000000 0.13214071643935870748
0.00000000000000000000 0.13221339569456991292
0.00000000000000000000 0.13221380884245245713
0.00000000000000000000 0.13224862257097649842
0.00000000000000000000 0.13225414800420653982
0.00000000000000000000 0.13234223376881831813
0.00000000000000000000 0.13246100827898829588
0.00000000000000000000 0.13310327814088190879
0.00000000000000000000 0.13347880968233000187
0.00000000000000000000 0.13368836018135052401
0.00000000000000000000 0.13443814685602917258
0.00000000000000000000 0.13452827034858194644
0.00000000000000000000 0.13607056560127347988
0.00000000000000000000 0.13655495337675960243
0.00000000000000000000 0.13668075093721368529
0.00000000000000000000 0.13755195247826973448
0.00000000000000000000 0.13773746943615372551
0.00000000000000000000 0.13865105165180299784
0.00000000000000000000 0.13866270513921566399
0.00000000000000000000 0.13898924578711566169
0.00000000000000000000 0.13952607180649884144
0.00000000000000000000 0.13996117757460668773
0.00000000000000000000 0.14081959707697708217
0.00000000000000000000 0.14117648305333538317
0.00000000000000000000 0.14156479673776581341
0.00000000000000000000 0.14196656595438314485
0.00000000000000000000 0.14228799825288965253
0.00000000000000000000 0.14229991306540246132
0.00000000000000000000 0.14296106777467754156
0.00000000000000000000 0.14397971381867596952
0.00000000000000000000 0.14430135810448668776
0.00000000000000000000 0.14484495120117801825
0.00000000000000000000 0.14487548929768703787
0.00000000000000000000 0.14506300445356409834
0.00000000000000000000 0.14524548503824841195
0.00000000000000000000 0.14590336977619522418
0.00000000000000000000 0.14592055220708413654
0.00000000000000000000 0.14623775661609086929
0.00000000000000000000 0.14733588709694220298
0.00000000000000000000 0.14784558565731092949
0.00000000000000000000 0.14795546293743067068
0.00000000000000000000 0.14990987533748834082
0.00000000000000000000 0.15069922383541400901
0.00000000000000000000 0.15073259257184118409
0.00000000000000000000 0.15133342815672096160
0.00000000000000000000 0.15296902182791538571
0.00000000000000000000 0.15364462361831837667
0.00000000000000000000 0.15365276930073015760
0.00000000000000000000 0.15537381626584514938
0.00000000000000000000 0.15578809821267597391
0.00000000000000000000 0.15988177936754172093
0.00000000000000000000 0.15996254320900246682
0.00000000000000000000 0.16055334704214949126
0.00000000000000000000 0.16165560225351080503
0.00000000000000000000 0.16184603086151450047
0.00000000000000000000 0.16297857758158879049
0.00000000000000000000 0.16361988703673743806
0.00000000000000000000 0.16364937704184179257
0.00000000000000000000 0.16425539370627204039
0.00000000000000000000 0.16431150490834695033
0.00000000000000000000 0.16527233941516597526
0.00000000000000000000 0.16584384099902174659
0.00000000000000000000 0.16590125030468638734
0.00000000000000000000 0.16653014449857608814
0.00000000000000000000 0.16701540497631975346
0.00000000000000000000 0.16706207184269541988
0.00000000000000000000 0.16744978309132466099
0.00000000000000000000 0.16870193608818648268
0.00000000000000000000 0.16964028747242398953
0.00000000000000000000 0.17015384635613856057
0.00000000000000000000 0.17026778600125083707
0.00000000000000000000 0.17028162382898778815
0.00000000000000000000 0.17202568820618047152
0.00000000000000000000 0.17231843392518303437
0.00000000000000000000 0.17248359482735781123
0.00000000000000000000 0.17319727234332174537
0.00000000000000000000 0.17366115757611128023
0.00000000000000000000 0.17366518840964920156
0.00000000000000000000 0.17474616369308207386
0.00000000000000000000 0.17493018259304379813
0.00000000000000000000 0.17503934129534651221
0.00000000000000000000 0.17540787656250012017
0.00000000000000000000 0.17560379400251074911
0.00000000000000000000 0.17740044683903427591
0.00000000000000000000 0.17900265014722233081
0.00000000000000000000 0.17938743967584921957
0.00000000000000000000 0.18034920574638510504
0.00000000000000000000 0.18179247078364321744
0.00000000000000000000 0.18474336465582263944
0.00000000000000000000 0.18514424737869608628
0.00000000000000000000 0.18524372197981270327
0.00000000000000000000 0.18788326470098098975
0.00000000000000000000 0.18807263590831960198
0.00000000000000000000 0.18873876965471123035
0.00000000000000000000 0.19029354935687550765
0.00000000000000000000 0.19166066405984713561
0.00000000000000000000 0.19471845364204085072
0.00000000000000000000 0.19615774851961154113
0.00000000000000000000 0.19799310550394674801
0.00000000000000000000 0.19914816174849392372
0.00000000000000000000 0.20226685647160669301
0.00000000000000000000 0.20400941358663257641
0.00000000000000000000 0.20608596357694919377
0.00000000000000000000 0.20939059673938681394
0.00000000000000000000 1.73205080756887719318
