0.07952626116291247604 0.08355788343530262674
0.07952242655213155598 0.09031411577953922520
0.09261084199509804493 0.09344434826887676460
0.08938358392235427885 0.09364143154056553398
0.09183271097975961861 0.09531877813500319596
0.09942999235471053354 0.10424256748250401716
0.10311098609435495610 0.10776120542217920706
0.10814402358706572127 0.10854222683391988313
0.10732102482055165538 0.11073187421806830744
0.10186166601460999726 0.11163059740177458390
0.11381277862788762023 0.11528914702099150869
0.10005362121081920468 0.11532357598229839302
0.11614637377804612473 0.11706732611810470590
0.11655559500980870735 0.11729667978758141766
0.10563167068513783231 0.11821641238696069254
0.11217663752921472331 0.11886610691258531203
0.11580545776388508072 0.12056917376694760435
0.10903460060656908204 0.12077795517355045807
0.10521468897826570521 0.12092699006720855626
0.09153765613139597246 0.12158070840073159635
0.11530601367192494511 0.12210428193286176901
0.11889487610161139641 0.12233743411775693799
0.11651560974320342157 0.12355563860206054960
0.12470843973795585347 0.12565081935118743717
0.11476593596336215342 0.12779158016326427894
0.10884876659915627972 0.12823260866787158929
0.11940110792893625369 0.12889841653073896843
0.11465934177788310311 0.13033447662205516204
0.12927333442057412083 0.13087052532721263343
0.10600819341743748792 0.13134328370350623061
0.12024989094400076461 0.13215674468659693863
0.13043309191389018675 0.13272988335852245467
0.12995721064293019875 0.13326158224109149741
0.11247276626528492083 0.13332922186667739428
0.13027342984451806274 0.13463012862603626618
0.12007019980859545694 0.13528232571816686813
0.12711510965348818414 0.13632392883901547909
0.10891611353704390430 0.13658246658221265268
0.13880058645522841410 0.13943435083252161966
0.13115525039950659547 0.13989681330830811001
0.13139058874307896208 0.14006279618458372660
0.12903149430594607061 0.14111621222280376631
0.10431328656201180327 0.14158846353185805533
0.13478978659804097262 0.14169090080025212308
0.13951888295786729621 0.14184935825545177956
0.13767173219062714407 0.14301941881806271017
0.13476031041771396879 0.14354618556424647569
0.12808384159700011984 0.14387860907976565694
0.14356156558141786039 0.14447218652013146811
0.11236647993324366812 0.14512211735453228734
0.12366204200181150907 0.14579412456091081496
0.12258187054397592930 0.14696099986787908298
0.14355263597013792620 0.14708030097744667630
0.12146032249190402696 0.14731726059618105440
0.12021738642223164795 0.14739930552813376718
0.14047813986383486662 0.14752036262081624773
0.13767226405916727083 0.14803877550795740969
0.13309698145889364840 0.14857471491763402094
0.12575421017220905773 0.14870771870904603285
0.13306925808537775624 0.14967702630950530107
0.14871871912695491802 0.14970122337895225284
0.13770662285876789088 0.15008382378790016687
0.13988411849520951402 0.15101610227651454665
0.14689087996668559466 0.15105388599876140576
0.12321815619982905143 0.15109967444627830924
0.15032038243529541321 0.15122373109980150052
0.11084929388876788026 0.15157554522000207808
0.14716164206760376509 0.15195394435265036082
0.13769119220818015759 0.15204263784027935436
0.14989534488254085964 0.15232024723800310917
0.14915650999571547497 0.15238477943076442211
0.11747031773679612876 0.15246955582712570787
0.14831920770825515743 0.15290638750908175370
0.11901136251965677149 0.15354056834071480586
0.12023776544683173473 0.15491897982837918302
0.14144547310876420809 0.15513622026167803170
0.15075444399628024073 0.15524842158027604699
0.12977819342192972729 0.15526420366367546522
0.13341769608451720108 0.15529284332758927500
0.15282348987405691698 0.15550943343651846273
0.14111721310847719080 0.15594171277617568938
0.15559812490037341903 0.15756434099449440067
0.14309086408832635828 0.15763651383566937292
0.13115455978784840152 0.15795711737076750802
0.14219445530371108144 0.15804961881411769276
0.14150770713451021887 0.15834930910145716965
0.13588626852169954917 0.15855130230597375141
0.12014282792558715618 0.15881214728309606121
0.12796154297328829474 0.15927646877156168004
0.13810625383847377479 0.15945474811343668398
0.12695515171854138137 0.15971448299888846289
0.14696627595518546583 0.15998772122219800940
0.12562475486895288701 0.16010655006599283645
0.13147197748140565521 0.16016379305691930135
0.12318506690278853422 0.16034543846622184571
0.13235012709759635952 0.16053603886378883803
0.14854748543338167077 0.16071429664848216334
0.14738711340739693578 0.16114031284353591555
0.14486310006423677721 0.16166051342700890614
0.13945849344859709285 0.16174906942851136060
0.14879539088084783871 0.16202321446808698457
0.13860139028416967877 0.16238188186042673555
0.16171813504932783245 0.16299961573422550032
0.14382407296906840610 0.16325335016322828352
0.13458509618621114501 0.16406106672791756496
0.15418847160779941552 0.16410834954681355335
0.15845692396209662411 0.16517950777790135763
0.15890053822935429340 0.16522334841655836324
0.15244665422863765136 0.16563650729620418844
0.13111623555582738176 0.16595473895693046984
0.14055194239849747029 0.16665214034870329263
0.15711980119511367859 0.16674674389524574147
0.14429702209784020517 0.16684377722717114167
0.12746517509214014274 0.16684868439486974512
0.16216877552684064168 0.16690676018892994237
0.15847568082764612596 0.16745364335116474930
0.16370847799711391035 0.16752006217394241339
0.16512942845264388936 0.16809000027209283767
0.15037011810175041071 0.16868533771170821089
0.14751732450468441060 0.16899778313755167702
0.15028923774426139470 0.16968208782628044218
0.13114958359643788532 0.17019765941981465640
0.13989439776609136068 0.17020508087658431373
0.12003306237755570485 0.17046057757026913948
0.14588681674434961222 0.17050070276840972872
0.14417277361241170874 0.17063590997329489141
0.14503869161930360576 0.17079128111907929122
0.13690055693131517045 0.17082429647788749394
0.15838038867932788256 0.17101591910931598917
0.15539943573072259597 0.17192735641636847088
0.14690166031550619397 0.17291363212378441094
0.15683763456427413097 0.17335959108265314166
0.16104507521771793677 0.17350082622023321743
0.13735357209199394735 0.17381323072486165593
0.12467613181441110359 0.17468748113623211449
0.12900252494071923204 0.17531719321800162681
0.13534911019718756653 0.17538977404723060660
0.13566163852848339699 0.17626608310091920750
0.13511375170318559724 0.17632313709847124983
0.13285735780830693065 0.17636826924978293851
0.15083559470998114671 0.17674329721025117124
0.17426322336317684458 0.17702215315995137312
0.16030024598562356286 0.17730406759176181586
0.12788575882973343689 0.17754187939103643901
0.17407489771330739159 0.17795903172183219487
0.17158660734089117850 0.17890718609781072757
0.16631526281456943117 0.17894458006412178319
0.17210081135597157798 0.17896606579612880927
0.15380466748766064011 0.17934353771383876319
0.15814226588143054375 0.17947274562080464677
0.17873194140023615506 0.17984026714040279860
0.14136359897274858310 0.17989254810583935051
0.13206818327277017322 0.18089802922089306958
0.17420896461350454665 0.18257339190491192471
0.14644691015271729673 0.18263716108372904379
0.17109458075321681836 0.18291912268255733354
0.15225319579725196673 0.18369713583911970178
0.13812068933432658513 0.18369713583911970178
0.15706981907293923739 0.18447958320419169387
0.15083851215204768792 0.18530485046296263363
0.18508593674205947588 0.18553741822652547455
0.18292960794506774036 0.18555565997435519154
0.16940784166272318534 0.18559909019772086181
0.14603647590519325261 0.18566776958461833624
0.15897914865475468171 0.18572421767738628295
0.17362411025811422260 0.18601475965515543165
0.13045026129597414588 0.18703784949578172725
0.18336021634489621523 0.18720034370554819447
0.18506294295833800034 0.18740435152382406425
0.12985053838296958806 0.18819752579576676244
0.17472071861646706892 0.18842725433689513914
0.18168174313359519711 0.18849651114188720191
0.13173582979430786821 0.18888091505172643902
0.17034337970990784394 0.19031039429172091904
0.17121317359927815116 0.19116355578322913322
0.14559580699614738108 0.19244953844039586199
0.11305051666262168342 0.19247308645992158849
0.12495699767232125443 0.19303684237547388824
0.17078575798682740783 0.19321742579772271942
0.13443794273783066240 0.19383954074909182097
0.17985629192934798892 0.19395224787651063614
0.18694153724428616559 0.19428835625669688136
0.14370565107580321462 0.19442327783277399411
0.14729693841196739301 0.19531906736755816345
0.16192020755326030912 0.19564666846453759863
0.18834131190503991538 0.19650697185631763042
0.15919390270371674978 0.19683286122159951437
0.16193386878051560518 0.19759927743159824698
0.17287161732037570339 0.19899395317201482025
0.15926814871812258745 0.19972624101178729217
0.14686333198254775123 0.20011600322271017038
0.12890445917425097377 0.20117080974696763263
0.18203657029190731254 0.20231081167873807281
0.17465991641699799009 0.20264574048369754511
0.13214029710453778499 0.20822427088912193183
0.13354110509490854652 0.20943408264183654977
0.16259886178482838015 0.21224497207689313472
0.21186181873263476572 0.21256461782723248821
0.16700923306845044669 0.21294672500305730778
0.20723541706064596557 0.21413013064669467189
0.12336382920133165397 0.21445272180299113085
0.15270522866518856930 0.21517379461786245720
0.15239981289549392462 0.21647015385895040929
0.20849521829381989502 0.21769388566050487666
0.18572197278094423889 0.21789290474445943691
0.13448615211041001216 0.22064781168809199929
0.16755091906357935660 0.22181751547970005034
0.12799878209343854008 0.22211567930393122383
0.22225984125466879959 0.22329254102106646518
0.16703299234192486855 0.22415313726957766804
0.15587479662328615482 0.22607623775398613675
0.14386824813143883617 0.22633376335987739902
0.20738404417533901070 0.22927138835675761608
0.13587535027894706574 0.23013990759118638230
0.13483628229272270893 0.23319859836301398692
0.13358532516058990725 0.23524744983389467290
0.13058647136251327892 0.23647564479557697803
0.15316021505940485836 0.23877645655109150380
0.18275466259062553287 0.23948155164920456595
0.16812442388050932718 0.24400339516958105546
0.23248332960015777315 0.24498041766515821216
0.20649697784146026081 0.24565142472258327810
0.22171249604021281421 0.24963577254431854047
