0.07961878063419897122 0.08249215268153346770
0.06632467310333160782 0.08730169435301078640
0.09080975182578916727 0.09406166167998468441
0.09616207314746527679 0.09702612489934640816
0.08189303819059877421 0.10367123007175618743
0.10671195113859992254 0.10699485667138845801
0.11018443625424610699 0.11733361839479425348
0.10373061662516494530 0.12114218292960375611
0.11205292502423561118 0.12136324246167118357
0.10138289621923088357 0.12174296347680330088
0.12131683338514982762 0.12270452510781829081
0.11304147172440837110 0.12391150461663538729
0.12101078202526209526 0.12918864115572284423
0.11743372149051706232 0.13149319251021523991
0.12230208776456280573 0.13346821687674170764
0.12274863984370282255 0.13485149668622065100
0.12217814086482876867 0.13586069864753852476
0.12718086606248821258 0.13676291679912161436
0.11978497279837373168 0.13771817196785346438
0.12935447535857491630 0.13788162990555749565
0.12818424433124592232 0.14009388513882659044
0.12405866294801835836 0.14078052222747886035
0.13542506849016947013 0.14223339752213495779
0.13783384851656768633 0.14420768617560336677
0.12545276753052855834 0.14433169566459269628
0.11127591972978355395 0.14804743434624414999
0.14134517605290697340 0.14883778774447650739
0.14642797502404750198 0.15060626496300799637
0.14105021188667946075 0.15061959670876340356
0.14008946086920717744 0.15105924734890308070
0.14931130768024825084 0.15257127841748990837
0.15237196685274315144 0.15308806365743687916
0.12543182545579825704 0.15385549864263495246
0.14877454962386923998 0.15819386143641228637
0.14796840098211577752 0.15826254870120581852
0.15136315708852016160 0.16025689736016765496
0.14960363485451419474 0.16148009301510257707
0.15348637519322710920 0.16261417476935446924
0.12525708084490561056 0.16574003681255694564
0.15813800547363318638 0.16943521766833183340
0.16096002441269277594 0.17227820068875271398
0.13675501880364906993 0.17245844344111377344
0.12994642746014006818 0.17253133111758151008
0.15806913858240392856 0.17319872099985819669
0.16847842996041997865 0.17328540497885933092
0.14981707980371294919 0.17403275132555023896
0.15950436539050186213 0.17408774340308461048
0.16496783159028091670 0.17562378305737905149
0.16190520373572930835 0.17647715529452495664
0.15983239222054673734 0.17726362804950082652
0.17167123735841394172 0.17779654859539875678
0.14279388857029345905 0.17844587445718051999
0.16813768113168220397 0.18084302877789942832
0.14693107525117993228 0.18134390882341092088
0.17843415378819679762 0.18217186452547315390
0.16843356284883923002 0.18324411711580321227
0.17687043922800493867 0.18398877805642610550
0.17545135052414145838 0.18401550440611430526
0.17040116197319404856 0.18531106602181141030
0.16358345978481353411 0.18546072877420297087
0.16118713279380453285 0.18599500648174213668
0.14705292705188996449 0.18770139808040545160
0.17696522677983947403 0.18807857879189845973
0.12152453192773450541 0.19003333349525902696
0.18324020918579397854 0.19008391039653432797
0.13797028041154485445 0.19120175193657476531
0.17358567810867037151 0.19204499194073113011
0.18259792372923175363 0.19409129790820545125
0.17991540609628647873 0.19530219731291725838
0.19379672500809672075 0.19538876094210055889
0.19605076498001183793 0.19644481599469001964
0.19511866116508178037 0.19791448961814719909
0.17919214162506161281 0.19882821599678693336
0.16086528651032006021 0.19951414670297104581
0.18165882274729319712 0.20036955573781636830
0.17418518916663347507 0.20255719564544574784
0.16834967665162586803 0.20337596996759124690
0.20182739117937753548 0.20432506289785354325
0.16198953158094583915 0.20464279201182747348
0.19575852512910460468 0.20467423605596166136
0.18426761763836230212 0.20509180383007849513
0.18530331849480477513 0.20860897437282069355
0.20731915495755667833 0.20883501840860613230
0.20265479563813768027 0.21079044564087726088
0.18790225663072820939 0.21176928014977858261
0.19777088745120191549 0.21649154130290507170
0.21817038657207071806 0.21861430569521428380
0.21117646828291575245 0.22040513867277561344
0.21576424991148232535 0.22156820928030257489
0.17302806342270296569 0.22506987992449473124
0.18102842606517569046 0.22541013003955334693
0.19257851580261642344 0.22654724456223387929
0.21145724903230142533 0.22783084420618390786
0.22308709248123362312 0.22815623333661097516
0.16837232593106341016 0.23134645573351025893
0.22149092150786481303 0.23257955795862345072
0.20715568734316763821 0.23257955795862345072
0.21693764343968166552 0.23273475831946180414
0.20109359593265976884 0.23410833093864266696
0.22412190419448621559 0.23549732645189433433
0.22245020887681546395 0.23691314611596220319
0.22293062860698328875 0.23854379969032127318
0.21424497255995597622 0.23888556141968153579
0.20620420099428049543 0.24015818896320129117
0.22912357937400718022 0.24132707114087825762
0.21732864514091218555 0.24196265113833628768
0.17627302325790283888 0.24259230999208999946
0.23628534006184132021 0.24594282730069316756
0.19407287773046452695 0.24642875590679122477
0.15137518828638979462 0.24926638125743436070
0.24327942947572764321 0.24991224905313877414
0.24524501278483537559 0.25218288500939395336
0.21284752846954479999 0.25370400456087521812
0.16310641436789433123 0.25370400456087521812
0.24918720063311508572 0.25452481542792587677
0.20939281140333537712 0.25455858422953447917
0.19118566149530089038 0.25742880792087063924
0.25364286206925884537 0.25743335418431251282
0.17290227744040403968 0.25763646054563482668
0.25671804370438539022 0.25860188749511775486
0.20683634439986881004 0.26004276064579745498
0.13240086865620961931 0.26053431428124723679
0.22816332654650761658 0.26218637614445766681
0.20492303861200814041 0.26362867055766664448
0.22276111030433806692 0.26761304367922889025
0.24724668780064101847 0.26890331042587467536
0.19199332128434923317 0.26964697364370132648
0.26478314232902999681 0.27037735692081299455
0.26731356012855428395 0.27076528127409260627
0.19450264938491226840 0.27188132543640830541
0.24557614777770137016 0.27197103702831632033
0.25708915925426600868 0.27544206438914020652
0.26834697263604911921 0.27599116345260615857
0.19129088730605600666 0.27658711332034507935
0.19882025685636575685 0.27867817336391920158
0.26926388024213715466 0.27948830687982872956
0.18808654497677482209 0.28062626161234538458
0.27428837427637292601 0.28401350392291518920
0.19855544642770883712 0.28433135859079872176
0.20765853573745524097 0.28513609586872995516
0.25131318468863950155 0.28542709846306318910
0.19057867460298891227 0.28555388925799968236
0.26672612222364888712 0.28645823702172340530
0.24781678246877086869 0.28762444293006361740
0.17703211850505673475 0.28913500402978664638
0.20401460008237717880 0.29019303184809380758
0.24578682612090921311 0.29141772932009402108
0.23069530676351959753 0.29151019868157507231
0.26038208456839079252 0.29282261036368978369
0.15826740666988892148 0.29312386138383983436
0.24679038839789455007 0.29700451746735934133
0.23500721281941805429 0.29830922889301919598
0.24826981470144901532 0.29937570902543858553
0.24283226019687850772 0.30003199287182114041
0.21331939499796190307 0.30378844892753498197
0.29106809779089976020 0.30390010418671903336
0.23912792793773818278 0.30406077705094242125
0.22971988955446032143 0.30456186970804410841
0.20386503822108084649 0.30496456733309162956
0.22253144694352891553 0.30549125453446168699
0.21741083349266615565 0.30574029389859852524
0.23053919562866934112 0.30648986502196556847
0.30631347662504682106 0.30781366527695425139
0.28820772161249980092 0.30922762173600215618
0.25700876538578448782 0.30976392542710395883
0.22841031691066540632 0.31091335929492791568
0.28720648301084178433 0.31183130489620275450
0.15736273569271722050 0.31248494607038446169
0.19772666378786926678 0.31382571361024325096
0.29132871872398091728 0.31409456670699609226
0.29465915256742747363 0.31538941883224436147
0.31663452909592060269 0.31744617723015000621
0.18748995611172378228 0.31758789313841517821
0.18743890727871981294 0.31972415093896994209
0.28659048927461727718 0.32175213206781377862
0.27918925965445795523 0.32240633573667409895
0.27477223760471619629 0.32377178839345543970
0.18692669874720435619 0.32991081635863556132
0.19629526941970509846 0.33516691788441721478
0.27798175920531692507 0.33592243498587381900
0.16355225310574211806 0.33859985633446954001
0.23475075739005621389 0.34124383509125738589
0.21868505355292505721 0.34767925182352549252
0.33387463114817866883 0.34804313345183096606
0.20736106663810524586 0.34920854279390622921
0.21297020063793650757 0.34998062358052350884
