0.01318185867584732891 0.01443693567025855322
0.01941527894640194402 0.02086522171618521854
0.02354735880406715748 0.02508874053890648367
0.02523256361011250518 0.02660237359853356506
0.02610809835169051671 0.02668203004966932315
0.02749971249813936564 0.02858931767740994015
0.02977259965829456845 0.03003510512402784993
0.02560729546090961470 0.03061080463363322068
0.02343839404826025472 0.03067619057417673642
0.03157951601495443544 0.03167300064315593799
0.03063334493162369471 0.03248485571719301329
0.03039169709368447908 0.03287058145226688655
0.03038683337694541090 0.03309482074160248477
0.03045126748423260254 0.03391217413869408032
0.03115793939146230609 0.03419017670243802015
0.02799041820593046320 0.03526319280477779872
0.02824699074273626098 0.03542088394827370285
0.02982130253707316117 0.03598997145845816981
0.02893326101368970393 0.03691932001228474813
0.02903569434275807271 0.03758078175218757672
0.03723040345925002215 0.03885558712950550747
0.03959741217584765438 0.04163922781911643528
0.04085133146865448095 0.04282477778117522310
0.03933569844503045226 0.04323012503006695012
0.02826399600985275706 0.04361836425899134201
0.04319406079778203428 0.04369687084417963469
0.04149909005723523975 0.04374090348545654761
0.04103641933919969370 0.04420546801794272840
0.04358666570440528076 0.04432550795719236714
0.04564639937365033012 0.04691224491870019803
0.04548575215276597083 0.04711111059681206970
0.04657990134807119681 0.04752509660242604239
0.04673134286996446368 0.04783747077269646930
0.04337976132796294432 0.04803921330716266758
0.04301346796079986989 0.04809345201880711740
0.04277241818051296524 0.04835633464912354740
0.04738591676861547003 0.04911168406646596735
0.04761685144697107297 0.04913057092723210895
0.04928018623836850909 0.04950067981184339688
0.04075538569543332712 0.04952247805804107367
0.04201963896953303523 0.04965296175095072762
0.04671799120481087697 0.05001474361989761974
0.04829409517905695892 0.05097799783450364386
0.05095510785804314990 0.05248251910042391055
0.04640386309296821998 0.05369279045860341631
0.05287486101463139548 0.05369323010740281038
0.04565425656720586978 0.05411569843516726708
0.04154237840008725285 0.05442103089361714080
0.05191279493536541528 0.05444020782584008122
0.04774532943637619514 0.05449503277544401336
0.04342253345713355250 0.05502082288555934508
0.04474730406120496634 0.05536306165808769358
0.03564982904667372832 0.05572286087423836826
0.05334769703040434519 0.05581904501510458888
0.05138845343987371445 0.05606221422068887600
0.04284006698728594353 0.05742486655406470880
0.04169971127821510415 0.05783279606073707391
0.04623766420339027461 0.05786485004585063124
0.04640822780885958676 0.05790478187406292859
0.04391730917529190759 0.05798064403640335041
0.05722134546666949456 0.05820678341694517782
0.04839169557586023296 0.05823106608252436728
0.04592310809733734372 0.05886283313168031578
0.04569003401526114394 0.05954600479310446365
0.05313557124700280659 0.06006396644079681213
0.05248467882826052255 0.06030066652565604923
0.06079644805257400364 0.06151003310873505436
0.05469673126276037439 0.06193907764590859955
0.04119269415739210127 0.06323959317513033751
0.05261870473004906512 0.06348477182530518070
0.04641542184265556176 0.06360619828833337375
0.05821480451922442234 0.06389682201836929809
0.05939537620116605576 0.06488610041521830629
0.04790352337520170645 0.06499198429422932410
0.06393098077623851627 0.06525038059302810944
0.05064221968276092639 0.06530479888943482858
0.04297407947844004983 0.06534026399235538796
0.06076479570233941224 0.06543985748313982387
0.05629300064185317060 0.06602685961904633527
0.05626969998867348277 0.06628245569374219270
0.05725892976514190130 0.06688922325983402695
0.05638086940580358530 0.06691390486555851003
0.05549194802634787455 0.06694826188560368263
0.06494440885098039240 0.06848210865992720997
0.04582925741519760371 0.06960784343766455995
0.06452227407793642566 0.06963860069665175900
0.04079416539434792266 0.06983167316777588729
0.06813082776976979449 0.07005218381603758870
0.05329622788295752117 0.07102336149736829252
0.05800879751454135480 0.07123025186582362944
0.06096641044972943291 0.07192405950724183039
0.06781480516531084024 0.07271918197834158215
0.07262284825608998629 0.07425465291665123146
0.05521383485530988178 0.07597676911610927453
0.07561744097235173490 0.07601030725676873046
0.05559898533208845750 0.07646126993290384977
0.05768653555268316024 0.07656879736329434694
0.05719129690595125409 0.07692122390878894378
0.06931885500923105903 0.08317126870291541296
0.04922478076567250033 0.08519487313439721987
0.08151271921685261657 0.08990445551660514178
0.07812664045797995671 0.09173423695931350041
0.06957118248704449726 0.09244993522127877006
0.09699842252405195542 0.09924195564029535122
0.09916848342051506893 0.10136088312245830623
0.10105096925291651155 0.10286341907728015210
0.09382937823776840713 0.11362484769425212905
0.05399797175945703770 0.69436709642178640056
