0.00000000000000000000 0.00921553479121368577
0.00000000000000000000 0.01834108249126677539
0.00000000000000000000 0.01845054888166147364
0.00000000000000000000 0.01944551634049319563
0.00000000000000000000 0.02267673392419415623
0.00000000000000000000 0.02367418684933560516
0.00000000000000000000 0.02528392943814521815
0.00000000000000000000 0.02616396767620573008
0.00000000000000000000 0.02841926251265632433
0.00000000000000000000 0.02919198324591000537
0.00000000000000000000 0.03004350127597073608
0.00000000000000000000 0.03018552657899347888
0.00000000000000000000 0.03148986535513881302
0.00000000000000000000 0.03159152976370651483
0.00000000000000000000 0.03198810903684930207
0.00000000000000000000 0.03280512142924207897
0.00000000000000000000 0.03301559077980483620
0.00000000000000000000 0.03317815610053354708
0.00000000000000000000 0.03378039590243355622
0.00000000000000000000 0.03478513370920678638
0.00000000000000000000 0.03518348230394834769
0.00000000000000000000 0.03523821982488575116
0.00000000000000000000 0.03533260210262018780
0.00000000000000000000 0.03561701120407898685
0.00000000000000000000 0.03705371371458108382
0.00000000000000000000 0.03739341449143305379
0.00000000000000000000 0.03771362122254045407
0.00000000000000000000 0.03777031394576189222
0.00000000000000000000 0.03898638076040008421
0.00000000000000000000 0.03978658303342084285
0.00000000000000000000 0.03993610944252758144
0.00000000000000000000 0.04021170013490921874
0.00000000000000000000 0.04036756059857186246
0.00000000000000000000 0.04069512253907189153
0.00000000000000000000 0.04129324539861453647
0.00000000000000000000 0.04188940606605689315
0.00000000000000000000 0.04223291193633475077
0.00000000000000000000 0.04257507992912592382
0.00000000000000000000 0.04350220980523984010
0.00000000000000000000 0.04612497849022093033
0.00000000000000000000 0.04617641071316787998
0.00000000000000000000 0.04679025980755582848
0.00000000000000000000 0.04726064383292433169
0.00000000000000000000 0.04889299803715788789
0.00000000000000000000 0.04895920065151540546
0.00000000000000000000 0.04902950571986589706
0.00000000000000000000 0.04912479180454548677
0.00000000000000000000 0.04936668842365907195
0.00000000000000000000 0.04980571307990058066
0.00000000000000000000 0.05082352022805426001
0.00000000000000000000 0.05101357963927790479
0.00000000000000000000 0.05104662138951911177
0.00000000000000000000 0.05107987578816428759
0.00000000000000000000 0.05108323212978561206
0.00000000000000000000 0.05188069854872910669
0.00000000000000000000 0.05239823502592796944
0.00000000000000000000 0.05257458772608770287
0.00000000000000000000 0.05271777335897876587
0.00000000000000000000 0.05276812700856011590
0.00000000000000000000 0.05277559133582969408
0.00000000000000000000 0.05312053052980247880
0.00000000000000000000 0.05320865546176537647
0.00000000000000000000 0.05327099054407136158
0.00000000000000000000 0.05373654833055086649
0.00000000000000000000 0.05374898000331208847
0.00000000000000000000 0.05378270975735766762
0.00000000000000000000 0.05457207639868708049
0.00000000000000000000 0.05535643321280454138
0.00000000000000000000 0.05580036622539137625
0.00000000000000000000 0.05618069200813485820
0.00000000000000000000 0.05644425707425285155
0.00000000000000000000 0.05646655835305304516
0.00000000000000000000 0.05667124995948788491
0.00000000000000000000 0.05691334495807636590
0.00000000000000000000 0.05752466454230659165
0.00000000000000000000 0.05779712668355965061
0.00000000000000000000 0.05781162247188351144
0.00000000000000000000 0.05790562172766546001
0.00000000000000000000 0.05805869109410047302
0.00000000000000000000 0.05810587208122224706
0.00000000000000000000 0.05829112375695168213
0.00000000000000000000 0.05869473936956688676
0.00000000000000000000 0.05871142736165213538
0.00000000000000000000 0.05925124384537296118
0.00000000000000000000 0.05928016634224535231
0.00000000000000000000 0.05968225605111306814
0.00000000000000000000 0.06005477840509384352
0.00000000000000000000 0.06007747224040872747
0.00000000000000000000 0.06029972624136867992
0.00000000000000000000 0.06059273999767299246
0.00000000000000000000 0.06067786203145699581
0.00000000000000000000 0.06076713903730968092
0.00000000000000000000 0.06099983379932558819
0.00000000000000000000 0.06111990865648000287
0.00000000000000000000 0.06230725658857175914
0.00000000000000000000 0.06263035468522146210
0.00000000000000000000 0.06271735050198357087
0.00000000000000000000 0.06274522921714557888
0.00000000000000000000 0.06314220418464222551
0.00000000000000000000 0.06324847334766593721
0.00000000000000000000 0.06351732712611486698
0.00000000000000000000 0.06382822338110756555
0.00000000000000000000 0.06449472919004414773
0.00000000000000000000 0.06503136916325925887
0.00000000000000000000 0.06503814011215391933
0.00000000000000000000 0.06547138597603827104
0.00000000000000000000 0.06556538354329817520
0.00000000000000000000 0.06578971878178838106
0.00000000000000000000 0.06610709049944479831
0.00000000000000000000 0.06638405624195617416
0.00000000000000000000 0.06645482279202000186
0.00000000000000000000 0.06650767423299880354
0.00000000000000000000 0.06675009816008596608
0.00000000000000000000 0.06689019617234630288
0.00000000000000000000 0.06715173039003419220
0.00000000000000000000 0.06723559997512527919
0.00000000000000000000 0.06747661280214539703
0.00000000000000000000 0.06773080917220354602
0.00000000000000000000 0.06786547556430817807
0.00000000000000000000 0.06798525286425703695
0.00000000000000000000 0.06800242481699611541
0.00000000000000000000 0.06852218030996166942
0.00000000000000000000 0.06881444225752146593
0.00000000000000000000 0.06881738439175326405
0.00000000000000000000 0.06896487727938541146
0.00000000000000000000 0.06909348973542106531
0.00000000000000000000 0.06916988791020978189
0.00000000000000000000 0.06922697013883441497
0.00000000000000000000 0.06933792852174328059
0.00000000000000000000 0.06937395275554425478
0.00000000000000000000 0.06943273957318686629
0.00000000000000000000 0.06961582776706282116
0.00000000000000000000 0.07107540682051596836
0.00000000000000000000 0.07111259917428612576
0.00000000000000000000 0.07170429247386714278
0.00000000000000000000 0.07205273156276262303
0.00000000000000000000 0.07210844113703304692
0.00000000000000000000 0.07219181224661176677
0.00000000000000000000 0.07231351639343780446
0.00000000000000000000 0.07237253763346726543
0.00000000000000000000 0.07241952145361695015
0.00000000000000000000 0.07260351892220549830
0.00000000000000000000 0.07266045641218699114
0.00000000000000000000 0.07274834627332163461
0.00000000000000000000 0.07275753336094546719
0.00000000000000000000 0.07297574417074280395
0.00000000000000000000 0.07309745151212843073
0.00000000000000000000 0.07312700159417774570
0.00000000000000000000 0.07331491811877852149
0.00000000000000000000 0.07354604136036629880
0.00000000000000000000 0.07364505259560596984
0.00000000000000000000 0.07383089562222688862
0.00000000000000000000 0.07390735611633195146
0.00000000000000000000 0.07405588311872285390
0.00000000000000000000 0.07417271813254813773
0.00000000000000000000 0.07447256703272701894
0.00000000000000000000 0.07447275266853743692
0.00000000000000000000 0.07464586247656408713
0.00000000000000000000 0.07465294741763073283
0.00000000000000000000 0.07466796652895862918
0.00000000000000000000 0.07496578748433772865
0.00000000000000000000 0.07524035135357561022
0.00000000000000000000 0.07577305598061985503
0.00000000000000000000 0.07649471336048899173
0.00000000000000000000 0.07658191325402129157
0.00000000000000000000 0.07664870554419898896
0.00000000000000000000 0.07673173301465537055
0.00000000000000000000 0.07674680355837103229
0.00000000000000000000 0.07752525205125382346
0.00000000000000000000 0.07765151891180369081
0.00000000000000000000 0.07781025046334096029
0.00000000000000000000 0.07781030937009361659
0.00000000000000000000 0.07792185103794804779
0.00000000000000000000 0.07799677446480733634
0.00000000000000000000 0.07803389753074589652
0.00000000000000000000 0.07808328997470834199
0.00000000000000000000 0.07814841660671083268
0.00000000000000000000 0.07831210267665301983
0.00000000000000000000 0.07838048222132076859
0.00000000000000000000 0.07862687222296685374
0.00000000000000000000 0.07888883035110295927
0.00000000000000000000 0.07903870542106469776
0.00000000000000000000 0.07913157377212676202
0.00000000000000000000 0.07921372314459615427
0.00000000000000000000 0.07929508300696140599
0.00000000000000000000 0.07947040019413321998
0.00000000000000000000 0.07969575572160747523
0.00000000000000000000 0.07976337855718172720
0.00000000000000000000 0.08004073604610568993
0.00000000000000000000 0.08020292998496658665
0.00000000000000000000 0.08027923714285972734
0.00000000000000000000 0.08071759753747628774
0.00000000000000000000 0.08170257056977489607
0.00000000000000000000 0.08171016868916287923
0.00000000000000000000 0.08180423081929683038
0.00000000000000000000 0.08184291938781375342
0.00000000000000000000 0.08190069620234781411
0.00000000000000000000 0.08211599842705732955
0.00000000000000000000 0.08259996146071517387
0.00000000000000000000 0.08291684401193465115
0.00000000000000000000 0.08296740442803729465
0.00000000000000000000 0.08298145100970349963
0.00000000000000000000 0.08304165809398317277
0.00000000000000000000 0.08318390496221504671
0.00000000000000000000 0.08329270666564503323
0.00000000000000000000 0.08351990450634450003
0.00000000000000000000 0.08352450481617217093
0.00000000000000000000 0.08354629831190889255
0.00000000000000000000 0.08380566183649618139
0.00000000000000000000 0.08420607086207353154
0.00000000000000000000 0.08421721402851817251
0.00000000000000000000 0.08437591007642301910
0.00000000000000000000 0.08448125569614819974
0.00000000000000000000 0.08462734534904635397
0.00000000000000000000 0.08494484454727951883
0.00000000000000000000 0.08506306136441545152
0.00000000000000000000 0.08540426451131725993
0.00000000000000000000 0.08545872034512982940
0.00000000000000000000 0.08549782816553357090
0.00000000000000000000 0.08590018239900927555
0.00000000000000000000 0.08600081175970662739
0.00000000000000000000 0.08603945875142263167
0.00000000000000000000 0.08625493718690709077
0.00000000000000000000 0.08628342581241614517
0.00000000000000000000 0.08628412353580140748
0.00000000000000000000 0.08637927956581209488
0.00000000000000000000 0.08638463039898473805
0.00000000000000000000 0.08674705789866919703
0.00000000000000000000 0.08685475633225102354
0.00000000000000000000 0.08688405599189016892
0.00000000000000000000 0.08694808986838087339
0.00000000000000000000 0.08696426236736749804
0.00000000000000000000 0.08719134032840385184
0.00000000000000000000 0.08720178046664868454
0.00000000000000000000 0.08737887369760000134
0.00000000000000000000 0.08754169679027001827
0.00000000000000000000 0.08756293041107017505
0.00000000000000000000 0.08778724291713359273
0.00000000000000000000 0.08791869819481724913
0.00000000000000000000 0.08796620363973038648
0.00000000000000000000 0.08799633381763685702
0.00000000000000000000 0.08809383529762440657
0.00000000000000000000 0.08811032428394166560
0.00000000000000000000 0.08823590174873791048
0.00000000000000000000 0.08824766417204482627
0.00000000000000000000 0.08840607417255311185
0.00000000000000000000 0.08877965606441633184
0.00000000000000000000 0.08910498330438351711
0.00000000000000000000 0.08916583111220555136
0.00000000000000000000 0.08923557997903262817
0.00000000000000000000 0.08936474129370439168
0.00000000000000000000 0.08950281728700580641
0.00000000000000000000 0.08963949958030033305
0.00000000000000000000 0.09004563205355801958
0.00000000000000000000 0.09018578658027685824
0.00000000000000000000 0.09041052739665744742
0.00000000000000000000 0.09045433541409519940
0.00000000000000000000 0.09086969898181217198
0.00000000000000000000 0.09087212261575786099
0.00000000000000000000 0.09116759007693298056
0.00000000000000000000 0.09119409409793025056
0.00000000000000000000 0.09134649225984639576
0.00000000000000000000 0.09138819502417108720
0.00000000000000000000 0.09176364448688820175
0.00000000000000000000 0.09212397013576639759
0.00000000000000000000 0.09242038785860608174
0.00000000000000000000 0.09252447290130488833
0.00000000000000000000 0.09270237168064882072
0.00000000000000000000 0.09272352349280271744
0.00000000000000000000 0.09315546476887361094
0.00000000000000000000 0.09315658846107327529
0.00000000000000000000 0.09337616274478890976
0.00000000000000000000 0.09393530585265226496
0.00000000000000000000 0.09397991406624484068
0.00000000000000000000 0.09400393059448289290
0.00000000000000000000 0.09402617935393305093
0.00000000000000000000 0.09418166622470726390
0.00000000000000000000 0.09447869232021954833
0.00000000000000000000 0.09458423134475366090
0.00000000000000000000 0.09467616034482054244
0.00000000000000000000 0.09512875313159852020
0.00000000000000000000 0.09568170826269555007
0.00000000000000000000 0.09577435299528931634
0.00000000000000000000 0.09591686704030021049
0.00000000000000000000 0.09602001034426610460
0.00000000000000000000 0.09606688714611159863
0.00000000000000000000 0.09606749370020453704
0.00000000000000000000 0.09613981198979072718
0.00000000000000000000 0.09619032239062509648
0.00000000000000000000 0.09645722808500961643
0.00000000000000000000 0.09662193292678554479
0.00000000000000000000 0.09678493776748005317
0.00000000000000000000 0.09696537635604694783
0.00000000000000000000 0.09701348263313212816
0.00000000000000000000 0.09706083531706109768
0.00000000000000000000 0.09713686659415443625
0.00000000000000000000 0.09746781380899387226
0.00000000000000000000 0.09751664111015879988
0.00000000000000000000 0.09756515596625708886
0.00000000000000000000 0.09760578445842313378
0.00000000000000000000 0.09762714885437903667
0.00000000000000000000 0.09789831561742722010
0.00000000000000000000 0.09791002539372625768
0.00000000000000000000 0.09811230588748685866
0.00000000000000000000 0.09815076893799561109
0.00000000000000000000 0.09843977372792407643
0.00000000000000000000 0.09867812440510802252
0.00000000000000000000 0.09874390112193388858
0.00000000000000000000 0.09899451822064843365
0.00000000000000000000 0.09916154563367654551
0.00000000000000000000 0.09916539400243457036
0.00000000000000000000 0.09992426928398452646
0.00000000000000000000 0.10001416010897773434
0.00000000000000000000 0.10004212664356057494
0.00000000000000000000 0.10005945435731233850
0.00000000000000000000 0.10021433429771495205
0.00000000000000000000 0.10023181442014471310
0.00000000000000000000 0.10044257780527078572
0.00000000000000000000 0.10075458412318834267
0.00000000000000000000 0.10090950416506420939
0.00000000000000000000 0.10127063695482514671
0.00000000000000000000 0.10171350200933114427
0.00000000000000000000 0.10191831951584016946
0.00000000000000000000 0.10215477762479743817
0.00000000000000000000 0.10236886107340906205
0.00000000000000000000 0.10242862984541668825
0.00000000000000000000 0.10259149867472892870
0.00000000000000000000 0.10265835646145976545
0.00000000000000000000 0.10278384004348142811
0.00000000000000000000 0.10284130730427801237
0.00000000000000000000 0.10284190681148200341
0.00000000000000000000 0.10297106533434295661
0.00000000000000000000 0.10297858471237095190
0.00000000000000000000 0.10328478452523384701
0.00000000000000000000 0.10331794874429969799
0.00000000000000000000 0.10334141186982327698
0.00000000000000000000 0.10354147922244966162
0.00000000000000000000 0.10360027301823251933
0.00000000000000000000 0.10410522389063196769
0.00000000000000000000 0.10417007614288467665
0.00000000000000000000 0.10430830111430994256
0.00000000000000000000 0.10459278761281223802
0.00000000000000000000 0.10463463793266393476
0.00000000000000000000 0.10472827543037967202
0.00000000000000000000 0.10496032074992141248
0.00000000000000000000 0.10509631491869819708
0.00000000000000000000 0.10521309767468635388
0.00000000000000000000 0.10525561493510005029
0.00000000000000000000 0.10534151238468469902
0.00000000000000000000 0.10541358125193911466
0.00000000000000000000 0.10687952243379703066
0.00000000000000000000 0.10704980923125041736
0.00000000000000000000 0.10713987080200154667
0.00000000000000000000 0.10722367131519820738
0.00000000000000000000 0.10814167843375316336
0.00000000000000000000 0.10821457100252564187
0.00000000000000000000 0.10833428984513819582
0.00000000000000000000 0.10865855624435777349
0.00000000000000000000 0.10877536920367329720
0.00000000000000000000 0.10878682008898941935
0.00000000000000000000 0.10890593348960793396
0.00000000000000000000 0.10904323760346273930
0.00000000000000000000 0.10906874921793531519
0.00000000000000000000 0.10916523924576949922
0.00000000000000000000 0.10939000521040403990
0.00000000000000000000 0.10940071123316418011
0.00000000000000000000 0.10966053573900400031
0.00000000000000000000 0.10978521255431919479
0.00000000000000000000 0.11009097607151450970
0.00000000000000000000 0.11014074163265225037
0.00000000000000000000 0.11014270159749392497
0.00000000000000000000 0.11016976822418560189
0.00000000000000000000 0.11029611132791704298
0.00000000000000000000 0.11041145044206990278
0.00000000000000000000 0.11043265323844421444
0.00000000000000000000 0.11075300297704976371
0.00000000000000000000 0.11134996573366820471
0.00000000000000000000 0.11138244344546475995
0.00000000000000000000 0.11156424105473926323
0.00000000000000000000 0.11156492274996683556
0.00000000000000000000 0.11160882791258777691
0.00000000000000000000 0.11170205555497461636
0.00000000000000000000 0.11190600372285904041
0.00000000000000000000 0.11193970375972539522
0.00000000000000000000 0.11208042947414972867
0.00000000000000000000 0.11211520827692968150
0.00000000000000000000 0.11246037238164385830
0.00000000000000000000 0.11249367729934574289
0.00000000000000000000 0.11250950739651563448
0.00000000000000000000 0.11299243033867006902
0.00000000000000000000 0.11341019228043393297
0.00000000000000000000 0.11385261937384985598
0.00000000000000000000 0.11387778670077236542
0.00000000000000000000 0.11416759265436227100
0.00000000000000000000 0.11424693654735505743
0.00000000000000000000 0.11432485095996555713
0.00000000000000000000 0.11466924624757231232
0.00000000000000000000 0.11479340931101297829
0.00000000000000000000 0.11497588280219737944
0.00000000000000000000 0.11534612763066533214
0.00000000000000000000 0.11534945921646715117
0.00000000000000000000 0.11539009175006545438
0.00000000000000000000 0.11621970966465287878
0.00000000000000000000 0.11645334086294825693
0.00000000000000000000 0.11653401373422946075
0.00000000000000000000 0.11669288281466380641
0.00000000000000000000 0.11725426943892598708
0.00000000000000000000 0.11742744789254401516
0.00000000000000000000 0.11797724557862571126
0.00000000000000000000 0.11798743502511863102
0.00000000000000000000 0.11801820893753270370
0.00000000000000000000 0.11811589920363806117
0.00000000000000000000 0.11834551134751954138
0.00000000000000000000 0.11836800609270703433
0.00000000000000000000 0.11914125746499586167
0.00000000000000000000 0.11927503240658093864
0.00000000000000000000 0.11971400238939236549
0.00000000000000000000 0.11981596209283179588
0.00000000000000000000 0.11984197372089157307
0.00000000000000000000 0.12002554430930879870
0.00000000000000000000 0.12003520463194654322
0.00000000000000000000 0.12018272670284009529
0.00000000000000000000 0.12042061358642294766
0.00000000000000000000 0.12044753698521906693
0.00000000000000000000 0.12071350783138432017
0.00000000000000000000 0.12109625442529416139
0.00000000000000000000 0.12152844177420490945
0.00000000000000000000 0.12190006322457155874
0.00000000000000000000 0.12213369431018340772
0.00000000000000000000 0.12235560233092467042
0.00000000000000000000 0.12329736547182819362
0.00000000000000000000 0.12337881901442154797
0.00000000000000000000 0.12373917479358610694
0.00000000000000000000 0.12393734455531317529
0.00000000000000000000 0.12399731334869677768
0.00000000000000000000 0.12401920401265732752
0.00000000000000000000 0.12405263121501729218
0.00000000000000000000 0.12447826765102976143
0.00000000000000000000 0.12506589204342527522
0.00000000000000000000 0.12513637404374455819
0.00000000000000000000 0.12633006841178423540
0.00000000000000000000 0.12707036158461126885
0.00000000000000000000 0.12763723311671365535
0.00000000000000000000 0.12801131018446160192
0.00000000000000000000 0.12812127447926807688
0.00000000000000000000 0.12834383561411852326
0.00000000000000000000 0.12852267577938680798
0.00000000000000000000 0.13016017716276512273
0.00000000000000000000 0.13019517617520898201
0.00000000000000000000 0.13079239281034116260
0.00000000000000000000 0.13175527488828878142
0.00000000000000000000 0.13189225314533853384
0.00000000000000000000 0.13193848316700623746
0.00000000000000000000 0.13231888074398234778
0.00000000000000000000 0.13234687939796963008
0.00000000000000000000 0.13349411935806670959
0.00000000000000000000 0.13379422583149813697
0.00000000000000000000 0.13396285266236762634
0.00000000000000000000 0.13435088071751619121
0.00000000000000000000 0.13531188239195088285
0.00000000000000000000 0.13559920737264344326
0.00000000000000000000 0.13604360755339384159
0.00000000000000000000 0.13615582437566114971
0.00000000000000000000 0.13719328075615255802
0.00000000000000000000 0.13722060765141250172
0.00000000000000000000 0.13725545669266764337
0.00000000000000000000 0.13800353750498317584
0.00000000000000000000 0.13813501120522306276
0.00000000000000000000 0.13881964226175597110
0.00000000000000000000 0.13895207838913531395
0.00000000000000000000 0.13905490090006167314
0.00000000000000000000 0.13921402123749077040
0.00000000000000000000 0.14111266756282453416
0.00000000000000000000 0.14122999132891347895
0.00000000000000000000 0.14222852669241833889
0.00000000000000000000 0.14224312520038523422
0.00000000000000000000 0.14304631122807165422
0.00000000000000000000 0.14323426993176402444
0.00000000000000000000 0.14396122183852791410
0.00000000000000000000 0.14397479248807157348
0.00000000000000000000 0.14486750315038038339
0.00000000000000000000 0.14748944077621475857
0.00000000000000000000 0.14788431248011754682
0.00000000000000000000 0.14793040804257501231
0.00000000000000000000 0.14978224484879862355
0.00000000000000000000 0.15521802944847362671
0.00000000000000000000 0.15946839181320998646
0.00000000000000000000 0.16264636082000907824
0.00000000000000000000 0.16517713064089342700
0.00000000000000000000 0.16602347473179901449
0.00000000000000000000 0.17385909026351015205
0.00000000000000000000 0.17548155751889485399
0.00000000000000000000 0.17885730540067448779
0.00000000000000000000 0.17960226326333422753
0.00000000000000000000 0.20228275271931667190
0.00000000000000000000 0.21509498393016879270
0.00000000000000000000 0.22463691685255979258
0.00000000000000000000 0.22499775639054209186
0.00000000000000000000 0.23096793031498472071
0.00000000000000000000 1.73205080756887719318
