0.00623328928750255511 0.00665081902138634287
0.00871251731812059706 0.00872519650011632959
0.00962754446700307513 0.01019152522901884197
0.00977307233896315165 0.01030341459317682569
0.01034526706224711545 0.01065414368943364172
0.01069395199809161992 0.01079080800300805457
0.01047646020720374195 0.01079425583022976948
0.01012156583954487710 0.01085752931527491499
0.01008508736032582946 0.01123273135028530524
0.01068770381703879058 0.01249215858769442931
0.01191984543414176430 0.01268443237805817574
0.01259478752984175692 0.01273599310538496218
0.01195332896901983577 0.01302310942944281263
0.01249981995221646942 0.01307025241237655053
0.01181623574637673431 0.01377164438360742836
0.01133785059736221526 0.01385471098473669421
0.01428547751888625122 0.01428854169992566092
0.01236881368707879597 0.01441056231249567519
0.01440891201868675989 0.01455779024151025031
0.01324000923976378225 0.01467964371021845092
0.01296191306324289555 0.01468705049000723802
0.01193111214326724595 0.01468705634526958764
0.01415297832753396878 0.01482612056473163291
0.01404373310645150655 0.01485260420474101596
0.01247436249070507132 0.01490539006562397600
0.01213635246637608141 0.01498081687513695692
0.01310660725201900391 0.01508443924949096765
0.01229984755975352916 0.01535579414140483302
0.01544111842113119436 0.01545811721058910210
0.01288979796866602731 0.01567873928608621778
0.01296655858964998638 0.01584577318829787432
0.01269497914629827938 0.01587813292602958601
0.01176939895396001204 0.01599152051759443818
0.01433656127933900445 0.01603580327360245097
0.01592342019978396778 0.01604059775362901008
0.01198777549373518207 0.01605460692322994987
0.01557876875440257144 0.01622088897141098912
0.01578900274333684683 0.01635830626998734105
0.01624644185767222873 0.01637626282238998157
0.01630681981881509923 0.01642862238011906853
0.01208262443492318962 0.01645380146840830227
0.01563792180670797380 0.01658483731623989696
0.01640049137491809972 0.01659198347887399713
0.01467849207795869290 0.01662553678246252165
0.01493738686983679849 0.01663432244518563141
0.01372071643446663887 0.01686235757488289272
0.01673228521443122577 0.01689815977345261733
0.01289581655342143980 0.01701689822092653653
0.01461942992191203779 0.01703697785228381820
0.01553150630394128408 0.01731048670482626325
0.01706072832371089906 0.01743160605133667329
0.01695390390549340875 0.01763205827726076549
0.01543414886058593408 0.01763978345642997284
0.01468379488856559438 0.01773562118277035443
0.01545349423598669537 0.01782515941756865341
0.01567127019682653874 0.01788045115747000785
0.01352490557828395050 0.01799785343399144463
0.01732720971130785603 0.01802817348688506849
0.01702731553566270289 0.01809069900779409351
0.01700242443533528033 0.01811601546266504090
0.01648678829415849492 0.01817488279520885694
0.01791364615515749631 0.01818540727984371483
0.01580998208162975871 0.01821839314639704319
0.01783407541781961703 0.01824606669442492557
0.01712052128419552441 0.01830348180446557740
0.01226892744651599844 0.01837181858179026336
0.01455479731492485135 0.01842157475121357357
0.01405676377571465734 0.01842329466567667329
0.01855618003166133179 0.01859495026784795807
0.01495261957392552896 0.01866710399902020076
0.01356321384596152931 0.01883604509043421138
0.01696470812332083813 0.01893070772551426473
0.01386168453380808192 0.01903426686538697843
0.01314572168945280124 0.01909287284300279636
0.01644982326102397904 0.01916160649604016844
0.01693057232169742701 0.01937493199913732644
0.01497748419275111466 0.01942875422662175208
0.01826443145035611809 0.01944082737354876564
0.01936898578710228094 0.01957306388845513750
0.01706702405581943943 0.01966887276703594561
0.01951472176417322693 0.01974068517311401358
0.01856613113911489282 0.01986682582633468239
0.01651075739022157818 0.01987838282021205799
0.01813728391172873475 0.01989416700333414972
0.01760397711137972124 0.01994750414069123429
0.01598963939224812281 0.01995465697641166797
0.01968018463918603730 0.01997032010395888985
0.01926140109798307049 0.01999656140753416911
0.02013914410632083180 0.02014914727467940689
0.01569557323346520636 0.02025856599497559071
0.01848111112510339438 0.02034632760152978864
0.01947720840558799307 0.02035673730764900324
0.01585184663602056190 0.02040415872854902529
0.01922211122105448033 0.02041933292505599892
0.01794603709530867217 0.02046543744890251190
0.01756169175190676335 0.02047936636887099163
0.01516750191294491401 0.02048114021668857518
0.01615815572530851854 0.02054152018615176822
0.02056991615113892141 0.02068219868799295660
0.01836276299518858554 0.02074595528826792684
0.01985514584847118680 0.02080113809850586692
0.01993094313087226052 0.02088357943950792939
0.02026578760662743617 0.02091870167370292119
0.01669826870956896830 0.02107102287157361711
0.01984563035630393726 0.02108178974591749452
0.01913110495319776672 0.02114402944308054616
0.02050357176946567689 0.02135949647176157290
0.01808609977684022541 0.02145768456217103312
0.02099391936533069949 0.02154738461406674813
0.01900471663931361382 0.02156693975978717440
0.02096841929063651341 0.02160886382761058322
0.01941762342077646419 0.02184593998688070388
0.01847700254813852347 0.02191924640223755216
0.01486377673962137325 0.02197705408374990566
0.02181466397993288286 0.02205404466201384139
0.02177031738530253724 0.02210800209676091685
0.01979628599557025151 0.02229858811825505618
0.02233683707814377098 0.02250485272813164406
0.02043207527134291088 0.02264032824252355802
0.02199504326316935321 0.02293780256512290699
0.02087732353038346256 0.02298126020122168503
0.02224532416819874694 0.02348461284087532269
0.02121684870422525446 0.02352899641586868318
0.02286468534919708709 0.02367980489470480551
0.02308816826853338222 0.02383020572209834306
0.01967327306251703128 0.02385600397442518700
0.02162158068477028697 0.02396414288271440929
0.01885564162951087336 0.02404182907918487114
0.02409248027084444008 0.02423075152088212045
0.01460927601516640723 0.02425514990696583245
0.01944220699754141760 0.02432339430067555902
0.01866280923334929023 0.02435212464875796678
0.01993056439423536441 0.02481537365417947963
0.02300857347471791520 0.02483034287741591600
0.02012925518168511702 0.02510005958665196060
0.02427560045991831311 0.02535596710890049288
0.02525603533447695614 0.02542749955029276546
0.02475750655599085262 0.02583452536978354808
0.02319222934987319809 0.02609377355591264297
0.02408132074395645875 0.02621792171356507675
0.01852490129453764067 0.02627650752810932119
0.02020225580278555561 0.02700302472074952650
0.02434173202889400658 0.02735286409021950305
0.02709989541240415134 0.02785242933644098418
0.02270920509735970330 0.02789068095589370203
0.02403885782941245913 0.02841471895095469893
0.02416787788220292263 0.02852799319778588985
0.01620920169458133636 0.02854940846344643929
0.02215530054755174283 0.02856374304466378217
0.02728603568155877832 0.02884408743216358012
0.01903858840891412690 0.02924650133588828013
0.02884079101188696120 0.02947329673370329209
0.02958538749983580241 0.02985200720709885874
0.02738256991706772628 0.03000226385679237093
0.02815846951574572238 0.03010551237603163385
0.02816587833660326445 0.03085615658541768919
0.03216631900980380931 0.03259616626579202314
0.02819951517089814078 0.03345106833301161875
0.03360043224822491931 0.03388287179460681975
0.03429661683549862367 0.03462663609090784606
0.02986422375884810465 0.03480432188018670742
0.02801127944127071098 0.03480432188018670742
0.03237881854603826687 0.03681158846369017579
0.03594330324291417078 0.03793391509979983367
0.03761590606817445670 0.03822768203077994004
0.03805726177765149376 0.03852972048387745541
0.03809733663186713748 0.03962954744831567039
0.03835076045266297418 0.04053531788830192634
0.04086246932640225787 0.04489130086397449121
0.05105848669498859460 0.05247646493992010053
0.07162133074792148557 0.07388399101702448901
