0.00000000000000000000 0.00179444595322017747
0.00000000000000000000 0.00266988484106700551
0.00000000000000000000 0.00267952216470029956
0.00000000000000000000 0.00283013197204038140
0.00000000000000000000 0.00316188598953259098
0.00000000000000000000 0.00336131546734495107
0.00000000000000000000 0.00381271751602575010
0.00000000000000000000 0.00442147228665609304
0.00000000000000000000 0.00443625606259484030
0.00000000000000000000 0.00469368959102393901
0.00000000000000000000 0.00518077317035205674
0.00000000000000000000 0.00526043663819717768
0.00000000000000000000 0.00544678678335861963
0.00000000000000000000 0.00546585143538002617
0.00000000000000000000 0.00550489709760792340
0.00000000000000000000 0.00558372329822601730
0.00000000000000000000 0.00562797210799120904
0.00000000000000000000 0.00575454768511559321
0.00000000000000000000 0.00590749162995191091
0.00000000000000000000 0.00618059812239820424
0.00000000000000000000 0.00627576997547203697
0.00000000000000000000 0.00641150984872850428
0.00000000000000000000 0.00649284629102377109
0.00000000000000000000 0.00670541504006473901
0.00000000000000000000 0.00684014146689143360
0.00000000000000000000 0.00693292347910460377
0.00000000000000000000 0.00700703865297653324
0.00000000000000000000 0.00721578816811569573
0.00000000000000000000 0.00722370241601499007
0.00000000000000000000 0.00736942445791217288
0.00000000000000000000 0.00738610468685376494
0.00000000000000000000 0.00739525483446761521
0.00000000000000000000 0.00749341452697241915
0.00000000000000000000 0.00793391377421865523
0.00000000000000000000 0.00794854479994420819
0.00000000000000000000 0.00804476608539955555
0.00000000000000000000 0.00804906674380737215
0.00000000000000000000 0.00807321351776620760
0.00000000000000000000 0.00807815150005792085
0.00000000000000000000 0.00808176362047324445
0.00000000000000000000 0.00817163161073834743
0.00000000000000000000 0.00819645724028450311
0.00000000000000000000 0.00830350206397960540
0.00000000000000000000 0.00845055289036960103
0.00000000000000000000 0.00852912663523545077
0.00000000000000000000 0.00853554896021543365
0.00000000000000000000 0.00857099710396802897
0.00000000000000000000 0.00889271314501584309
0.00000000000000000000 0.00889461233055807883
0.00000000000000000000 0.00897912093609844718
0.00000000000000000000 0.00899654168138978166
0.00000000000000000000 0.00901054005895450885
0.00000000000000000000 0.00905446450532994447
0.00000000000000000000 0.00909044512268209100
0.00000000000000000000 0.00913355896854511039
0.00000000000000000000 0.00915374609904181721
0.00000000000000000000 0.00916643957858538291
0.00000000000000000000 0.00939454289201374811
0.00000000000000000000 0.00967372970349337884
0.00000000000000000000 0.00969850724690088546
0.00000000000000000000 0.00977148948174160620
0.00000000000000000000 0.00977853889892622667
0.00000000000000000000 0.00979839901048189243
0.00000000000000000000 0.00981907642492263998
0.00000000000000000000 0.00982250204459444824
0.00000000000000000000 0.00983895011332652954
0.00000000000000000000 0.00988034150739534010
0.00000000000000000000 0.00988707326240045002
0.00000000000000000000 0.01003259051490833741
0.00000000000000000000 0.01010701099261320131
0.00000000000000000000 0.01013041955924725429
0.00000000000000000000 0.01030541419768124002
0.00000000000000000000 0.01031419385281079869
0.00000000000000000000 0.01032196679247866442
0.00000000000000000000 0.01039609604524520219
0.00000000000000000000 0.01041030335693437191
0.00000000000000000000 0.01042093005760486024
0.00000000000000000000 0.01052115457815911391
0.00000000000000000000 0.01063990911771140781
0.00000000000000000000 0.01067524578098887587
0.00000000000000000000 0.01075747748031884513
0.00000000000000000000 0.01082825402800976534
0.00000000000000000000 0.01085372854723632048
0.00000000000000000000 0.01086660926863294158
0.00000000000000000000 0.01098136358629202627
0.00000000000000000000 0.01108018863460714237
0.00000000000000000000 0.01118304400345335181
0.00000000000000000000 0.01119620284047559769
0.00000000000000000000 0.01120025974855972176
0.00000000000000000000 0.01122441417091297848
0.00000000000000000000 0.01124011493410863316
0.00000000000000000000 0.01128237345216824908
0.00000000000000000000 0.01131720068027012097
0.00000000000000000000 0.01132111419364307744
0.00000000000000000000 0.01134257719756972572
0.00000000000000000000 0.01139378476389258342
0.00000000000000000000 0.01148822272533315050
0.00000000000000000000 0.01150967215536618030
0.00000000000000000000 0.01159213468747095910
0.00000000000000000000 0.01162733516644821191
0.00000000000000000000 0.01168928306849736920
0.00000000000000000000 0.01179066003777144191
0.00000000000000000000 0.01179168915423020950
0.00000000000000000000 0.01182022594961307758
0.00000000000000000000 0.01193347078524799668
0.00000000000000000000 0.01195737524818542459
0.00000000000000000000 0.01198266403412417448
0.00000000000000000000 0.01207544556154770306
0.00000000000000000000 0.01216967510158378958
0.00000000000000000000 0.01220819106134608985
0.00000000000000000000 0.01223132039776982267
0.00000000000000000000 0.01223242170166033774
0.00000000000000000000 0.01232525183683021684
0.00000000000000000000 0.01245590322767697704
0.00000000000000000000 0.01247904510956242621
0.00000000000000000000 0.01249967943915254037
0.00000000000000000000 0.01270129913939116971
0.00000000000000000000 0.01271183648815787243
0.00000000000000000000 0.01272999328361218430
0.00000000000000000000 0.01278305081030810426
0.00000000000000000000 0.01279604971750802206
0.00000000000000000000 0.01282157603429117353
0.00000000000000000000 0.01282305719389872402
0.00000000000000000000 0.01285961022392974676
0.00000000000000000000 0.01288045472517359430
0.00000000000000000000 0.01288855777267993059
0.00000000000000000000 0.01289590951226380310
0.00000000000000000000 0.01300741468759468791
0.00000000000000000000 0.01304991244814715685
0.00000000000000000000 0.01317737288703008276
0.00000000000000000000 0.01318867473551076780
0.00000000000000000000 0.01319850388511101258
0.00000000000000000000 0.01331751039164673876
0.00000000000000000000 0.01333043981660121322
0.00000000000000000000 0.01334923588942530520
0.00000000000000000000 0.01335025741321904484
0.00000000000000000000 0.01336374217270846522
0.00000000000000000000 0.01336553557761526768
0.00000000000000000000 0.01341610576012875096
0.00000000000000000000 0.01346397571086204933
0.00000000000000000000 0.01347504949939245557
0.00000000000000000000 0.01355495549924259566
0.00000000000000000000 0.01359043287872940646
0.00000000000000000000 0.01367368342169032573
0.00000000000000000000 0.01377108762820491820
0.00000000000000000000 0.01377278954805066270
0.00000000000000000000 0.01382701527431652415
0.00000000000000000000 0.01390508273162935696
0.00000000000000000000 0.01390740672679898794
0.00000000000000000000 0.01395078353763666568
0.00000000000000000000 0.01396967039172839105
0.00000000000000000000 0.01397379535384046453
0.00000000000000000000 0.01403906972134930965
0.00000000000000000000 0.01405301903332549854
0.00000000000000000000 0.01420672795992070081
0.00000000000000000000 0.01425048664910207215
0.00000000000000000000 0.01426544398383265168
0.00000000000000000000 0.01460804330091765649
0.00000000000000000000 0.01468300938888600707
0.00000000000000000000 0.01468393014479633940
0.00000000000000000000 0.01472518222916707233
0.00000000000000000000 0.01473093231775634594
0.00000000000000000000 0.01477199574408048603
0.00000000000000000000 0.01480529565281993656
0.00000000000000000000 0.01481715463825692899
0.00000000000000000000 0.01483827120104807065
0.00000000000000000000 0.01494641798374596320
0.00000000000000000000 0.01496746395371883857
0.00000000000000000000 0.01500260014227342183
0.00000000000000000000 0.01503076345182024001
0.00000000000000000000 0.01505602780349429674
0.00000000000000000000 0.01509027481306280706
0.00000000000000000000 0.01509300929057480825
0.00000000000000000000 0.01512276259182697077
0.00000000000000000000 0.01518585212938269521
0.00000000000000000000 0.01519124031132003741
0.00000000000000000000 0.01522876335538407393
0.00000000000000000000 0.01523443475381770079
0.00000000000000000000 0.01523903956801268660
0.00000000000000000000 0.01524317854155357414
0.00000000000000000000 0.01531148631906247698
0.00000000000000000000 0.01537676617173559281
0.00000000000000000000 0.01541288142359178645
0.00000000000000000000 0.01543896358417745120
0.00000000000000000000 0.01550695794893594721
0.00000000000000000000 0.01551195766401357833
0.00000000000000000000 0.01551244556483127868
0.00000000000000000000 0.01552076265752119245
0.00000000000000000000 0.01552088003963640085
0.00000000000000000000 0.01556090432018223703
0.00000000000000000000 0.01557424656451466063
0.00000000000000000000 0.01557869688610655744
0.00000000000000000000 0.01558193341635848508
0.00000000000000000000 0.01560203966917745634
0.00000000000000000000 0.01560962246928295633
0.00000000000000000000 0.01565771882439669430
0.00000000000000000000 0.01574019336793069587
0.00000000000000000000 0.01576174449831445334
0.00000000000000000000 0.01576415542307722448
0.00000000000000000000 0.01586205588190505236
0.00000000000000000000 0.01590030594155083035
0.00000000000000000000 0.01593243894979545772
0.00000000000000000000 0.01593834432756838226
0.00000000000000000000 0.01600172341767536893
0.00000000000000000000 0.01606109478049912165
0.00000000000000000000 0.01613528333720118044
0.00000000000000000000 0.01614664925417883326
0.00000000000000000000 0.01614676979064640777
0.00000000000000000000 0.01635225999736053537
0.00000000000000000000 0.01637027208465445527
0.00000000000000000000 0.01637289475591923241
0.00000000000000000000 0.01640774115763455124
0.00000000000000000000 0.01644381640839649023
0.00000000000000000000 0.01652458107649458843
0.00000000000000000000 0.01653341349492859144
0.00000000000000000000 0.01660280488337939273
0.00000000000000000000 0.01666519498660214496
0.00000000000000000000 0.01668370121598966929
0.00000000000000000000 0.01668527034708163284
0.00000000000000000000 0.01669527186168044686
0.00000000000000000000 0.01671873613671409631
0.00000000000000000000 0.01671895025085087458
0.00000000000000000000 0.01691359556583497958
0.00000000000000000000 0.01691589729975095935
0.00000000000000000000 0.01699460102088153415
0.00000000000000000000 0.01700048192335819330
0.00000000000000000000 0.01710328611908556312
0.00000000000000000000 0.01710415987259771356
0.00000000000000000000 0.01712656373429763748
0.00000000000000000000 0.01714159414447687449
0.00000000000000000000 0.01716630713083349552
0.00000000000000000000 0.01720249897552297846
0.00000000000000000000 0.01736394917096774002
0.00000000000000000000 0.01737487643008942331
0.00000000000000000000 0.01741351690987511316
0.00000000000000000000 0.01745550191773863682
0.00000000000000000000 0.01746850204406722243
0.00000000000000000000 0.01747804294777445186
0.00000000000000000000 0.01750778035014536813
0.00000000000000000000 0.01751049893252567061
0.00000000000000000000 0.01757166690691175370
0.00000000000000000000 0.01759850675385803143
0.00000000000000000000 0.01766359369093280576
0.00000000000000000000 0.01778524916651819110
0.00000000000000000000 0.01784969898750346159
0.00000000000000000000 0.01792355006107206050
0.00000000000000000000 0.01793019882731401726
0.00000000000000000000 0.01798691219264820021
0.00000000000000000000 0.01818365944771947740
0.00000000000000000000 0.01820138997790732988
0.00000000000000000000 0.01820918782387915755
0.00000000000000000000 0.01828238816296489863
0.00000000000000000000 0.01839280337523387446
0.00000000000000000000 0.01839896220422624837
0.00000000000000000000 0.01841061186420710899
0.00000000000000000000 0.01846940806841318450
0.00000000000000000000 0.01847492999399171637
0.00000000000000000000 0.01848995841970426865
0.00000000000000000000 0.01854766906163089063
0.00000000000000000000 0.01872008154280686495
0.00000000000000000000 0.01875391825971620130
0.00000000000000000000 0.01875900237666970269
0.00000000000000000000 0.01879137745234750814
0.00000000000000000000 0.01896848089123584144
0.00000000000000000000 0.01909307609405246076
0.00000000000000000000 0.01912856718248709745
0.00000000000000000000 0.01918413039140976634
0.00000000000000000000 0.01932741341294939158
0.00000000000000000000 0.01937079113320032756
0.00000000000000000000 0.01948951428300462960
0.00000000000000000000 0.01948990697704763506
0.00000000000000000000 0.01954786117138463189
0.00000000000000000000 0.01957652917554763075
0.00000000000000000000 0.01958459386043179956
0.00000000000000000000 0.01961385858233015769
0.00000000000000000000 0.01969598661797062819
0.00000000000000000000 0.01997242909976645886
0.00000000000000000000 0.02007220817352730474
0.00000000000000000000 0.02021591507923844663
0.00000000000000000000 0.02023739636883547383
0.00000000000000000000 0.02026193195078246356
0.00000000000000000000 0.02032322150150868423
0.00000000000000000000 0.02035567052236095242
0.00000000000000000000 0.02035826367716227214
0.00000000000000000000 0.02039758484659032547
0.00000000000000000000 0.02043406741959330475
0.00000000000000000000 0.02046417047081267038
0.00000000000000000000 0.02049426410143594460
0.00000000000000000000 0.02067398154978615510
0.00000000000000000000 0.02071843142552140526
0.00000000000000000000 0.02075185885743843425
0.00000000000000000000 0.02086908060604009130
0.00000000000000000000 0.02098571066217186712
0.00000000000000000000 0.02098594231928157389
0.00000000000000000000 0.02103010466597930381
0.00000000000000000000 0.02106357031025754209
0.00000000000000000000 0.02106786110310728335
0.00000000000000000000 0.02133545108755849698
0.00000000000000000000 0.02137098421467607118
0.00000000000000000000 0.02142450973508951487
0.00000000000000000000 0.02143003087687768426
0.00000000000000000000 0.02147219666698386292
0.00000000000000000000 0.02160218226428780794
0.00000000000000000000 0.02169444986267345804
0.00000000000000000000 0.02171417503438636057
0.00000000000000000000 0.02188706062597542412
0.00000000000000000000 0.02194494258643160667
0.00000000000000000000 0.02203684411536036003
0.00000000000000000000 0.02215801642608412891
0.00000000000000000000 0.02234387024191667598
0.00000000000000000000 0.02238785557698192916
0.00000000000000000000 0.02244336375056108293
0.00000000000000000000 0.02249560775321943207
0.00000000000000000000 0.02267560733590428396
0.00000000000000000000 0.02271790298828935822
0.00000000000000000000 0.02272752685631975605
0.00000000000000000000 0.02278359711945805027
0.00000000000000000000 0.02289124276300986971
0.00000000000000000000 0.02295574346450452927
0.00000000000000000000 0.02300133221818173937
0.00000000000000000000 0.02302440762669278468
0.00000000000000000000 0.02310603261865269015
0.00000000000000000000 0.02318249304698404706
0.00000000000000000000 0.02318448815603305763
0.00000000000000000000 0.02331661022315564477
0.00000000000000000000 0.02333300045331404907
0.00000000000000000000 0.02350584288789389631
0.00000000000000000000 0.02354767337237338373
0.00000000000000000000 0.02357246159269354643
0.00000000000000000000 0.02359761606097589975
0.00000000000000000000 0.02371235151228441584
0.00000000000000000000 0.02386217151248655119
0.00000000000000000000 0.02397987421776846817
0.00000000000000000000 0.02406791539429449858
0.00000000000000000000 0.02430728764999306318
0.00000000000000000000 0.02432852544507919240
0.00000000000000000000 0.02436887859507630427
0.00000000000000000000 0.02438226381557206945
0.00000000000000000000 0.02447632907099489205
0.00000000000000000000 0.02455818063717381608
0.00000000000000000000 0.02459504486533732256
0.00000000000000000000 0.02463686628391044409
0.00000000000000000000 0.02478610073417588863
0.00000000000000000000 0.02481006653516332205
0.00000000000000000000 0.02512175986216754267
0.00000000000000000000 0.02519008783465618087
0.00000000000000000000 0.02519650121675949192
0.00000000000000000000 0.02520878670305080546
0.00000000000000000000 0.02520979776507924208
0.00000000000000000000 0.02523256881157278503
0.00000000000000000000 0.02524264077217456409
0.00000000000000000000 0.02541467026290463588
0.00000000000000000000 0.02552851292784021064
0.00000000000000000000 0.02561985692873265316
0.00000000000000000000 0.02595667690320807575
0.00000000000000000000 0.02603125020590525002
0.00000000000000000000 0.02608530169666550130
0.00000000000000000000 0.02630453015375934858
0.00000000000000000000 0.02672675467494673232
0.00000000000000000000 0.02674516639478462590
0.00000000000000000000 0.02677886553940031500
0.00000000000000000000 0.02686082465692895410
0.00000000000000000000 0.02696091790234485253
0.00000000000000000000 0.02701838790120395309
0.00000000000000000000 0.02705670389172809207
0.00000000000000000000 0.02706161720964700076
0.00000000000000000000 0.02708237143385722190
0.00000000000000000000 0.02713674218830009269
0.00000000000000000000 0.02716722126201850593
0.00000000000000000000 0.02720725612266053361
0.00000000000000000000 0.02730490586665718089
0.00000000000000000000 0.02759507067316989068
0.00000000000000000000 0.02787644454771040503
0.00000000000000000000 0.02812357789196314253
0.00000000000000000000 0.02820223378963227640
0.00000000000000000000 0.02821624925498973646
0.00000000000000000000 0.02833952081668911216
0.00000000000000000000 0.02835126330305744527
0.00000000000000000000 0.02856111366552088748
0.00000000000000000000 0.02873730383787897330
0.00000000000000000000 0.02873904804041101102
0.00000000000000000000 0.02880899241557602700
0.00000000000000000000 0.02883785361509031211
0.00000000000000000000 0.02885670923112731642
0.00000000000000000000 0.02899585333344341376
0.00000000000000000000 0.02905327621971583521
0.00000000000000000000 0.02909641810772756881
0.00000000000000000000 0.02911280152739725846
0.00000000000000000000 0.02944928674590902365
0.00000000000000000000 0.02965381069030283492
0.00000000000000000000 0.02968714935813805342
0.00000000000000000000 0.03006207516017467621
0.00000000000000000000 0.03013543780509058551
0.00000000000000000000 0.03016574848889635660
0.00000000000000000000 0.03019828324761804350
0.00000000000000000000 0.03051530840647142737
0.00000000000000000000 0.03056735541157941730
0.00000000000000000000 0.03080939614892885120
0.00000000000000000000 0.03109792730688110823
0.00000000000000000000 0.03134981848664520482
0.00000000000000000000 0.03135049717046368978
0.00000000000000000000 0.03267578112991772338
0.00000000000000000000 0.03268702056534984052
0.00000000000000000000 0.03272278443921834007
0.00000000000000000000 0.03276908479093731952
0.00000000000000000000 0.03284987980981140393
0.00000000000000000000 0.03287215130060060914
0.00000000000000000000 0.03334569172747124666
0.00000000000000000000 0.03339548821526325262
0.00000000000000000000 0.03352189517246880607
0.00000000000000000000 0.03366910912697800712
0.00000000000000000000 0.03381736778106120278
0.00000000000000000000 0.03461721600537050192
0.00000000000000000000 0.03499565346582893949
0.00000000000000000000 0.03502937043937714295
0.00000000000000000000 0.03506579212335338841
0.00000000000000000000 0.03509780496698827745
0.00000000000000000000 0.03531090996313688418
0.00000000000000000000 0.03535360828536719680
0.00000000000000000000 0.03540521449911411545
0.00000000000000000000 0.03562385285958685754
0.00000000000000000000 0.03574509777877028088
0.00000000000000000000 0.03583795168537520087
0.00000000000000000000 0.03585324127885106821
0.00000000000000000000 0.03589032129480578676
0.00000000000000000000 0.03603909407859352820
0.00000000000000000000 0.03615908376551098952
0.00000000000000000000 0.03616055824543997627
0.00000000000000000000 0.03624425400183680507
0.00000000000000000000 0.03640387938457779332
0.00000000000000000000 0.03687326955681879265
0.00000000000000000000 0.03746654871725463298
0.00000000000000000000 0.03746881123991199769
0.00000000000000000000 0.03771305200039580530
0.00000000000000000000 0.03774547062964573457
0.00000000000000000000 0.03817018743213293486
0.00000000000000000000 0.03858418913801799077
0.00000000000000000000 0.03873027777572252833
0.00000000000000000000 0.03902116020070414693
0.00000000000000000000 0.03913170486444748214
0.00000000000000000000 0.03994116442028133179
0.00000000000000000000 0.04029938687923355356
0.00000000000000000000 0.04043026430139040617
0.00000000000000000000 0.04055450479527386576
0.00000000000000000000 0.04076451544709123326
0.00000000000000000000 0.04082141581362309229
0.00000000000000000000 0.04105974405581994113
0.00000000000000000000 0.04143537940129412428
0.00000000000000000000 0.04153294995972671433
0.00000000000000000000 0.04191349267389230665
0.00000000000000000000 0.04194186917974889600
0.00000000000000000000 0.04259782007563006623
0.00000000000000000000 0.04276628772073801099
0.00000000000000000000 0.04292543026854235555
0.00000000000000000000 0.04319224784883040485
0.00000000000000000000 0.04330791011243338706
0.00000000000000000000 0.04345509932053970292
0.00000000000000000000 0.04362621602688319944
0.00000000000000000000 0.04454918345515074263
0.00000000000000000000 0.04542443403873399482
0.00000000000000000000 0.04637294311318643225
0.00000000000000000000 0.04644594138807254385
0.00000000000000000000 0.04659504017546167026
0.00000000000000000000 0.04672833252547066440
0.00000000000000000000 0.04765000450804666304
0.00000000000000000000 0.04770897218735926926
0.00000000000000000000 0.04773436854662219814
0.00000000000000000000 0.04794418115543071235
0.00000000000000000000 0.04811400860275399233
0.00000000000000000000 0.04874776758112892711
0.00000000000000000000 0.04904759277654918703
0.00000000000000000000 0.04907613532398227146
0.00000000000000000000 0.04962935030506042400
0.00000000000000000000 0.05071748878188592907
0.00000000000000000000 0.05078712604742258857
0.00000000000000000000 0.05162690524232248224
0.00000000000000000000 0.05216783692682915724
0.00000000000000000000 0.05238306039461628622
0.00000000000000000000 0.05402335398001512079
0.00000000000000000000 0.05406509256483821302
0.00000000000000000000 0.05446882573800997801
0.00000000000000000000 0.05453832681982703073
0.00000000000000000000 0.05523394333170913301
0.00000000000000000000 0.05736149786211151846
0.00000000000000000000 0.05809678060039950853
0.00000000000000000000 0.05823053271946428133
0.00000000000000000000 0.05847002518116135167
0.00000000000000000000 0.05885407036868341157
0.00000000000000000000 0.06041788365820569690
0.00000000000000000000 0.06135355946788509374
0.00000000000000000000 0.06393091627897415363
0.00000000000000000000 0.06891933616983640654
0.00000000000000000000 0.06898912666297621343
0.00000000000000000000 0.07226244944061299691
0.00000000000000000000 0.07987478085634786007
0.00000000000000000000 0.08559178817660265115
0.00000000000000000000 0.09814557828615234902
0.00000000000000000000 0.13031745065383712467
0.00000000000000000000 0.58883805147410372971
0.00000000000000000000 1.73205080756887719318
