0.00000000000000000000 0.00914214421705164711
0.00000000000000000000 0.01251514873068799993
0.00000000000000000000 0.01741898406594710735
0.00000000000000000000 0.01849341556097789871
0.00000000000000000000 0.01905596752140957181
0.00000000000000000000 0.01917313649597549019
0.00000000000000000000 0.01989508135084837662
0.00000000000000000000 0.02099442516351219395
0.00000000000000000000 0.02159570164063983125
0.00000000000000000000 0.02171311693941014101
0.00000000000000000000 0.02294222514804197463
0.00000000000000000000 0.02315750313624530612
0.00000000000000000000 0.02358384893418625713
0.00000000000000000000 0.02445425365169024215
0.00000000000000000000 0.02616142341188476897
0.00000000000000000000 0.02686362904877489730
0.00000000000000000000 0.02799987694350109316
0.00000000000000000000 0.02943939718450832091
0.00000000000000000000 0.03041724998804343563
0.00000000000000000000 0.03170055887095568625
0.00000000000000000000 0.03341235481561272841
0.00000000000000000000 0.03378921477743132562
0.00000000000000000000 0.03502125848860417057
0.00000000000000000000 0.03504294104265275045
0.00000000000000000000 0.03564013669525631367
0.00000000000000000000 0.03565153863438812881
0.00000000000000000000 0.03593842148797290331
0.00000000000000000000 0.03693886951767352822
0.00000000000000000000 0.03700398300191270334
0.00000000000000000000 0.03737860227091727855
0.00000000000000000000 0.03791761409010080408
0.00000000000000000000 0.03803703646136879363
0.00000000000000000000 0.03834657282523559058
0.00000000000000000000 0.04011805656255156699
0.00000000000000000000 0.04041185418536332591
0.00000000000000000000 0.04048947413667550177
0.00000000000000000000 0.04128894888414301467
0.00000000000000000000 0.04155351920124735615
0.00000000000000000000 0.04187542104120748482
0.00000000000000000000 0.04211241567571026578
0.00000000000000000000 0.04227219971427753631
0.00000000000000000000 0.04256676249912272336
0.00000000000000000000 0.04264994592530180206
0.00000000000000000000 0.04330078578316665788
0.00000000000000000000 0.04362295010723739319
0.00000000000000000000 0.04425519968879957494
0.00000000000000000000 0.04453280049623000586
0.00000000000000000000 0.04510069204191669012
0.00000000000000000000 0.04529134984115237156
0.00000000000000000000 0.04613046724993869613
0.00000000000000000000 0.04666639725731395322
0.00000000000000000000 0.04689103414036025624
0.00000000000000000000 0.04740325022157043655
0.00000000000000000000 0.04754914768004194631
0.00000000000000000000 0.04797686219597941532
0.00000000000000000000 0.04803429210151208967
0.00000000000000000000 0.04809927244993173617
0.00000000000000000000 0.04820276763011062393
0.00000000000000000000 0.04829737569708242306
0.00000000000000000000 0.04863804233716517711
0.00000000000000000000 0.04919540977001761461
0.00000000000000000000 0.04953554074598566503
0.00000000000000000000 0.04953917818279292978
0.00000000000000000000 0.04954252273479015783
0.00000000000000000000 0.04981619892471562949
0.00000000000000000000 0.05006090967765559202
0.00000000000000000000 0.05050025462299653767
0.00000000000000000000 0.05057393837769617873
0.00000000000000000000 0.05089601612337809472
0.00000000000000000000 0.05156977348323506238
0.00000000000000000000 0.05161886539515038452
0.00000000000000000000 0.05168675888784616396
0.00000000000000000000 0.05204540890716707890
0.00000000000000000000 0.05251575866825226868
0.00000000000000000000 0.05256356517519415045
0.00000000000000000000 0.05301289007405356191
0.00000000000000000000 0.05332729200692285648
0.00000000000000000000 0.05420925667041022467
0.00000000000000000000 0.05422578834076313692
0.00000000000000000000 0.05428802512435371846
0.00000000000000000000 0.05466189428096790426
0.00000000000000000000 0.05508574598999339822
0.00000000000000000000 0.05580682105862170422
0.00000000000000000000 0.05713982079446144197
0.00000000000000000000 0.05728955775855391203
0.00000000000000000000 0.05763844958265251783
0.00000000000000000000 0.05765258168543234418
0.00000000000000000000 0.05767189371627510358
0.00000000000000000000 0.05771214939950950612
0.00000000000000000000 0.05802898058246341861
0.00000000000000000000 0.05815748241944829894
0.00000000000000000000 0.05845628859236150915
0.00000000000000000000 0.05847828614698733635
0.00000000000000000000 0.05849237533381500265
0.00000000000000000000 0.05860688626832559478
0.00000000000000000000 0.05864643157701674575
0.00000000000000000000 0.06028653606783176272
0.00000000000000000000 0.06042125218240342044
0.00000000000000000000 0.06067476466054914225
0.00000000000000000000 0.06099476601859794150
0.00000000000000000000 0.06127403038857203582
0.00000000000000000000 0.06136733338431866330
0.00000000000000000000 0.06140667618044304277
0.00000000000000000000 0.06205834951434120034
0.00000000000000000000 0.06257716498149290540
0.00000000000000000000 0.06267222733840287219
0.00000000000000000000 0.06275828421394476220
0.00000000000000000000 0.06276423076017957625
0.00000000000000000000 0.06281986092323460502
0.00000000000000000000 0.06284944788306960628
0.00000000000000000000 0.06287017417651925844
0.00000000000000000000 0.06291742432315661215
0.00000000000000000000 0.06329629385946804188
0.00000000000000000000 0.06330699666213603083
0.00000000000000000000 0.06332523504859548236
0.00000000000000000000 0.06334314925694267684
0.00000000000000000000 0.06351215734599305329
0.00000000000000000000 0.06359187920450631859
0.00000000000000000000 0.06368217977587527223
0.00000000000000000000 0.06374784888992386656
0.00000000000000000000 0.06415817286845153233
0.00000000000000000000 0.06427859176985911693
0.00000000000000000000 0.06438342586641841725
0.00000000000000000000 0.06443785101131353776
0.00000000000000000000 0.06463925784775764738
0.00000000000000000000 0.06466388100584903598
0.00000000000000000000 0.06470038094903304837
0.00000000000000000000 0.06482267215663234383
0.00000000000000000000 0.06498357821796278688
0.00000000000000000000 0.06508498649651185686
0.00000000000000000000 0.06536245440749592628
0.00000000000000000000 0.06537003593484855268
0.00000000000000000000 0.06584353576975907063
0.00000000000000000000 0.06619226983895522276
0.00000000000000000000 0.06631692654888711458
0.00000000000000000000 0.06646814448708350531
0.00000000000000000000 0.06651317977806404935
0.00000000000000000000 0.06663757885967776240
0.00000000000000000000 0.06708782463922312311
0.00000000000000000000 0.06708999247417979372
0.00000000000000000000 0.06743805877926495329
0.00000000000000000000 0.06747589472793998067
0.00000000000000000000 0.06750951185434830859
0.00000000000000000000 0.06756678311172722995
0.00000000000000000000 0.06764592196113029809
0.00000000000000000000 0.06856887592221480587
0.00000000000000000000 0.06944317168694774667
0.00000000000000000000 0.06952606411929537766
0.00000000000000000000 0.06952918634586814639
0.00000000000000000000 0.06955336181796394068
0.00000000000000000000 0.06965364238496479787
0.00000000000000000000 0.06977699787125563047
0.00000000000000000000 0.07005000889349967397
0.00000000000000000000 0.07011199297638986971
0.00000000000000000000 0.07024992064470296504
0.00000000000000000000 0.07026514800454207454
0.00000000000000000000 0.07055051556620942077
0.00000000000000000000 0.07062237374397567491
0.00000000000000000000 0.07069666892024455140
0.00000000000000000000 0.07079205909833929944
0.00000000000000000000 0.07079893374587385713
0.00000000000000000000 0.07102789841316323183
0.00000000000000000000 0.07106948613003979953
0.00000000000000000000 0.07112728327767858794
0.00000000000000000000 0.07113533141992080255
0.00000000000000000000 0.07134972806180221727
0.00000000000000000000 0.07145499913164368722
0.00000000000000000000 0.07155531427802150346
0.00000000000000000000 0.07162048185071426265
0.00000000000000000000 0.07164551125901091888
0.00000000000000000000 0.07171687405362001111
0.00000000000000000000 0.07181358360329048729
0.00000000000000000000 0.07188072107742764227
0.00000000000000000000 0.07204168792039393476
0.00000000000000000000 0.07230789536606234413
0.00000000000000000000 0.07242064478131653160
0.00000000000000000000 0.07255785445815414458
0.00000000000000000000 0.07277724224769244188
0.00000000000000000000 0.07320178493270208808
0.00000000000000000000 0.07332798970244004677
0.00000000000000000000 0.07392314512003823890
0.00000000000000000000 0.07399116501631147758
0.00000000000000000000 0.07408742624013318900
0.00000000000000000000 0.07410346506650479503
0.00000000000000000000 0.07434793737049869011
0.00000000000000000000 0.07463130618193791754
0.00000000000000000000 0.07480041465807987788
0.00000000000000000000 0.07480205810956666590
0.00000000000000000000 0.07492360061941163996
0.00000000000000000000 0.07562548221367787482
0.00000000000000000000 0.07577737583454005610
0.00000000000000000000 0.07584714903695594090
0.00000000000000000000 0.07585900167697667840
0.00000000000000000000 0.07599067548226921820
0.00000000000000000000 0.07612346802474091734
0.00000000000000000000 0.07612513607044300856
0.00000000000000000000 0.07616475266358255225
0.00000000000000000000 0.07655073127590196480
0.00000000000000000000 0.07669508869879509971
0.00000000000000000000 0.07672818084264537708
0.00000000000000000000 0.07673882568154505313
0.00000000000000000000 0.07674874895235410388
0.00000000000000000000 0.07718569140482098301
0.00000000000000000000 0.07740704765589455361
0.00000000000000000000 0.07763844668753856759
0.00000000000000000000 0.07766337944107074009
0.00000000000000000000 0.07782758913119922073
0.00000000000000000000 0.07795544193010171818
0.00000000000000000000 0.07796181226381816709
0.00000000000000000000 0.07802793709559795177
0.00000000000000000000 0.07817841506899865511
0.00000000000000000000 0.07848365013235654442
0.00000000000000000000 0.07891456721747427960
0.00000000000000000000 0.07893400843889727958
0.00000000000000000000 0.08000899606111246121
0.00000000000000000000 0.08020475353148689979
0.00000000000000000000 0.08022555435740573448
0.00000000000000000000 0.08029258825626098273
0.00000000000000000000 0.08043566041881337891
0.00000000000000000000 0.08063763324528830378
0.00000000000000000000 0.08067946660082474242
0.00000000000000000000 0.08099686346767573375
0.00000000000000000000 0.08119179093027559246
0.00000000000000000000 0.08120196523980574566
0.00000000000000000000 0.08121451743991461858
0.00000000000000000000 0.08121540286420035615
0.00000000000000000000 0.08143977477016477173
0.00000000000000000000 0.08151186106302885093
0.00000000000000000000 0.08168661460996505530
0.00000000000000000000 0.08178989177669754307
0.00000000000000000000 0.08182236014159297022
0.00000000000000000000 0.08198278960128042858
0.00000000000000000000 0.08208106536229142769
0.00000000000000000000 0.08214124430747847538
0.00000000000000000000 0.08277543328393938138
0.00000000000000000000 0.08284814106987568871
0.00000000000000000000 0.08287361446592145242
0.00000000000000000000 0.08287952941734862133
0.00000000000000000000 0.08326951592416839687
0.00000000000000000000 0.08329221964860859806
0.00000000000000000000 0.08329923428836011334
0.00000000000000000000 0.08340659617829775108
0.00000000000000000000 0.08345183227622993138
0.00000000000000000000 0.08378047109046811436
0.00000000000000000000 0.08399273590316524984
0.00000000000000000000 0.08409791794626574057
0.00000000000000000000 0.08433308935193113698
0.00000000000000000000 0.08457171875882744938
0.00000000000000000000 0.08461488915319825832
0.00000000000000000000 0.08469642235093408078
0.00000000000000000000 0.08474568463153372977
0.00000000000000000000 0.08495983002092705183
0.00000000000000000000 0.08532358770867171094
0.00000000000000000000 0.08553051825940918840
0.00000000000000000000 0.08556804927311964515
0.00000000000000000000 0.08568345155172159278
0.00000000000000000000 0.08595121095448435278
0.00000000000000000000 0.08625964199393504339
0.00000000000000000000 0.08631963625373967330
0.00000000000000000000 0.08632243294037771075
0.00000000000000000000 0.08638296362591225963
0.00000000000000000000 0.08657709991671530547
0.00000000000000000000 0.08659544668878679796
0.00000000000000000000 0.08659640899003392955
0.00000000000000000000 0.08676753406133032309
0.00000000000000000000 0.08687037761034928363
0.00000000000000000000 0.08705741701771031738
0.00000000000000000000 0.08726952337547416727
0.00000000000000000000 0.08762094325365130110
0.00000000000000000000 0.08766357041905897818
0.00000000000000000000 0.08767733703179830806
0.00000000000000000000 0.08813895827339901512
0.00000000000000000000 0.08814705387094722011
0.00000000000000000000 0.08826108833275535248
0.00000000000000000000 0.08840360525698010008
0.00000000000000000000 0.08842463013958472284
0.00000000000000000000 0.08866212060655867533
0.00000000000000000000 0.08867517238281667769
0.00000000000000000000 0.08871848901762993678
0.00000000000000000000 0.08933840257493987080
0.00000000000000000000 0.08937546018035960604
0.00000000000000000000 0.08963048681888842462
0.00000000000000000000 0.08969476080457414180
0.00000000000000000000 0.09000270688534384167
0.00000000000000000000 0.09005772340122895903
0.00000000000000000000 0.09027071479149134658
0.00000000000000000000 0.09037601430725769602
0.00000000000000000000 0.09055546179056621348
0.00000000000000000000 0.09088320753578421618
0.00000000000000000000 0.09090214596331007424
0.00000000000000000000 0.09109678441384738701
0.00000000000000000000 0.09112866427749356790
0.00000000000000000000 0.09143520243616096166
0.00000000000000000000 0.09155637994813997649
0.00000000000000000000 0.09158057159224455845
0.00000000000000000000 0.09159400744467770250
0.00000000000000000000 0.09199747476093632359
0.00000000000000000000 0.09202542161062204906
0.00000000000000000000 0.09230417987175131012
0.00000000000000000000 0.09239224006639200348
0.00000000000000000000 0.09266215608016248328
0.00000000000000000000 0.09291858174393205494
0.00000000000000000000 0.09315403795713354806
0.00000000000000000000 0.09317790997506197881
0.00000000000000000000 0.09326011495313930866
0.00000000000000000000 0.09328007391681365779
0.00000000000000000000 0.09330244958076519546
0.00000000000000000000 0.09343554989932788268
0.00000000000000000000 0.09399967312575994993
0.00000000000000000000 0.09406137345815925033
0.00000000000000000000 0.09429513489964923278
0.00000000000000000000 0.09429990468405936854
0.00000000000000000000 0.09441427913950328765
0.00000000000000000000 0.09446618179175787777
0.00000000000000000000 0.09462473633236236081
0.00000000000000000000 0.09486547662751573795
0.00000000000000000000 0.09487802289969751723
0.00000000000000000000 0.09536758108568063608
0.00000000000000000000 0.09556053988165058577
0.00000000000000000000 0.09556829655284851399
0.00000000000000000000 0.09566366560548902886
0.00000000000000000000 0.09569621070913450489
0.00000000000000000000 0.09572481918981425031
0.00000000000000000000 0.09582532268728626013
0.00000000000000000000 0.09598482118761358928
0.00000000000000000000 0.09620745174562607416
0.00000000000000000000 0.09622662874950094203
0.00000000000000000000 0.09630791217462596199
0.00000000000000000000 0.09637054267503082639
0.00000000000000000000 0.09657730391091293165
0.00000000000000000000 0.09666600865363149386
0.00000000000000000000 0.09668794749123850452
0.00000000000000000000 0.09673683575213701258
0.00000000000000000000 0.09676317655393987249
0.00000000000000000000 0.09682335306061806701
0.00000000000000000000 0.09701539843406378760
0.00000000000000000000 0.09715751087066790137
0.00000000000000000000 0.09734100613545743075
0.00000000000000000000 0.09742144761064377989
0.00000000000000000000 0.09767490547872348383
0.00000000000000000000 0.09770109846074938320
0.00000000000000000000 0.09770773813464930790
0.00000000000000000000 0.09773965621672672799
0.00000000000000000000 0.09786015370752632059
0.00000000000000000000 0.09788248245511303736
0.00000000000000000000 0.09788669518802813052
0.00000000000000000000 0.09798328370140421684
0.00000000000000000000 0.09810715971207001340
0.00000000000000000000 0.09826148634058455567
0.00000000000000000000 0.09829943399192335451
0.00000000000000000000 0.09845300260310978213
0.00000000000000000000 0.09846018377097962015
0.00000000000000000000 0.09883354500350559346
0.00000000000000000000 0.09907366687057121701
0.00000000000000000000 0.09915647623278439626
0.00000000000000000000 0.09959210669401648286
0.00000000000000000000 0.09966971189939319298
0.00000000000000000000 0.09990907373234030053
0.00000000000000000000 0.10018293776342809820
0.00000000000000000000 0.10032942950352177758
0.00000000000000000000 0.10038922754182483255
0.00000000000000000000 0.10045678858527093413
0.00000000000000000000 0.10058938955658708325
0.00000000000000000000 0.10065840130008736619
0.00000000000000000000 0.10069093501019286963
0.00000000000000000000 0.10073377230072087796
0.00000000000000000000 0.10082527571469188099
0.00000000000000000000 0.10084489953927673611
0.00000000000000000000 0.10095720986859302304
0.00000000000000000000 0.10118114411824501164
0.00000000000000000000 0.10165302034174679424
0.00000000000000000000 0.10170892531210141974
0.00000000000000000000 0.10187271120449413464
0.00000000000000000000 0.10195491245720750273
0.00000000000000000000 0.10198612646811062998
0.00000000000000000000 0.10205597847406248924
0.00000000000000000000 0.10236001772002145671
0.00000000000000000000 0.10254560173507343279
0.00000000000000000000 0.10267125242254146467
0.00000000000000000000 0.10276768945188703708
0.00000000000000000000 0.10290824757963389080
0.00000000000000000000 0.10323299911959286923
0.00000000000000000000 0.10342688342307833349
0.00000000000000000000 0.10386201648436566014
0.00000000000000000000 0.10417964262962790822
0.00000000000000000000 0.10446773257581797034
0.00000000000000000000 0.10472692378092476884
0.00000000000000000000 0.10493310644197292869
0.00000000000000000000 0.10543980255109586253
0.00000000000000000000 0.10624491494523029267
0.00000000000000000000 0.10630974868633082109
0.00000000000000000000 0.10639683037516510511
0.00000000000000000000 0.10646147161306120099
0.00000000000000000000 0.10649265023139492525
0.00000000000000000000 0.10651821191671860534
0.00000000000000000000 0.10655157302599822799
0.00000000000000000000 0.10670435018614585210
0.00000000000000000000 0.10674303944157051416
0.00000000000000000000 0.10708315391371946157
0.00000000000000000000 0.10753066855140192004
0.00000000000000000000 0.10907701869764688252
0.00000000000000000000 0.10934358890454896895
0.00000000000000000000 0.10940874680450475565
0.00000000000000000000 0.10956856721030888702
0.00000000000000000000 0.10981113007301319950
0.00000000000000000000 0.11003931655493322250
0.00000000000000000000 0.11016929849425245724
0.00000000000000000000 0.11024279927859836903
0.00000000000000000000 0.11042017757593150518
0.00000000000000000000 0.11053336626911280938
0.00000000000000000000 0.11055931685436139189
0.00000000000000000000 0.11059799404960189706
0.00000000000000000000 0.11116947383351005740
0.00000000000000000000 0.11142520247420599488
0.00000000000000000000 0.11146457504415849260
0.00000000000000000000 0.11165919253147578438
0.00000000000000000000 0.11169300433743717393
0.00000000000000000000 0.11179946230136257601
0.00000000000000000000 0.11205617896501961217
0.00000000000000000000 0.11211721279945247032
0.00000000000000000000 0.11218406852744028379
0.00000000000000000000 0.11237821606389716833
0.00000000000000000000 0.11302860588956079035
0.00000000000000000000 0.11325296931528217037
0.00000000000000000000 0.11334773983517247575
0.00000000000000000000 0.11336711166061240463
0.00000000000000000000 0.11339647883603627687
0.00000000000000000000 0.11358683758667591224
0.00000000000000000000 0.11375295331926869868
0.00000000000000000000 0.11423939495250021170
0.00000000000000000000 0.11480346305158678488
0.00000000000000000000 0.11499985282180133495
0.00000000000000000000 0.11560554358738406311
0.00000000000000000000 0.11574120918870127450
0.00000000000000000000 0.11607356521327712173
0.00000000000000000000 0.11610527575760978825
0.00000000000000000000 0.11640339637552964136
0.00000000000000000000 0.11643996888946550605
0.00000000000000000000 0.11656500813964883190
0.00000000000000000000 0.11706456197089226690
0.00000000000000000000 0.11738270613186087277
0.00000000000000000000 0.11775597176832941493
0.00000000000000000000 0.11816366882686936413
0.00000000000000000000 0.11872255737911865947
0.00000000000000000000 0.11883143203284358969
0.00000000000000000000 0.12004767064483652661
0.00000000000000000000 0.12032142878605998904
0.00000000000000000000 0.12036403471712579794
0.00000000000000000000 0.12122998753427202678
0.00000000000000000000 0.12327870803440742209
0.00000000000000000000 0.12334989175844046638
0.00000000000000000000 0.12366225516114580374
0.00000000000000000000 0.12402454065765071423
0.00000000000000000000 0.12445508771837697493
0.00000000000000000000 0.12450425594162806142
0.00000000000000000000 0.12463111722905398371
0.00000000000000000000 0.12467422190701461793
0.00000000000000000000 0.12529291762690414336
0.00000000000000000000 0.12577345314027002510
0.00000000000000000000 0.12652757253822466410
0.00000000000000000000 0.12657294413286773738
0.00000000000000000000 0.12678673280508745425
0.00000000000000000000 0.12720576255805796095
0.00000000000000000000 0.12760725010320175810
0.00000000000000000000 0.12782373540958613667
0.00000000000000000000 0.12843171514168505443
0.00000000000000000000 0.12916835801238474302
0.00000000000000000000 0.12977321814859946181
0.00000000000000000000 0.13020480457326388812
0.00000000000000000000 0.13097231355254609908
0.00000000000000000000 0.13233127846332809474
0.00000000000000000000 0.13237949578522642535
0.00000000000000000000 0.13626074770810323034
0.00000000000000000000 0.13663873598787310004
0.00000000000000000000 0.13673653060947854598
0.00000000000000000000 0.13694789836311588305
0.00000000000000000000 0.13744872745939032410
0.00000000000000000000 0.13835711364501407372
0.00000000000000000000 0.13889864468692017518
0.00000000000000000000 0.13917290247288416349
0.00000000000000000000 0.13950940699635794306
0.00000000000000000000 0.14078120973180374698
0.00000000000000000000 0.14087571583387123453
0.00000000000000000000 0.14604774058378017232
0.00000000000000000000 0.14659448418177276063
0.00000000000000000000 0.14762723706491404085
0.00000000000000000000 0.14801260560887893880
0.00000000000000000000 0.14938097506523950742
0.00000000000000000000 0.14989236954386062073
0.00000000000000000000 0.15280145005157053095
0.00000000000000000000 0.15707728777536655862
0.00000000000000000000 0.15871846281325549533
0.00000000000000000000 0.15909407087356194910
0.00000000000000000000 0.15914738158228552978
0.00000000000000000000 0.16150448772460709868
0.00000000000000000000 0.16861779263856371824
0.00000000000000000000 0.18096022848817086559
0.00000000000000000000 0.18603354942966890406
0.00000000000000000000 0.19917141008852243256
0.00000000000000000000 1.73205080756887719318
