0.00752160446888674832 0.00851671924583460860
0.00873468160672357871 0.00875890441644396577
0.00925978281803210325 0.00934223324504459239
0.00750584284388444798 0.00946631476012290730
0.00909262027827882971 0.00952477614905358934
0.00727128998626934767 0.00962022131832471726
0.00864570975086045510 0.00968040717624784643
0.00846875974312668624 0.00991390067945439012
0.00980633917014711934 0.00993494310216352407
0.00942099098390107755 0.01008238815875618644
0.00912312778655881458 0.01016849263401950303
0.01003481298330589043 0.01016875736087055095
0.00937910195105104080 0.01035713927531161510
0.00933433295059018543 0.01041766540043022500
0.00787750991197994077 0.01042839420225035937
0.01057562519856936230 0.01069771104472746343
0.00994705979662289380 0.01118160879783364897
0.00909531527781353571 0.01118160879783364897
0.00949324378573973039 0.01118890184139659238
0.01037762927787190190 0.01122664501488226246
0.01067109823791393200 0.01130675727406093428
0.01110514256191305095 0.01153267896072672320
0.00991441894532304503 0.01155706658520322568
0.01138693570573600169 0.01166429948299019248
0.01026524800836099184 0.01168082015295216110
0.01094678219750026479 0.01170408136838432464
0.01139170552455282502 0.01209190057143504950
0.00979384005056947206 0.01212247216210219844
0.01173480460114087291 0.01212517826976513592
0.01055299643571024071 0.01217262143981022275
0.01221207093621512127 0.01227570931849448349
0.01146672768714298608 0.01245016334001860202
0.00988529647548902664 0.01252164827187117815
0.01241041557246007863 0.01268201937177248009
0.01040356765859853580 0.01271747305544710174
0.01151821177928420356 0.01276661072917139976
0.01183560748811908828 0.01300501466940450282
0.00932451379056869513 0.01303207566286929825
0.01215398148243427776 0.01308548132142346374
0.01139877041295356969 0.01315545704807221869
0.01251136176492577239 0.01318322070655414749
0.01316382322505212261 0.01322597155479777672
0.01171724487392222964 0.01359780332541339447
0.01010954070773416140 0.01369122064250698906
0.01348974191292801050 0.01369293278783874704
0.01200012489200766135 0.01375734778901143048
0.01142945867883262377 0.01380698237051368286
0.01329786473375808332 0.01384768460285885384
0.01253263883666868098 0.01391314758230990066
0.01278479869733050930 0.01401279615999204663
0.01387427985218057588 0.01412635727566288399
0.01370882095516188885 0.01432703392618392413
0.01318711713643575673 0.01433978967305832818
0.01226449221733026847 0.01448598973352165781
0.01169454548659963795 0.01460273380094895095
0.00938565506578214158 0.01476245973822159357
0.01464991664173975576 0.01481343556473784309
0.01257866983093352577 0.01492230472339655875
0.01024399334000945794 0.01503288690802037121
0.01327713695348412166 0.01515787935225782271
0.01511285194627590318 0.01538767041582772901
0.01486430571092439527 0.01539196735871384801
0.01252344179954282925 0.01574669317293266729
0.01518510344735706646 0.01590432650629539438
0.01573354538210461340 0.01591157260048794986
0.01140168282593350020 0.01592739399471676878
0.01527133600274655986 0.01593305678073814180
0.01226956389562294455 0.01623994635871178760
0.01607175219309874697 0.01634435339064246526
0.01584480377554383507 0.01638093285656511133
0.01615354612157959488 0.01655959697140683973
0.01664894181931638253 0.01667947120385532625
0.01498267128773595608 0.01675485807532377941
0.01592350919285029712 0.01676723442521256546
0.01474518042445496432 0.01677700059946749672
0.01465010207302235891 0.01679744065690411819
0.01166976516746412451 0.01684717937459718692
0.01559928597324731527 0.01685943317353653242
0.01276923992678161493 0.01688032316783828410
0.01664406099167838396 0.01688449750887078410
0.01249473390936899422 0.01691495784945623235
0.01453870421724643910 0.01692164969904311547
0.01338707039262389958 0.01716451722166951327
0.01453131393566132849 0.01723352486637479489
0.01694633238630383065 0.01730267224110606378
0.01406603406510217348 0.01730597671953260086
0.01045169268562969912 0.01731248982192899744
0.01458667228826717767 0.01733251019813871613
0.01347772712883513364 0.01746125485984225539
0.01563916599945927577 0.01754974466370026395
0.01466121785913545271 0.01790291727121333734
0.01540489311651594036 0.01792423340090537956
0.01561657838592234171 0.01793185344560134856
0.01440203891582532252 0.01798398092589458680
0.01771125965174336764 0.01804417189809889854
0.01665819346594528752 0.01805703272773712467
0.01768565062475788152 0.01818977991580469564
0.01743107036847886537 0.01823480010434964244
0.01803961112953140003 0.01846388643469000848
0.01088165437594662555 0.01846531101952357187
0.01465733062344338165 0.01852345005602118802
0.01789812050620705544 0.01860147187620113732
0.01852627431216973680 0.01861866279426726764
0.01856420516951277216 0.01874562065106581688
0.01822322517212279086 0.01876052772105873262
0.01744629491655370901 0.01887879969224804527
0.01813574780963651475 0.01891737612941577981
0.01462939843623667531 0.01900766329435411503
0.01481913004939006649 0.01903521074750644249
0.01793100437063323629 0.01904836828255165870
0.01690236318591115811 0.01918840241503395883
0.01724544698587524710 0.01926412390775597908
0.01824808671086326772 0.01931584569770754267
0.01449192166333548686 0.01942008381124880195
0.01722215497753489671 0.01953110759631716126
0.01859121103907835498 0.01964877814781981064
0.01746749893747802027 0.01970081230622118540
0.01580459089636666523 0.01988510540462942733
0.01737523065526874050 0.01989832771271743753
0.01331930537190001776 0.01992838518848349255
0.01967792201710774624 0.01994584334462866371
0.01456573469073248715 0.02010182375221496523
0.01806540538185090472 0.02020611236808099800
0.01898278765438500895 0.02024163776910176821
0.01786292405924247775 0.02040140232962210989
0.01869676023008003465 0.02048183766839214298
0.01926343513633719043 0.02052991110991326390
0.01900221610781933218 0.02066147857205704111
0.02029110949659720595 0.02087046513522341704
0.01697011551247179506 0.02096592754488087532
0.01638731138023570913 0.02096599875552045480
0.02011047772130897596 0.02097882416193023666
0.02014769107710674689 0.02126624014337001600
0.02048820486490463694 0.02131450711281474356
0.01425715788730178533 0.02134013498612688867
0.01778174428448606528 0.02137484573819005418
0.01559815669825172571 0.02147423899885221935
0.01773506011833910975 0.02147715518348142574
0.02054961193879833656 0.02152454937357555984
0.01870528045763970859 0.02163023759601662155
0.01844548317733805953 0.02165335794515281867
0.01938625585586150127 0.02166493291086590833
0.01806834141015550149 0.02167954618319169538
0.01990112418348784912 0.02214799433864138994
0.01856116862766931178 0.02224384349288791723
0.02089460096788438304 0.02228354169219754627
0.02133405846186794269 0.02249183842715369794
0.01489907238973843182 0.02249906651939647881
0.02232449326200878006 0.02259745514895034404
0.01869268358560985735 0.02262716410959480368
0.02193206683186523301 0.02268013170400894757
0.01911392191040934066 0.02275605884109694124
0.02275060909170891627 0.02277720929379640005
0.02238749791037526402 0.02308296732861755268
0.01800966271614530545 0.02323410227309674961
0.02224581460407532366 0.02329569697891056487
0.01927342945408222832 0.02352817918262561231
0.01809536506165272327 0.02381690478894578356
0.02387833143541348568 0.02403652951734949403
0.02261893159115703836 0.02422875213874891437
0.02453824100008615908 0.02466778196570913045
0.02189136613923786320 0.02468892576953901630
0.02328293949943092966 0.02475793280167692956
0.01632720703479232510 0.02491788131155472930
0.02193590642760744058 0.02496815980132460408
0.01843302767942515963 0.02500423565663695974
0.02071151970942576234 0.02516825140605341918
0.02313973207703700491 0.02521037565708067127
0.02323458927419288708 0.02543372051681084406
0.02466271801643640446 0.02561765400638015000
0.02598499280374099232 0.02605597527240162067
0.02387859537691546311 0.02644702139983621386
0.02544148059584984758 0.02645158321416648736
0.02605360941888741622 0.02710781062569146693
0.02308712092167124891 0.02731349352008104886
0.02424368364066345136 0.02739544990033219302
0.01930373682578930342 0.02777132742769692839
0.02207925594462268118 0.02779273392628920508
0.02576006828142873156 0.02824495064073175021
0.02559146419867486949 0.02831553373418662506
0.02627820444707825928 0.02832563386618385665
0.02354194214877912764 0.02837537636499684948
0.02755722523168728511 0.02938816085047809765
0.02706669341634251186 0.02972734362799379221
0.02618432102673552350 0.02976141013526149501
0.02569969709090082211 0.03035466233514580101
0.02572414965046711938 0.03053553424857561108
0.02632612045910012050 0.03075866843035807846
0.03247871657504922127 0.03311497596570148888
0.02588612883908313414 0.03373573486158629176
0.03242715353615947121 0.03529620931101140613
0.02442943347725746658 0.03633545261629136242
0.03613902124966606594 0.04059255767823487238
0.04083788830438590117 0.04151509114664546363
0.03996545445379225819 0.04304967403921281660
0.03551029134660114300 0.04418762165850573936
0.30932463342852684063 0.31380019526552560549
