0.00000000000000000000 0.01804545365291593609
0.00000000000000000000 0.01899065020713990373
0.00000000000000000000 0.02049857500560638146
0.00000000000000000000 0.02105609943868554101
0.00000000000000000000 0.02203465773734451100
0.00000000000000000000 0.02215910943663122398
0.00000000000000000000 0.02267208444970068848
0.00000000000000000000 0.02435645996822201342
0.00000000000000000000 0.02576569326289673487
0.00000000000000000000 0.02587092425977606525
0.00000000000000000000 0.02596886902920696877
0.00000000000000000000 0.02741380894507720531
0.00000000000000000000 0.02909333601965534422
0.00000000000000000000 0.02931948429866246611
0.00000000000000000000 0.03120499644535633735
0.00000000000000000000 0.03139988611024632087
0.00000000000000000000 0.03267792672804185200
0.00000000000000000000 0.03296551199931520293
0.00000000000000000000 0.03381419307174766964
0.00000000000000000000 0.03422508205366117662
0.00000000000000000000 0.03480919841379288143
0.00000000000000000000 0.03542072211590325398
0.00000000000000000000 0.03596823727838607820
0.00000000000000000000 0.03602940450183850923
0.00000000000000000000 0.03666737531780142612
0.00000000000000000000 0.03811484633327861388
0.00000000000000000000 0.03811567336309291953
0.00000000000000000000 0.03851681848996930946
0.00000000000000000000 0.03866588866689706777
0.00000000000000000000 0.03908196179257500402
0.00000000000000000000 0.03962705591859917720
0.00000000000000000000 0.03972594631525183662
0.00000000000000000000 0.03982293821851747018
0.00000000000000000000 0.04021841869024053717
0.00000000000000000000 0.04041305373429566333
0.00000000000000000000 0.04077340775660535238
0.00000000000000000000 0.04080592325451356389
0.00000000000000000000 0.04198342206956658107
0.00000000000000000000 0.04215335467409807302
0.00000000000000000000 0.04263831921060778907
0.00000000000000000000 0.04302287860876305436
0.00000000000000000000 0.04335054089669270611
0.00000000000000000000 0.04425487023937063613
0.00000000000000000000 0.04459649838684575512
0.00000000000000000000 0.04463131107014118443
0.00000000000000000000 0.04514850888891822761
0.00000000000000000000 0.04601924893421718149
0.00000000000000000000 0.04605548066384963085
0.00000000000000000000 0.04655952872178451690
0.00000000000000000000 0.04740181507806839195
0.00000000000000000000 0.04794619364655756250
0.00000000000000000000 0.04810026132784166186
0.00000000000000000000 0.04922926394122863897
0.00000000000000000000 0.05010003543670982218
0.00000000000000000000 0.05030789603368758522
0.00000000000000000000 0.05056818922110466880
0.00000000000000000000 0.05071102815822110116
0.00000000000000000000 0.05128370307787061266
0.00000000000000000000 0.05202597637538238645
0.00000000000000000000 0.05379607104140097379
0.00000000000000000000 0.05383600629121046421
0.00000000000000000000 0.05391078497543060760
0.00000000000000000000 0.05395015473425366498
0.00000000000000000000 0.05397349697594854695
0.00000000000000000000 0.05457499076549869599
0.00000000000000000000 0.05478419393119433878
0.00000000000000000000 0.05550025127727695878
0.00000000000000000000 0.05550489380314473087
0.00000000000000000000 0.05574679395204293342
0.00000000000000000000 0.05579102156490592379
0.00000000000000000000 0.05589057326162876621
0.00000000000000000000 0.05623906525103142956
0.00000000000000000000 0.05687241780200789215
0.00000000000000000000 0.05705745784868906934
0.00000000000000000000 0.05763404205084879384
0.00000000000000000000 0.05790066011520293709
0.00000000000000000000 0.05805106084065748961
0.00000000000000000000 0.05805164407638736812
0.00000000000000000000 0.05869595413024214503
0.00000000000000000000 0.05895224515720785818
0.00000000000000000000 0.05905946123237156009
0.00000000000000000000 0.05909031144823206211
0.00000000000000000000 0.05966980571786812543
0.00000000000000000000 0.05968650862641053378
0.00000000000000000000 0.05977948570823705954
0.00000000000000000000 0.06022875419591170593
0.00000000000000000000 0.06033197352081864917
0.00000000000000000000 0.06069175960312476331
0.00000000000000000000 0.06077911270877174588
0.00000000000000000000 0.06101335831599695447
0.00000000000000000000 0.06104725730788570365
0.00000000000000000000 0.06116241352185241426
0.00000000000000000000 0.06122864978077246362
0.00000000000000000000 0.06126600939727393919
0.00000000000000000000 0.06160329222919774111
0.00000000000000000000 0.06190842725658614321
0.00000000000000000000 0.06227765054952234813
0.00000000000000000000 0.06237493228409753121
0.00000000000000000000 0.06246140806533793249
0.00000000000000000000 0.06249145292107918803
0.00000000000000000000 0.06331752758275276116
0.00000000000000000000 0.06344986385269815732
0.00000000000000000000 0.06414465501210064868
0.00000000000000000000 0.06418949485638646146
0.00000000000000000000 0.06442929511059677927
0.00000000000000000000 0.06513083906832264902
0.00000000000000000000 0.06513122348031140374
0.00000000000000000000 0.06530997350565778681
0.00000000000000000000 0.06542868154894440624
0.00000000000000000000 0.06563759798674712043
0.00000000000000000000 0.06577192225697779671
0.00000000000000000000 0.06631267848079898386
0.00000000000000000000 0.06670642877943534776
0.00000000000000000000 0.06671551326745719934
0.00000000000000000000 0.06688064163070001067
0.00000000000000000000 0.06694855535356498966
0.00000000000000000000 0.06710144640747212064
0.00000000000000000000 0.06717988503000724143
0.00000000000000000000 0.06743304833432010870
0.00000000000000000000 0.06744562805066674216
0.00000000000000000000 0.06766602900144352839
0.00000000000000000000 0.06789520635349600985
0.00000000000000000000 0.06803955279602440231
0.00000000000000000000 0.06820272876932251260
0.00000000000000000000 0.06838823718934136653
0.00000000000000000000 0.06860191587601548180
0.00000000000000000000 0.06867246380210649537
0.00000000000000000000 0.06876330428678897877
0.00000000000000000000 0.06880338641370133124
0.00000000000000000000 0.06889895266417263298
0.00000000000000000000 0.06903783265883692288
0.00000000000000000000 0.06920579498707608856
0.00000000000000000000 0.06947117175431395675
0.00000000000000000000 0.06951722178814720432
0.00000000000000000000 0.06968383129835593881
0.00000000000000000000 0.07044764474211399896
0.00000000000000000000 0.07051285406359911190
0.00000000000000000000 0.07062825917407408727
0.00000000000000000000 0.07099144822034406110
0.00000000000000000000 0.07099562268045599145
0.00000000000000000000 0.07100240833305361543
0.00000000000000000000 0.07160838981929106006
0.00000000000000000000 0.07165489183370236936
0.00000000000000000000 0.07165852468861029501
0.00000000000000000000 0.07190721248308550029
0.00000000000000000000 0.07209104370214858282
0.00000000000000000000 0.07215705107155541420
0.00000000000000000000 0.07227257193981059813
0.00000000000000000000 0.07233268417062763134
0.00000000000000000000 0.07254051644003026156
0.00000000000000000000 0.07277825103918882099
0.00000000000000000000 0.07323466725890684370
0.00000000000000000000 0.07339269058347681896
0.00000000000000000000 0.07340208288316295293
0.00000000000000000000 0.07342148077609909895
0.00000000000000000000 0.07343932214233113431
0.00000000000000000000 0.07349737725838331737
0.00000000000000000000 0.07374235573072740468
0.00000000000000000000 0.07390983204130900652
0.00000000000000000000 0.07394236409176868641
0.00000000000000000000 0.07400456974162594737
0.00000000000000000000 0.07403009105191030170
0.00000000000000000000 0.07429732432755381533
0.00000000000000000000 0.07460183577125763243
0.00000000000000000000 0.07484862245476459064
0.00000000000000000000 0.07489646106327416120
0.00000000000000000000 0.07507293365849165845
0.00000000000000000000 0.07523485019516505667
0.00000000000000000000 0.07524714417426159319
0.00000000000000000000 0.07539605338827412573
0.00000000000000000000 0.07543024471133989717
0.00000000000000000000 0.07563486101413345597
0.00000000000000000000 0.07573195669753576831
0.00000000000000000000 0.07611145811362403368
0.00000000000000000000 0.07635243239606119559
0.00000000000000000000 0.07648515205944285411
0.00000000000000000000 0.07662941505599082936
0.00000000000000000000 0.07671220886252326510
0.00000000000000000000 0.07682719817000870088
0.00000000000000000000 0.07688878403490641278
0.00000000000000000000 0.07700170647098047993
0.00000000000000000000 0.07736615023230743182
0.00000000000000000000 0.07756802243838362143
0.00000000000000000000 0.07764508971564867967
0.00000000000000000000 0.07787595197681174142
0.00000000000000000000 0.07811344200898706625
0.00000000000000000000 0.07814916363937288168
0.00000000000000000000 0.07836023649673877489
0.00000000000000000000 0.07956940284778322992
0.00000000000000000000 0.07979609940961558678
0.00000000000000000000 0.08000625678888563519
0.00000000000000000000 0.08007759928050560416
0.00000000000000000000 0.08063977685819335994
0.00000000000000000000 0.08098881218019896022
0.00000000000000000000 0.08103846216578085293
0.00000000000000000000 0.08108219309028398547
0.00000000000000000000 0.08130431811112258378
0.00000000000000000000 0.08139517610053242924
0.00000000000000000000 0.08142896115578944494
0.00000000000000000000 0.08155654268883905100
0.00000000000000000000 0.08157581767308733078
0.00000000000000000000 0.08212716617309800959
0.00000000000000000000 0.08241994345629012619
0.00000000000000000000 0.08257989473101536027
0.00000000000000000000 0.08258219646159016547
0.00000000000000000000 0.08277974659921229217
0.00000000000000000000 0.08279540488409804777
0.00000000000000000000 0.08290376371495458696
0.00000000000000000000 0.08292792153197652005
0.00000000000000000000 0.08294758439610440404
0.00000000000000000000 0.08298695873946451695
0.00000000000000000000 0.08299794920860888159
0.00000000000000000000 0.08300508961423146148
0.00000000000000000000 0.08302469045750826560
0.00000000000000000000 0.08302680021614367023
0.00000000000000000000 0.08309051743358027153
0.00000000000000000000 0.08332907751161885979
0.00000000000000000000 0.08339842951546233563
0.00000000000000000000 0.08345747981366062607
0.00000000000000000000 0.08358889863014404287
0.00000000000000000000 0.08362641321262281879
0.00000000000000000000 0.08365161392302135346
0.00000000000000000000 0.08377645344217486689
0.00000000000000000000 0.08387887676281763349
0.00000000000000000000 0.08403628090942091844
0.00000000000000000000 0.08406295617256201447
0.00000000000000000000 0.08416381695688991693
0.00000000000000000000 0.08418315159566142070
0.00000000000000000000 0.08422112880982667027
0.00000000000000000000 0.08449075630370320167
0.00000000000000000000 0.08501750763271508082
0.00000000000000000000 0.08517352315468437740
0.00000000000000000000 0.08529469098829696450
0.00000000000000000000 0.08530734176147942993
0.00000000000000000000 0.08535872552361346843
0.00000000000000000000 0.08556209721140481395
0.00000000000000000000 0.08606914163973856946
0.00000000000000000000 0.08631312132128803050
0.00000000000000000000 0.08642802364857388175
0.00000000000000000000 0.08656370998305751296
0.00000000000000000000 0.08667913669763153972
0.00000000000000000000 0.08679164992224501496
0.00000000000000000000 0.08687068994505629804
0.00000000000000000000 0.08698400755803255280
0.00000000000000000000 0.08698420861090627731
0.00000000000000000000 0.08705657649148493271
0.00000000000000000000 0.08706479291916618957
0.00000000000000000000 0.08711462496149363632
0.00000000000000000000 0.08744411062626018805
0.00000000000000000000 0.08758805328318271244
0.00000000000000000000 0.08763249536538142426
0.00000000000000000000 0.08764092471604353896
0.00000000000000000000 0.08768376805868922930
0.00000000000000000000 0.08806889933799634529
0.00000000000000000000 0.08814760077633219948
0.00000000000000000000 0.08824019997426157946
0.00000000000000000000 0.08897898162066843197
0.00000000000000000000 0.08930002762255501159
0.00000000000000000000 0.08932779934424162072
0.00000000000000000000 0.08975537217322232530
0.00000000000000000000 0.08992428319925185876
0.00000000000000000000 0.08997759848384943859
0.00000000000000000000 0.08999742105967552253
0.00000000000000000000 0.09011766668917078893
0.00000000000000000000 0.09014515569489485458
0.00000000000000000000 0.09042446628721062529
0.00000000000000000000 0.09044099245052257541
0.00000000000000000000 0.09063306205802285076
0.00000000000000000000 0.09104040871790342049
0.00000000000000000000 0.09112895234578008430
0.00000000000000000000 0.09125671249971920029
0.00000000000000000000 0.09156103169592751112
0.00000000000000000000 0.09157455388399406149
0.00000000000000000000 0.09164063280883590068
0.00000000000000000000 0.09168156522296017075
0.00000000000000000000 0.09178386883375738714
0.00000000000000000000 0.09183821016008512916
0.00000000000000000000 0.09190104094721913974
0.00000000000000000000 0.09190206601301477429
0.00000000000000000000 0.09222994324646210940
0.00000000000000000000 0.09237353124232977608
0.00000000000000000000 0.09260032193910701370
0.00000000000000000000 0.09263127806927430596
0.00000000000000000000 0.09268457512160988010
0.00000000000000000000 0.09270194925955622944
0.00000000000000000000 0.09271518931683217501
0.00000000000000000000 0.09281006997597320007
0.00000000000000000000 0.09285224035347662552
0.00000000000000000000 0.09298147256791707005
0.00000000000000000000 0.09347003190570569997
0.00000000000000000000 0.09367700080391243300
0.00000000000000000000 0.09376790454681370457
0.00000000000000000000 0.09417351263353682111
0.00000000000000000000 0.09421959735904686384
0.00000000000000000000 0.09423718649022135019
0.00000000000000000000 0.09425597370626902227
0.00000000000000000000 0.09432924190113980978
0.00000000000000000000 0.09458871579576400013
0.00000000000000000000 0.09484458371250518993
0.00000000000000000000 0.09488845792272616875
0.00000000000000000000 0.09490674503753405988
0.00000000000000000000 0.09511848297419270293
0.00000000000000000000 0.09528866562082619063
0.00000000000000000000 0.09532973717314317808
0.00000000000000000000 0.09554667192965274336
0.00000000000000000000 0.09628908989492043768
0.00000000000000000000 0.09677479880060077533
0.00000000000000000000 0.09700414267884269193
0.00000000000000000000 0.09723741193670944194
0.00000000000000000000 0.09746895675548965243
0.00000000000000000000 0.09761160921361822229
0.00000000000000000000 0.09797713701558589949
0.00000000000000000000 0.09806687252298658397
0.00000000000000000000 0.09807484727405148262
0.00000000000000000000 0.09815241474018567003
0.00000000000000000000 0.09860202792272042271
0.00000000000000000000 0.09861372290507156024
0.00000000000000000000 0.09885637391251445028
0.00000000000000000000 0.09896238534074268400
0.00000000000000000000 0.09903885952226484934
0.00000000000000000000 0.09904964486671499757
0.00000000000000000000 0.09909212203152516218
0.00000000000000000000 0.09919402621175230084
0.00000000000000000000 0.09926174502946909228
0.00000000000000000000 0.09926454498540114579
0.00000000000000000000 0.09927327210651025469
0.00000000000000000000 0.09940400894406971333
0.00000000000000000000 0.09948650728060202952
0.00000000000000000000 0.09964856850205544569
0.00000000000000000000 0.09992809916133127413
0.00000000000000000000 0.10002917341544270702
0.00000000000000000000 0.10005745038060281926
0.00000000000000000000 0.10023080229546701969
0.00000000000000000000 0.10037496312650537322
0.00000000000000000000 0.10043238988759818631
0.00000000000000000000 0.10052928883956958883
0.00000000000000000000 0.10062260322833527226
0.00000000000000000000 0.10071191335676810130
0.00000000000000000000 0.10083811850039189895
0.00000000000000000000 0.10084481018367748295
0.00000000000000000000 0.10126239724003950615
0.00000000000000000000 0.10132925715963624069
0.00000000000000000000 0.10173681273904029709
0.00000000000000000000 0.10174254756120860999
0.00000000000000000000 0.10176784103030377115
0.00000000000000000000 0.10187809963382245260
0.00000000000000000000 0.10191104840436934764
0.00000000000000000000 0.10193612567468463004
0.00000000000000000000 0.10214801531847066129
0.00000000000000000000 0.10231541097822771658
0.00000000000000000000 0.10232095407955628386
0.00000000000000000000 0.10238734928504884814
0.00000000000000000000 0.10248597418468009812
0.00000000000000000000 0.10258967510501039444
0.00000000000000000000 0.10261807416348693589
0.00000000000000000000 0.10302008150543719156
0.00000000000000000000 0.10305872218211285796
0.00000000000000000000 0.10309900247125593220
0.00000000000000000000 0.10323826311045147808
0.00000000000000000000 0.10340486693334115242
0.00000000000000000000 0.10341354127502927485
0.00000000000000000000 0.10375938039045325134
0.00000000000000000000 0.10389264594557788557
0.00000000000000000000 0.10389964263383948129
0.00000000000000000000 0.10432640060208844823
0.00000000000000000000 0.10442894484690649903
0.00000000000000000000 0.10445593345033982180
0.00000000000000000000 0.10463974123538181960
0.00000000000000000000 0.10465156971150904597
0.00000000000000000000 0.10527723957905764374
0.00000000000000000000 0.10532987727211269580
0.00000000000000000000 0.10535120781872829576
0.00000000000000000000 0.10536937377229391166
0.00000000000000000000 0.10541979104305694570
0.00000000000000000000 0.10553725056702101259
0.00000000000000000000 0.10554901107648292924
0.00000000000000000000 0.10600847665558264799
0.00000000000000000000 0.10604560346334621079
0.00000000000000000000 0.10626754247403133458
0.00000000000000000000 0.10650015340938284725
0.00000000000000000000 0.10654382131837134007
0.00000000000000000000 0.10665922996734908401
0.00000000000000000000 0.10672939763134302316
0.00000000000000000000 0.10716646962247294850
0.00000000000000000000 0.10717496748085554581
0.00000000000000000000 0.10781076334046997556
0.00000000000000000000 0.10789959461592005252
0.00000000000000000000 0.10793345179236765730
0.00000000000000000000 0.10794518887038785648
0.00000000000000000000 0.10815473619216610379
0.00000000000000000000 0.10847378057603275503
0.00000000000000000000 0.10847879517825603779
0.00000000000000000000 0.10864475389946098849
0.00000000000000000000 0.10890021642506231281
0.00000000000000000000 0.10892749307824448057
0.00000000000000000000 0.10916422658603751328
0.00000000000000000000 0.10930623770687110385
0.00000000000000000000 0.10967067390292194184
0.00000000000000000000 0.10988984590949986420
0.00000000000000000000 0.10998985913322334440
0.00000000000000000000 0.10999962093938676910
0.00000000000000000000 0.11024164368604774666
0.00000000000000000000 0.11034680972136429178
0.00000000000000000000 0.11039600382697713210
0.00000000000000000000 0.11075584747942039676
0.00000000000000000000 0.11087869580473440345
0.00000000000000000000 0.11104951493437507926
0.00000000000000000000 0.11144405573948397425
0.00000000000000000000 0.11149762482542145692
0.00000000000000000000 0.11166817534595820105
0.00000000000000000000 0.11174538159006185134
0.00000000000000000000 0.11199348905338737947
0.00000000000000000000 0.11231793912709499283
0.00000000000000000000 0.11264347227198870383
0.00000000000000000000 0.11282981006394718348
0.00000000000000000000 0.11318514554421278684
0.00000000000000000000 0.11323812475688398160
0.00000000000000000000 0.11362045448487530230
0.00000000000000000000 0.11391273660966853842
0.00000000000000000000 0.11407478884481561665
0.00000000000000000000 0.11413222880251060187
0.00000000000000000000 0.11420817512265774019
0.00000000000000000000 0.11432823013428519698
0.00000000000000000000 0.11432861516216920317
0.00000000000000000000 0.11489260785874834403
0.00000000000000000000 0.11516569693269113062
0.00000000000000000000 0.11520329725767064488
0.00000000000000000000 0.11522695705639629526
0.00000000000000000000 0.11528155854413529857
0.00000000000000000000 0.11558945241432262707
0.00000000000000000000 0.11561036637680831285
0.00000000000000000000 0.11616531805785017262
0.00000000000000000000 0.11631134762462499999
0.00000000000000000000 0.11633099683867004215
0.00000000000000000000 0.11649650202017655665
0.00000000000000000000 0.11681495652264418939
0.00000000000000000000 0.11709584591034212508
0.00000000000000000000 0.11721277801020051068
0.00000000000000000000 0.11724644793504974960
0.00000000000000000000 0.11750342756490710083
0.00000000000000000000 0.11778571727353109866
0.00000000000000000000 0.11794611108772351526
0.00000000000000000000 0.11795543656638024510
0.00000000000000000000 0.11806312249064242204
0.00000000000000000000 0.11883455937220538390
0.00000000000000000000 0.11983877439598232539
0.00000000000000000000 0.11998115577018367284
0.00000000000000000000 0.12007112419930458802
0.00000000000000000000 0.12007425373431948601
0.00000000000000000000 0.12028295887035242440
0.00000000000000000000 0.12114088940774948855
0.00000000000000000000 0.12117335633622945690
0.00000000000000000000 0.12151770663252396687
0.00000000000000000000 0.12196409673157186659
0.00000000000000000000 0.12204998455736651430
0.00000000000000000000 0.12230636329124354444
0.00000000000000000000 0.12244299795505636519
0.00000000000000000000 0.12283391740817772853
0.00000000000000000000 0.12297457592913625668
0.00000000000000000000 0.12304203659233664547
0.00000000000000000000 0.12363328355771788236
0.00000000000000000000 0.12365963247831206206
0.00000000000000000000 0.12387029948516256606
0.00000000000000000000 0.12388952303982016245
0.00000000000000000000 0.12427167822896764693
0.00000000000000000000 0.12434557764565667970
0.00000000000000000000 0.12438994590306355625
0.00000000000000000000 0.12486631368469117143
0.00000000000000000000 0.12654684875911909048
0.00000000000000000000 0.12655265741846016825
0.00000000000000000000 0.12726537484951885859
0.00000000000000000000 0.12752755367925044938
0.00000000000000000000 0.12781116598814482033
0.00000000000000000000 0.12892628374451953199
0.00000000000000000000 0.12965799250870665982
0.00000000000000000000 0.13040761240148102118
0.00000000000000000000 0.13078469883083149172
0.00000000000000000000 0.13080456127234077468
0.00000000000000000000 0.13111087310599231492
0.00000000000000000000 0.13174472316623553336
0.00000000000000000000 0.13250589170210624879
0.00000000000000000000 0.13501039613270668371
0.00000000000000000000 0.13516045715641528124
0.00000000000000000000 0.13540650584121066702
0.00000000000000000000 0.13570006660832040213
0.00000000000000000000 0.13683714477250955022
0.00000000000000000000 0.13740630703813358493
0.00000000000000000000 0.14038201927762752885
0.00000000000000000000 0.14074110425291114224
0.00000000000000000000 0.14272899656227286402
0.00000000000000000000 0.14322045881340172979
0.00000000000000000000 0.14376606684250303747
0.00000000000000000000 0.14412428666810536693
0.00000000000000000000 0.15147305794733162410
0.00000000000000000000 0.15232472808987645996
0.00000000000000000000 0.15788820588151228352
0.00000000000000000000 0.15964680007686188334
0.00000000000000000000 0.16169743078286824556
0.00000000000000000000 0.18644491144771699331
0.00000000000000000000 1.73205080756887719318
