0.00000000000000000000 0.00152416283930430782
0.00000000000000000000 0.00170666778791921840
0.00000000000000000000 0.00172331674858217923
0.00000000000000000000 0.00240969079483105593
0.00000000000000000000 0.00244479128245711106
0.00000000000000000000 0.00266686065300342267
0.00000000000000000000 0.00273630267519553178
0.00000000000000000000 0.00299824357299114828
0.00000000000000000000 0.00301035677528303401
0.00000000000000000000 0.00307951645397507414
0.00000000000000000000 0.00327168306832650857
0.00000000000000000000 0.00341079137849641806
0.00000000000000000000 0.00352526470475591526
0.00000000000000000000 0.00353857673694604226
0.00000000000000000000 0.00366456644046242496
0.00000000000000000000 0.00390927830842364640
0.00000000000000000000 0.00396090958026613319
0.00000000000000000000 0.00408343006344843214
0.00000000000000000000 0.00437341513429309343
0.00000000000000000000 0.00440604796056010602
0.00000000000000000000 0.00445293695619452742
0.00000000000000000000 0.00451797111932052825
0.00000000000000000000 0.00453990626611606302
0.00000000000000000000 0.00460136850276151536
0.00000000000000000000 0.00463520092741719503
0.00000000000000000000 0.00469224627502208124
0.00000000000000000000 0.00478929782982983124
0.00000000000000000000 0.00483702429091858316
0.00000000000000000000 0.00483755023879078178
0.00000000000000000000 0.00486685509244943332
0.00000000000000000000 0.00500670111496549254
0.00000000000000000000 0.00502185734176673407
0.00000000000000000000 0.00513427912749047938
0.00000000000000000000 0.00514891483357713363
0.00000000000000000000 0.00517141690381510248
0.00000000000000000000 0.00520266422891887612
0.00000000000000000000 0.00523464988135337577
0.00000000000000000000 0.00525851716937467302
0.00000000000000000000 0.00528477873855111909
0.00000000000000000000 0.00529615957983247711
0.00000000000000000000 0.00531987134565809015
0.00000000000000000000 0.00533300992766655262
0.00000000000000000000 0.00540319188958325678
0.00000000000000000000 0.00541077253630192854
0.00000000000000000000 0.00541148515967709333
0.00000000000000000000 0.00542852116336353576
0.00000000000000000000 0.00559909246312763689
0.00000000000000000000 0.00570236737593044635
0.00000000000000000000 0.00577582998654127544
0.00000000000000000000 0.00578993790490836026
0.00000000000000000000 0.00586540123984959864
0.00000000000000000000 0.00587521877524708764
0.00000000000000000000 0.00592764483267522319
0.00000000000000000000 0.00601400161925836306
0.00000000000000000000 0.00607139317663245130
0.00000000000000000000 0.00611064453222391005
0.00000000000000000000 0.00618736887800815961
0.00000000000000000000 0.00619227802839763912
0.00000000000000000000 0.00622505995779158456
0.00000000000000000000 0.00623571882847833575
0.00000000000000000000 0.00624873240399223193
0.00000000000000000000 0.00634901261647567803
0.00000000000000000000 0.00645300255374226580
0.00000000000000000000 0.00649450580253758871
0.00000000000000000000 0.00651368807138971544
0.00000000000000000000 0.00663304360007783457
0.00000000000000000000 0.00668563992424610950
0.00000000000000000000 0.00679218146937475651
0.00000000000000000000 0.00680411089981333445
0.00000000000000000000 0.00692958623513284782
0.00000000000000000000 0.00693907066079152944
0.00000000000000000000 0.00696008595533620204
0.00000000000000000000 0.00703447789083056982
0.00000000000000000000 0.00706161050074449737
0.00000000000000000000 0.00707355377729006456
0.00000000000000000000 0.00716302220385890958
0.00000000000000000000 0.00724800974743352623
0.00000000000000000000 0.00725338030637502195
0.00000000000000000000 0.00736266221318053905
0.00000000000000000000 0.00739420720574370492
0.00000000000000000000 0.00741712937322356377
0.00000000000000000000 0.00741867702683608656
0.00000000000000000000 0.00744128237087756869
0.00000000000000000000 0.00748555167766861828
0.00000000000000000000 0.00754506815680140112
0.00000000000000000000 0.00754919750668386468
0.00000000000000000000 0.00755037619729085393
0.00000000000000000000 0.00757264102141426941
0.00000000000000000000 0.00757666633808688327
0.00000000000000000000 0.00762016082307391280
0.00000000000000000000 0.00768819647495208765
0.00000000000000000000 0.00771097912932730035
0.00000000000000000000 0.00773889781693237917
0.00000000000000000000 0.00774533592186848162
0.00000000000000000000 0.00775586963668295059
0.00000000000000000000 0.00780046094687199786
0.00000000000000000000 0.00786808120031059349
0.00000000000000000000 0.00787690794628332150
0.00000000000000000000 0.00789516672444191304
0.00000000000000000000 0.00791945199127586964
0.00000000000000000000 0.00796926722592616356
0.00000000000000000000 0.00800150059795763473
0.00000000000000000000 0.00802270660279908072
0.00000000000000000000 0.00803889853937262561
0.00000000000000000000 0.00811818051486780552
0.00000000000000000000 0.00813019497490826380
0.00000000000000000000 0.00813275070735496562
0.00000000000000000000 0.00814607727504340282
0.00000000000000000000 0.00822919974372332032
0.00000000000000000000 0.00823546129475669596
0.00000000000000000000 0.00823775656263621946
0.00000000000000000000 0.00827551267810788631
0.00000000000000000000 0.00828370039276005513
0.00000000000000000000 0.00828439339218057548
0.00000000000000000000 0.00832223099444899875
0.00000000000000000000 0.00833238056599790861
0.00000000000000000000 0.00833492025926924930
0.00000000000000000000 0.00833748518596994642
0.00000000000000000000 0.00837449428864577190
0.00000000000000000000 0.00839056541807431562
0.00000000000000000000 0.00839093868621146322
0.00000000000000000000 0.00842341613168679816
0.00000000000000000000 0.00856088877212707842
0.00000000000000000000 0.00856805269059546411
0.00000000000000000000 0.00858746720711179787
0.00000000000000000000 0.00859059969199432033
0.00000000000000000000 0.00864766073042612902
0.00000000000000000000 0.00865483897131432388
0.00000000000000000000 0.00866916188720825466
0.00000000000000000000 0.00875090951118746331
0.00000000000000000000 0.00881896630759654299
0.00000000000000000000 0.00885439350295595153
0.00000000000000000000 0.00891160189204483200
0.00000000000000000000 0.00891519108641068529
0.00000000000000000000 0.00899104286843895907
0.00000000000000000000 0.00899631259190396271
0.00000000000000000000 0.00901179595816973406
0.00000000000000000000 0.00904896429124014100
0.00000000000000000000 0.00908992163833047435
0.00000000000000000000 0.00912602700478776750
0.00000000000000000000 0.00916761499815201171
0.00000000000000000000 0.00918315050622169060
0.00000000000000000000 0.00924111964950567050
0.00000000000000000000 0.00926202476475579579
0.00000000000000000000 0.00927035731722316604
0.00000000000000000000 0.00929155224312118097
0.00000000000000000000 0.00930757013257196321
0.00000000000000000000 0.00931137360361065577
0.00000000000000000000 0.00933396079591360638
0.00000000000000000000 0.00933725063785826280
0.00000000000000000000 0.00936443735429850176
0.00000000000000000000 0.00938784188658690899
0.00000000000000000000 0.00939409481184194477
0.00000000000000000000 0.00939993377273080390
0.00000000000000000000 0.00943606743604467890
0.00000000000000000000 0.00944685310034806131
0.00000000000000000000 0.00954537797307151818
0.00000000000000000000 0.00954637109366563742
0.00000000000000000000 0.00954952943669312888
0.00000000000000000000 0.00962021789783271478
0.00000000000000000000 0.00964402559238051842
0.00000000000000000000 0.00964499625710965591
0.00000000000000000000 0.00970101880886311586
0.00000000000000000000 0.00976566808063898152
0.00000000000000000000 0.00976988424079652806
0.00000000000000000000 0.00978769175749426810
0.00000000000000000000 0.00982858878668114826
0.00000000000000000000 0.00985317752033246057
0.00000000000000000000 0.00989104658135927031
0.00000000000000000000 0.00989396830684730055
0.00000000000000000000 0.00990773367692457385
0.00000000000000000000 0.00992038423971112852
0.00000000000000000000 0.00992614560905513178
0.00000000000000000000 0.00995421805943065043
0.00000000000000000000 0.00997165835039058937
0.00000000000000000000 0.01003902558543359747
0.00000000000000000000 0.01006539473787132488
0.00000000000000000000 0.01008570112815713148
0.00000000000000000000 0.01009828319245681394
0.00000000000000000000 0.01012229961750753422
0.00000000000000000000 0.01012537356215007824
0.00000000000000000000 0.01013908695445936252
0.00000000000000000000 0.01018415304832117653
0.00000000000000000000 0.01019624742834587990
0.00000000000000000000 0.01020172694740890951
0.00000000000000000000 0.01022527836405973632
0.00000000000000000000 0.01028592416715879733
0.00000000000000000000 0.01031786763160960282
0.00000000000000000000 0.01033299051156056671
0.00000000000000000000 0.01037564094159214648
0.00000000000000000000 0.01042094550122626105
0.00000000000000000000 0.01045286637950951225
0.00000000000000000000 0.01046092333069490246
0.00000000000000000000 0.01050219008343896386
0.00000000000000000000 0.01056758200211650733
0.00000000000000000000 0.01058173797215044253
0.00000000000000000000 0.01063848793639344224
0.00000000000000000000 0.01063983934658516151
0.00000000000000000000 0.01066010109683622649
0.00000000000000000000 0.01066386963856159019
0.00000000000000000000 0.01066909822602726127
0.00000000000000000000 0.01073453997501026304
0.00000000000000000000 0.01074899952972691898
0.00000000000000000000 0.01075048205583179102
0.00000000000000000000 0.01076971600472484587
0.00000000000000000000 0.01077950445419372308
0.00000000000000000000 0.01083118208112573456
0.00000000000000000000 0.01085040742164684012
0.00000000000000000000 0.01085173867719835955
0.00000000000000000000 0.01092484548621481741
0.00000000000000000000 0.01093195437600867972
0.00000000000000000000 0.01093222954019840328
0.00000000000000000000 0.01096919215453134866
0.00000000000000000000 0.01098310778036169777
0.00000000000000000000 0.01104717025274064464
0.00000000000000000000 0.01106418554178810291
0.00000000000000000000 0.01115818520843404014
0.00000000000000000000 0.01116765673937629433
0.00000000000000000000 0.01118564544553630156
0.00000000000000000000 0.01121121466980810541
0.00000000000000000000 0.01126585904829276868
0.00000000000000000000 0.01129734632806099134
0.00000000000000000000 0.01132871981261781777
0.00000000000000000000 0.01134197106094934904
0.00000000000000000000 0.01136234120634608581
0.00000000000000000000 0.01138757647703703829
0.00000000000000000000 0.01140771072070693483
0.00000000000000000000 0.01143187014378108622
0.00000000000000000000 0.01147499266643100049
0.00000000000000000000 0.01148855445927206113
0.00000000000000000000 0.01152389667314187433
0.00000000000000000000 0.01152991048060811319
0.00000000000000000000 0.01158534730599383375
0.00000000000000000000 0.01160285928241024112
0.00000000000000000000 0.01168120028162232711
0.00000000000000000000 0.01172039801715877780
0.00000000000000000000 0.01174025695970956455
0.00000000000000000000 0.01176786850141747602
0.00000000000000000000 0.01178834772458887785
0.00000000000000000000 0.01180971387426034067
0.00000000000000000000 0.01181932398730557894
0.00000000000000000000 0.01186011461506160554
0.00000000000000000000 0.01186893922137136938
0.00000000000000000000 0.01187347185511207839
0.00000000000000000000 0.01188240528112553644
0.00000000000000000000 0.01188964052547376166
0.00000000000000000000 0.01189467276136746930
0.00000000000000000000 0.01191134599950274299
0.00000000000000000000 0.01193631258196545600
0.00000000000000000000 0.01195938925523224762
0.00000000000000000000 0.01199747051573495094
0.00000000000000000000 0.01203009187541481673
0.00000000000000000000 0.01206172407439602343
0.00000000000000000000 0.01210071348739784163
0.00000000000000000000 0.01214021343264324627
0.00000000000000000000 0.01217077309693914526
0.00000000000000000000 0.01221824129834422380
0.00000000000000000000 0.01226506075252253684
0.00000000000000000000 0.01229787858009729652
0.00000000000000000000 0.01230342710981746635
0.00000000000000000000 0.01235357747894243706
0.00000000000000000000 0.01239286533622610195
0.00000000000000000000 0.01239698149027984239
0.00000000000000000000 0.01248184134571804667
0.00000000000000000000 0.01249143156247383910
0.00000000000000000000 0.01250259417412270986
0.00000000000000000000 0.01251799655601879696
0.00000000000000000000 0.01258347389183021164
0.00000000000000000000 0.01260496031366641762
0.00000000000000000000 0.01262394181929917848
0.00000000000000000000 0.01265315347110787178
0.00000000000000000000 0.01266079050136600416
0.00000000000000000000 0.01266985308587853347
0.00000000000000000000 0.01267291479075950342
0.00000000000000000000 0.01267962890120157178
0.00000000000000000000 0.01269560658192632474
0.00000000000000000000 0.01272017030086322435
0.00000000000000000000 0.01276196242337669477
0.00000000000000000000 0.01277265619855196856
0.00000000000000000000 0.01280787663647121877
0.00000000000000000000 0.01284428458913546706
0.00000000000000000000 0.01297288277732560474
0.00000000000000000000 0.01302515966752637241
0.00000000000000000000 0.01310020760450112016
0.00000000000000000000 0.01312968237188141991
0.00000000000000000000 0.01318822064156146244
0.00000000000000000000 0.01322162382475130030
0.00000000000000000000 0.01326347810170400848
0.00000000000000000000 0.01326507142341325912
0.00000000000000000000 0.01334296663693570160
0.00000000000000000000 0.01334466052654417929
0.00000000000000000000 0.01335210222130061436
0.00000000000000000000 0.01336604174688479224
0.00000000000000000000 0.01336736480490381511
0.00000000000000000000 0.01345215026675946821
0.00000000000000000000 0.01345296513510193560
0.00000000000000000000 0.01354508327114286800
0.00000000000000000000 0.01362457244413936217
0.00000000000000000000 0.01362472411684476775
0.00000000000000000000 0.01362675286232652334
0.00000000000000000000 0.01364777748370746106
0.00000000000000000000 0.01368876247315428674
0.00000000000000000000 0.01370800279823942286
0.00000000000000000000 0.01372271895695239240
0.00000000000000000000 0.01373310948637236455
0.00000000000000000000 0.01375320348123494629
0.00000000000000000000 0.01375794703555515731
0.00000000000000000000 0.01380762414661200477
0.00000000000000000000 0.01382833419050934209
0.00000000000000000000 0.01385729979032113320
0.00000000000000000000 0.01388685050233273537
0.00000000000000000000 0.01394223845606893525
0.00000000000000000000 0.01394496970395498435
0.00000000000000000000 0.01397662843897648326
0.00000000000000000000 0.01407935670828232462
0.00000000000000000000 0.01433773734818874143
0.00000000000000000000 0.01442594049897311798
0.00000000000000000000 0.01443551327732661184
0.00000000000000000000 0.01450333340170767774
0.00000000000000000000 0.01452293916031651214
0.00000000000000000000 0.01455401811260683895
0.00000000000000000000 0.01460133206108012692
0.00000000000000000000 0.01476048257669679981
0.00000000000000000000 0.01477803862020986292
0.00000000000000000000 0.01484205147281362352
0.00000000000000000000 0.01484746726050889358
0.00000000000000000000 0.01488084814018560999
0.00000000000000000000 0.01498523174074198154
0.00000000000000000000 0.01499763136830797004
0.00000000000000000000 0.01505430598562368730
0.00000000000000000000 0.01505619090276434646
0.00000000000000000000 0.01508075219936882636
0.00000000000000000000 0.01512288862367117299
0.00000000000000000000 0.01512713824456582770
0.00000000000000000000 0.01526989653074412034
0.00000000000000000000 0.01527463548860316135
0.00000000000000000000 0.01529938396096400602
0.00000000000000000000 0.01537337000846876120
0.00000000000000000000 0.01540671416803928231
0.00000000000000000000 0.01544964419784978713
0.00000000000000000000 0.01545509850354822440
0.00000000000000000000 0.01547562433861305632
0.00000000000000000000 0.01547620833554877277
0.00000000000000000000 0.01551644031151147227
0.00000000000000000000 0.01556079956986042810
0.00000000000000000000 0.01564085986454260765
0.00000000000000000000 0.01568964497636385347
0.00000000000000000000 0.01571664555241963565
0.00000000000000000000 0.01572768368302866066
0.00000000000000000000 0.01578241625394158701
0.00000000000000000000 0.01580273434323342316
0.00000000000000000000 0.01580528646245906235
0.00000000000000000000 0.01585528053313357486
0.00000000000000000000 0.01598329781781826497
0.00000000000000000000 0.01612276832218355674
0.00000000000000000000 0.01621528240231503645
0.00000000000000000000 0.01629475678652269124
0.00000000000000000000 0.01638213441887259245
0.00000000000000000000 0.01638645326933965002
0.00000000000000000000 0.01639511687352568706
0.00000000000000000000 0.01658566480088671108
0.00000000000000000000 0.01660234898255591451
0.00000000000000000000 0.01660610241361876876
0.00000000000000000000 0.01663992816816838721
0.00000000000000000000 0.01665162320404098631
0.00000000000000000000 0.01665749731071598100
0.00000000000000000000 0.01672762699182091251
0.00000000000000000000 0.01691326259206077376
0.00000000000000000000 0.01698414224825143745
0.00000000000000000000 0.01703968581905788982
0.00000000000000000000 0.01706262988249201973
0.00000000000000000000 0.01706548762225151838
0.00000000000000000000 0.01710245066334452682
0.00000000000000000000 0.01712782797896567066
0.00000000000000000000 0.01713955228063501757
0.00000000000000000000 0.01721973576380423504
0.00000000000000000000 0.01722959810944535777
0.00000000000000000000 0.01726246753952602811
0.00000000000000000000 0.01727355553756878756
0.00000000000000000000 0.01727758805853628690
0.00000000000000000000 0.01729356527215243286
0.00000000000000000000 0.01732734294793429261
0.00000000000000000000 0.01736497210991423332
0.00000000000000000000 0.01747515893007868873
0.00000000000000000000 0.01749076940419943063
0.00000000000000000000 0.01761370068156702801
0.00000000000000000000 0.01770292708145216470
0.00000000000000000000 0.01774270881882173898
0.00000000000000000000 0.01777441512649655109
0.00000000000000000000 0.01778949104009933460
0.00000000000000000000 0.01780674252159877499
0.00000000000000000000 0.01784320109249117742
0.00000000000000000000 0.01789473823267921301
0.00000000000000000000 0.01794814110091600204
0.00000000000000000000 0.01795294783587136900
0.00000000000000000000 0.01801090240713587934
0.00000000000000000000 0.01801297495025866446
0.00000000000000000000 0.01808414716126530847
0.00000000000000000000 0.01816959800421818691
0.00000000000000000000 0.01839758297626269135
0.00000000000000000000 0.01844488959653668714
0.00000000000000000000 0.01847955762395918702
0.00000000000000000000 0.01857801697561365512
0.00000000000000000000 0.01862833947730894307
0.00000000000000000000 0.01866385216955740098
0.00000000000000000000 0.01869690037933073937
0.00000000000000000000 0.01870435766286942039
0.00000000000000000000 0.01874625756123398865
0.00000000000000000000 0.01883376967206900829
0.00000000000000000000 0.01896297468171277353
0.00000000000000000000 0.01903410692845256338
0.00000000000000000000 0.01907043070560323489
0.00000000000000000000 0.01916929640147567449
0.00000000000000000000 0.01929157319800857417
0.00000000000000000000 0.01931954787463633846
0.00000000000000000000 0.01946505004453645202
0.00000000000000000000 0.01948081089745515998
0.00000000000000000000 0.01948683204683329326
0.00000000000000000000 0.01950105951677653243
0.00000000000000000000 0.01955139406515106482
0.00000000000000000000 0.01955798288533059162
0.00000000000000000000 0.01978334712842981513
0.00000000000000000000 0.01984722692362762136
0.00000000000000000000 0.02000013004480531362
0.00000000000000000000 0.02020606540498658121
0.00000000000000000000 0.02021729982000102649
0.00000000000000000000 0.02029978502459772738
0.00000000000000000000 0.02039160092246059680
0.00000000000000000000 0.02039895076604287052
0.00000000000000000000 0.02040156458852709215
0.00000000000000000000 0.02060924178225774506
0.00000000000000000000 0.02077390754322494190
0.00000000000000000000 0.02083179608802577382
0.00000000000000000000 0.02088414343565898196
0.00000000000000000000 0.02088819383176985373
0.00000000000000000000 0.02102383978658259669
0.00000000000000000000 0.02115748213952039700
0.00000000000000000000 0.02147053621166366416
0.00000000000000000000 0.02147706193837740571
0.00000000000000000000 0.02153737331854974069
0.00000000000000000000 0.02154348103639748893
0.00000000000000000000 0.02159813335846202248
0.00000000000000000000 0.02167796203347010370
0.00000000000000000000 0.02177520479757988695
0.00000000000000000000 0.02195116916122319406
0.00000000000000000000 0.02206987749834945362
0.00000000000000000000 0.02208585209519520198
0.00000000000000000000 0.02218218056193262816
0.00000000000000000000 0.02281376438226141376
0.00000000000000000000 0.02282558848423840020
0.00000000000000000000 0.02296044788525670663
0.00000000000000000000 0.02299341211989597636
0.00000000000000000000 0.02313521755617346104
0.00000000000000000000 0.02334015487268059977
0.00000000000000000000 0.02339537856459416101
0.00000000000000000000 0.02346289645459583711
0.00000000000000000000 0.02360451133115060163
0.00000000000000000000 0.02366001975590451348
0.00000000000000000000 0.02368970658794434039
0.00000000000000000000 0.02390803470513571533
0.00000000000000000000 0.02391596490905168945
0.00000000000000000000 0.02439230344442521251
0.00000000000000000000 0.02452256763247039409
0.00000000000000000000 0.02462259571765393687
0.00000000000000000000 0.02495921489971886925
0.00000000000000000000 0.02498349827662573602
0.00000000000000000000 0.02510922099938280722
0.00000000000000000000 0.02528438473841871856
0.00000000000000000000 0.02538224018845111271
0.00000000000000000000 0.02565885306369902405
0.00000000000000000000 0.02567050732011702530
0.00000000000000000000 0.02649868721490860821
0.00000000000000000000 0.02695737703322520495
0.00000000000000000000 0.02731296702420767109
0.00000000000000000000 0.02773836711431968208
0.00000000000000000000 0.02779197611182892755
0.00000000000000000000 0.02779243921632102918
0.00000000000000000000 0.02779783918522894109
0.00000000000000000000 0.02796519928628940846
0.00000000000000000000 0.02895481321672389169
0.00000000000000000000 0.02903717167747806721
0.00000000000000000000 0.02904085514408336760
0.00000000000000000000 0.02941741511745573842
0.00000000000000000000 0.02959466919624871920
0.00000000000000000000 0.02964134925661171191
0.00000000000000000000 0.02985089212906897119
0.00000000000000000000 0.03040473882118012103
0.00000000000000000000 0.03083803559610604275
0.00000000000000000000 0.03121215945223635574
0.00000000000000000000 0.03169288496061660465
0.00000000000000000000 0.03628687907502423787
0.00000000000000000000 0.03915217226653068538
0.00000000000000000000 0.04002023622074546427
0.00000000000000000000 0.04087868481533857290
0.00000000000000000000 0.04956532774657779888
0.00000000000000000000 0.06975925684968020679
0.00000000000000000000 0.07197706919511956403
0.00000000000000000000 0.17966752869118868263
0.00000000000000000000 0.25776064604276022196
0.00000000000000000000 1.73205080756887719318
