0.01633894852668668976 0.01666784290365344590
0.01531753261522110499 0.01678347290048768162
0.02104906863726272587 0.02327315584016446254
0.02341038339521947509 0.02420659868556448643
0.02376377312728533350 0.02568091000700014823
0.02361700160735786050 0.02569556199284469752
0.02625087803314766349 0.02969925336112407346
0.03365539604796843887 0.03385658653457947892
0.03117869234700539061 0.03403311766186285087
0.03441503958785613326 0.03491475395005898957
0.03095792820487049124 0.03499129818540273884
0.03489169863920410508 0.03566127826926666217
0.03041459903139874868 0.03698872684282221435
0.03085523583012289225 0.03747481787512466772
0.03692636065743905988 0.03766436454224542790
0.03729841856076897971 0.03793206979904410053
0.03392171518305512473 0.03795992951917870339
0.03501465601899974439 0.03831741362399389283
0.03135002100957239024 0.03877612353601209150
0.03530984602543821294 0.04030198098587079586
0.03465370440731536245 0.04218864110991281391
0.04242935505839390969 0.04249308921286344687
0.04056964941896335636 0.04264938033168604731
0.04049701692172442968 0.04304976727096449657
0.03397386103246203409 0.04397194561603679636
0.03760456333225992848 0.04434512757877850930
0.03632812138300881705 0.04564501926241430751
0.04046333905226517230 0.04575115358314900404
0.04392824843010554453 0.04611074196909691753
0.03418219340491204100 0.04670622591952953290
0.04555247745472928295 0.04697210438642705765
0.04476338232186360955 0.04697764456892749435
0.04649095985294312422 0.04731207069832382706
0.04151698677945010046 0.04760749532996945421
0.03120941513347607818 0.04778641424636966006
0.03376899678509502623 0.04807645662039689016
0.04719364701911624854 0.05041838370354038285
0.03285035104591841476 0.05070425556281338980
0.05193690250875875047 0.05209672422763624022
0.05052175929559500622 0.05234450287429351367
0.04482743219254053946 0.05257846784714518412
0.04476808346570595315 0.05268915838094475473
0.05142667496126251958 0.05322184725456158977
0.03621696320186964385 0.05467886215924617349
0.04192993886002224085 0.05553592205858848274
0.04843901918512667770 0.05643515889992729156
0.04514639192037529086 0.05728084048254704352
0.03483082975007979754 0.05777089053681519482
0.05246503900249158830 0.05787184006314566309
0.04785251400323776300 0.05798259945977442265
0.05475724906661341707 0.05802101485228766675
0.05795630464408981636 0.05864682174785676438
0.04791925618120699421 0.05965937687104643644
0.05069291723557335649 0.05992351212979938474
0.05158301291863758020 0.06027409685375102050
0.05956666645364727675 0.06374360760242137047
0.05827393830636756755 0.06402685696094326251
0.04519082654790474579 0.06498108813139306938
0.06439588521553786526 0.06498117740870426595
0.05640712660850148719 0.06582936673851141895
0.06110002816705254608 0.06603016646218372310
0.05280244595518357453 0.06669377304938645112
0.06456996432544512277 0.06924763891491873824
0.06097061390744050458 0.06928721836089835051
0.06530065066056491008 0.07117355518964231520
0.06223972915421049912 0.07226371387099067567
0.07190320821591501821 0.07351459177946367829
0.05330165286174202294 0.07637227202314851582
0.07353994071009367639 0.07871406125144148058
0.08123698948024568600 0.08240286112011475927
0.06938238935245231997 0.08376346356335219456
0.05062344026008439718 0.08426537120280007398
0.07793350445518694436 0.08660226913389873493
0.06079045853685106221 0.08693589517850078274
0.07918063799454398699 0.09027569256536346898
0.06752498475413266921 0.09161206044213965338
0.09024901360872281120 0.09226575535224004754
0.09103768787193908252 0.09719126191876766019
0.09449503517443895440 0.09737703354301312231
0.07434518124781176740 0.10053205580492505233
0.06583652467695629007 0.70239191543521617422
