0.00000000000000000000 0.01270081773568834151
0.00000000000000000000 0.01512972531700126216
0.00000000000000000000 0.01869178117715011508
0.00000000000000000000 0.01993931388289490320
0.00000000000000000000 0.02047783189892489475
0.00000000000000000000 0.02155510418882926674
0.00000000000000000000 0.02212732858564754254
0.00000000000000000000 0.02225416706544596640
0.00000000000000000000 0.02586077861800868682
0.00000000000000000000 0.02620307745059509072
0.00000000000000000000 0.02725238585312786399
0.00000000000000000000 0.02872511229873593239
0.00000000000000000000 0.03019424014634837505
0.00000000000000000000 0.03115943802541461249
0.00000000000000000000 0.03146401110970810377
0.00000000000000000000 0.03283540258272676926
0.00000000000000000000 0.03290869092942614454
0.00000000000000000000 0.03418919763663798989
0.00000000000000000000 0.03438604206896450632
0.00000000000000000000 0.03464827372967371755
0.00000000000000000000 0.03479348119235314840
0.00000000000000000000 0.03483108364851438682
0.00000000000000000000 0.03514200742713383813
0.00000000000000000000 0.03658636043633543139
0.00000000000000000000 0.03744630934604934597
0.00000000000000000000 0.03829833093039135272
0.00000000000000000000 0.03831817950318582716
0.00000000000000000000 0.04027393069797259584
0.00000000000000000000 0.04120941744165475956
0.00000000000000000000 0.04148857005593214325
0.00000000000000000000 0.04177583687103407495
0.00000000000000000000 0.04273009065185467276
0.00000000000000000000 0.04284739364020288127
0.00000000000000000000 0.04300438807748904052
0.00000000000000000000 0.04331798174994716533
0.00000000000000000000 0.04400599750098318358
0.00000000000000000000 0.04402490227973818865
0.00000000000000000000 0.04421682004461739701
0.00000000000000000000 0.04459493531854541448
0.00000000000000000000 0.04467051198589770677
0.00000000000000000000 0.04517439284577921821
0.00000000000000000000 0.04605305114588659904
0.00000000000000000000 0.04683191426402379814
0.00000000000000000000 0.04704283550566671496
0.00000000000000000000 0.04706646812581031375
0.00000000000000000000 0.04746581361024019424
0.00000000000000000000 0.04778195307898160799
0.00000000000000000000 0.04855754938592009989
0.00000000000000000000 0.04893843464538490812
0.00000000000000000000 0.04964132434483967127
0.00000000000000000000 0.04988036122909755149
0.00000000000000000000 0.04990885078611682901
0.00000000000000000000 0.05013016531278303989
0.00000000000000000000 0.05020864369440596747
0.00000000000000000000 0.05068553799080580125
0.00000000000000000000 0.05159495351411375746
0.00000000000000000000 0.05210390873021104180
0.00000000000000000000 0.05216571154351191258
0.00000000000000000000 0.05234473471829758501
0.00000000000000000000 0.05237830684106679902
0.00000000000000000000 0.05252170869513328455
0.00000000000000000000 0.05256785445562692227
0.00000000000000000000 0.05262084913302718381
0.00000000000000000000 0.05283661124826462274
0.00000000000000000000 0.05296939774957568764
0.00000000000000000000 0.05306657586959160483
0.00000000000000000000 0.05332757805062144502
0.00000000000000000000 0.05439181940504483198
0.00000000000000000000 0.05453478746452140868
0.00000000000000000000 0.05481113413641305193
0.00000000000000000000 0.05490667883792624271
0.00000000000000000000 0.05500617888740344519
0.00000000000000000000 0.05597284998374778969
0.00000000000000000000 0.05625431535924508425
0.00000000000000000000 0.05672240379263577409
0.00000000000000000000 0.05678345738958768402
0.00000000000000000000 0.05688504976271169244
0.00000000000000000000 0.05708991145219903529
0.00000000000000000000 0.05754649360300103517
0.00000000000000000000 0.05775609459420619207
0.00000000000000000000 0.05776354250606107604
0.00000000000000000000 0.05777146270340077078
0.00000000000000000000 0.05800395639900284006
0.00000000000000000000 0.05809944778102963531
0.00000000000000000000 0.05867285684878563445
0.00000000000000000000 0.05909302453653017539
0.00000000000000000000 0.05928906300833416271
0.00000000000000000000 0.05929818292901894994
0.00000000000000000000 0.05943573733534789072
0.00000000000000000000 0.05983418380790007235
0.00000000000000000000 0.06002923781391083374
0.00000000000000000000 0.06055883394763959815
0.00000000000000000000 0.06057344968867468815
0.00000000000000000000 0.06070813696251454311
0.00000000000000000000 0.06089509291988306344
0.00000000000000000000 0.06095366147135621027
0.00000000000000000000 0.06097093733734269133
0.00000000000000000000 0.06136731354041315839
0.00000000000000000000 0.06138449520236145818
0.00000000000000000000 0.06148405401283089239
0.00000000000000000000 0.06189448676782118713
0.00000000000000000000 0.06245868851213945416
0.00000000000000000000 0.06323728793730000464
0.00000000000000000000 0.06359149760182598865
0.00000000000000000000 0.06363982111237270756
0.00000000000000000000 0.06427064570483732864
0.00000000000000000000 0.06466617843824469525
0.00000000000000000000 0.06478841129812375199
0.00000000000000000000 0.06485752995127071208
0.00000000000000000000 0.06503399322282252260
0.00000000000000000000 0.06528158671427262971
0.00000000000000000000 0.06529886455066503947
0.00000000000000000000 0.06533481354129096197
0.00000000000000000000 0.06584725498631678609
0.00000000000000000000 0.06593951797462427322
0.00000000000000000000 0.06619002545151052297
0.00000000000000000000 0.06627339993030699483
0.00000000000000000000 0.06646485927897755053
0.00000000000000000000 0.06660764738424315712
0.00000000000000000000 0.06669930193574187538
0.00000000000000000000 0.06677737557647558941
0.00000000000000000000 0.06693381740950844760
0.00000000000000000000 0.06741144881576681402
0.00000000000000000000 0.06761327310441439531
0.00000000000000000000 0.06826561876465701839
0.00000000000000000000 0.06827606485752601984
0.00000000000000000000 0.06852731018778136785
0.00000000000000000000 0.06908051092015861372
0.00000000000000000000 0.06911461522850666228
0.00000000000000000000 0.06916873505865839267
0.00000000000000000000 0.06918241571127847767
0.00000000000000000000 0.06942198555782495839
0.00000000000000000000 0.06962980166734980547
0.00000000000000000000 0.06974401544047337254
0.00000000000000000000 0.06986305875392190279
0.00000000000000000000 0.07004751374966537714
0.00000000000000000000 0.07033121778016165893
0.00000000000000000000 0.07036338369586869756
0.00000000000000000000 0.07057457298554081770
0.00000000000000000000 0.07058199468700762647
0.00000000000000000000 0.07082891629790230570
0.00000000000000000000 0.07114631307465547894
0.00000000000000000000 0.07126928614543615037
0.00000000000000000000 0.07156809650747900098
0.00000000000000000000 0.07167046746337794871
0.00000000000000000000 0.07200322150963515966
0.00000000000000000000 0.07203388807190493071
0.00000000000000000000 0.07207149419743148766
0.00000000000000000000 0.07207326285322940285
0.00000000000000000000 0.07210206484373010705
0.00000000000000000000 0.07245288412353804997
0.00000000000000000000 0.07262686722093822378
0.00000000000000000000 0.07264753608634830218
0.00000000000000000000 0.07266830638341482962
0.00000000000000000000 0.07268883217583965717
0.00000000000000000000 0.07309715963393753624
0.00000000000000000000 0.07313157268401021538
0.00000000000000000000 0.07348567566171579357
0.00000000000000000000 0.07353286391345696671
0.00000000000000000000 0.07363483278031281165
0.00000000000000000000 0.07365052601239160945
0.00000000000000000000 0.07403001764637712201
0.00000000000000000000 0.07413494827280261990
0.00000000000000000000 0.07425042089902914033
0.00000000000000000000 0.07459015340248457970
0.00000000000000000000 0.07488919226306132992
0.00000000000000000000 0.07497770892542432453
0.00000000000000000000 0.07504723573743619924
0.00000000000000000000 0.07506284543382113483
0.00000000000000000000 0.07530310831009201511
0.00000000000000000000 0.07562945848367423618
0.00000000000000000000 0.07580251863057284323
0.00000000000000000000 0.07627247256860808511
0.00000000000000000000 0.07636189653638521257
0.00000000000000000000 0.07645329192044846012
0.00000000000000000000 0.07651001168961120424
0.00000000000000000000 0.07655371139061413477
0.00000000000000000000 0.07674407205314984215
0.00000000000000000000 0.07710974266097066210
0.00000000000000000000 0.07718325708051396172
0.00000000000000000000 0.07728164273824893182
0.00000000000000000000 0.07732374374746739387
0.00000000000000000000 0.07739568354136829031
0.00000000000000000000 0.07767713234673423450
0.00000000000000000000 0.07815182501392320402
0.00000000000000000000 0.07822268965547266029
0.00000000000000000000 0.07840538695674419134
0.00000000000000000000 0.07895709450772450677
0.00000000000000000000 0.07946145399005222210
0.00000000000000000000 0.07952374209161212903
0.00000000000000000000 0.07955125506119900547
0.00000000000000000000 0.07959566565867469412
0.00000000000000000000 0.07960754863865505959
0.00000000000000000000 0.07988339223701784730
0.00000000000000000000 0.07998835474632223774
0.00000000000000000000 0.08014205528326805161
0.00000000000000000000 0.08063148082561696905
0.00000000000000000000 0.08063325460417512802
0.00000000000000000000 0.08073935831935692697
0.00000000000000000000 0.08092415005279569862
0.00000000000000000000 0.08094759093557926666
0.00000000000000000000 0.08110157511324735113
0.00000000000000000000 0.08110667385147224406
0.00000000000000000000 0.08112177093268954642
0.00000000000000000000 0.08136142043261067325
0.00000000000000000000 0.08177180168679699934
0.00000000000000000000 0.08221646441928494309
0.00000000000000000000 0.08222397247547183485
0.00000000000000000000 0.08226195381641350501
0.00000000000000000000 0.08262096729570729547
0.00000000000000000000 0.08275130114855841490
0.00000000000000000000 0.08280728778459575667
0.00000000000000000000 0.08290686906552482971
0.00000000000000000000 0.08306607595820982015
0.00000000000000000000 0.08315837575542962823
0.00000000000000000000 0.08328626494698834759
0.00000000000000000000 0.08335352368926042532
0.00000000000000000000 0.08353964018556141180
0.00000000000000000000 0.08376983714233963985
0.00000000000000000000 0.08386524492545771592
0.00000000000000000000 0.08406205100194515112
0.00000000000000000000 0.08435364232164459242
0.00000000000000000000 0.08439296645041299838
0.00000000000000000000 0.08442896602816091223
0.00000000000000000000 0.08443412904669889141
0.00000000000000000000 0.08452824122607394131
0.00000000000000000000 0.08452872642420192206
0.00000000000000000000 0.08469540292609140097
0.00000000000000000000 0.08494487902235353660
0.00000000000000000000 0.08501782776165370259
0.00000000000000000000 0.08564978492634921226
0.00000000000000000000 0.08593383929012236855
0.00000000000000000000 0.08606423047585971819
0.00000000000000000000 0.08606556190758810065
0.00000000000000000000 0.08614506420156949063
0.00000000000000000000 0.08619525678235590016
0.00000000000000000000 0.08625814860912615900
0.00000000000000000000 0.08635827977265740640
0.00000000000000000000 0.08642987059714413167
0.00000000000000000000 0.08653554380569310200
0.00000000000000000000 0.08680236048441247743
0.00000000000000000000 0.08682379467022931230
0.00000000000000000000 0.08787625369252996532
0.00000000000000000000 0.08791548599921156226
0.00000000000000000000 0.08813298890377407879
0.00000000000000000000 0.08827184564037095227
0.00000000000000000000 0.08850376844080916350
0.00000000000000000000 0.08853031747892037284
0.00000000000000000000 0.08930009321639319209
0.00000000000000000000 0.08931798310012491193
0.00000000000000000000 0.08934274682311572902
0.00000000000000000000 0.08956722051007513785
0.00000000000000000000 0.08971296167771229679
0.00000000000000000000 0.08975860169867919125
0.00000000000000000000 0.08979294729897470406
0.00000000000000000000 0.08992543714351843021
0.00000000000000000000 0.09028392053569363196
0.00000000000000000000 0.09037061485334392519
0.00000000000000000000 0.09046760633022765674
0.00000000000000000000 0.09052400711746659556
0.00000000000000000000 0.09063933928562428743
0.00000000000000000000 0.09080193975223248282
0.00000000000000000000 0.09096068485207428611
0.00000000000000000000 0.09112390379779233829
0.00000000000000000000 0.09122151389287980194
0.00000000000000000000 0.09130850001493676094
0.00000000000000000000 0.09240572345707166735
0.00000000000000000000 0.09254741388373387279
0.00000000000000000000 0.09258169808394435540
0.00000000000000000000 0.09258685618444041643
0.00000000000000000000 0.09266179999958211455
0.00000000000000000000 0.09277707913857601019
0.00000000000000000000 0.09292012192316390085
0.00000000000000000000 0.09300519407453231024
0.00000000000000000000 0.09325514395721402894
0.00000000000000000000 0.09326681624530361314
0.00000000000000000000 0.09340602731885072618
0.00000000000000000000 0.09353593283441863360
0.00000000000000000000 0.09359950895035430707
0.00000000000000000000 0.09364433807499857043
0.00000000000000000000 0.09413140768420351356
0.00000000000000000000 0.09413258619776750102
0.00000000000000000000 0.09439246656830781179
0.00000000000000000000 0.09450853455566991801
0.00000000000000000000 0.09453056509051928347
0.00000000000000000000 0.09454309186433244860
0.00000000000000000000 0.09525983712085453470
0.00000000000000000000 0.09573549300375405746
0.00000000000000000000 0.09575458445911670669
0.00000000000000000000 0.09594547390320062874
0.00000000000000000000 0.09642833102888365149
0.00000000000000000000 0.09673615825767276077
0.00000000000000000000 0.09718011080050886763
0.00000000000000000000 0.09736689356831697284
0.00000000000000000000 0.09737242122340580841
0.00000000000000000000 0.09749935828986497355
0.00000000000000000000 0.09755776310418541597
0.00000000000000000000 0.09763253373159819226
0.00000000000000000000 0.09797598955059141912
0.00000000000000000000 0.09831897088901613013
0.00000000000000000000 0.09833118144392816173
0.00000000000000000000 0.09851132689874275705
0.00000000000000000000 0.09882364136209904892
0.00000000000000000000 0.09958184632527800062
0.00000000000000000000 0.09985819019109709593
0.00000000000000000000 0.10030374226034333152
0.00000000000000000000 0.10054912456602460580
0.00000000000000000000 0.10081468584739813887
0.00000000000000000000 0.10102429131029404263
0.00000000000000000000 0.10113204865564320856
0.00000000000000000000 0.10118831186532833977
0.00000000000000000000 0.10144732739904283036
0.00000000000000000000 0.10148505301483648489
0.00000000000000000000 0.10174766583097079320
0.00000000000000000000 0.10201021434021580181
0.00000000000000000000 0.10219495615987403414
0.00000000000000000000 0.10228826864118036044
0.00000000000000000000 0.10232103937484379741
0.00000000000000000000 0.10242989196783626460
0.00000000000000000000 0.10256041580133855307
0.00000000000000000000 0.10276866767329330410
0.00000000000000000000 0.10316895681237331361
0.00000000000000000000 0.10321550465320700196
0.00000000000000000000 0.10349231557503493772
0.00000000000000000000 0.10368295587413714487
0.00000000000000000000 0.10383309199268853096
0.00000000000000000000 0.10395069605723847306
0.00000000000000000000 0.10400811393776417113
0.00000000000000000000 0.10409172034484785729
0.00000000000000000000 0.10415210323150211891
0.00000000000000000000 0.10418198649719387361
0.00000000000000000000 0.10425048887712151657
0.00000000000000000000 0.10445475605764777127
0.00000000000000000000 0.10481932059306603433
0.00000000000000000000 0.10483876723367706318
0.00000000000000000000 0.10517229452069896956
0.00000000000000000000 0.10529877913793893318
0.00000000000000000000 0.10542478667154644989
0.00000000000000000000 0.10559911696781539014
0.00000000000000000000 0.10562710405335233588
0.00000000000000000000 0.10570740362242517230
0.00000000000000000000 0.10579335056978041163
0.00000000000000000000 0.10586678845107573566
0.00000000000000000000 0.10616879505005108464
0.00000000000000000000 0.10626714453332801458
0.00000000000000000000 0.10636332497447618939
0.00000000000000000000 0.10647869391179047571
0.00000000000000000000 0.10651798706288743979
0.00000000000000000000 0.10679122810140259658
0.00000000000000000000 0.10698905881656281536
0.00000000000000000000 0.10710182416625177448
0.00000000000000000000 0.10726337898468696341
0.00000000000000000000 0.10740331563975194507
0.00000000000000000000 0.10755119563247556025
0.00000000000000000000 0.10778100484362050648
0.00000000000000000000 0.10795916862434633277
0.00000000000000000000 0.10853686026374480267
0.00000000000000000000 0.10857280851758480122
0.00000000000000000000 0.10859253976772595407
0.00000000000000000000 0.10862431536058748949
0.00000000000000000000 0.10903102006624609821
0.00000000000000000000 0.10911338949525151154
0.00000000000000000000 0.10925597752003902985
0.00000000000000000000 0.10968437842625579359
0.00000000000000000000 0.10997202829146360270
0.00000000000000000000 0.11017421493835684310
0.00000000000000000000 0.11018056090684885673
0.00000000000000000000 0.11069237351699443006
0.00000000000000000000 0.11079681327650987843
0.00000000000000000000 0.11087523072682980985
0.00000000000000000000 0.11094558343206344098
0.00000000000000000000 0.11097153237583280705
0.00000000000000000000 0.11119813411101893419
0.00000000000000000000 0.11130136040239078932
0.00000000000000000000 0.11170681141385242763
0.00000000000000000000 0.11196418641512738412
0.00000000000000000000 0.11228996382821361533
0.00000000000000000000 0.11247884588549460216
0.00000000000000000000 0.11284911281312365317
0.00000000000000000000 0.11290824408026542414
0.00000000000000000000 0.11300641909866214474
0.00000000000000000000 0.11307734461482665811
0.00000000000000000000 0.11310804661267571947
0.00000000000000000000 0.11326636402729088615
0.00000000000000000000 0.11352406668428705050
0.00000000000000000000 0.11395698863881985330
0.00000000000000000000 0.11411319625214161322
0.00000000000000000000 0.11428785403019958711
0.00000000000000000000 0.11439870550529704363
0.00000000000000000000 0.11468227080967245690
0.00000000000000000000 0.11469063363075436557
0.00000000000000000000 0.11485066276931224505
0.00000000000000000000 0.11499320891776664000
0.00000000000000000000 0.11548062002687485561
0.00000000000000000000 0.11575096223099380632
0.00000000000000000000 0.11590299081012779558
0.00000000000000000000 0.11593758858295979963
0.00000000000000000000 0.11652074939902938577
0.00000000000000000000 0.11665065858833267853
0.00000000000000000000 0.11671503156465355688
0.00000000000000000000 0.11711655612058903542
0.00000000000000000000 0.11733796310707761412
0.00000000000000000000 0.11771352258310174843
0.00000000000000000000 0.11786845038344927195
0.00000000000000000000 0.11804503272565602945
0.00000000000000000000 0.11824471392485651211
0.00000000000000000000 0.11831217358326763522
0.00000000000000000000 0.11865004630137490627
0.00000000000000000000 0.11873681237605074323
0.00000000000000000000 0.11873739380543513189
0.00000000000000000000 0.12016981350772466819
0.00000000000000000000 0.12065211153057869842
0.00000000000000000000 0.12102132744097632289
0.00000000000000000000 0.12102553003237984108
0.00000000000000000000 0.12107671818225222704
0.00000000000000000000 0.12144407768061592223
0.00000000000000000000 0.12211691037778656110
0.00000000000000000000 0.12299531534658995902
0.00000000000000000000 0.12333490185923351445
0.00000000000000000000 0.12339983827364962854
0.00000000000000000000 0.12356482891661055290
0.00000000000000000000 0.12415963626087042626
0.00000000000000000000 0.12420879461065001403
0.00000000000000000000 0.12542709268407656320
0.00000000000000000000 0.12547589734039993337
0.00000000000000000000 0.12594558369823327659
0.00000000000000000000 0.12606199684672445005
0.00000000000000000000 0.12625147359074403997
0.00000000000000000000 0.12664383286849875687
0.00000000000000000000 0.12706062532641940188
0.00000000000000000000 0.12711041697658120864
0.00000000000000000000 0.12775620196297945985
0.00000000000000000000 0.12789141273435986057
0.00000000000000000000 0.12822540370800503129
0.00000000000000000000 0.12886013478955041234
0.00000000000000000000 0.12903158444169701702
0.00000000000000000000 0.12927087474077977869
0.00000000000000000000 0.12937451780108408239
0.00000000000000000000 0.12942945972125050047
0.00000000000000000000 0.12966229910217849652
0.00000000000000000000 0.12971779824526741276
0.00000000000000000000 0.13053488627175408032
0.00000000000000000000 0.13111342184176602577
0.00000000000000000000 0.13121747214700585360
0.00000000000000000000 0.13219789102163548300
0.00000000000000000000 0.13248816466963003746
0.00000000000000000000 0.13253450036661959532
0.00000000000000000000 0.13255207350510153641
0.00000000000000000000 0.13309138794327041166
0.00000000000000000000 0.13316993867571713661
0.00000000000000000000 0.13323512511517596191
0.00000000000000000000 0.13336423363503746575
0.00000000000000000000 0.13394798795909815259
0.00000000000000000000 0.13401865081190025841
0.00000000000000000000 0.13410028482334560018
0.00000000000000000000 0.13424727485028756235
0.00000000000000000000 0.13425778390817191821
0.00000000000000000000 0.13435907941438837709
0.00000000000000000000 0.13503196447177415185
0.00000000000000000000 0.13644436945797611127
0.00000000000000000000 0.13785287985000876931
0.00000000000000000000 0.13825193501501525928
0.00000000000000000000 0.13841657267781054541
0.00000000000000000000 0.13898118779241760978
0.00000000000000000000 0.13952522844376241684
0.00000000000000000000 0.13981135435276201284
0.00000000000000000000 0.14006017517436722408
0.00000000000000000000 0.14026772864465775204
0.00000000000000000000 0.14087091406386928472
0.00000000000000000000 0.14091680415842627871
0.00000000000000000000 0.14108392084593518456
0.00000000000000000000 0.14642745824441524838
0.00000000000000000000 0.14682895016620189921
0.00000000000000000000 0.14763627108120411235
0.00000000000000000000 0.14791808500792247294
0.00000000000000000000 0.14796634519623377835
0.00000000000000000000 0.14836621068167937798
0.00000000000000000000 0.14846610088141806716
0.00000000000000000000 0.14936502577768343003
0.00000000000000000000 0.14978607039914038079
0.00000000000000000000 0.15023534570416616218
0.00000000000000000000 0.15044772738094511211
0.00000000000000000000 0.15275118198004719594
0.00000000000000000000 0.15371911278562852554
0.00000000000000000000 0.15853178014663768525
0.00000000000000000000 0.16280093958946600941
0.00000000000000000000 0.16433694728517311834
0.00000000000000000000 0.16720185308272816904
0.00000000000000000000 0.17553325047637499678
0.00000000000000000000 0.17647843543197302973
0.00000000000000000000 0.17758767368131342379
0.00000000000000000000 0.18294446398544081389
0.00000000000000000000 0.18706685144824394817
0.00000000000000000000 0.19193576529441130907
0.00000000000000000000 0.19342314030199247998
0.00000000000000000000 0.19514043054748872463
0.00000000000000000000 0.19633463058354522213
0.00000000000000000000 0.20759200653004622472
0.00000000000000000000 0.22897395989674704242
0.00000000000000000000 1.73205080756887719318
