0.00000000000000000000 0.00140611308411869819
0.00000000000000000000 0.00167436791210968635
0.00000000000000000000 0.00213066208613924479
0.00000000000000000000 0.00233766093617567309
0.00000000000000000000 0.00236924688103744155
0.00000000000000000000 0.00250943496000593028
0.00000000000000000000 0.00278531776896738916
0.00000000000000000000 0.00296560796058778931
0.00000000000000000000 0.00374235815222157204
0.00000000000000000000 0.00394282594639550846
0.00000000000000000000 0.00465215205161150901
0.00000000000000000000 0.00470156671487712442
0.00000000000000000000 0.00480328922332884205
0.00000000000000000000 0.00490215575553093735
0.00000000000000000000 0.00503381164921690941
0.00000000000000000000 0.00504144937058859707
0.00000000000000000000 0.00511939032560594469
0.00000000000000000000 0.00521084058940404510
0.00000000000000000000 0.00568573801306675262
0.00000000000000000000 0.00571938212173285065
0.00000000000000000000 0.00577998245383944034
0.00000000000000000000 0.00590217117680259806
0.00000000000000000000 0.00593778405986725849
0.00000000000000000000 0.00596062222727335601
0.00000000000000000000 0.00603025314386775643
0.00000000000000000000 0.00622258779724376918
0.00000000000000000000 0.00624146956265474607
0.00000000000000000000 0.00640534911896653830
0.00000000000000000000 0.00655028127164530675
0.00000000000000000000 0.00656751383031038520
0.00000000000000000000 0.00665636576564035583
0.00000000000000000000 0.00676239586091704776
0.00000000000000000000 0.00691456431634402974
0.00000000000000000000 0.00695570286160247537
0.00000000000000000000 0.00714310220942704615
0.00000000000000000000 0.00720923042775312075
0.00000000000000000000 0.00752155509507148202
0.00000000000000000000 0.00753268165895144316
0.00000000000000000000 0.00758072519286242998
0.00000000000000000000 0.00759281390224415039
0.00000000000000000000 0.00776243099865999309
0.00000000000000000000 0.00789563996277574225
0.00000000000000000000 0.00790134664603341259
0.00000000000000000000 0.00799529797887215017
0.00000000000000000000 0.00807443725325470395
0.00000000000000000000 0.00813063906428586163
0.00000000000000000000 0.00813582163737166381
0.00000000000000000000 0.00817334094284239213
0.00000000000000000000 0.00818760937259035808
0.00000000000000000000 0.00825234738833490258
0.00000000000000000000 0.00833119921394094055
0.00000000000000000000 0.00834074477219687478
0.00000000000000000000 0.00857802813046489032
0.00000000000000000000 0.00857940692902301079
0.00000000000000000000 0.00863524613471994967
0.00000000000000000000 0.00894618463312673272
0.00000000000000000000 0.00895425693269969944
0.00000000000000000000 0.00902130939718529500
0.00000000000000000000 0.00911609854987045949
0.00000000000000000000 0.00928536121331718922
0.00000000000000000000 0.00947786977848499856
0.00000000000000000000 0.00953597228850511236
0.00000000000000000000 0.00957011147762516778
0.00000000000000000000 0.00965952398579466610
0.00000000000000000000 0.00966229941899461077
0.00000000000000000000 0.00987683537986045780
0.00000000000000000000 0.00988777572888981625
0.00000000000000000000 0.01016495957575783496
0.00000000000000000000 0.01025730125964541967
0.00000000000000000000 0.01038050852697764564
0.00000000000000000000 0.01047145573641419282
0.00000000000000000000 0.01052923980912099343
0.00000000000000000000 0.01055832403708384729
0.00000000000000000000 0.01058791568365361271
0.00000000000000000000 0.01060546256496303769
0.00000000000000000000 0.01072132504343975730
0.00000000000000000000 0.01076549734821232590
0.00000000000000000000 0.01078186836949712735
0.00000000000000000000 0.01081436185080795857
0.00000000000000000000 0.01083872994534838471
0.00000000000000000000 0.01085706737721670902
0.00000000000000000000 0.01087759459943668169
0.00000000000000000000 0.01088016091670101354
0.00000000000000000000 0.01088707827792253710
0.00000000000000000000 0.01093663391833507754
0.00000000000000000000 0.01101533315378627059
0.00000000000000000000 0.01105070502240939299
0.00000000000000000000 0.01107756496844304606
0.00000000000000000000 0.01117499961478725552
0.00000000000000000000 0.01122088087376028713
0.00000000000000000000 0.01122830791045371576
0.00000000000000000000 0.01126215127660357140
0.00000000000000000000 0.01135381420434221529
0.00000000000000000000 0.01144054107816290175
0.00000000000000000000 0.01154462199210008755
0.00000000000000000000 0.01161878308391860182
0.00000000000000000000 0.01163844261020492536
0.00000000000000000000 0.01170786924964679031
0.00000000000000000000 0.01174852646542786164
0.00000000000000000000 0.01180164718678791344
0.00000000000000000000 0.01189220249019213964
0.00000000000000000000 0.01189741432433724135
0.00000000000000000000 0.01197436543288224117
0.00000000000000000000 0.01210667125096000218
0.00000000000000000000 0.01219089410324422640
0.00000000000000000000 0.01219677168138061547
0.00000000000000000000 0.01226337196220067018
0.00000000000000000000 0.01251217743057179456
0.00000000000000000000 0.01257825954958785401
0.00000000000000000000 0.01272363229672186964
0.00000000000000000000 0.01281889630988173982
0.00000000000000000000 0.01288643290032231298
0.00000000000000000000 0.01289534681623223135
0.00000000000000000000 0.01292332319366650863
0.00000000000000000000 0.01293717313961613609
0.00000000000000000000 0.01309754916222529743
0.00000000000000000000 0.01318915001033892954
0.00000000000000000000 0.01326892153717349442
0.00000000000000000000 0.01341483405065730175
0.00000000000000000000 0.01345616159661494442
0.00000000000000000000 0.01359524764667971800
0.00000000000000000000 0.01363527297133656016
0.00000000000000000000 0.01380630331649371385
0.00000000000000000000 0.01386305912564242057
0.00000000000000000000 0.01386430587814639973
0.00000000000000000000 0.01396418072098817506
0.00000000000000000000 0.01404374209913876459
0.00000000000000000000 0.01422353742949573029
0.00000000000000000000 0.01425363037463286096
0.00000000000000000000 0.01427910116020100761
0.00000000000000000000 0.01431283712738518586
0.00000000000000000000 0.01435287279445309101
0.00000000000000000000 0.01436762245175566242
0.00000000000000000000 0.01437120394620364575
0.00000000000000000000 0.01438244602809464825
0.00000000000000000000 0.01442774766473184714
0.00000000000000000000 0.01447864726180607235
0.00000000000000000000 0.01450073993798835920
0.00000000000000000000 0.01454607798917499292
0.00000000000000000000 0.01454833230930871642
0.00000000000000000000 0.01454850979963078460
0.00000000000000000000 0.01456222703100881061
0.00000000000000000000 0.01471484542012577341
0.00000000000000000000 0.01473752566514711405
0.00000000000000000000 0.01475545315375682148
0.00000000000000000000 0.01485959382438524143
0.00000000000000000000 0.01494031415648294780
0.00000000000000000000 0.01497535673106203773
0.00000000000000000000 0.01501188948992529353
0.00000000000000000000 0.01523718136474881170
0.00000000000000000000 0.01524115839342309042
0.00000000000000000000 0.01525012902173012753
0.00000000000000000000 0.01532944775351941478
0.00000000000000000000 0.01545609327551978641
0.00000000000000000000 0.01548602474912216115
0.00000000000000000000 0.01556351528043217053
0.00000000000000000000 0.01556707374422877654
0.00000000000000000000 0.01563948692628867182
0.00000000000000000000 0.01575559651661158009
0.00000000000000000000 0.01575888684639223727
0.00000000000000000000 0.01584621259179518071
0.00000000000000000000 0.01600869630323025275
0.00000000000000000000 0.01602514250193107920
0.00000000000000000000 0.01612994692663555565
0.00000000000000000000 0.01626847981625784145
0.00000000000000000000 0.01635704312842277755
0.00000000000000000000 0.01638763709868450505
0.00000000000000000000 0.01642434121123187429
0.00000000000000000000 0.01643828426379771029
0.00000000000000000000 0.01662542610905395901
0.00000000000000000000 0.01664332126736225992
0.00000000000000000000 0.01688747322174494886
0.00000000000000000000 0.01703575852854625691
0.00000000000000000000 0.01715300996162859651
0.00000000000000000000 0.01730324581168978665
0.00000000000000000000 0.01742850080115190131
0.00000000000000000000 0.01746526937821252928
0.00000000000000000000 0.01748326259269284907
0.00000000000000000000 0.01762069629609651009
0.00000000000000000000 0.01763614926737985464
0.00000000000000000000 0.01767266293440289057
0.00000000000000000000 0.01785704149021168780
0.00000000000000000000 0.01791700115900088722
0.00000000000000000000 0.01802215727568015971
0.00000000000000000000 0.01805286571089389711
0.00000000000000000000 0.01810840108272566279
0.00000000000000000000 0.01830204964792628633
0.00000000000000000000 0.01839451811057791000
0.00000000000000000000 0.01864550024301884351
0.00000000000000000000 0.01865283021019086343
0.00000000000000000000 0.01868941870435054942
0.00000000000000000000 0.01891600271796546953
0.00000000000000000000 0.01892432072626410236
0.00000000000000000000 0.01892475623476258875
0.00000000000000000000 0.01907985177531113657
0.00000000000000000000 0.01915896401331023541
0.00000000000000000000 0.01919527188004587631
0.00000000000000000000 0.01920866251162043487
0.00000000000000000000 0.01932720469449163148
0.00000000000000000000 0.01934538824012711072
0.00000000000000000000 0.01937590124836320940
0.00000000000000000000 0.01938914520989885870
0.00000000000000000000 0.01943896874413101120
0.00000000000000000000 0.01943911915283524222
0.00000000000000000000 0.01949864665046108225
0.00000000000000000000 0.01954275801717511932
0.00000000000000000000 0.01956205715412516130
0.00000000000000000000 0.01960568921387260619
0.00000000000000000000 0.01972840788992215669
0.00000000000000000000 0.01979253670994066475
0.00000000000000000000 0.01982098541352628196
0.00000000000000000000 0.01985214317152406149
0.00000000000000000000 0.01992098718190699752
0.00000000000000000000 0.01994339366419518172
0.00000000000000000000 0.02011457802389669119
0.00000000000000000000 0.02019002053524437956
0.00000000000000000000 0.02036552281598121364
0.00000000000000000000 0.02049294966693553446
0.00000000000000000000 0.02062367669603444587
0.00000000000000000000 0.02067770879630184688
0.00000000000000000000 0.02079828843569575536
0.00000000000000000000 0.02080756080074412304
0.00000000000000000000 0.02088119689300114989
0.00000000000000000000 0.02090855059301138102
0.00000000000000000000 0.02102850026896559837
0.00000000000000000000 0.02106507577718604377
0.00000000000000000000 0.02116182144366494239
0.00000000000000000000 0.02127316463504205779
0.00000000000000000000 0.02128254526628372417
0.00000000000000000000 0.02130481677559827383
0.00000000000000000000 0.02136419642549420780
0.00000000000000000000 0.02136858884628068181
0.00000000000000000000 0.02149802227067309016
0.00000000000000000000 0.02166050898940915029
0.00000000000000000000 0.02166588312357498047
0.00000000000000000000 0.02168589614348465089
0.00000000000000000000 0.02174551386904704717
0.00000000000000000000 0.02186503113252119893
0.00000000000000000000 0.02187764085023339786
0.00000000000000000000 0.02194335160997575029
0.00000000000000000000 0.02199226183545315016
0.00000000000000000000 0.02209862976927390310
0.00000000000000000000 0.02210447172387552256
0.00000000000000000000 0.02210960963498119838
0.00000000000000000000 0.02214793194434265533
0.00000000000000000000 0.02222193865223323628
0.00000000000000000000 0.02227557249686738100
0.00000000000000000000 0.02237894043857219586
0.00000000000000000000 0.02243681528145586093
0.00000000000000000000 0.02258944079633964236
0.00000000000000000000 0.02259301078835818793
0.00000000000000000000 0.02260130492239649166
0.00000000000000000000 0.02282232800436152093
0.00000000000000000000 0.02288702908854364088
0.00000000000000000000 0.02292103812676668517
0.00000000000000000000 0.02293169132055237688
0.00000000000000000000 0.02297366435549886080
0.00000000000000000000 0.02305873902923661831
0.00000000000000000000 0.02309756171796842686
0.00000000000000000000 0.02312460802984040928
0.00000000000000000000 0.02313242748397859039
0.00000000000000000000 0.02320517206790266226
0.00000000000000000000 0.02330192400088150137
0.00000000000000000000 0.02331076892899119554
0.00000000000000000000 0.02335673557812869422
0.00000000000000000000 0.02341090614205498105
0.00000000000000000000 0.02343572694199281409
0.00000000000000000000 0.02351208774602987425
0.00000000000000000000 0.02356215858889358639
0.00000000000000000000 0.02374327595025270757
0.00000000000000000000 0.02375706321025973858
0.00000000000000000000 0.02380499870938007981
0.00000000000000000000 0.02385468707913485434
0.00000000000000000000 0.02386995666270100638
0.00000000000000000000 0.02387725904424715939
0.00000000000000000000 0.02389931480561911445
0.00000000000000000000 0.02396381440156684223
0.00000000000000000000 0.02398298524437105644
0.00000000000000000000 0.02407006395818339986
0.00000000000000000000 0.02411539404175580548
0.00000000000000000000 0.02430483281454253602
0.00000000000000000000 0.02433632655808649556
0.00000000000000000000 0.02446481526807174275
0.00000000000000000000 0.02446704590989650166
0.00000000000000000000 0.02457099391572653557
0.00000000000000000000 0.02465239344194389629
0.00000000000000000000 0.02484886074598709194
0.00000000000000000000 0.02491959489585971257
0.00000000000000000000 0.02522885529123529771
0.00000000000000000000 0.02524350218622331901
0.00000000000000000000 0.02531268557351003257
0.00000000000000000000 0.02533279373657339878
0.00000000000000000000 0.02536926520973089433
0.00000000000000000000 0.02537003487632733673
0.00000000000000000000 0.02538353189203734761
0.00000000000000000000 0.02540117467609975810
0.00000000000000000000 0.02541789335907989125
0.00000000000000000000 0.02542911971860093226
0.00000000000000000000 0.02550155812865050400
0.00000000000000000000 0.02557619871409389997
0.00000000000000000000 0.02571669798713359725
0.00000000000000000000 0.02586650415669539474
0.00000000000000000000 0.02588205377123406134
0.00000000000000000000 0.02588375234519361620
0.00000000000000000000 0.02590213788965071290
0.00000000000000000000 0.02609230356251820634
0.00000000000000000000 0.02610717995189813095
0.00000000000000000000 0.02612261955810773334
0.00000000000000000000 0.02613325651586109397
0.00000000000000000000 0.02640434310250903277
0.00000000000000000000 0.02651343678955050617
0.00000000000000000000 0.02658038980106122717
0.00000000000000000000 0.02683461649429742454
0.00000000000000000000 0.02689064506573499158
0.00000000000000000000 0.02703370665174729612
0.00000000000000000000 0.02704207182230013856
0.00000000000000000000 0.02712797697990837822
0.00000000000000000000 0.02714784309041242891
0.00000000000000000000 0.02722249763664438479
0.00000000000000000000 0.02725100147229074510
0.00000000000000000000 0.02730992939680167153
0.00000000000000000000 0.02737074065710323398
0.00000000000000000000 0.02738041654606252276
0.00000000000000000000 0.02754906246224028341
0.00000000000000000000 0.02759397979612084745
0.00000000000000000000 0.02759442915464903681
0.00000000000000000000 0.02762632092972817574
0.00000000000000000000 0.02762967868223648732
0.00000000000000000000 0.02784644280880476525
0.00000000000000000000 0.02795526720152984382
0.00000000000000000000 0.02804390791727633114
0.00000000000000000000 0.02810879685892171687
0.00000000000000000000 0.02814942583113023977
0.00000000000000000000 0.02822986176486566579
0.00000000000000000000 0.02836470360272492358
0.00000000000000000000 0.02841132744814773084
0.00000000000000000000 0.02855991071166069303
0.00000000000000000000 0.02860121099331117481
0.00000000000000000000 0.02864437027940369002
0.00000000000000000000 0.02867441437158076492
0.00000000000000000000 0.02896264759339536518
0.00000000000000000000 0.02907253784869217456
0.00000000000000000000 0.02911789933165031402
0.00000000000000000000 0.02927798501558641700
0.00000000000000000000 0.02935560615039125437
0.00000000000000000000 0.02962681542447583721
0.00000000000000000000 0.02971441698226636938
0.00000000000000000000 0.03001094464136772402
0.00000000000000000000 0.03006262898749582219
0.00000000000000000000 0.03009430665549592959
0.00000000000000000000 0.03015123907609479001
0.00000000000000000000 0.03024841565802097176
0.00000000000000000000 0.03037696176781323754
0.00000000000000000000 0.03038620655526309833
0.00000000000000000000 0.03041257911588598692
0.00000000000000000000 0.03058670262307330509
0.00000000000000000000 0.03060835698642905625
0.00000000000000000000 0.03066945121023652993
0.00000000000000000000 0.03069362424330955921
0.00000000000000000000 0.03080966802965453069
0.00000000000000000000 0.03094043603503951467
0.00000000000000000000 0.03110542579916020581
0.00000000000000000000 0.03117960963855060524
0.00000000000000000000 0.03125817471177858714
0.00000000000000000000 0.03131702279897636415
0.00000000000000000000 0.03140691669616448023
0.00000000000000000000 0.03147627472557586875
0.00000000000000000000 0.03167241287532125693
0.00000000000000000000 0.03172426153771758933
0.00000000000000000000 0.03173214090492450928
0.00000000000000000000 0.03200448128429430467
0.00000000000000000000 0.03207282557574110682
0.00000000000000000000 0.03227567267724037320
0.00000000000000000000 0.03240505209868985159
0.00000000000000000000 0.03249206631488864988
0.00000000000000000000 0.03251704481629126564
0.00000000000000000000 0.03255479389875853141
0.00000000000000000000 0.03267711703299370357
0.00000000000000000000 0.03269831691683676433
0.00000000000000000000 0.03279871411975617684
0.00000000000000000000 0.03282116288401610432
0.00000000000000000000 0.03284008216675693426
0.00000000000000000000 0.03294739681348101551
0.00000000000000000000 0.03310423371402131804
0.00000000000000000000 0.03311997383652386800
0.00000000000000000000 0.03331040247684450423
0.00000000000000000000 0.03336799331867794371
0.00000000000000000000 0.03345721377175799732
0.00000000000000000000 0.03348568781568959929
0.00000000000000000000 0.03359602913144108666
0.00000000000000000000 0.03385916450399999861
0.00000000000000000000 0.03406464413483371173
0.00000000000000000000 0.03409281042153132490
0.00000000000000000000 0.03409910519610152846
0.00000000000000000000 0.03419591688713001509
0.00000000000000000000 0.03453134320501091009
0.00000000000000000000 0.03474456864643814952
0.00000000000000000000 0.03491711462318218551
0.00000000000000000000 0.03499856366976072941
0.00000000000000000000 0.03503733207093946700
0.00000000000000000000 0.03528604178729593394
0.00000000000000000000 0.03540665136392248669
0.00000000000000000000 0.03547338414090941972
0.00000000000000000000 0.03608312062959216637
0.00000000000000000000 0.03610465482580885871
0.00000000000000000000 0.03610543385471596395
0.00000000000000000000 0.03630087418016426232
0.00000000000000000000 0.03637872538667242389
0.00000000000000000000 0.03660878236355556703
0.00000000000000000000 0.03669105568268591494
0.00000000000000000000 0.03672735278638322026
0.00000000000000000000 0.03684503836858151610
0.00000000000000000000 0.03687413575610243299
0.00000000000000000000 0.03700399077596150388
0.00000000000000000000 0.03708479176244111608
0.00000000000000000000 0.03721229320784052302
0.00000000000000000000 0.03724556679733009162
0.00000000000000000000 0.03748210155339457006
0.00000000000000000000 0.03758443569802536605
0.00000000000000000000 0.03807435698941084856
0.00000000000000000000 0.03817550064790780490
0.00000000000000000000 0.03836238309925489587
0.00000000000000000000 0.03843554940101162609
0.00000000000000000000 0.03849430696538231472
0.00000000000000000000 0.03898955599015972023
0.00000000000000000000 0.03904956040061072914
0.00000000000000000000 0.03914986428058430529
0.00000000000000000000 0.03968878610863688094
0.00000000000000000000 0.03987208833011483128
0.00000000000000000000 0.03997257117118337144
0.00000000000000000000 0.04003065297945132550
0.00000000000000000000 0.04003595254382287527
0.00000000000000000000 0.04004064807356629008
0.00000000000000000000 0.04010797446430549446
0.00000000000000000000 0.04012993194091548504
0.00000000000000000000 0.04024570814827953952
0.00000000000000000000 0.04032649339702260721
0.00000000000000000000 0.04034345772467087810
0.00000000000000000000 0.04044032637787288442
0.00000000000000000000 0.04091314524726637897
0.00000000000000000000 0.04145442358999821414
0.00000000000000000000 0.04150100006566088962
0.00000000000000000000 0.04170489291197697346
0.00000000000000000000 0.04179986059654520331
0.00000000000000000000 0.04188264257752472020
0.00000000000000000000 0.04196819430096568326
0.00000000000000000000 0.04228422493121181819
0.00000000000000000000 0.04244508133644205039
0.00000000000000000000 0.04287629434365256009
0.00000000000000000000 0.04382064463831366469
0.00000000000000000000 0.04427183095152945058
0.00000000000000000000 0.04432924519215915293
0.00000000000000000000 0.04436978833148690765
0.00000000000000000000 0.04457041745902042690
0.00000000000000000000 0.04464385489844818061
0.00000000000000000000 0.04469873603123399736
0.00000000000000000000 0.04533270826817759752
0.00000000000000000000 0.04615133538184446743
0.00000000000000000000 0.04656890391796670442
0.00000000000000000000 0.04665229035020400372
0.00000000000000000000 0.04716544394184597061
0.00000000000000000000 0.04724404484061420217
0.00000000000000000000 0.04758430641401128341
0.00000000000000000000 0.04812497724999689058
0.00000000000000000000 0.04816079295139710781
0.00000000000000000000 0.04822365163525550724
0.00000000000000000000 0.04872615175925381487
0.00000000000000000000 0.04877410674961296655
0.00000000000000000000 0.04882620085998864989
0.00000000000000000000 0.04891136117593803539
0.00000000000000000000 0.04971053481986060368
0.00000000000000000000 0.04982048179144286243
0.00000000000000000000 0.04988121196017029912
0.00000000000000000000 0.05012952872935493714
0.00000000000000000000 0.05014526806861634156
0.00000000000000000000 0.05032636924985952470
0.00000000000000000000 0.05089177972502132580
0.00000000000000000000 0.05125983517590586291
0.00000000000000000000 0.05190548034050993659
0.00000000000000000000 0.05194480894584576486
0.00000000000000000000 0.05242574996746426907
0.00000000000000000000 0.05268814431557003464
0.00000000000000000000 0.05276269887045412915
0.00000000000000000000 0.05379755251622988371
0.00000000000000000000 0.05391832231442438006
0.00000000000000000000 0.05523672848695220655
0.00000000000000000000 0.05604185463213817719
0.00000000000000000000 0.05729437906572177469
0.00000000000000000000 0.05786305415118559586
0.00000000000000000000 0.05866572805210690245
0.00000000000000000000 0.05882024607073843558
0.00000000000000000000 0.05951561286765068293
0.00000000000000000000 0.06005643140709750888
0.00000000000000000000 0.06179285139576937147
0.00000000000000000000 0.06484379028290558622
0.00000000000000000000 0.06585179817721696638
0.00000000000000000000 0.07314493407618645471
0.00000000000000000000 0.07975876719339319854
0.00000000000000000000 0.09093757586533858517
0.00000000000000000000 1.73205080756887719318
