0.00000000000000000000 0.01526310922854149169
0.00000000000000000000 0.01572889926050537526
0.00000000000000000000 0.01633795905605790050
0.00000000000000000000 0.02108567741020803479
0.00000000000000000000 0.02160839332285827835
0.00000000000000000000 0.02580300471198941972
0.00000000000000000000 0.02610925302794423614
0.00000000000000000000 0.02677327391112580696
0.00000000000000000000 0.02930887158500992615
0.00000000000000000000 0.02946209753404546716
0.00000000000000000000 0.03026739868997777722
0.00000000000000000000 0.03221342603126450821
0.00000000000000000000 0.03269451519601777184
0.00000000000000000000 0.03609020171601308447
0.00000000000000000000 0.03675230568975712542
0.00000000000000000000 0.03943107425214494033
0.00000000000000000000 0.04034503947337620550
0.00000000000000000000 0.04042896176804045005
0.00000000000000000000 0.04107810533833149841
0.00000000000000000000 0.04108118384233850479
0.00000000000000000000 0.04356577279822131804
0.00000000000000000000 0.04516256697055868324
0.00000000000000000000 0.04613279337920928036
0.00000000000000000000 0.04654117547036214220
0.00000000000000000000 0.04697701161546343623
0.00000000000000000000 0.04700772987309091711
0.00000000000000000000 0.04717038485290742100
0.00000000000000000000 0.04721068884873312610
0.00000000000000000000 0.04757717638736584653
0.00000000000000000000 0.04830109143331278582
0.00000000000000000000 0.05035602491486100563
0.00000000000000000000 0.05087573546319726359
0.00000000000000000000 0.05116524696711575310
0.00000000000000000000 0.05157779446434791748
0.00000000000000000000 0.05244184342600687748
0.00000000000000000000 0.05312731755181623189
0.00000000000000000000 0.05331872999816378994
0.00000000000000000000 0.05341458201255836619
0.00000000000000000000 0.05380337378165904461
0.00000000000000000000 0.05385423475582445246
0.00000000000000000000 0.05518206849217224819
0.00000000000000000000 0.05520275822465364052
0.00000000000000000000 0.05652520005472715797
0.00000000000000000000 0.05666722607485078639
0.00000000000000000000 0.05763085205801293798
0.00000000000000000000 0.05900020035837449245
0.00000000000000000000 0.05915191097780785057
0.00000000000000000000 0.06097078030517369407
0.00000000000000000000 0.06118741271632514162
0.00000000000000000000 0.06168037424298277588
0.00000000000000000000 0.06239744025570784919
0.00000000000000000000 0.06248070198578177525
0.00000000000000000000 0.06325394201063130883
0.00000000000000000000 0.06343656043272301315
0.00000000000000000000 0.06364963665660507142
0.00000000000000000000 0.06367268447186225089
0.00000000000000000000 0.06420091574553535296
0.00000000000000000000 0.06431256915825230014
0.00000000000000000000 0.06468370540166910876
0.00000000000000000000 0.06469343449479948716
0.00000000000000000000 0.06470029994945522556
0.00000000000000000000 0.06558558237914757783
0.00000000000000000000 0.06571767723771804182
0.00000000000000000000 0.06620468136615721699
0.00000000000000000000 0.06744479440174772078
0.00000000000000000000 0.06756016407891335396
0.00000000000000000000 0.06759603119419498041
0.00000000000000000000 0.06765889386810675088
0.00000000000000000000 0.06768487377107056113
0.00000000000000000000 0.06771536353639071026
0.00000000000000000000 0.06809660810428107280
0.00000000000000000000 0.06828605705247546565
0.00000000000000000000 0.06883240725527418891
0.00000000000000000000 0.06904771244395664642
0.00000000000000000000 0.06953413684987549970
0.00000000000000000000 0.06957766847404484034
0.00000000000000000000 0.06961091423226418995
0.00000000000000000000 0.06977699559661462714
0.00000000000000000000 0.06988277494152220215
0.00000000000000000000 0.07024492517917574341
0.00000000000000000000 0.07075044217651853262
0.00000000000000000000 0.07113427443205973255
0.00000000000000000000 0.07127313607988906841
0.00000000000000000000 0.07154109697252687694
0.00000000000000000000 0.07188429268940203787
0.00000000000000000000 0.07221204923748678062
0.00000000000000000000 0.07234662447623503578
0.00000000000000000000 0.07264297112959619551
0.00000000000000000000 0.07272903894355371712
0.00000000000000000000 0.07307290659728309101
0.00000000000000000000 0.07328714373295855400
0.00000000000000000000 0.07328763809624484760
0.00000000000000000000 0.07330897930603244572
0.00000000000000000000 0.07348375882558544347
0.00000000000000000000 0.07360326882772624812
0.00000000000000000000 0.07380423296601543171
0.00000000000000000000 0.07385050064462958530
0.00000000000000000000 0.07389892431340956691
0.00000000000000000000 0.07416437054023369835
0.00000000000000000000 0.07527184090388287785
0.00000000000000000000 0.07549010541341416580
0.00000000000000000000 0.07595237082906297621
0.00000000000000000000 0.07609519061068308055
0.00000000000000000000 0.07626740823343501618
0.00000000000000000000 0.07696501938761003692
0.00000000000000000000 0.07737059115731995118
0.00000000000000000000 0.07748155661224553903
0.00000000000000000000 0.07753943635118958067
0.00000000000000000000 0.07761671593965291382
0.00000000000000000000 0.07793949754475158753
0.00000000000000000000 0.07822401069181338096
0.00000000000000000000 0.07848705272497369378
0.00000000000000000000 0.07856823996943283761
0.00000000000000000000 0.07895242321097195592
0.00000000000000000000 0.07986567634551310080
0.00000000000000000000 0.08073407767274348723
0.00000000000000000000 0.08100247147071047704
0.00000000000000000000 0.08127756110769342179
0.00000000000000000000 0.08138072456580580649
0.00000000000000000000 0.08176034012065587497
0.00000000000000000000 0.08208461023910715304
0.00000000000000000000 0.08279027577678496619
0.00000000000000000000 0.08313970221354696766
0.00000000000000000000 0.08359963703047457173
0.00000000000000000000 0.08383052744157683256
0.00000000000000000000 0.08404025885871183044
0.00000000000000000000 0.08417532005856835642
0.00000000000000000000 0.08474213369670521856
0.00000000000000000000 0.08553665076653177435
0.00000000000000000000 0.08560613905046335348
0.00000000000000000000 0.08577605052637390926
0.00000000000000000000 0.08578512893840047060
0.00000000000000000000 0.08586263312983624663
0.00000000000000000000 0.08641309995054261006
0.00000000000000000000 0.08650766148014388257
0.00000000000000000000 0.08678570112110477186
0.00000000000000000000 0.08704518511714193219
0.00000000000000000000 0.08713547234393025087
0.00000000000000000000 0.08753148120972562007
0.00000000000000000000 0.08813005482548356972
0.00000000000000000000 0.08814692036617034765
0.00000000000000000000 0.08818801857946716172
0.00000000000000000000 0.08821181968703969978
0.00000000000000000000 0.08821358120862832219
0.00000000000000000000 0.08826339513462128084
0.00000000000000000000 0.08854948784715954702
0.00000000000000000000 0.08869984607704428647
0.00000000000000000000 0.08913761409917665690
0.00000000000000000000 0.08916270041830323678
0.00000000000000000000 0.08969989441935885544
0.00000000000000000000 0.08991128034649492617
0.00000000000000000000 0.09018632873583451448
0.00000000000000000000 0.09045634366513252700
0.00000000000000000000 0.09053172667319470124
0.00000000000000000000 0.09077884739629543676
0.00000000000000000000 0.09089866481531176656
0.00000000000000000000 0.09097299003712347454
0.00000000000000000000 0.09107762788339253401
0.00000000000000000000 0.09133913420915582004
0.00000000000000000000 0.09138775502925525207
0.00000000000000000000 0.09192310709548870418
0.00000000000000000000 0.09198260911473032930
0.00000000000000000000 0.09209192711284547306
0.00000000000000000000 0.09246251423473601794
0.00000000000000000000 0.09260392718896026665
0.00000000000000000000 0.09263114385871330791
0.00000000000000000000 0.09275627435028621637
0.00000000000000000000 0.09344545707653306721
0.00000000000000000000 0.09420968919805161601
0.00000000000000000000 0.09450234899933719623
0.00000000000000000000 0.09494031484218619366
0.00000000000000000000 0.09498175746387450824
0.00000000000000000000 0.09500384836208179695
0.00000000000000000000 0.09502726376504050387
0.00000000000000000000 0.09541226433844822441
0.00000000000000000000 0.09571972841030933210
0.00000000000000000000 0.09605861129200779502
0.00000000000000000000 0.09616065145317972962
0.00000000000000000000 0.09649795033251534759
0.00000000000000000000 0.09674918938030105386
0.00000000000000000000 0.09696990371064259651
0.00000000000000000000 0.09729107452621225949
0.00000000000000000000 0.09730608298839726888
0.00000000000000000000 0.09739323042052669410
0.00000000000000000000 0.09745880023129874226
0.00000000000000000000 0.09791950284564050755
0.00000000000000000000 0.09852955075865274526
0.00000000000000000000 0.09853001198850296072
0.00000000000000000000 0.09901784104824742916
0.00000000000000000000 0.09936078927026786856
0.00000000000000000000 0.09948225024448843767
0.00000000000000000000 0.09969439720128407678
0.00000000000000000000 0.09977316782764714120
0.00000000000000000000 0.09977390605475211505
0.00000000000000000000 0.09980629311204965159
0.00000000000000000000 0.10071440793471714281
0.00000000000000000000 0.10077764971592050036
0.00000000000000000000 0.10123667766685962022
0.00000000000000000000 0.10149841950573063043
0.00000000000000000000 0.10187543927005027200
0.00000000000000000000 0.10187972412659757060
0.00000000000000000000 0.10203511056147175629
0.00000000000000000000 0.10208956887431562544
0.00000000000000000000 0.10227993448350095052
0.00000000000000000000 0.10231339844557865715
0.00000000000000000000 0.10264823316249753471
0.00000000000000000000 0.10295207726384152103
0.00000000000000000000 0.10330026231406051751
0.00000000000000000000 0.10338056071849760498
0.00000000000000000000 0.10349142944975710245
0.00000000000000000000 0.10382573853524655616
0.00000000000000000000 0.10391404488300580444
0.00000000000000000000 0.10401659868109149054
0.00000000000000000000 0.10430747531252385074
0.00000000000000000000 0.10438371306615455703
0.00000000000000000000 0.10440929844040094943
0.00000000000000000000 0.10475278983487310014
0.00000000000000000000 0.10476194333027169514
0.00000000000000000000 0.10496035418844150422
0.00000000000000000000 0.10503709585190625087
0.00000000000000000000 0.10523780347216799003
0.00000000000000000000 0.10540826652960393062
0.00000000000000000000 0.10541431749926592765
0.00000000000000000000 0.10555331619957339373
0.00000000000000000000 0.10567506516977050179
0.00000000000000000000 0.10594256568580133482
0.00000000000000000000 0.10596134293318545949
0.00000000000000000000 0.10655879155791204982
0.00000000000000000000 0.10697142218766368671
0.00000000000000000000 0.10739085398097264479
0.00000000000000000000 0.10745090842557503130
0.00000000000000000000 0.10757483066106067471
0.00000000000000000000 0.10773885747707812044
0.00000000000000000000 0.10787282718304874729
0.00000000000000000000 0.10863583495878102736
0.00000000000000000000 0.10879836615425504676
0.00000000000000000000 0.10904340737808886075
0.00000000000000000000 0.10951259784054936941
0.00000000000000000000 0.10965698454022090869
0.00000000000000000000 0.11028961461915207098
0.00000000000000000000 0.11041264289369377705
0.00000000000000000000 0.11050648063878332206
0.00000000000000000000 0.11117502624444650094
0.00000000000000000000 0.11128583549596667013
0.00000000000000000000 0.11143800672884825176
0.00000000000000000000 0.11196115703380561668
0.00000000000000000000 0.11219598041005759970
0.00000000000000000000 0.11220839640169429086
0.00000000000000000000 0.11259980291971077859
0.00000000000000000000 0.11275319305212282150
0.00000000000000000000 0.11306907334155476275
0.00000000000000000000 0.11322211036926381478
0.00000000000000000000 0.11324703564932439570
0.00000000000000000000 0.11334317862898445062
0.00000000000000000000 0.11342794693600173617
0.00000000000000000000 0.11350584587258617797
0.00000000000000000000 0.11365621638655863668
0.00000000000000000000 0.11380659094872951076
0.00000000000000000000 0.11386179242490339358
0.00000000000000000000 0.11397586439255753821
0.00000000000000000000 0.11416958074945640633
0.00000000000000000000 0.11446512164246425147
0.00000000000000000000 0.11452977824518545402
0.00000000000000000000 0.11465974529233895207
0.00000000000000000000 0.11541570498652357901
0.00000000000000000000 0.11597186863071463903
0.00000000000000000000 0.11637673240655103946
0.00000000000000000000 0.11659823792598586478
0.00000000000000000000 0.11664219481322318783
0.00000000000000000000 0.11703900135810658967
0.00000000000000000000 0.11715077104734006319
0.00000000000000000000 0.11727626469534320475
0.00000000000000000000 0.11742971510894942289
0.00000000000000000000 0.11770057973683022146
0.00000000000000000000 0.11819023088827428081
0.00000000000000000000 0.11822213227845877748
0.00000000000000000000 0.11845459393381130297
0.00000000000000000000 0.11856143733199130119
0.00000000000000000000 0.11908079101585472559
0.00000000000000000000 0.11934941448284144827
0.00000000000000000000 0.11996009677341855360
0.00000000000000000000 0.12008015081547371294
0.00000000000000000000 0.12046589744909003139
0.00000000000000000000 0.12127550326783310963
0.00000000000000000000 0.12169960731676211785
0.00000000000000000000 0.12181393919035732321
0.00000000000000000000 0.12232158581786915785
0.00000000000000000000 0.12262925895434099999
0.00000000000000000000 0.12297812157197990368
0.00000000000000000000 0.12298246019652030181
0.00000000000000000000 0.12305958067937769473
0.00000000000000000000 0.12308985017720816546
0.00000000000000000000 0.12331617144930463736
0.00000000000000000000 0.12379395002959801830
0.00000000000000000000 0.12391758809779965245
0.00000000000000000000 0.12411576823669771830
0.00000000000000000000 0.12460542279535552490
0.00000000000000000000 0.12547311421257295594
0.00000000000000000000 0.12553012404957369919
0.00000000000000000000 0.12630563532008759475
0.00000000000000000000 0.12632061925880352926
0.00000000000000000000 0.12706692003406996894
0.00000000000000000000 0.12722976939527941287
0.00000000000000000000 0.12728606953663648693
0.00000000000000000000 0.12797097665511728004
0.00000000000000000000 0.12803694932941939166
0.00000000000000000000 0.12827160440404739017
0.00000000000000000000 0.12846231666780880132
0.00000000000000000000 0.12922727705949318966
0.00000000000000000000 0.12934370495428415548
0.00000000000000000000 0.12964891003833714511
0.00000000000000000000 0.12992950012346646260
0.00000000000000000000 0.12998452378523789319
0.00000000000000000000 0.13014432484181354122
0.00000000000000000000 0.13026112314595186814
0.00000000000000000000 0.13033782747175692851
0.00000000000000000000 0.13065931428022203864
0.00000000000000000000 0.13088862809857371161
0.00000000000000000000 0.13110854252539536069
0.00000000000000000000 0.13115518340304374578
0.00000000000000000000 0.13120335801124563546
0.00000000000000000000 0.13120738662716244227
0.00000000000000000000 0.13125827580092164215
0.00000000000000000000 0.13141195241685380002
0.00000000000000000000 0.13170825962560217537
0.00000000000000000000 0.13177870168211730517
0.00000000000000000000 0.13184902852166968668
0.00000000000000000000 0.13194577793339135052
0.00000000000000000000 0.13210558660222548877
0.00000000000000000000 0.13228046116627617534
0.00000000000000000000 0.13236280845900411096
0.00000000000000000000 0.13250973722966721824
0.00000000000000000000 0.13282181218089675334
0.00000000000000000000 0.13283503885907055331
0.00000000000000000000 0.13288334862215245291
0.00000000000000000000 0.13301335110730599931
0.00000000000000000000 0.13306093595738116564
0.00000000000000000000 0.13328878746005540235
0.00000000000000000000 0.13397502584805667802
0.00000000000000000000 0.13413328748643882360
0.00000000000000000000 0.13447506061711492209
0.00000000000000000000 0.13449190891070955667
0.00000000000000000000 0.13450676961896471107
0.00000000000000000000 0.13464473070469465399
0.00000000000000000000 0.13480296826247042952
0.00000000000000000000 0.13483551396495119246
0.00000000000000000000 0.13543450632874382000
0.00000000000000000000 0.13557921765842476103
0.00000000000000000000 0.13568374768398419605
0.00000000000000000000 0.13580144642410796330
0.00000000000000000000 0.13634157500936594509
0.00000000000000000000 0.13674419217471503463
0.00000000000000000000 0.13722612082780191733
0.00000000000000000000 0.13741226793310915011
0.00000000000000000000 0.13783760519973889402
0.00000000000000000000 0.13785144237600716055
0.00000000000000000000 0.13796391729991880348
0.00000000000000000000 0.13800945467113970300
0.00000000000000000000 0.13803689683149653056
0.00000000000000000000 0.13847883181123821217
0.00000000000000000000 0.13856961328761166485
0.00000000000000000000 0.13859005271508600954
0.00000000000000000000 0.13890997633920018628
0.00000000000000000000 0.13931110552762490662
0.00000000000000000000 0.13958315177273561414
0.00000000000000000000 0.13973266221286134714
0.00000000000000000000 0.14030576332858968325
0.00000000000000000000 0.14064784816190831207
0.00000000000000000000 0.14067818160970080310
0.00000000000000000000 0.14074391889483722773
0.00000000000000000000 0.14122263868261944464
0.00000000000000000000 0.14126257611067097320
0.00000000000000000000 0.14129155335970278173
0.00000000000000000000 0.14221578512734606159
0.00000000000000000000 0.14229936580836524684
0.00000000000000000000 0.14259636998581318168
0.00000000000000000000 0.14270514785401541835
0.00000000000000000000 0.14288901434943265811
0.00000000000000000000 0.14304592641148478060
0.00000000000000000000 0.14322871980446608142
0.00000000000000000000 0.14400296090758002432
0.00000000000000000000 0.14484385525503831738
0.00000000000000000000 0.14518357665704756387
0.00000000000000000000 0.14530892250628771323
0.00000000000000000000 0.14531830397174358427
0.00000000000000000000 0.14543739832036775561
0.00000000000000000000 0.14559959931796739863
0.00000000000000000000 0.14572408247859519603
0.00000000000000000000 0.14680561120897836491
0.00000000000000000000 0.14744727579939809203
0.00000000000000000000 0.14798060958763262218
0.00000000000000000000 0.14949977801154226698
0.00000000000000000000 0.14949986591193087371
0.00000000000000000000 0.14972184992299716888
0.00000000000000000000 0.15032188806732782460
0.00000000000000000000 0.15041030352075990262
0.00000000000000000000 0.15051583897337736384
0.00000000000000000000 0.15127557941152788845
0.00000000000000000000 0.15160625606162453360
0.00000000000000000000 0.15217686550374520671
0.00000000000000000000 0.15280744623569919582
0.00000000000000000000 0.15327057307765129535
0.00000000000000000000 0.15369306384677364208
0.00000000000000000000 0.15444653498422450388
0.00000000000000000000 0.15485323408181037030
0.00000000000000000000 0.15497002417876487579
0.00000000000000000000 0.15547808359241799270
0.00000000000000000000 0.15694215655920920605
0.00000000000000000000 0.15745876736018488140
0.00000000000000000000 0.15747867670534670959
0.00000000000000000000 0.15822239810551316785
0.00000000000000000000 0.15843522330423201461
0.00000000000000000000 0.15851535497334026670
0.00000000000000000000 0.15896143617401883863
0.00000000000000000000 0.15925673290467443066
0.00000000000000000000 0.15954040132471189462
0.00000000000000000000 0.15987757594621029855
0.00000000000000000000 0.16058491586900622283
0.00000000000000000000 0.16159511454075622949
0.00000000000000000000 0.16175473644561305653
0.00000000000000000000 0.16185133892140268763
0.00000000000000000000 0.16185182332170383601
0.00000000000000000000 0.16211808236165062280
0.00000000000000000000 0.16219280497963409204
0.00000000000000000000 0.16227211383253214994
0.00000000000000000000 0.16281880434724393947
0.00000000000000000000 0.16293199728193857867
0.00000000000000000000 0.16326790601328772246
0.00000000000000000000 0.16327698281214822473
0.00000000000000000000 0.16378115478483148970
0.00000000000000000000 0.16433654220524238077
0.00000000000000000000 0.16503917600616582750
0.00000000000000000000 0.16533325377143229251
0.00000000000000000000 0.16552116476450828841
0.00000000000000000000 0.16574624554037278856
0.00000000000000000000 0.16590321270003371978
0.00000000000000000000 0.16704550143947818897
0.00000000000000000000 0.16730554442191161724
0.00000000000000000000 0.16750343560523028863
0.00000000000000000000 0.16900371717835724339
0.00000000000000000000 0.16912654802053633807
0.00000000000000000000 0.16917875978389090852
0.00000000000000000000 0.16944441086495998228
0.00000000000000000000 0.16966791239465703334
0.00000000000000000000 0.17026665110030142491
0.00000000000000000000 0.17095294323027718231
0.00000000000000000000 0.17278581430767384064
0.00000000000000000000 0.17282507031626598293
0.00000000000000000000 0.17427700573138174556
0.00000000000000000000 0.17445644481426922368
0.00000000000000000000 0.17464841142453030320
0.00000000000000000000 0.17529311943233841231
0.00000000000000000000 0.17552299539078355939
0.00000000000000000000 0.17707885198117362391
0.00000000000000000000 0.17751785294694916173
0.00000000000000000000 0.17866913598419723042
0.00000000000000000000 0.17868915718819647354
0.00000000000000000000 0.17916260505417880289
0.00000000000000000000 0.17983658315473652345
0.00000000000000000000 0.18100845485666156032
0.00000000000000000000 0.18191942071125372093
0.00000000000000000000 0.18231995925247346246
0.00000000000000000000 0.18301218259522611387
0.00000000000000000000 0.18470541747569294011
0.00000000000000000000 0.18586387736784498736
0.00000000000000000000 0.18589312587753911710
0.00000000000000000000 0.18662487375196551431
0.00000000000000000000 0.18664860820226808480
0.00000000000000000000 0.18819119603200587520
0.00000000000000000000 0.18837786865989908369
0.00000000000000000000 0.18891820834779948779
0.00000000000000000000 0.18960562696655752779
0.00000000000000000000 0.18970333116882781566
0.00000000000000000000 0.18993898380222118405
0.00000000000000000000 0.19303526819382602064
0.00000000000000000000 0.19372622069705663916
0.00000000000000000000 0.19583447420006830364
0.00000000000000000000 0.19636751926097978371
0.00000000000000000000 0.19742117269544515179
0.00000000000000000000 0.19745204592830581380
0.00000000000000000000 0.19758416527463318335
0.00000000000000000000 0.19791201730810334403
0.00000000000000000000 0.19971607964739360175
0.00000000000000000000 0.20103072313654474224
0.00000000000000000000 0.20103176928215849006
0.00000000000000000000 0.20205446070713253826
0.00000000000000000000 0.20240471371051579896
0.00000000000000000000 0.20436804204041236765
0.00000000000000000000 0.20472659257869885163
0.00000000000000000000 0.20721994182756237057
0.00000000000000000000 0.20856508016856176169
0.00000000000000000000 0.21197701565042012528
0.00000000000000000000 0.21427844769584766804
0.00000000000000000000 0.21447610466950234320
0.00000000000000000000 0.21483390940188992757
0.00000000000000000000 0.22170687222988910703
0.00000000000000000000 0.23156150140004327920
0.00000000000000000000 0.24303653215668238885
0.00000000000000000000 0.31517456597075788061
0.00000000000000000000 1.73205080756887719318
