0.01600997403315832998 0.01653424710113254176
0.02031971714784222907 0.02108285187707494707
0.02097062635676020040 0.02211555462804689828
0.02293781323656177498 0.02320139560207093096
0.02129704558462775649 0.02328634905866531005
0.02294876834932909476 0.02580858885931953950
0.02277641291398244117 0.02767781529490609405
0.02753276776648342153 0.02834926369653680348
0.02558133693649764645 0.02950003784295438317
0.02915408031339143322 0.03013849040677152313
0.03024734099321379002 0.03078031391007965412
0.03034226772691457283 0.03131957316355173798
0.03005286523374714469 0.03173161372148704251
0.03085084130690106743 0.03252817887999537305
0.02618381605030146303 0.03285001739064311727
0.02988205640348362904 0.03329491718264961098
0.02659275167661199341 0.03347197319583156833
0.03105522859822854725 0.03386365068921586702
0.02821619414539613263 0.03471417610126473208
0.02798417719774829240 0.03492938655663292702
0.02880445413969583146 0.03507400126700371823
0.03545524613695326399 0.03589337006910564565
0.03644127050807022955 0.03663105286565036811
0.03442260998582630932 0.03706505243891691087
0.02925281143958910132 0.03722959402365322301
0.02875412227450086997 0.03879836892239684615
0.03564498873310804894 0.03905707169435405912
0.03618907121476744315 0.03918274249325959246
0.03872955011513502105 0.03990188322484092276
0.03560335862389429895 0.04006672206345823772
0.03847005828025573670 0.04088894965511188917
0.03889890739867283426 0.04290235982082512417
0.03835846309497207424 0.04378097900890814964
0.03998840348286657881 0.04393101373098037138
0.04399273680048322588 0.04457493916550746976
0.03627622740001410634 0.04466500347436753310
0.03653601289060939145 0.04530074447364915158
0.04234467819494701357 0.04539780786147804698
0.04188934762383506039 0.04542796085321738203
0.03922648601093308568 0.04544911516462172424
0.03625899969591355604 0.04551520599264375494
0.04124561607440291322 0.04696722255234589416
0.04417564458516412551 0.04699492710569702636
0.04047885279677734816 0.04774844431469542350
0.03693429982434348613 0.04857925017080898938
0.04816866197469956562 0.05022277723917144970
0.04420283875006530971 0.05032976073246825388
0.04355323690752277432 0.05037786921432296783
0.04313026216439170418 0.05065248842433861531
0.04349241445888946817 0.05078375101468905056
0.04180941381260021295 0.05121241425593874019
0.03783477558323407319 0.05181643444057848491
0.04368946091030165985 0.05185032141506209363
0.05002535088973635719 0.05257731603149429223
0.04207901535847378277 0.05322459929149656044
0.03800506630194197544 0.05348928236535378800
0.04994972052530471940 0.05407889475814843527
0.04160644124255937631 0.05419305213091782369
0.05308524258016786984 0.05456079585550990818
0.05308461265021017367 0.05708082514271148322
0.05483264236865553753 0.05774635840444974910
0.04837205299202271963 0.05811830682043785112
0.04664731555615524855 0.05813542837845215444
0.04745905712844394886 0.05828388915919324037
0.04735406032237794022 0.05852482106728842948
0.05808144253980876415 0.05869837935125506168
0.05669013124121938946 0.05871455664531938928
0.04723425215203192612 0.05891097972510035696
0.05426732659081087706 0.06089262400642254242
0.05064550676897230930 0.06093903846063164487
0.06176994295379253930 0.06255947968100317169
0.05764042667381187590 0.06293670398840495173
0.04391532085210136938 0.06331885889321844929
0.05730796181019706670 0.06338898861776764981
0.05579348335464900249 0.06756206693690121334
0.05991055318069748309 0.06844969661506787595
0.05912252642454043916 0.06928892195721683689
0.05795470658695518751 0.07005763273523196721
0.05281721353894947707 0.07038479075870895940
0.06435297778576098970 0.07073454439926965542
0.06714381428486551617 0.07088005534709275468
0.04512974223240888427 0.07148368055840942370
0.05188001303167974476 0.07249749145904868519
0.05222537793841141446 0.07255259981701550620
0.06527716035605599099 0.07273599156808245592
0.06532178010932708501 0.07398130188109375283
0.05511289401099839225 0.08132196186180438990
0.07038715380100846186 0.08315299598233504008
0.07892248329239462401 0.08395207608150161149
0.06645699024073770111 0.08539682957290478660
0.05839838512706208018 0.08876110724841965172
0.04311310906503347529 0.09064592972990473396
0.09860151119237473005 0.11532802011672099729
0.05458322668217023554 0.68192004181907306393
