0.00000000000000000000 0.00062279980863377197
0.00000000000000000000 0.00108550147665761247
0.00000000000000000000 0.00156335226601265532
0.00000000000000000000 0.00165371288470917061
0.00000000000000000000 0.00206162512242810464
0.00000000000000000000 0.00212070038925219265
0.00000000000000000000 0.00257933723726027925
0.00000000000000000000 0.00265519173903285303
0.00000000000000000000 0.00282912000813447667
0.00000000000000000000 0.00287686644784545479
0.00000000000000000000 0.00293790875367116013
0.00000000000000000000 0.00307903644293665334
0.00000000000000000000 0.00308612651908793303
0.00000000000000000000 0.00310416726763418013
0.00000000000000000000 0.00325557831508104878
0.00000000000000000000 0.00340909428222370674
0.00000000000000000000 0.00341913437757869129
0.00000000000000000000 0.00349066837526246796
0.00000000000000000000 0.00356488195407078136
0.00000000000000000000 0.00372196128799840960
0.00000000000000000000 0.00383300273596072928
0.00000000000000000000 0.00386600935670056893
0.00000000000000000000 0.00388687060852848428
0.00000000000000000000 0.00389912069979987544
0.00000000000000000000 0.00400952722706697864
0.00000000000000000000 0.00403328221514827421
0.00000000000000000000 0.00404101837502226884
0.00000000000000000000 0.00407707147590351607
0.00000000000000000000 0.00409008253005448217
0.00000000000000000000 0.00409651716194590378
0.00000000000000000000 0.00410354405467117447
0.00000000000000000000 0.00412080312341100204
0.00000000000000000000 0.00414442036752492044
0.00000000000000000000 0.00419045281304429584
0.00000000000000000000 0.00422469332816903780
0.00000000000000000000 0.00422675454852484977
0.00000000000000000000 0.00423187361617967297
0.00000000000000000000 0.00432517693834070724
0.00000000000000000000 0.00432603225915279867
0.00000000000000000000 0.00444800846206569542
0.00000000000000000000 0.00445431271501506559
0.00000000000000000000 0.00448242547127840167
0.00000000000000000000 0.00448669124020860659
0.00000000000000000000 0.00452358932888455995
0.00000000000000000000 0.00464476706105488527
0.00000000000000000000 0.00468732608278147559
0.00000000000000000000 0.00472922646558753077
0.00000000000000000000 0.00477184189742335153
0.00000000000000000000 0.00485702073045266285
0.00000000000000000000 0.00486916585117768037
0.00000000000000000000 0.00491267938301516351
0.00000000000000000000 0.00493562075284649862
0.00000000000000000000 0.00495058625258893055
0.00000000000000000000 0.00495673039967175610
0.00000000000000000000 0.00502260245305011406
0.00000000000000000000 0.00503230220148572719
0.00000000000000000000 0.00503398443292785505
0.00000000000000000000 0.00503890334034423539
0.00000000000000000000 0.00507160163510878090
0.00000000000000000000 0.00509570167989161545
0.00000000000000000000 0.00512235362024898288
0.00000000000000000000 0.00515513642487006388
0.00000000000000000000 0.00518500160430775039
0.00000000000000000000 0.00534382723796880676
0.00000000000000000000 0.00535891691908759512
0.00000000000000000000 0.00536802392094694499
0.00000000000000000000 0.00538652248513799524
0.00000000000000000000 0.00540519113051650228
0.00000000000000000000 0.00541824599890047744
0.00000000000000000000 0.00544090715479697042
0.00000000000000000000 0.00551216548168093068
0.00000000000000000000 0.00552511149556688015
0.00000000000000000000 0.00552990971202007003
0.00000000000000000000 0.00558498827596430256
0.00000000000000000000 0.00558749699708971891
0.00000000000000000000 0.00561008470342839669
0.00000000000000000000 0.00562756931876688161
0.00000000000000000000 0.00570038940982083540
0.00000000000000000000 0.00575444796326061297
0.00000000000000000000 0.00576600042777685763
0.00000000000000000000 0.00581371396943484997
0.00000000000000000000 0.00582413328436214798
0.00000000000000000000 0.00582805620133033334
0.00000000000000000000 0.00586115284501852879
0.00000000000000000000 0.00590155829187855377
0.00000000000000000000 0.00595039987822534085
0.00000000000000000000 0.00596238636638360409
0.00000000000000000000 0.00598126537849137749
0.00000000000000000000 0.00604383085062951304
0.00000000000000000000 0.00605482764973698257
0.00000000000000000000 0.00616392954972166604
0.00000000000000000000 0.00616932453717111608
0.00000000000000000000 0.00620479256043202521
0.00000000000000000000 0.00620692247787728128
0.00000000000000000000 0.00623033504233295402
0.00000000000000000000 0.00623597281163651342
0.00000000000000000000 0.00632655366023486283
0.00000000000000000000 0.00638669296067437275
0.00000000000000000000 0.00639758850289314646
0.00000000000000000000 0.00641038076919558074
0.00000000000000000000 0.00643191041929345227
0.00000000000000000000 0.00645028431071058370
0.00000000000000000000 0.00645906441470584219
0.00000000000000000000 0.00647670446584940832
0.00000000000000000000 0.00649408814836393948
0.00000000000000000000 0.00650062122519217290
0.00000000000000000000 0.00650108767527480570
0.00000000000000000000 0.00650876941895836992
0.00000000000000000000 0.00650930040416468087
0.00000000000000000000 0.00651971914758392446
0.00000000000000000000 0.00652058939597184150
0.00000000000000000000 0.00652909464112109723
0.00000000000000000000 0.00655754751517447117
0.00000000000000000000 0.00657661099213979229
0.00000000000000000000 0.00659602289171689650
0.00000000000000000000 0.00667025383485303578
0.00000000000000000000 0.00670065305407404558
0.00000000000000000000 0.00673896079980365863
0.00000000000000000000 0.00683167166984416461
0.00000000000000000000 0.00685039509959341816
0.00000000000000000000 0.00685766370023169983
0.00000000000000000000 0.00694872355679670029
0.00000000000000000000 0.00696242985504101457
0.00000000000000000000 0.00696752151763044888
0.00000000000000000000 0.00697260073805265872
0.00000000000000000000 0.00698914351013320192
0.00000000000000000000 0.00698997087658814395
0.00000000000000000000 0.00699681240115036969
0.00000000000000000000 0.00702254373363964558
0.00000000000000000000 0.00706486341844125842
0.00000000000000000000 0.00708064234444943843
0.00000000000000000000 0.00710119276786665143
0.00000000000000000000 0.00712797175068404561
0.00000000000000000000 0.00715514454050354513
0.00000000000000000000 0.00718888110546632864
0.00000000000000000000 0.00719671321737801965
0.00000000000000000000 0.00722235975384235163
0.00000000000000000000 0.00723412079427025994
0.00000000000000000000 0.00725124846088941351
0.00000000000000000000 0.00733339570332348922
0.00000000000000000000 0.00734831818182759330
0.00000000000000000000 0.00735384099396969686
0.00000000000000000000 0.00737726645924789270
0.00000000000000000000 0.00738873114066530053
0.00000000000000000000 0.00742999307379299360
0.00000000000000000000 0.00753615881033096319
0.00000000000000000000 0.00753907694512525976
0.00000000000000000000 0.00756289220394906064
0.00000000000000000000 0.00757338856806897675
0.00000000000000000000 0.00760787221735225241
0.00000000000000000000 0.00769089802773111845
0.00000000000000000000 0.00773179044831799264
0.00000000000000000000 0.00774824760500988745
0.00000000000000000000 0.00776711488602759969
0.00000000000000000000 0.00780954723195270446
0.00000000000000000000 0.00793247131942154474
0.00000000000000000000 0.00798725409302507641
0.00000000000000000000 0.00799557660020815304
0.00000000000000000000 0.00805036838722924045
0.00000000000000000000 0.00806930203590153911
0.00000000000000000000 0.00809028195233838995
0.00000000000000000000 0.00809319656937977118
0.00000000000000000000 0.00809663373183886273
0.00000000000000000000 0.00809687991558230916
0.00000000000000000000 0.00811326896469316376
0.00000000000000000000 0.00816825409438561544
0.00000000000000000000 0.00819079995736018279
0.00000000000000000000 0.00819609723615606807
0.00000000000000000000 0.00823281994701190352
0.00000000000000000000 0.00823897831793130378
0.00000000000000000000 0.00826457374090045285
0.00000000000000000000 0.00827481330445055570
0.00000000000000000000 0.00830226077255497193
0.00000000000000000000 0.00831162939000309152
0.00000000000000000000 0.00831864221351094786
0.00000000000000000000 0.00832139452285459921
0.00000000000000000000 0.00833172702414251495
0.00000000000000000000 0.00833698721519701529
0.00000000000000000000 0.00833952352464200145
0.00000000000000000000 0.00835431115772672025
0.00000000000000000000 0.00836637666153975529
0.00000000000000000000 0.00837815818133781469
0.00000000000000000000 0.00837997223580045150
0.00000000000000000000 0.00839321887337129806
0.00000000000000000000 0.00840151682187157550
0.00000000000000000000 0.00841001892206070557
0.00000000000000000000 0.00841623009430663739
0.00000000000000000000 0.00849742204869338887
0.00000000000000000000 0.00849844532510626860
0.00000000000000000000 0.00856661304188716805
0.00000000000000000000 0.00856869653336515477
0.00000000000000000000 0.00857498013659602210
0.00000000000000000000 0.00859544106773904235
0.00000000000000000000 0.00862265029651729763
0.00000000000000000000 0.00863239358629763927
0.00000000000000000000 0.00865640472063461397
0.00000000000000000000 0.00866728902882467345
0.00000000000000000000 0.00866832628563267600
0.00000000000000000000 0.00870190912159984377
0.00000000000000000000 0.00871082069925011894
0.00000000000000000000 0.00871086234961206650
0.00000000000000000000 0.00875211862141777285
0.00000000000000000000 0.00876206882135306502
0.00000000000000000000 0.00879640809279772645
0.00000000000000000000 0.00881210863713011855
0.00000000000000000000 0.00882088444379126001
0.00000000000000000000 0.00886987899864680532
0.00000000000000000000 0.00887665685721165769
0.00000000000000000000 0.00889091205457324778
0.00000000000000000000 0.00889242954346221130
0.00000000000000000000 0.00889831533293437664
0.00000000000000000000 0.00890885566782255271
0.00000000000000000000 0.00890954357847507580
0.00000000000000000000 0.00895088879561782048
0.00000000000000000000 0.00898829154323041446
0.00000000000000000000 0.00899075189334075549
0.00000000000000000000 0.00900889014205524634
0.00000000000000000000 0.00901124054302633766
0.00000000000000000000 0.00907166739060405458
0.00000000000000000000 0.00907940904125337060
0.00000000000000000000 0.00911836682496226618
0.00000000000000000000 0.00913308249962307625
0.00000000000000000000 0.00915412365810309991
0.00000000000000000000 0.00922225709283926685
0.00000000000000000000 0.00927298374287762253
0.00000000000000000000 0.00929431816444139039
0.00000000000000000000 0.00938493811815009453
0.00000000000000000000 0.00938520016999185545
0.00000000000000000000 0.00938817310224088382
0.00000000000000000000 0.00938829090261754894
0.00000000000000000000 0.00940704080798927984
0.00000000000000000000 0.00948391650072904872
0.00000000000000000000 0.00948841843246203340
0.00000000000000000000 0.00953398365987766748
0.00000000000000000000 0.00953599758387930520
0.00000000000000000000 0.00958962166025941788
0.00000000000000000000 0.00960132249006554438
0.00000000000000000000 0.00964722574692013050
0.00000000000000000000 0.00964982600448228284
0.00000000000000000000 0.00966597593864211221
0.00000000000000000000 0.00969812968964526775
0.00000000000000000000 0.00969859877762683197
0.00000000000000000000 0.00972443157700923072
0.00000000000000000000 0.00975362356489433736
0.00000000000000000000 0.00975390356570220163
0.00000000000000000000 0.00977192916251177005
0.00000000000000000000 0.00978072618863306230
0.00000000000000000000 0.00979553778341081365
0.00000000000000000000 0.00981787416094082217
0.00000000000000000000 0.00984520390454080713
0.00000000000000000000 0.00987553734680020855
0.00000000000000000000 0.00991051743442514232
0.00000000000000000000 0.00991133407057494080
0.00000000000000000000 0.00996106138074120441
0.00000000000000000000 0.00999458795999955477
0.00000000000000000000 0.00999498940938250285
0.00000000000000000000 0.01001505026716549042
0.00000000000000000000 0.01001942047272633314
0.00000000000000000000 0.01003968122190215459
0.00000000000000000000 0.01004363734263422764
0.00000000000000000000 0.01005973721623056039
0.00000000000000000000 0.01007969373709467764
0.00000000000000000000 0.01008190041201886822
0.00000000000000000000 0.01015683609304580091
0.00000000000000000000 0.01019482406019230417
0.00000000000000000000 0.01021648375145542062
0.00000000000000000000 0.01026996550789123150
0.00000000000000000000 0.01027302604863257647
0.00000000000000000000 0.01028818968687663683
0.00000000000000000000 0.01028976632457705154
0.00000000000000000000 0.01030338512086468802
0.00000000000000000000 0.01030704372422201927
0.00000000000000000000 0.01030789322511912499
0.00000000000000000000 0.01032552474467184241
0.00000000000000000000 0.01035364347784603102
0.00000000000000000000 0.01037085405265509956
0.00000000000000000000 0.01039247522007965760
0.00000000000000000000 0.01043255147690794887
0.00000000000000000000 0.01046746106578560001
0.00000000000000000000 0.01049654219582702233
0.00000000000000000000 0.01055953619290608131
0.00000000000000000000 0.01056505490426823228
0.00000000000000000000 0.01058243221798008289
0.00000000000000000000 0.01063804342989961398
0.00000000000000000000 0.01064046099327716106
0.00000000000000000000 0.01067504834422447479
0.00000000000000000000 0.01067642955427352061
0.00000000000000000000 0.01068676715874226218
0.00000000000000000000 0.01073194779305441937
0.00000000000000000000 0.01079049092891473313
0.00000000000000000000 0.01083415938492755283
0.00000000000000000000 0.01084399064056331546
0.00000000000000000000 0.01085401902960586758
0.00000000000000000000 0.01087630400294685613
0.00000000000000000000 0.01090669783871118549
0.00000000000000000000 0.01091647812998083021
0.00000000000000000000 0.01099715105030946161
0.00000000000000000000 0.01100506902960787445
0.00000000000000000000 0.01100719230922993924
0.00000000000000000000 0.01112064741042996865
0.00000000000000000000 0.01113811532717342949
0.00000000000000000000 0.01115959017180532739
0.00000000000000000000 0.01118513454590139983
0.00000000000000000000 0.01121361478959062921
0.00000000000000000000 0.01121762409628353566
0.00000000000000000000 0.01122743132569022605
0.00000000000000000000 0.01122999133783516602
0.00000000000000000000 0.01134906265081844605
0.00000000000000000000 0.01137220224286164018
0.00000000000000000000 0.01138698403861928589
0.00000000000000000000 0.01139935220702531851
0.00000000000000000000 0.01144194984607069081
0.00000000000000000000 0.01148555003366230447
0.00000000000000000000 0.01148753590176355456
0.00000000000000000000 0.01152241128249461080
0.00000000000000000000 0.01158195853224154408
0.00000000000000000000 0.01158801487554775300
0.00000000000000000000 0.01163637319128253862
0.00000000000000000000 0.01165873945389858668
0.00000000000000000000 0.01178229543652315782
0.00000000000000000000 0.01181519028682127825
0.00000000000000000000 0.01201519204541197199
0.00000000000000000000 0.01204940479349188125
0.00000000000000000000 0.01208954346565520137
0.00000000000000000000 0.01212517919258141938
0.00000000000000000000 0.01212658470331689532
0.00000000000000000000 0.01215969444765025755
0.00000000000000000000 0.01225481866280669387
0.00000000000000000000 0.01233663184757184152
0.00000000000000000000 0.01242265041334759609
0.00000000000000000000 0.01254083494091980458
0.00000000000000000000 0.01261927053842228606
0.00000000000000000000 0.01275155752319932258
0.00000000000000000000 0.01282975373209358470
0.00000000000000000000 0.01287236695268301548
0.00000000000000000000 0.01292673890964597498
0.00000000000000000000 0.01294560160280050325
0.00000000000000000000 0.01295961141291610864
0.00000000000000000000 0.01297965547787300992
0.00000000000000000000 0.01302566038035534758
0.00000000000000000000 0.01305369387803959058
0.00000000000000000000 0.01307526057959579151
0.00000000000000000000 0.01324102004317568616
0.00000000000000000000 0.01334827645995273135
0.00000000000000000000 0.01335844388656639604
0.00000000000000000000 0.01336378014859759648
0.00000000000000000000 0.01337199412611360903
0.00000000000000000000 0.01337435103261205502
0.00000000000000000000 0.01343426333829601978
0.00000000000000000000 0.01346760495637953914
0.00000000000000000000 0.01393635929980197204
0.00000000000000000000 0.01397357477692955270
0.00000000000000000000 0.01402718515163413858
0.00000000000000000000 0.01403099897007567196
0.00000000000000000000 0.01406913569605837758
0.00000000000000000000 0.01412954049491846158
0.00000000000000000000 0.01414025793151407577
0.00000000000000000000 0.01429926210224508401
0.00000000000000000000 0.01439280302520673342
0.00000000000000000000 0.01447013549121682272
0.00000000000000000000 0.01447486710947458281
0.00000000000000000000 0.01450679309533649611
0.00000000000000000000 0.01461350472718404500
0.00000000000000000000 0.01470803501353398074
0.00000000000000000000 0.01471543041913160599
0.00000000000000000000 0.01477616379219337181
0.00000000000000000000 0.01485350692734948436
0.00000000000000000000 0.01491079789183341088
0.00000000000000000000 0.01491442309099089494
0.00000000000000000000 0.01499602960940211831
0.00000000000000000000 0.01505501404266366104
0.00000000000000000000 0.01524597713370144311
0.00000000000000000000 0.01525579569647925703
0.00000000000000000000 0.01542852238880529359
0.00000000000000000000 0.01550993776921602042
0.00000000000000000000 0.01551968892901038968
0.00000000000000000000 0.01579528034887715121
0.00000000000000000000 0.01585339082578461969
0.00000000000000000000 0.01598283237327784156
0.00000000000000000000 0.01605149869515948638
0.00000000000000000000 0.01610551690500098068
0.00000000000000000000 0.01612409780377712168
0.00000000000000000000 0.01613597150340993769
0.00000000000000000000 0.01625315493228715949
0.00000000000000000000 0.01625503369014362140
0.00000000000000000000 0.01630302875398242576
0.00000000000000000000 0.01632616197441882563
0.00000000000000000000 0.01644021088263591598
0.00000000000000000000 0.01653517269427805594
0.00000000000000000000 0.01657094300428999661
0.00000000000000000000 0.01667128434423314695
0.00000000000000000000 0.01673431598911330129
0.00000000000000000000 0.01677136431588488463
0.00000000000000000000 0.01681053290684787066
0.00000000000000000000 0.01685390766046441710
0.00000000000000000000 0.01688321809255016737
0.00000000000000000000 0.01691189670824645025
0.00000000000000000000 0.01691253861917264498
0.00000000000000000000 0.01694368876228093471
0.00000000000000000000 0.01698467115663118351
0.00000000000000000000 0.01706187248815595886
0.00000000000000000000 0.01712072414364089815
0.00000000000000000000 0.01716173155531173014
0.00000000000000000000 0.01717055648220625758
0.00000000000000000000 0.01719509200066344015
0.00000000000000000000 0.01724927979555511762
0.00000000000000000000 0.01728279051243518036
0.00000000000000000000 0.01730774912042823757
0.00000000000000000000 0.01732962729947856023
0.00000000000000000000 0.01734795056843088309
0.00000000000000000000 0.01744501612404057711
0.00000000000000000000 0.01748605779402509150
0.00000000000000000000 0.01749988461970219955
0.00000000000000000000 0.01754034466431328779
0.00000000000000000000 0.01783005647048077624
0.00000000000000000000 0.01784412752304607649
0.00000000000000000000 0.01789253617343568303
0.00000000000000000000 0.01802743444700730460
0.00000000000000000000 0.01811620397579924782
0.00000000000000000000 0.01828707232793159651
0.00000000000000000000 0.01831089347184286509
0.00000000000000000000 0.01839467794122181393
0.00000000000000000000 0.01850852048774116743
0.00000000000000000000 0.01855422084570427024
0.00000000000000000000 0.01869770759570971858
0.00000000000000000000 0.01903518055548204108
0.00000000000000000000 0.01933369099324766180
0.00000000000000000000 0.01937506449993398744
0.00000000000000000000 0.01939534176839026805
0.00000000000000000000 0.01952706563959111588
0.00000000000000000000 0.01959407020295356877
0.00000000000000000000 0.01960648284979334133
0.00000000000000000000 0.01961673775351341006
0.00000000000000000000 0.01980719915261107411
0.00000000000000000000 0.01999756815752394210
0.00000000000000000000 0.02037107670318576841
0.00000000000000000000 0.02042103553587283973
0.00000000000000000000 0.02048943426067988127
0.00000000000000000000 0.02051168641324889116
0.00000000000000000000 0.02052567559096087763
0.00000000000000000000 0.02065953669380807614
0.00000000000000000000 0.02087762236006403954
0.00000000000000000000 0.02107946678713399843
0.00000000000000000000 0.02116161899800100485
0.00000000000000000000 0.02137122735241534996
0.00000000000000000000 0.02138757736606263643
0.00000000000000000000 0.02141985523251707310
0.00000000000000000000 0.02146505949180774545
0.00000000000000000000 0.02155323199394362441
0.00000000000000000000 0.02170641109305408711
0.00000000000000000000 0.02172806068417257666
0.00000000000000000000 0.02189564139258116937
0.00000000000000000000 0.02251489455612504242
0.00000000000000000000 0.02251628927440699549
0.00000000000000000000 0.02291455555756335624
0.00000000000000000000 0.02332205259510732043
0.00000000000000000000 0.02337194030357228267
0.00000000000000000000 0.02343266441835390596
0.00000000000000000000 0.02347924290441986625
0.00000000000000000000 0.02395312159238451033
0.00000000000000000000 0.02451168169565004495
0.00000000000000000000 0.02458806519887955094
0.00000000000000000000 0.02495025903543242329
0.00000000000000000000 0.02505295184376581802
0.00000000000000000000 0.02514747019899432959
0.00000000000000000000 0.02547292378688590514
0.00000000000000000000 0.02549240399129793638
0.00000000000000000000 0.02585347004289396955
0.00000000000000000000 0.02593898624657113225
0.00000000000000000000 0.02604824450392540999
0.00000000000000000000 0.02683200986501703064
0.00000000000000000000 0.02725168659382795622
0.00000000000000000000 0.02854316025965156559
0.00000000000000000000 0.02974711746311725288
0.00000000000000000000 0.02980592498708525134
0.00000000000000000000 0.02991822319187191492
0.00000000000000000000 0.03012967200357834566
0.00000000000000000000 0.03083638270977397816
0.00000000000000000000 0.03098017374890159673
0.00000000000000000000 0.03140537292476860975
0.00000000000000000000 0.03158352670640945936
0.00000000000000000000 0.03167903478887454383
0.00000000000000000000 0.03170518544195746052
0.00000000000000000000 0.03304745021751855083
0.00000000000000000000 0.03312422743226357824
0.00000000000000000000 0.03384371107584535632
0.00000000000000000000 0.03393230966961006262
0.00000000000000000000 0.03457079947820043686
0.00000000000000000000 0.03587021397870854278
0.00000000000000000000 0.03639414199517860410
0.00000000000000000000 0.03668983354448575318
0.00000000000000000000 0.03815814240154558057
0.00000000000000000000 0.04128327093734384529
0.00000000000000000000 0.05441175182103074465
0.00000000000000000000 0.05599372389697163110
0.00000000000000000000 0.06044494621257907874
0.00000000000000000000 0.07176228638706368124
0.00000000000000000000 0.31218724623097188209
0.00000000000000000000 0.54575971298532099940
0.00000000000000000000 1.73205080756887719318
