0.01739400100255873369 0.02080604512837642972
0.02155396624717223833 0.02455907429860784350
0.02442088125510891161 0.02601313190093357264
0.03000853671723002422 0.03036519393816194262
0.03484452657869258757 0.03540061194409890172
0.03005668687801181863 0.03839898978846867372
0.03893806699599163673 0.03986467960474179839
0.03755127850758045033 0.04118332638268396712
0.03867631085847263173 0.04309520010898647974
0.04273851672536356505 0.04329857261294707549
0.03997372135773974433 0.04355096091676999986
0.04130457132314369756 0.04406956773745177025
0.04287417390060875577 0.04517901087337155425
0.04512217404486402322 0.04556110585709350486
0.04089789018673020693 0.04739382695017584773
0.03779456940784094859 0.04801613815664678570
0.03902319108709850076 0.04843991773161555187
0.03846294429404380211 0.04861018678376125002
0.04402262219946261046 0.04906119404995059469
0.04266374936267797180 0.04937437873003463346
0.04456317245138505939 0.04957384625391701716
0.04754528345204217521 0.05084329638321141709
0.03944132396911890354 0.05235683529125983310
0.04502883438898610396 0.05263492722264279805
0.04997814973733656629 0.05324785789952953680
0.04847973831713090626 0.05443943185926766737
0.03375936403657387591 0.05484483585089350993
0.05337552955329422782 0.05489532626530069931
0.05400963061761019507 0.05499282837605196095
0.04754649962289252130 0.05524333514232265818
0.05492869746929499725 0.05542628589266115208
0.04805551064497848995 0.05557507210826195115
0.05428993418978470681 0.05671402713741761914
0.05687437875988409636 0.05702947648973751005
0.04824039539329464527 0.05744370330876655273
0.04393535422605071572 0.05765969600223394553
0.05587245435646882863 0.05834026381435152009
0.04402319525375045922 0.05882072934698924505
0.05744729612175740463 0.05885861040673402711
0.04715193124635957966 0.05886512126077265983
0.04987120345506255298 0.05974913444843332061
0.04592114201705754795 0.06142079658619987309
0.05505400124145226615 0.06195647711764067783
0.05139823054945533848 0.06488118170955321784
0.06387221161919007240 0.06543136576193243903
0.05546013077391039742 0.06609116704311233936
0.06139989410462472902 0.06623068653251142079
0.05489866673100120970 0.06642651878653287045
0.06422826398432025796 0.06662881073556269074
0.05843513130099414754 0.06690101130632153392
0.05758004884413245317 0.06778972823885975885
0.04428771642383852458 0.06908339426068944855
0.05014690335008747252 0.06968523904069530428
0.05565637610954881492 0.07004067091952920210
0.06973199102799705618 0.07037718813553607566
0.06673845248762289017 0.07044913766491743556
0.06422961891845231641 0.07064559991705793296
0.06940302361528256914 0.07074632052847756869
0.05359248166854232304 0.07125718357521304558
0.04598440936027942127 0.07178276450404738607
0.05215770585896321865 0.07217287524548710032
0.05949626841701046581 0.07247327559017029130
0.06529949914869496996 0.07269987649298741139
0.06882285205838056807 0.07294111359258896587
0.07333062622670802333 0.07370733035547366585
0.04901429272238314039 0.07400766518420309747
0.05418582648003208296 0.07412231847284002362
0.06166311431040165381 0.07436773461149610853
0.06726368945264107890 0.07473977553474102364
0.06793676838576881427 0.07539827530621912022
0.04704752028105888689 0.07585198121971964413
0.07523112934090425696 0.07607367930953284896
0.06406098398850758324 0.07707736788448009413
0.05763984541143860052 0.07708519991589096731
0.06892466067061073232 0.07860139940041402373
0.07872079891064097390 0.07878709203830282226
0.07178120122440645456 0.08174308812852122685
0.07726434373508717091 0.08194939576220891531
0.07091121117199578050 0.08202100884562886496
0.06899858229174540836 0.08298672574275452185
0.06894437840607180179 0.08309702339992154629
0.07003085725147406571 0.08363511346436387772
0.08069401062673117742 0.08423563162896217926
0.07059452427370446759 0.08464655274656922301
0.06844389350284896256 0.08487461491326463159
0.08185266877963297272 0.08531989713952523036
0.06414318485852074647 0.08537762267130979965
0.06595567000333903140 0.08822534193360370702
0.06072420975206106047 0.08838323976353018585
0.07929667188933230138 0.08913136927387062258
0.06788094959546374374 0.08927076956501148186
0.09246491692959850350 0.09303533976868179345
0.06381665160834192052 0.09386486156270260062
0.04969925330251643431 0.09400563752107456150
0.07763425987223797342 0.09441626416314263803
0.06005085349419982121 0.09488069687429351307
0.09637639758431795767 0.09691954887817412490
0.09557491613957876109 0.09765424775070900842
0.06153995000907355045 0.09819399699866679376
0.07961819050366919504 0.10099021976522790101
0.07929132700067356709 0.10343720844738216180
0.05127493223122010779 0.10580252352004437810
0.10050734263761952614 0.10947465436275138906
0.11156459915527260074 0.11167111458579222216
0.10635006812879753413 0.11348670828340853833
0.10633629474082327560 0.11572037945144138249
0.12102947883803634455 0.12159342036120160402
0.10312010797307973042 0.12172810081207548205
0.11882226018021999070 0.13096956078983362781
0.08872951535523641853 0.13203189496943210091
0.09212433450594563478 0.13841114324571421323
0.12960511007250027915 0.14228351724235285825
0.10378143568729632229 0.14448397120312281294
0.09056129390301669024 0.14626414034767093453
0.13799777612670652283 0.15149152457291492624
0.15239012945780089359 0.15910044199256473396
0.15187684682729032937 0.17291202018628676340
0.18945200589175334449 0.19967040355718648770
0.06553696969383888959 0.48054164471347698973
