0.06208570011221464097 0.06931948243021630873
0.08524501951321197812 0.08654724537022251418
0.08638681325222669072 0.08736040581795519178
0.09507212404814871509 0.09984217518750622411
0.10413303596536452322 0.10545407340266074736
0.09644178390576189919 0.10663917533340169785
0.08662484473629297743 0.10851811383316975479
0.09702710107348336277 0.11098883801030468010
0.11007294736430742188 0.11189745602262501922
0.10484839423477140818 0.11946784985064771989
0.11407873411926718055 0.12158680574504143745
0.12006179280478240790 0.12171951957150189960
0.11089078872540969467 0.12643437826171743943
0.12273064747944933961 0.12673747136384064249
0.12496163589869102584 0.12675631779305843172
0.12652522113656552993 0.13198558186557826644
0.12086778346150416075 0.13300722940868475730
0.11036364973273939116 0.13432807494603546394
0.12593445298473754379 0.13629216540038480154
0.12902452921788412632 0.14004238989140294080
0.11600819270770207359 0.14187741760275471292
0.12242364770356949089 0.14188337362622066573
0.12387879554809524962 0.14231998586081712199
0.12312333018852765487 0.14414322402518955912
0.13716350835231760907 0.14564098755787280304
0.13333195916097351219 0.14588983796962398665
0.11429794217141479862 0.14650050557943350427
0.14431202436215989637 0.14716660335620307398
0.13889206938916318079 0.14825637278033715338
0.11872768402729208526 0.14840273298770376154
0.13838084008182685580 0.15256979611627305427
0.12597808421133627199 0.15321280076473015042
0.13658820363967147382 0.15441309355382443202
0.13894408024356022513 0.15493226603786286466
0.15235903787325347225 0.15543805432797447308
0.15634774025457107149 0.15653407599582738752
0.15368050408521805039 0.15655494972931616182
0.15391331446822448248 0.15742195940848094371
0.13928476337438946975 0.15767193662712536417
0.15780047300630559159 0.15830618385599098952
0.15695246632327319869 0.15927657562477209874
0.12793083660531379131 0.15988624312191040966
0.14225119869486946289 0.16017968949297234360
0.15619578218560559169 0.16024962003477058459
0.16328502115343074275 0.16362114878682612606
0.15607719113774823350 0.16451272041910960930
0.15086623056950460020 0.16498035558638945997
0.14713712773091225383 0.16579895455162413365
0.16533561462479240411 0.16632988533443096579
0.14771137835310488295 0.16763186696410362075
0.14124681204100664189 0.16826193003434275486
0.14652112074628836913 0.16984288503162825457
0.14457922634490377733 0.17011644484147586676
0.15689361478470767453 0.17047724103852002209
0.16662454865436235329 0.17055765872641162617
0.13803410084088615917 0.17094296117176432936
0.13640284346245024061 0.17171929236502628258
0.16125978210560587556 0.17271110583280691042
0.12602266779501702931 0.17271110583280691042
0.16720233573683462858 0.17466711854075395172
0.17085926344514523745 0.17550581029248663034
0.15651310525029848986 0.17576241631851921565
0.15909626455668263167 0.17630317368406581147
0.15354996326737407886 0.17630317368406581147
0.16031114587637057545 0.17662681056765536236
0.13830591365865702036 0.17668235378216987086
0.17232045301618600930 0.17672110183289974072
0.16274842674426809319 0.17731027230866061584
0.14507869497087885757 0.17759911668728731171
0.16036533445897910299 0.17785522373536799545
0.15388152127711809958 0.18166523233740822230
0.16768474859699297741 0.18177119138744757265
0.17629404706624807186 0.18187353796923746985
0.17343483555929972706 0.18193500044201879606
0.13127112365622276013 0.18436899512697180192
0.17953045307310816492 0.18655612737360954823
0.18259108710427696121 0.18670547762959560645
0.15249222840387538502 0.18753149714731850994
0.16757461983808080719 0.18802084076746899965
0.15601334281874845722 0.19005356844262102922
0.16462890940412694407 0.19072237555827672995
0.18198073960853264341 0.19486566802412313981
0.18771129874351946687 0.19512362705944652497
0.19504449614064162111 0.20106641177170084256
0.18284472919709393590 0.20144378218004801995
0.16150668029054413011 0.20267105044833011451
0.18838522169821156349 0.20280146361017292733
0.16727765601134361728 0.20407841353093966741
0.20303783510924180988 0.20530983222661616794
0.19137932687923214781 0.20673016842657110370
0.18879435376606443220 0.20685209300497003904
0.20502323351081916392 0.20733619963309013468
0.18712092657345658075 0.20758979369933336367
0.19301161624870935563 0.20794252543312766179
0.18773380549058982236 0.20975010078660200064
0.17730284480721419937 0.21264764545359535197
0.15127234883970985813 0.21353639560596132663
0.20957231748779686642 0.21595722726325602969
0.17238773436211196621 0.21597473556497787106
0.21123911378156776109 0.21712445592580223441
0.20676122784117031972 0.21732902511635462939
0.18752076254007624123 0.21929047960365272152
0.19399528147042657822 0.21976193899107560048
0.19535713969549114988 0.22270785996505873539
0.16980874360620712427 0.22481548046196395130
0.19874652903809014726 0.22489280348488566164
0.15560266309716019872 0.22565779389398316068
0.16191199417396603955 0.22601845010165499961
0.16264976455134230737 0.22731292823285165206
0.21235268482245642230 0.22748799579940409687
0.17893518320580192871 0.22774407327407092394
0.21607911613394870098 0.23052037300190567071
0.22751413547958115879 0.23120148181302432877
0.20545418649004568157 0.23451819637066986801
0.22490593491434485163 0.23602673567656221043
0.22171773473564873602 0.23625536574960218084
0.20989872183556959606 0.23759691033061192122
0.17161147212981819887 0.23905972060973099125
0.15875786432949406946 0.23908235520752407766
0.23096499163152794942 0.23961843415159350679
0.21442433513428116321 0.23994262758501128108
0.23657958763892333875 0.24016727737132539944
0.22688276539344895411 0.24172674587814144131
0.24061507344019997245 0.24340202630126178684
0.21909938941902501464 0.24412242607249909354
0.17817281210741409136 0.24482882517950371737
0.24444630885944787502 0.24502868214052628271
0.21602092067465711311 0.24522456392841729400
0.20698560078094446757 0.24543798807487243741
0.21612369617297771951 0.24573085352752754851
0.22539182992947945361 0.24721678530995905287
0.22202502512759184072 0.24866827694036236496
0.17742380188181350320 0.25287316270853871236
0.24635960671004711320 0.25368289811759281438
0.20972762685866050414 0.25486466677015756632
0.21493385285238003624 0.25529205413056926810
0.25356968063597812302 0.25741646561109343683
0.24179368067267859033 0.25741646561109343683
0.25759753674409424651 0.25769748882792425926
0.19867919005632617147 0.25778134216810205670
0.22093846484949583586 0.25785500481269135742
0.21519218163554335033 0.25867675351248031745
0.22686920473689028976 0.25877910661773589895
0.20819854617134989083 0.25940834266030798894
0.23867540637772388656 0.25983078551225585739
0.16670773312348496908 0.26267870710172136484
0.20114822384227853957 0.26309068942026525573
0.25587731350811748765 0.26340157254081592031
0.17949786386624835832 0.26348477261834218899
0.23037600786360140637 0.26424134339748156508
0.23664832157022161474 0.26563628598487271093
0.20875954743688068804 0.26714406915274235832
0.17140265305484797542 0.26776085308976710353
0.19161169169030331516 0.26953191488937888742
0.15064440701753362140 0.27032428348317077971
0.19561996042880927527 0.27095088629671032487
0.23580369647181487203 0.27615949512560994394
0.26695662327283786741 0.27769010373170294192
0.15963789950277626484 0.27894591457465267581
0.23387324696216921227 0.27983176330583764413
0.21658547407894643277 0.28211594402083217670
0.25964266956843412570 0.28291719116876329343
0.20383802511724571915 0.28392519403884658447
0.22198724295451913169 0.28521103153371235583
0.24775788982613258793 0.29618711811832676428
0.24487255238170532734 0.29676166885036037169
0.20395750161683712243 0.29912959040235148622
0.30006932959594301291 0.30408152196499660391
0.29587702963812856360 0.30475968894927596420
0.23726832347863580086 0.30570751892823855300
0.27533501196947957057 0.30747605407385270038
0.21386266670277156998 0.30859367915214885869
0.26619360162922817148 0.31040195158515143659
0.31195940243213371446 0.31738170049003400219
0.25085633707381493895 0.32173164004679677408
0.29091945749030717616 0.32324742062310701796
0.15554745458194624286 0.32366279761520816427
0.23672215915605995806 0.32651611610537728536
0.27384494051540797521 0.32698621076526807050
0.29298486633427683890 0.32709865496766687976
0.28793938451642447918 0.32913180691776339204
0.26934747372552148015 0.32913180691776339204
0.29877784840839261005 0.33240340343445606841
0.31202796391725984293 0.33590995506568921414
0.19551610748686401586 0.33825648748374825825
0.33580290535481371883 0.33847651961074337601
0.18329499692423206758 0.33862902877855904915
0.26020038105643467086 0.33893823550198926009
0.19979849298873342267 0.33977591069170048899
0.31563613271970547558 0.34436898639424806667
0.22776526780558839502 0.34697443013786150035
0.28675695398445427697 0.35136447900357670182
0.30890584694098116580 0.35508434795168092313
0.17571900227257220006 0.36003922355907319597
0.19971927727423566257 0.36500418187948457938
0.18827890850392692279 0.36628707761803835918
0.23717480740467511424 0.36864985208258388427
