0.00000000000000000000 0.00759990889819415431
0.00000000000000000000 0.01479790433575637471
0.00000000000000000000 0.01544331332316547720
0.00000000000000000000 0.01597267486489227506
0.00000000000000000000 0.01658118107752099002
0.00000000000000000000 0.01739663746460693924
0.00000000000000000000 0.01940788833110519002
0.00000000000000000000 0.01990259355871061564
0.00000000000000000000 0.02062319727923380905
0.00000000000000000000 0.02109186890853230814
0.00000000000000000000 0.02264555109549540660
0.00000000000000000000 0.02275625546852949599
0.00000000000000000000 0.02319628075660664854
0.00000000000000000000 0.02431742865541980034
0.00000000000000000000 0.02436318287518802334
0.00000000000000000000 0.02531262362556253517
0.00000000000000000000 0.02582484738255313647
0.00000000000000000000 0.02583287547098792047
0.00000000000000000000 0.02635082628630277049
0.00000000000000000000 0.02692255713360300340
0.00000000000000000000 0.02852502483713187376
0.00000000000000000000 0.02861136404947696790
0.00000000000000000000 0.02887143549535722831
0.00000000000000000000 0.02954325847006930919
0.00000000000000000000 0.03036670052407933890
0.00000000000000000000 0.03053063639728436848
0.00000000000000000000 0.03107698521415076104
0.00000000000000000000 0.03114625966510549057
0.00000000000000000000 0.03115145683866727203
0.00000000000000000000 0.03127028917569527749
0.00000000000000000000 0.03136679054750977219
0.00000000000000000000 0.03148198488314424281
0.00000000000000000000 0.03190476743699868084
0.00000000000000000000 0.03202061015649858983
0.00000000000000000000 0.03235074686154582740
0.00000000000000000000 0.03269852700923180089
0.00000000000000000000 0.03311345335860146899
0.00000000000000000000 0.03363502035745635083
0.00000000000000000000 0.03365234635150139708
0.00000000000000000000 0.03366173785560796355
0.00000000000000000000 0.03369614809311122228
0.00000000000000000000 0.03513427413620015538
0.00000000000000000000 0.03627888025571242292
0.00000000000000000000 0.03630952142790944831
0.00000000000000000000 0.03723952772625207380
0.00000000000000000000 0.03730849355658297228
0.00000000000000000000 0.03739849750574052861
0.00000000000000000000 0.03771777165418053329
0.00000000000000000000 0.03838765124474084051
0.00000000000000000000 0.03875949697640515557
0.00000000000000000000 0.03953267539690046711
0.00000000000000000000 0.03989515788579435507
0.00000000000000000000 0.04003540685583396874
0.00000000000000000000 0.04025549527220777246
0.00000000000000000000 0.04048182727798634722
0.00000000000000000000 0.04064031514728076722
0.00000000000000000000 0.04069026780868557902
0.00000000000000000000 0.04095049987224191890
0.00000000000000000000 0.04099312547864798761
0.00000000000000000000 0.04099317045065326709
0.00000000000000000000 0.04178235657119259289
0.00000000000000000000 0.04182739489803064675
0.00000000000000000000 0.04206389861506211469
0.00000000000000000000 0.04215913390674969757
0.00000000000000000000 0.04221019123578623883
0.00000000000000000000 0.04246330169592667930
0.00000000000000000000 0.04283840836518378048
0.00000000000000000000 0.04317606634972132734
0.00000000000000000000 0.04330555743780979683
0.00000000000000000000 0.04354048966272744403
0.00000000000000000000 0.04360436740457397653
0.00000000000000000000 0.04363954605663903502
0.00000000000000000000 0.04376286251029054553
0.00000000000000000000 0.04405856749191925520
0.00000000000000000000 0.04435942581061107920
0.00000000000000000000 0.04446804593154194546
0.00000000000000000000 0.04447183457597892603
0.00000000000000000000 0.04467256667569608625
0.00000000000000000000 0.04469341121580774207
0.00000000000000000000 0.04477000739280785624
0.00000000000000000000 0.04517383220662829491
0.00000000000000000000 0.04527264718419195949
0.00000000000000000000 0.04530625154467128601
0.00000000000000000000 0.04536329204395172371
0.00000000000000000000 0.04558491442040903813
0.00000000000000000000 0.04565519934433783650
0.00000000000000000000 0.04596498794547949213
0.00000000000000000000 0.04633305847362971519
0.00000000000000000000 0.04665385039394533834
0.00000000000000000000 0.04721639116098148153
0.00000000000000000000 0.04745192258029546500
0.00000000000000000000 0.04761659191884183573
0.00000000000000000000 0.04798808742686331424
0.00000000000000000000 0.04799481436683981223
0.00000000000000000000 0.04820071390320334465
0.00000000000000000000 0.04847856213271788117
0.00000000000000000000 0.04906603483922204051
0.00000000000000000000 0.04927457432642588786
0.00000000000000000000 0.04953874787680574016
0.00000000000000000000 0.04962458331503332570
0.00000000000000000000 0.04970879978353236195
0.00000000000000000000 0.04977739770250346613
0.00000000000000000000 0.04980606620873129220
0.00000000000000000000 0.05024337492807962047
0.00000000000000000000 0.05038395462436102978
0.00000000000000000000 0.05046164500993863267
0.00000000000000000000 0.05060455385876835160
0.00000000000000000000 0.05104416477987091388
0.00000000000000000000 0.05115199247397767685
0.00000000000000000000 0.05118262621062849571
0.00000000000000000000 0.05127724381810818549
0.00000000000000000000 0.05192320046492070879
0.00000000000000000000 0.05195059311307222844
0.00000000000000000000 0.05201245013421319091
0.00000000000000000000 0.05203039354551106110
0.00000000000000000000 0.05226923283019950517
0.00000000000000000000 0.05252826673622933151
0.00000000000000000000 0.05256297006826299301
0.00000000000000000000 0.05278802804016771016
0.00000000000000000000 0.05279282993357981707
0.00000000000000000000 0.05312746877665702749
0.00000000000000000000 0.05323558323557482652
0.00000000000000000000 0.05341668396115823586
0.00000000000000000000 0.05350382455447921792
0.00000000000000000000 0.05353430046977189494
0.00000000000000000000 0.05384006815662489148
0.00000000000000000000 0.05393243660968616293
0.00000000000000000000 0.05399183519346435756
0.00000000000000000000 0.05399585176263242692
0.00000000000000000000 0.05404803723215082650
0.00000000000000000000 0.05406905387525194617
0.00000000000000000000 0.05407780169222458494
0.00000000000000000000 0.05410585007238620514
0.00000000000000000000 0.05427679382271744651
0.00000000000000000000 0.05429128649340068946
0.00000000000000000000 0.05446476927183578620
0.00000000000000000000 0.05450108441124392605
0.00000000000000000000 0.05455946053622826031
0.00000000000000000000 0.05457295061319213103
0.00000000000000000000 0.05461612584617132893
0.00000000000000000000 0.05473168757919512351
0.00000000000000000000 0.05486891425981717252
0.00000000000000000000 0.05489405188393969848
0.00000000000000000000 0.05498128300299871124
0.00000000000000000000 0.05504150272101544783
0.00000000000000000000 0.05538449812747345963
0.00000000000000000000 0.05543690866597331124
0.00000000000000000000 0.05545240419119537578
0.00000000000000000000 0.05545527801380929767
0.00000000000000000000 0.05562485956522431746
0.00000000000000000000 0.05578823038941246870
0.00000000000000000000 0.05605884128705702213
0.00000000000000000000 0.05651767881914875752
0.00000000000000000000 0.05690915731938966243
0.00000000000000000000 0.05713787399791937782
0.00000000000000000000 0.05737930662578669128
0.00000000000000000000 0.05742808152708915592
0.00000000000000000000 0.05743178106875099220
0.00000000000000000000 0.05744413876403118430
0.00000000000000000000 0.05752988127635089849
0.00000000000000000000 0.05755966987545686753
0.00000000000000000000 0.05760448738986346379
0.00000000000000000000 0.05761544733840350679
0.00000000000000000000 0.05782258224040832256
0.00000000000000000000 0.05792313790629047970
0.00000000000000000000 0.05794067119272908184
0.00000000000000000000 0.05814193317332089217
0.00000000000000000000 0.05823670796705254782
0.00000000000000000000 0.05845437529599677162
0.00000000000000000000 0.05879254504528216158
0.00000000000000000000 0.05883742535554068592
0.00000000000000000000 0.05891701941796183978
0.00000000000000000000 0.05894932238929705137
0.00000000000000000000 0.05900455039061557050
0.00000000000000000000 0.05904780437437665008
0.00000000000000000000 0.05914382928875598633
0.00000000000000000000 0.05939738705056489543
0.00000000000000000000 0.05951955892887543509
0.00000000000000000000 0.05953515783847645321
0.00000000000000000000 0.05955671286075669979
0.00000000000000000000 0.05956165483324095400
0.00000000000000000000 0.05977927387170689499
0.00000000000000000000 0.05992424178348847857
0.00000000000000000000 0.05997729739554734374
0.00000000000000000000 0.06085928968914917914
0.00000000000000000000 0.06092126223150511749
0.00000000000000000000 0.06093276801946079235
0.00000000000000000000 0.06095179802231754512
0.00000000000000000000 0.06128714878247176062
0.00000000000000000000 0.06131093883886674228
0.00000000000000000000 0.06131252456150769470
0.00000000000000000000 0.06132867189699425792
0.00000000000000000000 0.06133269322200494283
0.00000000000000000000 0.06142834344519895740
0.00000000000000000000 0.06160823833288606860
0.00000000000000000000 0.06216677087018575298
0.00000000000000000000 0.06231161137046534182
0.00000000000000000000 0.06232281578243033249
0.00000000000000000000 0.06232757457993667177
0.00000000000000000000 0.06307399962329122978
0.00000000000000000000 0.06327644639422097539
0.00000000000000000000 0.06343101959086888675
0.00000000000000000000 0.06357402828736290201
0.00000000000000000000 0.06362470066565736881
0.00000000000000000000 0.06376673293484555471
0.00000000000000000000 0.06377935411090582263
0.00000000000000000000 0.06378983737748834815
0.00000000000000000000 0.06394957958925524821
0.00000000000000000000 0.06396341433712973701
0.00000000000000000000 0.06432188427345555959
0.00000000000000000000 0.06434340224527218544
0.00000000000000000000 0.06438839550742479767
0.00000000000000000000 0.06450936109515020833
0.00000000000000000000 0.06479732687859680873
0.00000000000000000000 0.06498396278714189955
0.00000000000000000000 0.06519349377624263087
0.00000000000000000000 0.06563639708188817590
0.00000000000000000000 0.06564729187971887758
0.00000000000000000000 0.06586935750551652091
0.00000000000000000000 0.06602546565512332211
0.00000000000000000000 0.06611434809782430755
0.00000000000000000000 0.06624007334445636275
0.00000000000000000000 0.06630726051136510979
0.00000000000000000000 0.06664895312820937057
0.00000000000000000000 0.06677514895350102064
0.00000000000000000000 0.06687436251243167318
0.00000000000000000000 0.06692486351402752998
0.00000000000000000000 0.06722532478314806326
0.00000000000000000000 0.06722633273579876889
0.00000000000000000000 0.06724034666949460504
0.00000000000000000000 0.06745732658652628388
0.00000000000000000000 0.06761782325509524405
0.00000000000000000000 0.06764556710389087180
0.00000000000000000000 0.06767905167614074458
0.00000000000000000000 0.06783871094623548925
0.00000000000000000000 0.06791331217835962220
0.00000000000000000000 0.06795412867060042494
0.00000000000000000000 0.06795523331128372480
0.00000000000000000000 0.06804054643334202235
0.00000000000000000000 0.06808079163381221266
0.00000000000000000000 0.06809432717478826336
0.00000000000000000000 0.06824067437851677465
0.00000000000000000000 0.06846397935756008690
0.00000000000000000000 0.06871594631708108358
0.00000000000000000000 0.06874451425859150200
0.00000000000000000000 0.06884220252445336086
0.00000000000000000000 0.06906784086736841854
0.00000000000000000000 0.06910259271958468785
0.00000000000000000000 0.06937375169846672629
0.00000000000000000000 0.06952599452052005136
0.00000000000000000000 0.07004091273660528749
0.00000000000000000000 0.07037217223216314654
0.00000000000000000000 0.07052780421093370056
0.00000000000000000000 0.07058603674741641132
0.00000000000000000000 0.07068087675596504416
0.00000000000000000000 0.07073796841908970567
0.00000000000000000000 0.07074547768366955258
0.00000000000000000000 0.07076602152003967638
0.00000000000000000000 0.07082412530041798382
0.00000000000000000000 0.07085089723038387466
0.00000000000000000000 0.07129832578502957874
0.00000000000000000000 0.07138264328704349571
0.00000000000000000000 0.07144273566042246004
0.00000000000000000000 0.07166079515014109336
0.00000000000000000000 0.07218467681285861692
0.00000000000000000000 0.07220171506909753290
0.00000000000000000000 0.07220656857059622180
0.00000000000000000000 0.07223871645219975823
0.00000000000000000000 0.07228826430877860476
0.00000000000000000000 0.07262714528704421191
0.00000000000000000000 0.07264245055302646914
0.00000000000000000000 0.07273719446821748369
0.00000000000000000000 0.07284628719519010975
0.00000000000000000000 0.07291480103820976999
0.00000000000000000000 0.07292579453744663098
0.00000000000000000000 0.07297189078335575285
0.00000000000000000000 0.07339732058642832457
0.00000000000000000000 0.07422398958597102581
0.00000000000000000000 0.07438394061752109931
0.00000000000000000000 0.07443625164253116211
0.00000000000000000000 0.07474947931452007033
0.00000000000000000000 0.07486026175075076450
0.00000000000000000000 0.07494616883638594018
0.00000000000000000000 0.07504432333755699236
0.00000000000000000000 0.07513131643365614232
0.00000000000000000000 0.07516271393650036936
0.00000000000000000000 0.07524333192673927917
0.00000000000000000000 0.07531251613967980540
0.00000000000000000000 0.07551843752845222024
0.00000000000000000000 0.07560888354078285079
0.00000000000000000000 0.07561461260227259062
0.00000000000000000000 0.07565606964649608523
0.00000000000000000000 0.07596225961153850459
0.00000000000000000000 0.07633426169019734420
0.00000000000000000000 0.07635816348886900751
0.00000000000000000000 0.07645814448259041773
0.00000000000000000000 0.07650073720951447442
0.00000000000000000000 0.07651109543425645143
0.00000000000000000000 0.07654547221488101905
0.00000000000000000000 0.07665870302382310486
0.00000000000000000000 0.07684532608599785319
0.00000000000000000000 0.07712935256581415766
0.00000000000000000000 0.07729610432206814041
0.00000000000000000000 0.07778766925390906417
0.00000000000000000000 0.07809671176089352795
0.00000000000000000000 0.07813735216659871419
0.00000000000000000000 0.07834636084976966119
0.00000000000000000000 0.07839871004316904812
0.00000000000000000000 0.07842951409863829770
0.00000000000000000000 0.07860107401263598248
0.00000000000000000000 0.07870953673314638743
0.00000000000000000000 0.07872344563526315064
0.00000000000000000000 0.07876610962997392107
0.00000000000000000000 0.07877505459489855810
0.00000000000000000000 0.07881535061204379689
0.00000000000000000000 0.07889277749779921578
0.00000000000000000000 0.07900467242462393125
0.00000000000000000000 0.07924085840503315714
0.00000000000000000000 0.07930772268740808595
0.00000000000000000000 0.07970274426139464796
0.00000000000000000000 0.07978702813059752874
0.00000000000000000000 0.07984712509018125626
0.00000000000000000000 0.07985697073517694644
0.00000000000000000000 0.08002258989370979181
0.00000000000000000000 0.08022693721830655156
0.00000000000000000000 0.08041297051005087682
0.00000000000000000000 0.08042474590570679316
0.00000000000000000000 0.08044296566559891448
0.00000000000000000000 0.08060458252460636630
0.00000000000000000000 0.08062558381448323153
0.00000000000000000000 0.08093233092108659266
0.00000000000000000000 0.08103399078500055086
0.00000000000000000000 0.08140008354579722494
0.00000000000000000000 0.08157538680746502513
0.00000000000000000000 0.08158537282996292106
0.00000000000000000000 0.08162694829749746195
0.00000000000000000000 0.08172051970510040009
0.00000000000000000000 0.08177512029992309306
0.00000000000000000000 0.08193919663153181876
0.00000000000000000000 0.08197079026085747622
0.00000000000000000000 0.08214780659437261046
0.00000000000000000000 0.08228406778876792838
0.00000000000000000000 0.08242071290188146548
0.00000000000000000000 0.08265643637914642239
0.00000000000000000000 0.08268592818178446824
0.00000000000000000000 0.08282406160876906731
0.00000000000000000000 0.08332982765868801600
0.00000000000000000000 0.08342520339982260891
0.00000000000000000000 0.08350523891202266125
0.00000000000000000000 0.08353311871820635892
0.00000000000000000000 0.08394273455897775793
0.00000000000000000000 0.08404871161664069501
0.00000000000000000000 0.08426784992725307177
0.00000000000000000000 0.08438886420066236960
0.00000000000000000000 0.08450407736492282496
0.00000000000000000000 0.08464433368576371186
0.00000000000000000000 0.08476286693970039310
0.00000000000000000000 0.08490518898727521246
0.00000000000000000000 0.08507796847268764284
0.00000000000000000000 0.08508096993601377278
0.00000000000000000000 0.08518687910818995013
0.00000000000000000000 0.08546011540294884412
0.00000000000000000000 0.08568271078021287568
0.00000000000000000000 0.08575835640525181214
0.00000000000000000000 0.08577947007831292214
0.00000000000000000000 0.08621865315800111840
0.00000000000000000000 0.08625267901364880307
0.00000000000000000000 0.08661181707981104039
0.00000000000000000000 0.08662658384951299473
0.00000000000000000000 0.08670772892475085702
0.00000000000000000000 0.08672049768060950681
0.00000000000000000000 0.08716347707069435624
0.00000000000000000000 0.08740376942666246152
0.00000000000000000000 0.08741899786440747444
0.00000000000000000000 0.08776266899118612130
0.00000000000000000000 0.08788236302881621831
0.00000000000000000000 0.08828288025976753495
0.00000000000000000000 0.08846558684209240853
0.00000000000000000000 0.08868734620315106565
0.00000000000000000000 0.08896362265181592677
0.00000000000000000000 0.08897419700320366442
0.00000000000000000000 0.08898602756922857626
0.00000000000000000000 0.08906748062958740053
0.00000000000000000000 0.08933628276539813673
0.00000000000000000000 0.08955498256671859392
0.00000000000000000000 0.08969367417316659319
0.00000000000000000000 0.09008971969131585045
0.00000000000000000000 0.09025539977057234209
0.00000000000000000000 0.09027158348527332399
0.00000000000000000000 0.09030432055580035755
0.00000000000000000000 0.09045772660851336688
0.00000000000000000000 0.09049475148045538209
0.00000000000000000000 0.09057362797708565227
0.00000000000000000000 0.09098749675370970680
0.00000000000000000000 0.09120760922784493241
0.00000000000000000000 0.09132733337239654081
0.00000000000000000000 0.09139699625725186682
0.00000000000000000000 0.09164224026160890102
0.00000000000000000000 0.09171949303922029284
0.00000000000000000000 0.09173893870237805059
0.00000000000000000000 0.09180175957225347738
0.00000000000000000000 0.09197369382356937462
0.00000000000000000000 0.09222831243149103020
0.00000000000000000000 0.09242568609424829662
0.00000000000000000000 0.09246068518938313496
0.00000000000000000000 0.09261630298373299541
0.00000000000000000000 0.09265863825607878468
0.00000000000000000000 0.09295128284395137719
0.00000000000000000000 0.09324282501268259249
0.00000000000000000000 0.09326839722039760583
0.00000000000000000000 0.09334655580892907423
0.00000000000000000000 0.09338584681069758697
0.00000000000000000000 0.09369036103076776312
0.00000000000000000000 0.09372688900587852756
0.00000000000000000000 0.09377645233014134107
0.00000000000000000000 0.09382468805642669996
0.00000000000000000000 0.09425722597467339758
0.00000000000000000000 0.09463614907886729044
0.00000000000000000000 0.09464650424260730166
0.00000000000000000000 0.09503874684478677559
0.00000000000000000000 0.09519979887480897740
0.00000000000000000000 0.09522622615584890038
0.00000000000000000000 0.09536284616204758480
0.00000000000000000000 0.09545356390918241507
0.00000000000000000000 0.09576910794301300711
0.00000000000000000000 0.09606155829519030798
0.00000000000000000000 0.09606853836621231935
0.00000000000000000000 0.09649107954777902396
0.00000000000000000000 0.09650484524308941547
0.00000000000000000000 0.09684575692767376232
0.00000000000000000000 0.09696400588784520602
0.00000000000000000000 0.09717593040712350916
0.00000000000000000000 0.09720257303935911364
0.00000000000000000000 0.09726834820550700478
0.00000000000000000000 0.09744659339317009172
0.00000000000000000000 0.09753043574023621820
0.00000000000000000000 0.09753117551871308410
0.00000000000000000000 0.09865272317085299614
0.00000000000000000000 0.09875291798996009562
0.00000000000000000000 0.09884585675017554252
0.00000000000000000000 0.09892104648916076604
0.00000000000000000000 0.09918890329424795427
0.00000000000000000000 0.09939363296738303044
0.00000000000000000000 0.09948025079844567686
0.00000000000000000000 0.09979332379493362215
0.00000000000000000000 0.10034082222739598711
0.00000000000000000000 0.10079775685701569676
0.00000000000000000000 0.10092257270761834098
0.00000000000000000000 0.10123570118774885551
0.00000000000000000000 0.10199599540210485538
0.00000000000000000000 0.10206335979303143846
0.00000000000000000000 0.10238307861552030376
0.00000000000000000000 0.10240492019124218526
0.00000000000000000000 0.10276275501677049895
0.00000000000000000000 0.10281562214237797981
0.00000000000000000000 0.10286286675499950460
0.00000000000000000000 0.10314285212638726885
0.00000000000000000000 0.10409244683353152672
0.00000000000000000000 0.10511040307845778696
0.00000000000000000000 0.10567105594110920430
0.00000000000000000000 0.10585406414258285990
0.00000000000000000000 0.10596263575478793995
0.00000000000000000000 0.10660762485930511123
0.00000000000000000000 0.10671002793173095524
0.00000000000000000000 0.10706051564063448489
0.00000000000000000000 0.10755674961501175690
0.00000000000000000000 0.10935528821183440606
0.00000000000000000000 0.10947569499338014043
0.00000000000000000000 0.10971184661970198593
0.00000000000000000000 0.11001095168305506655
0.00000000000000000000 0.11022824330682710892
0.00000000000000000000 0.11060677269453009219
0.00000000000000000000 0.11081592889725062900
0.00000000000000000000 0.11106376401098901063
0.00000000000000000000 0.11167967777049545020
0.00000000000000000000 0.11178379715248912274
0.00000000000000000000 0.11196238495329220719
0.00000000000000000000 0.11220138983191089987
0.00000000000000000000 0.11270586047024609699
0.00000000000000000000 0.11299510970008046218
0.00000000000000000000 0.11319140455004446377
0.00000000000000000000 0.11333719985795302765
0.00000000000000000000 0.11431783624444762093
0.00000000000000000000 0.11434013754368203830
0.00000000000000000000 0.11783311796481590883
0.00000000000000000000 0.11988994297671913547
0.00000000000000000000 0.12084116205546330258
0.00000000000000000000 0.12090875320265882797
0.00000000000000000000 0.12099031601153259485
0.00000000000000000000 0.12139433098741397865
0.00000000000000000000 0.12157022282382592970
0.00000000000000000000 0.12392626540372503330
0.00000000000000000000 0.12666463992170531871
0.00000000000000000000 0.12948839539278533817
0.00000000000000000000 0.13783717895434463574
0.00000000000000000000 0.14045383242999201490
0.00000000000000000000 0.14065496958208836831
0.00000000000000000000 0.15925770984884557446
0.00000000000000000000 0.17159185638554541598
0.00000000000000000000 1.73205080756887719318
