0.02528832207543675950 0.02733898892736312883
0.02838722774996101789 0.03215255494949835480
0.03326596911739427426 0.03367064725701190281
0.03259421499025239033 0.03401235815259311818
0.03343720442573671486 0.03875118272080248921
0.03451199770277878220 0.03915307614075315412
0.03630908997913950137 0.04054687994121271982
0.04011143826032545490 0.04193088125609061717
0.03941964759430484355 0.04245661460109766139
0.04269264118433789557 0.04331819431519409735
0.04210396814010826383 0.04536764342238915060
0.04194135075888761471 0.04643087918067499709
0.04155661127997527932 0.04697945966760643660
0.04679286258722843705 0.04884874945302967314
0.04699377043226141831 0.04888657036569966224
0.04771225333987323680 0.04980751525101713428
0.04281796887797189449 0.04992306602899591189
0.05086376247985339299 0.05142636815628807284
0.03691445153806847262 0.05184504252273604979
0.04682458553996207001 0.05366335812186042581
0.04166859857096646275 0.05438688232152715657
0.05439015588198992807 0.05471756943227006759
0.05293968874158064275 0.05505461433204986155
0.04801976840065849683 0.05566016587231398249
0.04953738869639053022 0.05634529030812815420
0.05298106325475973599 0.05642747143981001468
0.05104883903652213117 0.05660198658072859712
0.05363540185695000323 0.05665632870078177868
0.04550503101501307546 0.05670603074316594994
0.05572211532495831288 0.05732894920582055909
0.05295222723897157618 0.05885106628463042389
0.04647171106713549743 0.06021849193942249018
0.05525837621429180446 0.06252517002576453431
0.05630981769970126727 0.06275214258351696772
0.05820039332911772223 0.06385289290010999486
0.06244048792439735318 0.06400882067222339600
0.05973684173089363614 0.06407559319480983506
0.05892951612403957845 0.06464043931917931585
0.05236448822171045625 0.06475395257932521631
0.06197579317685025097 0.06518564835801858581
0.06570989305816826720 0.06639873162407305962
0.05204413338614318624 0.06755705926533195349
0.05998254264903061378 0.06786272448719724015
0.06172034279062150325 0.06806640304734143387
0.06352846557872751654 0.06994415755757699138
0.06174585887916583110 0.07128681051298936533
0.06690707392659396568 0.07153213388417595242
0.07177795643488033006 0.07198494504739737232
0.06816844126960126815 0.07202176922472586229
0.05671320176089451881 0.07262375666034635857
0.06613162464768447546 0.07276766574553408806
0.06529227862369176016 0.07359734085156036110
0.06206944665576417941 0.07373856170289827539
0.04409297064785545200 0.07396528520078249347
0.07475874654712279244 0.07482458432348217114
0.07041117063621128713 0.07500327552578270329
0.07453557900768524591 0.07660556398654312649
0.06184360504079208787 0.07687830591942912406
0.06775786605804702545 0.07718642347393897540
0.05972171093727220853 0.07760074682494054465
0.06419843106684704204 0.07764230930797190455
0.05760966620247622710 0.07881648642804162108
0.06801870880681570863 0.07911335703013609721
0.04957707625370359056 0.07984376079297411666
0.07845726643879116780 0.08119924834748988574
0.07890592528636637681 0.08121847480249710927
0.06607779985733577832 0.08136781233287881943
0.08181645823932899575 0.08265608653861816757
0.07319107952488343449 0.08343309898476986008
0.06066560012133306867 0.08356772579252551292
0.08372380019449081334 0.08444010543697604010
0.08111220017775755409 0.08518872905778439308
0.08091744788769718311 0.08536855920886260440
0.08499476114000668880 0.08564296448440368581
0.08246582412241722226 0.08583294317130081563
0.08477636124179406540 0.08628902579421991736
0.06922754299512803855 0.08665224032552630573
0.06677076144152795101 0.08667040404403229814
0.08584639825734680096 0.08678422977470012789
0.08152510418301056605 0.08678876498458913680
0.06301069549485661947 0.08689774718760862049
0.06593285222425772363 0.08711923560291331969
0.07860459222564557258 0.08743358416946506173
0.08489001313085930978 0.08789503060212729146
0.06346837220419331016 0.08809108517650468539
0.06254181782630581499 0.08864012937277014614
0.06265035651003128536 0.09000680828743770623
0.08866429641536636985 0.09001539773347867757
0.08226908201338392623 0.09086495466461134984
0.07185591415124212289 0.09087186741581947114
0.05943145375368105721 0.09200521447565197797
0.06223098645609092400 0.09224027351679493780
0.06715415235667963889 0.09280664173267000328
0.05859010300725126658 0.09290401404332342128
0.08684903757783328515 0.09294556384546999450
0.08273249315883797472 0.09343285423273882395
0.06091979375606564051 0.09377124736782684045
0.08441053078935836784 0.09388457395091681645
0.08670032418454126644 0.09403107975978355904
0.09320639984321968385 0.09452476750708621589
0.07469913553405579942 0.09475831312960807107
0.07352544370303495946 0.09535040601780625513
0.06757579957402826132 0.09543842902962144936
0.08038363710078971769 0.09914601611574198892
0.07435834171768217205 0.09955788289179026695
0.09036324554343592996 0.10126307636612980057
0.08580886883601272774 0.10137360544247281391
0.08771474815091531707 0.10366099024926708760
0.09848981440266746379 0.10548291496522081701
0.09717944407747100555 0.10704024926147016894
0.09448015607195593690 0.10938972304038485639
0.09939606798933964260 0.11231588709091522293
0.11055517468062199538 0.11653500991780646467
0.07005240830101454319 0.11974198347699598066
0.09726579268683752111 0.12005238597562335745
0.09537522234530419751 0.12459576207971558015
0.09788189713844662465 0.12628884802872630821
0.12159124539134920362 0.12637952674233610129
0.11569771711910899203 0.12767974743733248588
0.09728411635111358646 0.12904978987927151479
0.07698974949976081228 0.13019204724032351628
0.07968128189539147588 0.50502525534064313106
