0.08287231215125881456 0.08407463894953945416
0.09094830320183419636 0.09411895197340798547
0.09330795698177071773 0.10561580090657637920
0.09580628838024950189 0.10566748848240103964
0.10444886102259667848 0.10631393301628339065
0.11266578540577157352 0.11277529987050236016
0.11391492539521171079 0.12175791371479915970
0.11359275918912827008 0.12313693990511767606
0.11790228239998852555 0.12394655384423249045
0.11109247261821951491 0.12394655384423249045
0.11304886832894653348 0.12557106975561296847
0.12810727906266627940 0.12924695153761875388
0.11610749287480141845 0.12968146820379239381
0.11214560451566846222 0.13023739156719496557
0.12566713676742313766 0.13186671916357087242
0.09251946533555886754 0.13257014072281791961
0.13043855181679678279 0.13273715331361418679
0.12579714415304568687 0.13465930778936824330
0.12333847431278761875 0.13491893196390697396
0.12448732818331451067 0.13537535677182530036
0.13424254809587113368 0.14018625832260742103
0.12265094515085069038 0.14053957108591594305
0.12850636986935082273 0.14316050752630787857
0.12560775252755917997 0.14398574104061695467
0.12086016664605557513 0.14398574104061695467
0.13787836375789125354 0.14405908243954596015
0.11818885649288095319 0.14554076033189089490
0.13369820066546075910 0.14572102820331800377
0.13087027511364809906 0.14577620002943031396
0.13357754120273615528 0.14581708722311245707
0.14109387334559661542 0.14584279540631506222
0.14727227329687456181 0.15105909280527318739
0.14302762736806826083 0.15225294910316197750
0.11218025523624340634 0.15290575932570546480
0.13882318993210956970 0.15406753403607648112
0.11899639726830991970 0.15511088228863229022
0.14882910029039808641 0.15564957270566692760
0.15394365166552428925 0.15591079807375310406
0.14800416942869010217 0.15680060907727955133
0.12691759576514152763 0.15717008812883662139
0.13506710410252176224 0.15745446144213184891
0.14757247806876200302 0.15812509953944556274
0.15552653840657282291 0.15993228340759993444
0.13021950123163519852 0.16050455267533245141
0.14931872224725550868 0.16151957146685100297
0.15430926094815641814 0.16329776012681038178
0.16150601389358162918 0.16341249798590332110
0.12515388857302015002 0.16564833744589324560
0.13205752714573484874 0.16573900924720366690
0.15448731021379361050 0.16671694936732253667
0.14134225585750931353 0.16736105657037611549
0.15821902230391013400 0.16942804228940075428
0.15012709171770766137 0.16958364775398673818
0.13746819356690095915 0.17030733081425117326
0.15428477781816077319 0.17157602647568123699
0.15126436301523402128 0.17174181566778429220
0.13846637510133072424 0.17197832339771182419
0.17122766446267576046 0.17207665869617880250
0.16513415444757040262 0.17253066526710814088
0.17234846202141337890 0.17439547360969609446
0.17292100942141261366 0.17543423826514298325
0.17444101527006783403 0.17599254897102423190
0.17178379295185347564 0.17650603722125710049
0.16104869561153792312 0.17677651733432200865
0.15685674747988720412 0.17912343873513891790
0.16550554082020541014 0.17987817338897901798
0.16485559719910078402 0.18047155411356360921
0.17455084640238072158 0.18160006606191470002
0.15290888562595725264 0.18169998198191808503
0.16890640694773040309 0.18179382511575262193
0.17222641702920507556 0.18322440141459614416
0.15838932956704424027 0.18430638207977162457
0.18422257008725093086 0.18476085518026419408
0.13816604580323210705 0.18535561357340110678
0.18152380843421858647 0.18573745862498347581
0.17665878821601574411 0.18605071182983434763
0.17100640169535216706 0.18657116827044387120
0.16144326532179248401 0.18674206343755328508
0.17144688216469705644 0.18738033997443626077
0.18772837068874881350 0.18856173978734691588
0.17656777156868383449 0.19241962859401662289
0.17218380957656923003 0.19243172519027007539
0.17423118647899177303 0.19270238305580306148
0.17743713516657078078 0.19276770625186895325
0.19100814466497137434 0.19345292220117485393
0.16406497728999056007 0.19403009271607354891
0.16927679471429593616 0.19645247428610290719
0.18527774601898092111 0.19650812024854300009
0.19489339060560825767 0.19650812024854300009
0.16285037148730749368 0.19690307927149408584
0.19244194910952300281 0.19766197109649663588
0.15535145301243480365 0.19926973173885698110
0.16336869752118801657 0.19964680884361235558
0.19130452324435701095 0.20299494065483761340
0.19476126611355379370 0.20348366482275959122
0.18871790619888823004 0.20387794133998723978
0.17225957482060322290 0.20603427283308439755
0.13079305989430467516 0.20716409522347978278
0.18731961137188016253 0.20940600315887086813
0.20984624946061475326 0.21090901668844813655
0.19439105807985926355 0.21177582042412762542
0.15396535044414616511 0.21272549671028390117
0.18536979407211087723 0.21433545638069168016
0.16424114476668408291 0.21694531599176161696
0.19763865977955810682 0.21714306831863280922
0.16258320535065118317 0.21743516271947216367
0.21000349938559276231 0.21858865993503071024
0.21761881038456062920 0.21868344895347510692
0.20127202271840974324 0.21958766508550114915
0.18809580004700443556 0.22116780360549431750
0.22065764808217661064 0.22154065327059821455
0.21491994452511517522 0.22193152532302598545
0.17034602658070169268 0.22306103952650566113
0.14178149313260021702 0.22320105229347478315
0.21332555958963306253 0.22494444267784605151
0.16893768927795280166 0.22640797146063884604
0.20972452093206564450 0.22658926363768619461
0.16159042840631956950 0.22772390610766263253
0.21424394604532120967 0.22922164239987138923
0.15878503005175068075 0.22987677520953547772
0.16953669084031408598 0.23115947569242567550
0.16639880946533300299 0.23817471773770940158
0.20819657217759313106 0.23836866930480282711
0.21235170568815917025 0.23870365217275293923
0.21850283052228558489 0.23885580491698260586
0.22827606509954040392 0.23967336817208165223
0.19985038506166447059 0.24014842017498091997
0.23901553642903522467 0.24128099688670071044
0.21269287044801574171 0.24189466480422852634
0.22888029720641372977 0.24354935232116672883
0.14707552042769930778 0.24487128973953106725
0.21969256292320424317 0.24561036901558225276
0.14314105881653310659 0.24605962845937090488
0.23682378681925023156 0.24628706643156186851
0.20899137694050345937 0.24810449512585752707
0.21784944012865894991 0.25012559341028783866
0.20892934480910912987 0.25055841436675535538
0.22063946788282295941 0.25314553735126926748
0.21687079584687576905 0.25584348647259075316
0.24748815659463674343 0.25603035182319711094
0.24873293269331536726 0.25745831194417895249
0.20622413317275148370 0.25790452540915037583
0.21666893708150092301 0.25948707090063799496
0.21701355557656046291 0.26069234826966031227
0.25817752169667579354 0.26115020857970661083
0.20754832363755279512 0.26140001932067630230
0.25967210010580255020 0.26258640890130452439
0.23369071152034942562 0.26350056757812984065
0.18047118002196388398 0.26519563526892420136
0.19845677294503211163 0.26529029579895752056
0.22943943571163555317 0.26550941620649526342
0.14109848822957102299 0.26818607316600362456
0.26495275302053811206 0.26868257433348546881
0.23397253824240124565 0.26941204789322287239
0.20401982716913749649 0.27023451721457608654
0.20502674579098600915 0.27213837772776033885
0.24866303460164590478 0.27321027899115724047
0.20495798671503942523 0.27384668623433960910
0.16437465061088898932 0.27535672930820298543
0.25282464060515663640 0.27710655696872255049
0.27272143315246677453 0.27834951307059707659
0.25224464148207664804 0.28002298066716896363
0.19945608814506868289 0.28053044406153987422
0.20177407848022210768 0.28053044406153987422
0.20027856977157607044 0.28486639650421297087
0.26565182270699344569 0.28534634623569105072
0.28462442417970945652 0.28548301720713359364
0.25126426426678649673 0.28738581963967541055
0.23808602621482649608 0.28752580742858530050
0.20003869804439672331 0.28769908363204560464
0.22362322902665010549 0.28950678531509543845
0.25937718373853502207 0.29271069315701270241
0.19239840339704539218 0.29276608347133259436
0.23951766985407235699 0.29423725239962106315
0.26431944895369563486 0.29522376021739488161
0.24284719090575304645 0.29705538649690943487
0.28730940620648032224 0.29726444003366736535
0.23144500188530847673 0.29769870883028326514
0.21891030938074051981 0.29899693220717354913
0.15914553801300429514 0.29942873785854767776
0.26960461976585969879 0.30055493862221471790
0.18188810208556766002 0.30097960604383405814
0.21668128305419792623 0.30292429979338014734
0.23533265395461291924 0.30316833862864911442
0.29489973958230325524 0.30502626400245874683
0.29287398247667473239 0.30638952010842357421
0.29110954747650663599 0.30848921808576101888
0.18456660421325210564 0.30922414377682155839
0.21423278434684911442 0.31064155115593761192
0.27525337792586052066 0.31308992136242491666
0.23132048702004248675 0.31391002383322313962
0.30165754379273929109 0.31675497669346436291
0.18373945528512170000 0.32231534728317839944
0.13481387347785228625 0.32231534728317839944
0.26198633546041749653 0.32387182055088914456
0.32044940996987975046 0.32635527382474249780
0.32117172710111496770 0.32650402337599193636
0.22844108818989058984 0.32892568442095604375
0.24210859339040516347 0.33126991645978437484
0.19215438471496268380 0.35429765167767945933
0.21099323573624084727 0.37207584875057408969
