0.00000000000000000000 0.01864568858947043134
0.00000000000000000000 0.02269630310138386758
0.00000000000000000000 0.02394038897433680563
0.00000000000000000000 0.02439430560038270343
0.00000000000000000000 0.02710394940541271253
0.00000000000000000000 0.02724475485258595966
0.00000000000000000000 0.02730743653663486939
0.00000000000000000000 0.02766534245813257950
0.00000000000000000000 0.03118463509647378951
0.00000000000000000000 0.03146640932699455023
0.00000000000000000000 0.03212848827181537248
0.00000000000000000000 0.03288502868917127925
0.00000000000000000000 0.03439051873265704107
0.00000000000000000000 0.03534125721472233111
0.00000000000000000000 0.03780414866358623727
0.00000000000000000000 0.04065607690888385639
0.00000000000000000000 0.04113651772511233567
0.00000000000000000000 0.04215377213706104215
0.00000000000000000000 0.04227244354092081491
0.00000000000000000000 0.04415039526848167639
0.00000000000000000000 0.04558224185864514361
0.00000000000000000000 0.04578978618592936811
0.00000000000000000000 0.04579868351202984189
0.00000000000000000000 0.04589115368183704219
0.00000000000000000000 0.04614559750599506877
0.00000000000000000000 0.04662246996526907272
0.00000000000000000000 0.04674377394142889552
0.00000000000000000000 0.04827194149955930241
0.00000000000000000000 0.04829613137236794806
0.00000000000000000000 0.04935342461851820184
0.00000000000000000000 0.05029346564889886767
0.00000000000000000000 0.05047195840830995955
0.00000000000000000000 0.05062398738594737352
0.00000000000000000000 0.05074919695712425127
0.00000000000000000000 0.05211185811291527831
0.00000000000000000000 0.05337309174740675899
0.00000000000000000000 0.05409373438469961687
0.00000000000000000000 0.05443684112549682791
0.00000000000000000000 0.05460151236889394799
0.00000000000000000000 0.05497601072451727827
0.00000000000000000000 0.05500584700541501226
0.00000000000000000000 0.05622420720612913286
0.00000000000000000000 0.05647245579219643818
0.00000000000000000000 0.05659721185391401732
0.00000000000000000000 0.05685819803219930441
0.00000000000000000000 0.05800776131354464654
0.00000000000000000000 0.05836051601158836338
0.00000000000000000000 0.05940615929315078841
0.00000000000000000000 0.06010390020377781584
0.00000000000000000000 0.06016709091465995141
0.00000000000000000000 0.06203932645077148839
0.00000000000000000000 0.06205713303405483577
0.00000000000000000000 0.06248555587015869328
0.00000000000000000000 0.06261147271421257932
0.00000000000000000000 0.06403815179815801339
0.00000000000000000000 0.06443456337541172974
0.00000000000000000000 0.06568526076053282647
0.00000000000000000000 0.06686127219241175257
0.00000000000000000000 0.06716804675392566704
0.00000000000000000000 0.06726973842659354774
0.00000000000000000000 0.06759497429295584225
0.00000000000000000000 0.06786793339998968555
0.00000000000000000000 0.06787696902685466660
0.00000000000000000000 0.06800240352231376462
0.00000000000000000000 0.06831338983118152852
0.00000000000000000000 0.06850042953322850459
0.00000000000000000000 0.06862838121783024214
0.00000000000000000000 0.06915302653754509810
0.00000000000000000000 0.06920103604847378798
0.00000000000000000000 0.06922618859883297726
0.00000000000000000000 0.06932978952734188127
0.00000000000000000000 0.06940493142590765940
0.00000000000000000000 0.06978869175262786273
0.00000000000000000000 0.06994973619666275400
0.00000000000000000000 0.07013589091970719169
0.00000000000000000000 0.07045832071847644984
0.00000000000000000000 0.07081790048151909156
0.00000000000000000000 0.07088346713967084989
0.00000000000000000000 0.07093735670286480111
0.00000000000000000000 0.07155272181737364068
0.00000000000000000000 0.07163976448409233033
0.00000000000000000000 0.07230457913580703999
0.00000000000000000000 0.07262939924729416852
0.00000000000000000000 0.07282333595096181222
0.00000000000000000000 0.07301466396759627442
0.00000000000000000000 0.07375587080097414927
0.00000000000000000000 0.07415179288475619301
0.00000000000000000000 0.07434719578387100070
0.00000000000000000000 0.07457014878320344931
0.00000000000000000000 0.07471289949414706977
0.00000000000000000000 0.07478561702206208694
0.00000000000000000000 0.07602718012967546457
0.00000000000000000000 0.07607731791107280594
0.00000000000000000000 0.07759371216967367313
0.00000000000000000000 0.07790886772891944534
0.00000000000000000000 0.07825429160923104421
0.00000000000000000000 0.07873609700746797557
0.00000000000000000000 0.07943582212234724660
0.00000000000000000000 0.07959051916060760901
0.00000000000000000000 0.07963590551998354916
0.00000000000000000000 0.08005812755784322277
0.00000000000000000000 0.08023419419404491382
0.00000000000000000000 0.08040711277553438951
0.00000000000000000000 0.08040906986653699462
0.00000000000000000000 0.08063252546312138502
0.00000000000000000000 0.08184918685938899485
0.00000000000000000000 0.08192287374969946245
0.00000000000000000000 0.08221292305626279329
0.00000000000000000000 0.08268476800680459038
0.00000000000000000000 0.08339185996567470560
0.00000000000000000000 0.08342873735289441095
0.00000000000000000000 0.08346273583251985484
0.00000000000000000000 0.08365807735973845860
0.00000000000000000000 0.08366531293211229570
0.00000000000000000000 0.08371478443893241861
0.00000000000000000000 0.08436229208405500446
0.00000000000000000000 0.08447985591055977295
0.00000000000000000000 0.08450726290821865272
0.00000000000000000000 0.08487934199845514893
0.00000000000000000000 0.08492597672381113627
0.00000000000000000000 0.08576534633720932221
0.00000000000000000000 0.08580959720753539299
0.00000000000000000000 0.08602180939273676441
0.00000000000000000000 0.08608517150898206682
0.00000000000000000000 0.08609184512355236296
0.00000000000000000000 0.08681695814923397203
0.00000000000000000000 0.08721476648637319085
0.00000000000000000000 0.08739832082395757040
0.00000000000000000000 0.08835942082180699153
0.00000000000000000000 0.08846862234140205616
0.00000000000000000000 0.08869161576948805803
0.00000000000000000000 0.08924135332403212995
0.00000000000000000000 0.08944785209851272012
0.00000000000000000000 0.08974796488186938259
0.00000000000000000000 0.08979216598593794951
0.00000000000000000000 0.08989600458313280751
0.00000000000000000000 0.08999417835346895655
0.00000000000000000000 0.09019778405842210356
0.00000000000000000000 0.09020499883310381661
0.00000000000000000000 0.09106708862815207639
0.00000000000000000000 0.09114717253820356357
0.00000000000000000000 0.09115050600958377047
0.00000000000000000000 0.09136620717998968078
0.00000000000000000000 0.09174493259479174490
0.00000000000000000000 0.09222216243016413684
0.00000000000000000000 0.09292512831056500000
0.00000000000000000000 0.09327183703012358051
0.00000000000000000000 0.09349645916741537721
0.00000000000000000000 0.09350178112337398373
0.00000000000000000000 0.09352096477243582173
0.00000000000000000000 0.09369918557142124793
0.00000000000000000000 0.09370534017118363479
0.00000000000000000000 0.09386549630879958972
0.00000000000000000000 0.09406758423834475635
0.00000000000000000000 0.09421603141369852552
0.00000000000000000000 0.09434661205167983733
0.00000000000000000000 0.09445398356610537616
0.00000000000000000000 0.09485682444270591984
0.00000000000000000000 0.09488251128095338827
0.00000000000000000000 0.09492248213946843927
0.00000000000000000000 0.09503119938915667586
0.00000000000000000000 0.09505047642291770960
0.00000000000000000000 0.09511923889150622480
0.00000000000000000000 0.09514043281495512816
0.00000000000000000000 0.09532896222867118241
0.00000000000000000000 0.09564747995849462447
0.00000000000000000000 0.09573653625473632633
0.00000000000000000000 0.09594188752047425051
0.00000000000000000000 0.09607431022073041615
0.00000000000000000000 0.09616818805926750924
0.00000000000000000000 0.09620888379852321481
0.00000000000000000000 0.09660106196001741474
0.00000000000000000000 0.09680227516167667912
0.00000000000000000000 0.09682610891142447163
0.00000000000000000000 0.09692876784666659695
0.00000000000000000000 0.09708731843932358330
0.00000000000000000000 0.09728425493249326372
0.00000000000000000000 0.09730256976118338563
0.00000000000000000000 0.09791775337419400538
0.00000000000000000000 0.09864881823569657260
0.00000000000000000000 0.09874207198933568352
0.00000000000000000000 0.09874973437912830387
0.00000000000000000000 0.09894196511699704377
0.00000000000000000000 0.09894278171705184199
0.00000000000000000000 0.09928052074542215166
0.00000000000000000000 0.09961384722531783920
0.00000000000000000000 0.09965100454644204575
0.00000000000000000000 0.09981647560861403590
0.00000000000000000000 0.09986718368253764966
0.00000000000000000000 0.10033892858438209217
0.00000000000000000000 0.10047687840660164682
0.00000000000000000000 0.10052358025175101019
0.00000000000000000000 0.10119588855308986330
0.00000000000000000000 0.10198182286914818373
0.00000000000000000000 0.10209622707991607149
0.00000000000000000000 0.10248189668278399889
0.00000000000000000000 0.10263488504062877327
0.00000000000000000000 0.10274797618089655249
0.00000000000000000000 0.10365391773107726636
0.00000000000000000000 0.10385351756113096744
0.00000000000000000000 0.10391486046669132226
0.00000000000000000000 0.10408334129012461466
0.00000000000000000000 0.10412951351758371887
0.00000000000000000000 0.10429531860917880259
0.00000000000000000000 0.10444558826430840048
0.00000000000000000000 0.10458198919064119747
0.00000000000000000000 0.10477661260370002561
0.00000000000000000000 0.10526867880337303918
0.00000000000000000000 0.10569473718641402005
0.00000000000000000000 0.10576404546176507160
0.00000000000000000000 0.10600324909725764022
0.00000000000000000000 0.10621216430826561916
0.00000000000000000000 0.10627593953666789051
0.00000000000000000000 0.10634592896534075801
0.00000000000000000000 0.10644212889804118005
0.00000000000000000000 0.10645654979634863735
0.00000000000000000000 0.10664320778988978233
0.00000000000000000000 0.10678609304405155267
0.00000000000000000000 0.10678957524660384615
0.00000000000000000000 0.10740482988249926144
0.00000000000000000000 0.10743883034428770851
0.00000000000000000000 0.10761748494653838870
0.00000000000000000000 0.10799976720968805510
0.00000000000000000000 0.10835549453000256626
0.00000000000000000000 0.10839125216024902976
0.00000000000000000000 0.10862127351960282340
0.00000000000000000000 0.10869001740582520665
0.00000000000000000000 0.10884209025465368947
0.00000000000000000000 0.10884978593975809524
0.00000000000000000000 0.10907494229724810919
0.00000000000000000000 0.10909736901006092391
0.00000000000000000000 0.10929425560523708949
0.00000000000000000000 0.10930894053298849389
0.00000000000000000000 0.10942883225733555930
0.00000000000000000000 0.10948877307526808100
0.00000000000000000000 0.10997414941670949351
0.00000000000000000000 0.11003278949302884582
0.00000000000000000000 0.11032420125334546634
0.00000000000000000000 0.11046703754209848125
0.00000000000000000000 0.11049431511110664739
0.00000000000000000000 0.11094293991777720576
0.00000000000000000000 0.11096109684674994311
0.00000000000000000000 0.11129858726990453366
0.00000000000000000000 0.11135109267449268267
0.00000000000000000000 0.11162771673133105310
0.00000000000000000000 0.11173663950808043754
0.00000000000000000000 0.11188677744205519082
0.00000000000000000000 0.11206250349954521850
0.00000000000000000000 0.11238521593087620609
0.00000000000000000000 0.11239696938693392869
0.00000000000000000000 0.11244126948087998508
0.00000000000000000000 0.11261994047048845546
0.00000000000000000000 0.11264357504427685575
0.00000000000000000000 0.11298913118097428376
0.00000000000000000000 0.11299483885153287221
0.00000000000000000000 0.11332722848528879733
0.00000000000000000000 0.11366007365527554251
0.00000000000000000000 0.11367171541939395663
0.00000000000000000000 0.11374964936535861271
0.00000000000000000000 0.11392026171387840960
0.00000000000000000000 0.11394035847301854647
0.00000000000000000000 0.11421069801202418659
0.00000000000000000000 0.11424356639332924890
0.00000000000000000000 0.11428194858648488275
0.00000000000000000000 0.11436113562818037148
0.00000000000000000000 0.11487869084381409357
0.00000000000000000000 0.11489574701703159088
0.00000000000000000000 0.11561423113844235266
0.00000000000000000000 0.11617637240966458001
0.00000000000000000000 0.11621590458687140746
0.00000000000000000000 0.11641931272709614420
0.00000000000000000000 0.11649094404963160343
0.00000000000000000000 0.11671351096854466756
0.00000000000000000000 0.11686473429329799489
0.00000000000000000000 0.11689854906754459929
0.00000000000000000000 0.11694180344769335156
0.00000000000000000000 0.11736193799964736439
0.00000000000000000000 0.11781151168327042011
0.00000000000000000000 0.11790467501921840510
0.00000000000000000000 0.11800278243957761093
0.00000000000000000000 0.11800501158091415699
0.00000000000000000000 0.11805915706420917755
0.00000000000000000000 0.11818608021634038896
0.00000000000000000000 0.11838752251542240812
0.00000000000000000000 0.11865745978255712312
0.00000000000000000000 0.11913621528914020153
0.00000000000000000000 0.11926115065504100388
0.00000000000000000000 0.11935244673548620065
0.00000000000000000000 0.11973504713558892620
0.00000000000000000000 0.11975003593524503887
0.00000000000000000000 0.11984262994953089054
0.00000000000000000000 0.11997218227873705787
0.00000000000000000000 0.12053664387108269096
0.00000000000000000000 0.12116467692119599342
0.00000000000000000000 0.12142230433489153985
0.00000000000000000000 0.12180997439009817740
0.00000000000000000000 0.12201934245777036614
0.00000000000000000000 0.12218792779961738793
0.00000000000000000000 0.12239282240967089277
0.00000000000000000000 0.12249505934390882145
0.00000000000000000000 0.12300832399730449174
0.00000000000000000000 0.12343276071839456853
0.00000000000000000000 0.12396799228536818649
0.00000000000000000000 0.12423071134175668606
0.00000000000000000000 0.12475254220829042062
0.00000000000000000000 0.12499749194768167149
0.00000000000000000000 0.12507176383075113701
0.00000000000000000000 0.12517575596359814538
0.00000000000000000000 0.12524780958732489866
0.00000000000000000000 0.12535734289846126033
0.00000000000000000000 0.12587059051806873122
0.00000000000000000000 0.12631262729740211359
0.00000000000000000000 0.12652492781365165531
0.00000000000000000000 0.12661950489576384582
0.00000000000000000000 0.12699736261247487890
0.00000000000000000000 0.12721867011834106509
0.00000000000000000000 0.12776963979854838449
0.00000000000000000000 0.12781311219322055717
0.00000000000000000000 0.12805496500881538569
0.00000000000000000000 0.12825954866349068006
0.00000000000000000000 0.12835033770621179228
0.00000000000000000000 0.12885910537867964476
0.00000000000000000000 0.12893485787497394046
0.00000000000000000000 0.12903027597582197861
0.00000000000000000000 0.12905586472903721185
0.00000000000000000000 0.12957447304125707666
0.00000000000000000000 0.12976599863968318882
0.00000000000000000000 0.13002900684762272454
0.00000000000000000000 0.13069684950063165108
0.00000000000000000000 0.13088150634431361397
0.00000000000000000000 0.13135204969572267242
0.00000000000000000000 0.13141289683208462469
0.00000000000000000000 0.13161243625510365973
0.00000000000000000000 0.13191853420554885967
0.00000000000000000000 0.13200864597256373179
0.00000000000000000000 0.13239509311834621319
0.00000000000000000000 0.13274421242041833935
0.00000000000000000000 0.13278708882631870547
0.00000000000000000000 0.13298467839206376540
0.00000000000000000000 0.13308931753816619081
0.00000000000000000000 0.13322830305985255972
0.00000000000000000000 0.13331788523379362044
0.00000000000000000000 0.13341582231718587814
0.00000000000000000000 0.13390733194219212043
0.00000000000000000000 0.13393309846093329196
0.00000000000000000000 0.13474265465285639731
0.00000000000000000000 0.13485725165166478901
0.00000000000000000000 0.13488091510393340755
0.00000000000000000000 0.13514287475115410730
0.00000000000000000000 0.13517966083015367507
0.00000000000000000000 0.13584529858525870583
0.00000000000000000000 0.13600249837861336233
0.00000000000000000000 0.13609814401947833984
0.00000000000000000000 0.13623383479333950330
0.00000000000000000000 0.13665184040368585916
0.00000000000000000000 0.13708092574659652696
0.00000000000000000000 0.13777820049791625334
0.00000000000000000000 0.13788644663535659651
0.00000000000000000000 0.13820931168992947602
0.00000000000000000000 0.13868674925528909347
0.00000000000000000000 0.13878183947127550879
0.00000000000000000000 0.13966189679508184129
0.00000000000000000000 0.13976004007072378998
0.00000000000000000000 0.13996418605626764764
0.00000000000000000000 0.14016991776322507146
0.00000000000000000000 0.14030238059871300016
0.00000000000000000000 0.14057418168403817971
0.00000000000000000000 0.14125567263715579913
0.00000000000000000000 0.14139132399792442296
0.00000000000000000000 0.14155245089783782819
0.00000000000000000000 0.14160142213266296851
0.00000000000000000000 0.14170701671015109580
0.00000000000000000000 0.14188008280738884093
0.00000000000000000000 0.14222461168931299635
0.00000000000000000000 0.14262738220275078538
0.00000000000000000000 0.14288343759018870549
0.00000000000000000000 0.14311957176420334048
0.00000000000000000000 0.14334924234790638597
0.00000000000000000000 0.14368735332020979301
0.00000000000000000000 0.14419023344679421372
0.00000000000000000000 0.14471693576554359173
0.00000000000000000000 0.14500881260701084519
0.00000000000000000000 0.14582789220205602532
0.00000000000000000000 0.14587344576604635571
0.00000000000000000000 0.14664639226261622085
0.00000000000000000000 0.14693408488450390714
0.00000000000000000000 0.14695824422940034770
0.00000000000000000000 0.14814828917532277264
0.00000000000000000000 0.14826987805108710061
0.00000000000000000000 0.14918884876047119881
0.00000000000000000000 0.14934197135299512316
0.00000000000000000000 0.14942618328389115079
0.00000000000000000000 0.14985101605115752621
0.00000000000000000000 0.14995314410401155980
0.00000000000000000000 0.15039460550415847950
0.00000000000000000000 0.15067080364847351692
0.00000000000000000000 0.15085688341233483012
0.00000000000000000000 0.15095351468220807867
0.00000000000000000000 0.15114430073288678824
0.00000000000000000000 0.15149632928102121920
0.00000000000000000000 0.15161052699154098367
0.00000000000000000000 0.15164650519717848276
0.00000000000000000000 0.15230087835980238298
0.00000000000000000000 0.15282711525429970578
0.00000000000000000000 0.15303775703207173065
0.00000000000000000000 0.15330121778286184830
0.00000000000000000000 0.15377500348211686765
0.00000000000000000000 0.15418430515854789076
0.00000000000000000000 0.15469486481219071883
0.00000000000000000000 0.15481710317486258033
0.00000000000000000000 0.15503238052848050677
0.00000000000000000000 0.15512115019685249195
0.00000000000000000000 0.15534084647450430161
0.00000000000000000000 0.15621669824308404007
0.00000000000000000000 0.15710728702208084928
0.00000000000000000000 0.15713577227228278654
0.00000000000000000000 0.15727232424065840100
0.00000000000000000000 0.15727337202384950032
0.00000000000000000000 0.15834068627944489216
0.00000000000000000000 0.15903675563800334647
0.00000000000000000000 0.16030232472072755701
0.00000000000000000000 0.16055733921533313358
0.00000000000000000000 0.16081943092775016768
0.00000000000000000000 0.16146800499512165006
0.00000000000000000000 0.16165059205313722646
0.00000000000000000000 0.16266411019175244790
0.00000000000000000000 0.16383039925335704523
0.00000000000000000000 0.16402723118993114970
0.00000000000000000000 0.16472481183889781109
0.00000000000000000000 0.16565197787569416188
0.00000000000000000000 0.16623172317009463073
0.00000000000000000000 0.16644944695339344842
0.00000000000000000000 0.16688629012417419140
0.00000000000000000000 0.16747413575488234727
0.00000000000000000000 0.16752613112530032047
0.00000000000000000000 0.16781029126358157355
0.00000000000000000000 0.16842352423510539849
0.00000000000000000000 0.16844280048422141660
0.00000000000000000000 0.16875536485993056224
0.00000000000000000000 0.16891446466772516710
0.00000000000000000000 0.16908428748029241673
0.00000000000000000000 0.16913308054070347319
0.00000000000000000000 0.16928689845568820060
0.00000000000000000000 0.16932696849450742937
0.00000000000000000000 0.16942525004993075344
0.00000000000000000000 0.16976248520829892441
0.00000000000000000000 0.17129735098878068333
0.00000000000000000000 0.17134445320965649429
0.00000000000000000000 0.17148703020077016301
0.00000000000000000000 0.17164651331114905153
0.00000000000000000000 0.17191046917678937112
0.00000000000000000000 0.17238581167835376196
0.00000000000000000000 0.17255566816725803614
0.00000000000000000000 0.17367013203128120469
0.00000000000000000000 0.17374429543320429881
0.00000000000000000000 0.17375076823287263772
0.00000000000000000000 0.17393616212176749025
0.00000000000000000000 0.17397353094736289769
0.00000000000000000000 0.17532018124131562575
0.00000000000000000000 0.17687071001620457977
0.00000000000000000000 0.17757468214908517234
0.00000000000000000000 0.17762317823867099231
0.00000000000000000000 0.17778010345761785516
0.00000000000000000000 0.17792627852888778794
0.00000000000000000000 0.17797266547594858821
0.00000000000000000000 0.17895839067942520551
0.00000000000000000000 0.18030604730658675305
0.00000000000000000000 0.18083783066103825687
0.00000000000000000000 0.18108316604362406643
0.00000000000000000000 0.18128726010197884766
0.00000000000000000000 0.18181186261570864149
0.00000000000000000000 0.18473277794655906803
0.00000000000000000000 0.18500836248174420962
0.00000000000000000000 0.18545991138498693629
0.00000000000000000000 0.18656994346159361253
0.00000000000000000000 0.18814470526329102329
0.00000000000000000000 0.18830908830028098011
0.00000000000000000000 0.18973932383408853575
0.00000000000000000000 0.19027832539240524534
0.00000000000000000000 0.19033319153883290764
0.00000000000000000000 0.19205662072482662661
0.00000000000000000000 0.19307111354778611068
0.00000000000000000000 0.19342572313905184722
0.00000000000000000000 0.19451899855607246437
0.00000000000000000000 0.19503386386680965359
0.00000000000000000000 0.19566779923036450861
0.00000000000000000000 0.19877538937018163212
0.00000000000000000000 0.20234207184384139788
0.00000000000000000000 0.20417220473344468989
0.00000000000000000000 0.20451988054827530128
0.00000000000000000000 0.20463282904219087799
0.00000000000000000000 0.20560158315434648446
0.00000000000000000000 0.21181773525959907145
0.00000000000000000000 0.21230732121678555502
0.00000000000000000000 0.23992772420032609793
0.00000000000000000000 0.25003428177599723581
0.00000000000000000000 0.25012885530515610588
0.00000000000000000000 0.26204827528699836670
0.00000000000000000000 0.29455194156349323586
0.00000000000000000000 1.73205080756887719318
