0.00000000000000000000 0.01110570134372325900
0.00000000000000000000 0.02095381665410687988
0.00000000000000000000 0.02282561006924004390
0.00000000000000000000 0.02543443704549792211
0.00000000000000000000 0.02555564842265042186
0.00000000000000000000 0.02705758325025285974
0.00000000000000000000 0.02739129217675474737
0.00000000000000000000 0.02913931599569024103
0.00000000000000000000 0.03164544367874901759
0.00000000000000000000 0.03177823318276925407
0.00000000000000000000 0.03196584054848351092
0.00000000000000000000 0.03269726319894389333
0.00000000000000000000 0.03547511407370795844
0.00000000000000000000 0.03554364478446583875
0.00000000000000000000 0.03646081482554939385
0.00000000000000000000 0.03715700189121873276
0.00000000000000000000 0.03715720796687343314
0.00000000000000000000 0.03852950478038697640
0.00000000000000000000 0.03862306842013651931
0.00000000000000000000 0.04162226902173403464
0.00000000000000000000 0.04175789829810848397
0.00000000000000000000 0.04359350671810908323
0.00000000000000000000 0.04461389270057143641
0.00000000000000000000 0.04542678602381283737
0.00000000000000000000 0.04548365547337882703
0.00000000000000000000 0.04589865688437059360
0.00000000000000000000 0.04656963803581141981
0.00000000000000000000 0.04668204658045695815
0.00000000000000000000 0.04672172007841930014
0.00000000000000000000 0.04768660169626804529
0.00000000000000000000 0.04877031220685838081
0.00000000000000000000 0.04897140812463369325
0.00000000000000000000 0.04898288372917633526
0.00000000000000000000 0.04909212512048994476
0.00000000000000000000 0.04915446168602403271
0.00000000000000000000 0.04916260677259540884
0.00000000000000000000 0.04945624602113082857
0.00000000000000000000 0.05098204230347166965
0.00000000000000000000 0.05245029281586995051
0.00000000000000000000 0.05317830510012246104
0.00000000000000000000 0.05433490665586025031
0.00000000000000000000 0.05485343744423901158
0.00000000000000000000 0.05511967385489355276
0.00000000000000000000 0.05612766543630382660
0.00000000000000000000 0.05776736275772845208
0.00000000000000000000 0.05787278527349290491
0.00000000000000000000 0.05831680655153709258
0.00000000000000000000 0.05835439641585070392
0.00000000000000000000 0.05889376967776869393
0.00000000000000000000 0.05891468520065894915
0.00000000000000000000 0.05904227261196727528
0.00000000000000000000 0.05931725189997839182
0.00000000000000000000 0.05988895735448923618
0.00000000000000000000 0.06014266973334979338
0.00000000000000000000 0.06113861870327676890
0.00000000000000000000 0.06175983925767315058
0.00000000000000000000 0.06187719459150761020
0.00000000000000000000 0.06220233099927497539
0.00000000000000000000 0.06230069126837874810
0.00000000000000000000 0.06254164998791501839
0.00000000000000000000 0.06260994454138578413
0.00000000000000000000 0.06303338997692417567
0.00000000000000000000 0.06308711541783816601
0.00000000000000000000 0.06338574834701923844
0.00000000000000000000 0.06355945468172004287
0.00000000000000000000 0.06383668127446530394
0.00000000000000000000 0.06398653239942113380
0.00000000000000000000 0.06475470977444676424
0.00000000000000000000 0.06475898217823709835
0.00000000000000000000 0.06542864057957060997
0.00000000000000000000 0.06549994936017308755
0.00000000000000000000 0.06562162622705101922
0.00000000000000000000 0.06617559861994817827
0.00000000000000000000 0.06629066707302083694
0.00000000000000000000 0.06630194750581411278
0.00000000000000000000 0.06637008117020763709
0.00000000000000000000 0.06644112105606382601
0.00000000000000000000 0.06663384121395327098
0.00000000000000000000 0.06701261079713020929
0.00000000000000000000 0.06707335492901626839
0.00000000000000000000 0.06714568676561427640
0.00000000000000000000 0.06726653804871760012
0.00000000000000000000 0.06799332462346996397
0.00000000000000000000 0.06815528652876706728
0.00000000000000000000 0.06828693435673915957
0.00000000000000000000 0.06877226022581038600
0.00000000000000000000 0.06887817921320361914
0.00000000000000000000 0.06932861123330805175
0.00000000000000000000 0.07011614305147501058
0.00000000000000000000 0.07013682477209377819
0.00000000000000000000 0.07023183602070875997
0.00000000000000000000 0.07029443016359918084
0.00000000000000000000 0.07147588193127155098
0.00000000000000000000 0.07176591526279631206
0.00000000000000000000 0.07230080278192471677
0.00000000000000000000 0.07261120074579865968
0.00000000000000000000 0.07285012153566139403
0.00000000000000000000 0.07305366824074005505
0.00000000000000000000 0.07321363375187606159
0.00000000000000000000 0.07337205823832047835
0.00000000000000000000 0.07397509687628620045
0.00000000000000000000 0.07418679419037267631
0.00000000000000000000 0.07439963464183700637
0.00000000000000000000 0.07446860234982709270
0.00000000000000000000 0.07500249157512917098
0.00000000000000000000 0.07517028357065652644
0.00000000000000000000 0.07533780576769461002
0.00000000000000000000 0.07565032299276787386
0.00000000000000000000 0.07593715988288197993
0.00000000000000000000 0.07597597473739199636
0.00000000000000000000 0.07653151375027014702
0.00000000000000000000 0.07702429069921755411
0.00000000000000000000 0.07726970750224923523
0.00000000000000000000 0.07730484922574737405
0.00000000000000000000 0.07773375066132588718
0.00000000000000000000 0.07784639496539513814
0.00000000000000000000 0.07800778115751971775
0.00000000000000000000 0.07834581372002763500
0.00000000000000000000 0.07892930592508996812
0.00000000000000000000 0.07939734441818929733
0.00000000000000000000 0.07944301993916454141
0.00000000000000000000 0.07945539234319980160
0.00000000000000000000 0.07956802158962414384
0.00000000000000000000 0.07983138202834925978
0.00000000000000000000 0.08007977982714588328
0.00000000000000000000 0.08031642821167152280
0.00000000000000000000 0.08041477972519177342
0.00000000000000000000 0.08081770250923898946
0.00000000000000000000 0.08083092170333773530
0.00000000000000000000 0.08135002514061524803
0.00000000000000000000 0.08178716004342606594
0.00000000000000000000 0.08179255663640290497
0.00000000000000000000 0.08210501268080801218
0.00000000000000000000 0.08216836710752978279
0.00000000000000000000 0.08236250140027610855
0.00000000000000000000 0.08253969146018111380
0.00000000000000000000 0.08360981320379291815
0.00000000000000000000 0.08367837561561480841
0.00000000000000000000 0.08377620550274106348
0.00000000000000000000 0.08386088271724684295
0.00000000000000000000 0.08387172179231165703
0.00000000000000000000 0.08430802970065065516
0.00000000000000000000 0.08443037828014909874
0.00000000000000000000 0.08474367387838180332
0.00000000000000000000 0.08483963527708258956
0.00000000000000000000 0.08492398563993035221
0.00000000000000000000 0.08495037931633180051
0.00000000000000000000 0.08539611469807228961
0.00000000000000000000 0.08570873225623720781
0.00000000000000000000 0.08593584477229082585
0.00000000000000000000 0.08593728724734771285
0.00000000000000000000 0.08595999114279659348
0.00000000000000000000 0.08615165149153529434
0.00000000000000000000 0.08648773838300170824
0.00000000000000000000 0.08678175723915573792
0.00000000000000000000 0.08689751550170973782
0.00000000000000000000 0.08710900162582019268
0.00000000000000000000 0.08726985592782728063
0.00000000000000000000 0.08754226292465108750
0.00000000000000000000 0.08788404677921661523
0.00000000000000000000 0.08846824203877215465
0.00000000000000000000 0.08890010777444808110
0.00000000000000000000 0.08893007005626824002
0.00000000000000000000 0.08971104769440721438
0.00000000000000000000 0.09035954418225128348
0.00000000000000000000 0.09037808176298350871
0.00000000000000000000 0.09129764712055547793
0.00000000000000000000 0.09133227571994104177
0.00000000000000000000 0.09166036241535370499
0.00000000000000000000 0.09187978789134407243
0.00000000000000000000 0.09265589661851436620
0.00000000000000000000 0.09304281362794386556
0.00000000000000000000 0.09384124728791137793
0.00000000000000000000 0.09467380271872782860
0.00000000000000000000 0.09493255859035996946
0.00000000000000000000 0.09509262383995550905
0.00000000000000000000 0.09516622596894634689
0.00000000000000000000 0.09520949252132709928
0.00000000000000000000 0.09534602727418067802
0.00000000000000000000 0.09542902047189327774
0.00000000000000000000 0.09559604545123939756
0.00000000000000000000 0.09561484869585620827
0.00000000000000000000 0.09562736350228223658
0.00000000000000000000 0.09567705793139530401
0.00000000000000000000 0.09581224402249147176
0.00000000000000000000 0.09603548003816997358
0.00000000000000000000 0.09688828839129340342
0.00000000000000000000 0.09704384519065947790
0.00000000000000000000 0.09766533850619942003
0.00000000000000000000 0.09775986059779676052
0.00000000000000000000 0.09846457848308208527
0.00000000000000000000 0.09890920819239072681
0.00000000000000000000 0.09899427182368675249
0.00000000000000000000 0.09902267523853409970
0.00000000000000000000 0.09918509760254799745
0.00000000000000000000 0.09937991245135181784
0.00000000000000000000 0.10006088323868844725
0.00000000000000000000 0.10042538173113006728
0.00000000000000000000 0.10081866466777936187
0.00000000000000000000 0.10092780055370362269
0.00000000000000000000 0.10122775186604975051
0.00000000000000000000 0.10133279553367167958
0.00000000000000000000 0.10136722450633688097
0.00000000000000000000 0.10152276623719759530
0.00000000000000000000 0.10189348694055604116
0.00000000000000000000 0.10312636254740661923
0.00000000000000000000 0.10343481046713572102
0.00000000000000000000 0.10344146672638029893
0.00000000000000000000 0.10379633971036031359
0.00000000000000000000 0.10382395616651858561
0.00000000000000000000 0.10389718989462141951
0.00000000000000000000 0.10394544273469863427
0.00000000000000000000 0.10438340846965904474
0.00000000000000000000 0.10460322816084488551
0.00000000000000000000 0.10465132521473691218
0.00000000000000000000 0.10479207360109038527
0.00000000000000000000 0.10487564377660073267
0.00000000000000000000 0.10493400167415116442
0.00000000000000000000 0.10499558920495141723
0.00000000000000000000 0.10514787274262125949
0.00000000000000000000 0.10522662401519383701
0.00000000000000000000 0.10537198609140671635
0.00000000000000000000 0.10552461814751004643
0.00000000000000000000 0.10576698967282134600
0.00000000000000000000 0.10605781403577110855
0.00000000000000000000 0.10620204963299907652
0.00000000000000000000 0.10662161595390966251
0.00000000000000000000 0.10749517298518630748
0.00000000000000000000 0.10751696254193211788
0.00000000000000000000 0.10920388580654721844
0.00000000000000000000 0.10920727595434066848
0.00000000000000000000 0.11001459786334970292
0.00000000000000000000 0.11041740150201836967
0.00000000000000000000 0.11053194757315440433
0.00000000000000000000 0.11067092605183188880
0.00000000000000000000 0.11097474929969540491
0.00000000000000000000 0.11109672199672110393
0.00000000000000000000 0.11119372480572879691
0.00000000000000000000 0.11129230764479162985
0.00000000000000000000 0.11180238222136505699
0.00000000000000000000 0.11204404135087661643
0.00000000000000000000 0.11205990125964924997
0.00000000000000000000 0.11229141083726995598
0.00000000000000000000 0.11236611038809177221
0.00000000000000000000 0.11266074123729910572
0.00000000000000000000 0.11266502347927216665
0.00000000000000000000 0.11271472419840364299
0.00000000000000000000 0.11273912500508721790
0.00000000000000000000 0.11322899224940570495
0.00000000000000000000 0.11340447133912047450
0.00000000000000000000 0.11350263650725604669
0.00000000000000000000 0.11367740680338767056
0.00000000000000000000 0.11367940773074429461
0.00000000000000000000 0.11385650738183199226
0.00000000000000000000 0.11429072476040923190
0.00000000000000000000 0.11511392733783080977
0.00000000000000000000 0.11522655817511606724
0.00000000000000000000 0.11525665657581890544
0.00000000000000000000 0.11526356033950810320
0.00000000000000000000 0.11615285554393589562
0.00000000000000000000 0.11635342906558114595
0.00000000000000000000 0.11663751098103043724
0.00000000000000000000 0.11691787057753204315
0.00000000000000000000 0.11699881032879318188
0.00000000000000000000 0.11715491690169518857
0.00000000000000000000 0.11768804981799498022
0.00000000000000000000 0.11776446841568057045
0.00000000000000000000 0.11794875740359644922
0.00000000000000000000 0.11818264945570269853
0.00000000000000000000 0.11828472340316666112
0.00000000000000000000 0.11841994429223562380
0.00000000000000000000 0.11858894734429241413
0.00000000000000000000 0.11923279889444050872
0.00000000000000000000 0.11942042518727054301
0.00000000000000000000 0.11943122157351608592
0.00000000000000000000 0.11974519991699973664
0.00000000000000000000 0.11983356643491907545
0.00000000000000000000 0.12010894354919346427
0.00000000000000000000 0.12058019074086447076
0.00000000000000000000 0.12082701553188793242
0.00000000000000000000 0.12173386547775980060
0.00000000000000000000 0.12185091354602917146
0.00000000000000000000 0.12233749243213502822
0.00000000000000000000 0.12260108784139119031
0.00000000000000000000 0.12279107009291000130
0.00000000000000000000 0.12339889341610529860
0.00000000000000000000 0.12401670406459724960
0.00000000000000000000 0.12405173329894834955
0.00000000000000000000 0.12499696626321570025
0.00000000000000000000 0.12528566077153402425
0.00000000000000000000 0.12588846945324599913
0.00000000000000000000 0.12591441484164067610
0.00000000000000000000 0.12604204698687257458
0.00000000000000000000 0.12641548687074502522
0.00000000000000000000 0.12646762943223865960
0.00000000000000000000 0.12671225381979261959
0.00000000000000000000 0.12673864230338235948
0.00000000000000000000 0.12689994249326161380
0.00000000000000000000 0.12695994136774679806
0.00000000000000000000 0.12709381410767564557
0.00000000000000000000 0.12748901976754536958
0.00000000000000000000 0.12772986771523495153
0.00000000000000000000 0.12784103056065440618
0.00000000000000000000 0.12807598993061206083
0.00000000000000000000 0.12898142710545260070
0.00000000000000000000 0.12911913073967160037
0.00000000000000000000 0.12936184329119368441
0.00000000000000000000 0.12943291715211122095
0.00000000000000000000 0.12963814151773261907
0.00000000000000000000 0.12986377414360866789
0.00000000000000000000 0.12995558631969836294
0.00000000000000000000 0.13014016619100096661
0.00000000000000000000 0.13022367566539461148
0.00000000000000000000 0.13085772744293822090
0.00000000000000000000 0.13089182484911679460
0.00000000000000000000 0.13117542915355923094
0.00000000000000000000 0.13140662959001228605
0.00000000000000000000 0.13162128350609189620
0.00000000000000000000 0.13163982986189659563
0.00000000000000000000 0.13181912520744387685
0.00000000000000000000 0.13237280975635662417
0.00000000000000000000 0.13249386465011811498
0.00000000000000000000 0.13260617601638108320
0.00000000000000000000 0.13287226611803684695
0.00000000000000000000 0.13288760852894002107
0.00000000000000000000 0.13298252649105399281
0.00000000000000000000 0.13324379786856727081
0.00000000000000000000 0.13324952415396346117
0.00000000000000000000 0.13352036562329694380
0.00000000000000000000 0.13363647491154187485
0.00000000000000000000 0.13370630075829006977
0.00000000000000000000 0.13393193034628469995
0.00000000000000000000 0.13395263675905344503
0.00000000000000000000 0.13412224429217808885
0.00000000000000000000 0.13442623908292253287
0.00000000000000000000 0.13456902182459512529
0.00000000000000000000 0.13476207679275914453
0.00000000000000000000 0.13487835195180647441
0.00000000000000000000 0.13494478431787843009
0.00000000000000000000 0.13498031057322060211
0.00000000000000000000 0.13507510724460666807
0.00000000000000000000 0.13517910472841718206
0.00000000000000000000 0.13566214418529107255
0.00000000000000000000 0.13612042056350909247
0.00000000000000000000 0.13612929885313559963
0.00000000000000000000 0.13668445310011104188
0.00000000000000000000 0.13669576220275225786
0.00000000000000000000 0.13673168509693309214
0.00000000000000000000 0.13693403701677750450
0.00000000000000000000 0.13759181628344871462
0.00000000000000000000 0.13826141242327688596
0.00000000000000000000 0.13873389790787413189
0.00000000000000000000 0.13881482284181009823
0.00000000000000000000 0.13909067793629809051
0.00000000000000000000 0.13934336077863754277
0.00000000000000000000 0.13964857526644708363
0.00000000000000000000 0.13968446350370411491
0.00000000000000000000 0.13985332137277903253
0.00000000000000000000 0.14004598409021717931
0.00000000000000000000 0.14057156877917681426
0.00000000000000000000 0.14089790174262889488
0.00000000000000000000 0.14121601399554065126
0.00000000000000000000 0.14166428623668206321
0.00000000000000000000 0.14191305218383490350
0.00000000000000000000 0.14211006288148672616
0.00000000000000000000 0.14214366644428716446
0.00000000000000000000 0.14226373347507578759
0.00000000000000000000 0.14255793434477270765
0.00000000000000000000 0.14264572115263973728
0.00000000000000000000 0.14358752211596720327
0.00000000000000000000 0.14397803790919680433
0.00000000000000000000 0.14448782649959349134
0.00000000000000000000 0.14474581152736612499
0.00000000000000000000 0.14501573302269127330
0.00000000000000000000 0.14508907351921360163
0.00000000000000000000 0.14529812926544743990
0.00000000000000000000 0.14546794229834691947
0.00000000000000000000 0.14548220616750434653
0.00000000000000000000 0.14653621392388699318
0.00000000000000000000 0.14668378383526783915
0.00000000000000000000 0.14687483730937864190
0.00000000000000000000 0.14811038835324286111
0.00000000000000000000 0.14826352886782906415
0.00000000000000000000 0.14833430459247795574
0.00000000000000000000 0.14869593435061503883
0.00000000000000000000 0.14910162329034457040
0.00000000000000000000 0.14917407367634680226
0.00000000000000000000 0.14926116341144274324
0.00000000000000000000 0.14977355540199840944
0.00000000000000000000 0.14994441865331786801
0.00000000000000000000 0.14995991894697571767
0.00000000000000000000 0.15003703438877560861
0.00000000000000000000 0.15041103016558754479
0.00000000000000000000 0.15082241299604720597
0.00000000000000000000 0.15097668765344998687
0.00000000000000000000 0.15116800711575115179
0.00000000000000000000 0.15125998700484366566
0.00000000000000000000 0.15151964209560533914
0.00000000000000000000 0.15155724550134627715
0.00000000000000000000 0.15158137156106432641
0.00000000000000000000 0.15223069457075713573
0.00000000000000000000 0.15251232440020473513
0.00000000000000000000 0.15263848042749972311
0.00000000000000000000 0.15282311566913353573
0.00000000000000000000 0.15298625311335339871
0.00000000000000000000 0.15304617591436966983
0.00000000000000000000 0.15320838785522680747
0.00000000000000000000 0.15328465219441553269
0.00000000000000000000 0.15330614364861744336
0.00000000000000000000 0.15337255177986314214
0.00000000000000000000 0.15434069207834535953
0.00000000000000000000 0.15474184797819340309
0.00000000000000000000 0.15507841350232184907
0.00000000000000000000 0.15513146751081915986
0.00000000000000000000 0.15544535463243319695
0.00000000000000000000 0.15599594256529594749
0.00000000000000000000 0.15625206818272213694
0.00000000000000000000 0.15635235378876907730
0.00000000000000000000 0.15657705754196885040
0.00000000000000000000 0.15675889749512991744
0.00000000000000000000 0.15682595926689962829
0.00000000000000000000 0.15695984160436077248
0.00000000000000000000 0.15750378228925746016
0.00000000000000000000 0.15945720682136685364
0.00000000000000000000 0.16028009219603217561
0.00000000000000000000 0.16035506330212295767
0.00000000000000000000 0.16097556768786849823
0.00000000000000000000 0.16156457080787950398
0.00000000000000000000 0.16167223850966705445
0.00000000000000000000 0.16174094717979220492
0.00000000000000000000 0.16185922696878110583
0.00000000000000000000 0.16227795560105617856
0.00000000000000000000 0.16230357925801219832
0.00000000000000000000 0.16247758475648274579
0.00000000000000000000 0.16437174442622073944
0.00000000000000000000 0.16468100906586546905
0.00000000000000000000 0.16534951871826450431
0.00000000000000000000 0.16546367592050731377
0.00000000000000000000 0.16597467224703699173
0.00000000000000000000 0.16629405453069515120
0.00000000000000000000 0.16638895599934908076
0.00000000000000000000 0.16705594765233247601
0.00000000000000000000 0.16767653771978124899
0.00000000000000000000 0.16818234011857499666
0.00000000000000000000 0.16884613459916397726
0.00000000000000000000 0.16913102438410640427
0.00000000000000000000 0.17030539442395584149
0.00000000000000000000 0.17058763365099932630
0.00000000000000000000 0.17127555030662688917
0.00000000000000000000 0.17137366965239189676
0.00000000000000000000 0.17158606505989387747
0.00000000000000000000 0.17262879369586128786
0.00000000000000000000 0.17310681275008907298
0.00000000000000000000 0.17411187907785349860
0.00000000000000000000 0.17454455149943126635
0.00000000000000000000 0.17525163477578348248
0.00000000000000000000 0.17544562259142082450
0.00000000000000000000 0.17829169933656352498
0.00000000000000000000 0.17881017044084890344
0.00000000000000000000 0.18012083830876118862
0.00000000000000000000 0.18067050504674550537
0.00000000000000000000 0.18083548944524213686
0.00000000000000000000 0.18090345339243332767
0.00000000000000000000 0.18154130784934946474
0.00000000000000000000 0.18199605836910701107
0.00000000000000000000 0.18219227649184158158
0.00000000000000000000 0.18332700686186279015
0.00000000000000000000 0.18354041017035008232
0.00000000000000000000 0.18515986165940293007
0.00000000000000000000 0.18547171348602062291
0.00000000000000000000 0.18595836277586563767
0.00000000000000000000 0.18745989453396072477
0.00000000000000000000 0.18770056547192368046
0.00000000000000000000 0.18902121068412874871
0.00000000000000000000 0.19012123307960349106
0.00000000000000000000 0.19092897090299776330
0.00000000000000000000 0.19321962801627642903
0.00000000000000000000 0.19549515945032613917
0.00000000000000000000 0.19563094375514331058
0.00000000000000000000 0.19597931515725711127
0.00000000000000000000 0.19623116272231835855
0.00000000000000000000 0.19813559135847658155
0.00000000000000000000 0.19968681502778606873
0.00000000000000000000 0.20292199981280792387
0.00000000000000000000 0.20400805852054265666
0.00000000000000000000 0.20445477793728467075
0.00000000000000000000 0.20553258645519414949
0.00000000000000000000 0.20818883769507859349
0.00000000000000000000 0.21733097542066992514
0.00000000000000000000 0.21847954025448473869
0.00000000000000000000 0.21877610076789716365
0.00000000000000000000 0.22408494997983660624
0.00000000000000000000 0.22576999592889601676
0.00000000000000000000 0.22687885175857486209
0.00000000000000000000 0.24926963435824975313
0.00000000000000000000 0.24947154434797905176
0.00000000000000000000 0.25462798378866502436
0.00000000000000000000 0.27033912516649011293
0.00000000000000000000 0.38314125719923219915
0.00000000000000000000 1.73205080756887719318
