0.00000000000000000000 0.00161007966779256381
0.00000000000000000000 0.00170070057947322817
0.00000000000000000000 0.00177543997191108435
0.00000000000000000000 0.00206228078023869017
0.00000000000000000000 0.00228844064734730259
0.00000000000000000000 0.00229906105373777489
0.00000000000000000000 0.00240366896989007177
0.00000000000000000000 0.00240866077438734371
0.00000000000000000000 0.00251086754971765764
0.00000000000000000000 0.00256287375065822115
0.00000000000000000000 0.00282999647454470517
0.00000000000000000000 0.00287912819721137039
0.00000000000000000000 0.00293519230020007410
0.00000000000000000000 0.00302871209231364135
0.00000000000000000000 0.00307170581907761355
0.00000000000000000000 0.00314714280600024085
0.00000000000000000000 0.00323493740014706328
0.00000000000000000000 0.00324153118836527062
0.00000000000000000000 0.00327818199524900194
0.00000000000000000000 0.00329451492979526304
0.00000000000000000000 0.00332990735194907623
0.00000000000000000000 0.00333337326069810432
0.00000000000000000000 0.00338201779287960287
0.00000000000000000000 0.00362372985989321264
0.00000000000000000000 0.00368131497664676496
0.00000000000000000000 0.00373135742590077714
0.00000000000000000000 0.00405218730961181932
0.00000000000000000000 0.00411866169510056047
0.00000000000000000000 0.00418647303310320466
0.00000000000000000000 0.00434233050386790588
0.00000000000000000000 0.00435562008537877018
0.00000000000000000000 0.00436370991978720941
0.00000000000000000000 0.00436512253083919891
0.00000000000000000000 0.00441574817066444931
0.00000000000000000000 0.00448374571822887039
0.00000000000000000000 0.00466302227233706193
0.00000000000000000000 0.00466384009677137286
0.00000000000000000000 0.00475192942557848327
0.00000000000000000000 0.00477756996958391376
0.00000000000000000000 0.00487942775061330283
0.00000000000000000000 0.00488913800862275909
0.00000000000000000000 0.00493599507359384834
0.00000000000000000000 0.00496138722930186075
0.00000000000000000000 0.00502899208637245122
0.00000000000000000000 0.00517531400848592928
0.00000000000000000000 0.00519753905538003665
0.00000000000000000000 0.00523057166037946709
0.00000000000000000000 0.00524600072818503203
0.00000000000000000000 0.00539596215615620670
0.00000000000000000000 0.00541024210726151738
0.00000000000000000000 0.00567294773198877885
0.00000000000000000000 0.00567579951835809997
0.00000000000000000000 0.00567728449891661321
0.00000000000000000000 0.00569381162316354768
0.00000000000000000000 0.00572577255951899934
0.00000000000000000000 0.00574048826123446047
0.00000000000000000000 0.00577821924293029851
0.00000000000000000000 0.00579235613169413847
0.00000000000000000000 0.00582712570638168909
0.00000000000000000000 0.00591325386240489255
0.00000000000000000000 0.00591878583683547004
0.00000000000000000000 0.00592391525757449307
0.00000000000000000000 0.00593404764422967961
0.00000000000000000000 0.00593892467695890814
0.00000000000000000000 0.00602472874706403219
0.00000000000000000000 0.00607522559017801243
0.00000000000000000000 0.00608955362057540979
0.00000000000000000000 0.00616480707427844495
0.00000000000000000000 0.00621957581561230748
0.00000000000000000000 0.00622375589470834396
0.00000000000000000000 0.00623635204192070271
0.00000000000000000000 0.00624651898384212707
0.00000000000000000000 0.00632088219941015755
0.00000000000000000000 0.00636132619084970284
0.00000000000000000000 0.00651729613772889221
0.00000000000000000000 0.00655636833688751086
0.00000000000000000000 0.00663836665018852513
0.00000000000000000000 0.00665264073580507705
0.00000000000000000000 0.00670900316277166231
0.00000000000000000000 0.00677735018724820535
0.00000000000000000000 0.00678392066433015310
0.00000000000000000000 0.00679022884050136614
0.00000000000000000000 0.00683412991454694901
0.00000000000000000000 0.00683789275462255881
0.00000000000000000000 0.00684577357592133957
0.00000000000000000000 0.00686354721189272928
0.00000000000000000000 0.00688914966090509000
0.00000000000000000000 0.00691966020241656203
0.00000000000000000000 0.00692303734830504967
0.00000000000000000000 0.00697768450129040291
0.00000000000000000000 0.00700487238980007382
0.00000000000000000000 0.00704392849168813256
0.00000000000000000000 0.00719256755776773778
0.00000000000000000000 0.00721135153606462364
0.00000000000000000000 0.00722062156406277824
0.00000000000000000000 0.00724358665316308069
0.00000000000000000000 0.00725352400174682395
0.00000000000000000000 0.00728201857602256766
0.00000000000000000000 0.00729409225691507717
0.00000000000000000000 0.00729471795908063700
0.00000000000000000000 0.00733079593618229247
0.00000000000000000000 0.00738973157689152508
0.00000000000000000000 0.00739284990083532902
0.00000000000000000000 0.00747587227927244691
0.00000000000000000000 0.00750975652377480502
0.00000000000000000000 0.00752704420742353417
0.00000000000000000000 0.00754488648853339754
0.00000000000000000000 0.00758060105950754057
0.00000000000000000000 0.00766030173898480347
0.00000000000000000000 0.00773010535784149095
0.00000000000000000000 0.00779492683716008754
0.00000000000000000000 0.00781277576188579327
0.00000000000000000000 0.00783510037826783828
0.00000000000000000000 0.00787923950417457504
0.00000000000000000000 0.00788303943306972038
0.00000000000000000000 0.00791003427538685550
0.00000000000000000000 0.00797273613195491511
0.00000000000000000000 0.00803515840074339391
0.00000000000000000000 0.00809423429914186976
0.00000000000000000000 0.00814706383072648886
0.00000000000000000000 0.00817610995228836013
0.00000000000000000000 0.00820337435490104891
0.00000000000000000000 0.00820435469862184491
0.00000000000000000000 0.00828230958290960238
0.00000000000000000000 0.00831427807543194501
0.00000000000000000000 0.00833807393685621033
0.00000000000000000000 0.00834082237251923195
0.00000000000000000000 0.00841361486871634000
0.00000000000000000000 0.00842987423306581704
0.00000000000000000000 0.00843640326123172753
0.00000000000000000000 0.00845538278765179535
0.00000000000000000000 0.00850666185038734257
0.00000000000000000000 0.00851649615047535627
0.00000000000000000000 0.00859093938152214950
0.00000000000000000000 0.00865976266977453064
0.00000000000000000000 0.00873336338732626401
0.00000000000000000000 0.00886175085220196855
0.00000000000000000000 0.00888930241353835804
0.00000000000000000000 0.00891690832407855509
0.00000000000000000000 0.00899316201394896944
0.00000000000000000000 0.00901599720758032401
0.00000000000000000000 0.00901602582033713892
0.00000000000000000000 0.00902597181393782408
0.00000000000000000000 0.00907340559818246156
0.00000000000000000000 0.00916033382348874214
0.00000000000000000000 0.00916293553341845403
0.00000000000000000000 0.00921741881380927497
0.00000000000000000000 0.00922113760980768082
0.00000000000000000000 0.00923156716361008857
0.00000000000000000000 0.00930215217491329842
0.00000000000000000000 0.00931003303095072343
0.00000000000000000000 0.00932644593383713701
0.00000000000000000000 0.00932690217082379064
0.00000000000000000000 0.00933523000080025735
0.00000000000000000000 0.00937315149079285051
0.00000000000000000000 0.00939318466596101437
0.00000000000000000000 0.00940585837640958364
0.00000000000000000000 0.00941631841623605768
0.00000000000000000000 0.00942710265218968911
0.00000000000000000000 0.00943274073905287468
0.00000000000000000000 0.00946217069070005509
0.00000000000000000000 0.00947518587041782691
0.00000000000000000000 0.00948297671251531644
0.00000000000000000000 0.00955292210155008620
0.00000000000000000000 0.00957264693214028399
0.00000000000000000000 0.00963486946937098382
0.00000000000000000000 0.00965453017037831013
0.00000000000000000000 0.00965600726435239531
0.00000000000000000000 0.00978928713587636987
0.00000000000000000000 0.00979891071165149043
0.00000000000000000000 0.00982421980117417770
0.00000000000000000000 0.00982468718599930832
0.00000000000000000000 0.00986641908945579300
0.00000000000000000000 0.00987252012320882950
0.00000000000000000000 0.00990159752733932481
0.00000000000000000000 0.00992570224819750747
0.00000000000000000000 0.00999689970842631941
0.00000000000000000000 0.00999694443647847555
0.00000000000000000000 0.01000482297268370097
0.00000000000000000000 0.01003733026698680475
0.00000000000000000000 0.01007147326383890824
0.00000000000000000000 0.01016711330127183753
0.00000000000000000000 0.01018488009654483495
0.00000000000000000000 0.01024252519654447399
0.00000000000000000000 0.01024516570998143875
0.00000000000000000000 0.01030040935462698398
0.00000000000000000000 0.01031740878376539820
0.00000000000000000000 0.01039265948047719650
0.00000000000000000000 0.01040293481680792421
0.00000000000000000000 0.01042287354862013113
0.00000000000000000000 0.01045281969555678266
0.00000000000000000000 0.01050886449833173669
0.00000000000000000000 0.01054656034691714601
0.00000000000000000000 0.01056357759416135141
0.00000000000000000000 0.01061482455211943537
0.00000000000000000000 0.01062650030665162823
0.00000000000000000000 0.01063680908862154294
0.00000000000000000000 0.01065145443787115370
0.00000000000000000000 0.01072280098094214110
0.00000000000000000000 0.01073803459889720487
0.00000000000000000000 0.01075206163805513676
0.00000000000000000000 0.01077224778079111274
0.00000000000000000000 0.01077994001431493987
0.00000000000000000000 0.01080733079885204048
0.00000000000000000000 0.01086256568988009166
0.00000000000000000000 0.01088233028029203520
0.00000000000000000000 0.01092211029394748317
0.00000000000000000000 0.01094779945557272996
0.00000000000000000000 0.01096955267661202556
0.00000000000000000000 0.01101592125454478079
0.00000000000000000000 0.01110601971505542282
0.00000000000000000000 0.01111004573433999401
0.00000000000000000000 0.01111719397321470938
0.00000000000000000000 0.01116659986412724820
0.00000000000000000000 0.01117918948161665191
0.00000000000000000000 0.01122717741345520027
0.00000000000000000000 0.01125480048252442550
0.00000000000000000000 0.01127281411238454864
0.00000000000000000000 0.01128367831857630087
0.00000000000000000000 0.01131051053815601386
0.00000000000000000000 0.01133583497672346202
0.00000000000000000000 0.01135686389381013184
0.00000000000000000000 0.01136106477016978616
0.00000000000000000000 0.01139622846594288974
0.00000000000000000000 0.01141920121758828281
0.00000000000000000000 0.01146614951527166748
0.00000000000000000000 0.01148277624572174686
0.00000000000000000000 0.01150712565365186700
0.00000000000000000000 0.01154223717981128945
0.00000000000000000000 0.01154712252840123243
0.00000000000000000000 0.01156092167324380970
0.00000000000000000000 0.01159982972583104358
0.00000000000000000000 0.01160107867885687254
0.00000000000000000000 0.01160368683685012066
0.00000000000000000000 0.01162558846826824109
0.00000000000000000000 0.01164188601916415350
0.00000000000000000000 0.01169582373489584659
0.00000000000000000000 0.01175232800872111523
0.00000000000000000000 0.01177284797310301084
0.00000000000000000000 0.01181079682505296533
0.00000000000000000000 0.01182196787132072484
0.00000000000000000000 0.01183623692289143339
0.00000000000000000000 0.01184435984910150140
0.00000000000000000000 0.01189668647683917758
0.00000000000000000000 0.01189846079575288679
0.00000000000000000000 0.01191268007294107520
0.00000000000000000000 0.01195002113336215283
0.00000000000000000000 0.01196576715820243594
0.00000000000000000000 0.01199485684469549056
0.00000000000000000000 0.01205371419452514435
0.00000000000000000000 0.01207567068035397123
0.00000000000000000000 0.01217965469782612657
0.00000000000000000000 0.01225479453799062889
0.00000000000000000000 0.01226309728476605160
0.00000000000000000000 0.01226628611979882835
0.00000000000000000000 0.01226699410531425539
0.00000000000000000000 0.01227718642955792638
0.00000000000000000000 0.01236289412820412714
0.00000000000000000000 0.01236344453756255124
0.00000000000000000000 0.01237850541860759275
0.00000000000000000000 0.01244953322209571556
0.00000000000000000000 0.01245165508653370105
0.00000000000000000000 0.01253986859933911048
0.00000000000000000000 0.01263270798762699230
0.00000000000000000000 0.01264411024709895769
0.00000000000000000000 0.01267240978883005242
0.00000000000000000000 0.01267866265156373205
0.00000000000000000000 0.01272334008711871814
0.00000000000000000000 0.01275778506080216777
0.00000000000000000000 0.01281406197983744541
0.00000000000000000000 0.01284853815141167796
0.00000000000000000000 0.01297817033895794225
0.00000000000000000000 0.01299387459719878943
0.00000000000000000000 0.01300448416746841605
0.00000000000000000000 0.01304198097849441559
0.00000000000000000000 0.01307039184982546239
0.00000000000000000000 0.01314075834508411124
0.00000000000000000000 0.01319092820044191067
0.00000000000000000000 0.01320851906975693997
0.00000000000000000000 0.01321384857639016676
0.00000000000000000000 0.01322313871923713399
0.00000000000000000000 0.01343084992464381455
0.00000000000000000000 0.01343161224535788408
0.00000000000000000000 0.01344003499482002671
0.00000000000000000000 0.01348327653750659369
0.00000000000000000000 0.01350879242387523563
0.00000000000000000000 0.01353890300189050655
0.00000000000000000000 0.01361349434228844614
0.00000000000000000000 0.01364868050851870789
0.00000000000000000000 0.01371881274102475408
0.00000000000000000000 0.01372695234447093501
0.00000000000000000000 0.01374902532495746177
0.00000000000000000000 0.01375767002118701531
0.00000000000000000000 0.01383947188464566130
0.00000000000000000000 0.01384870716936058115
0.00000000000000000000 0.01387174705207274740
0.00000000000000000000 0.01387294691315218813
0.00000000000000000000 0.01389012268156175449
0.00000000000000000000 0.01392219243237084562
0.00000000000000000000 0.01400921481212586209
0.00000000000000000000 0.01403957237963512211
0.00000000000000000000 0.01403987221434073972
0.00000000000000000000 0.01404201681922731190
0.00000000000000000000 0.01411872601352177209
0.00000000000000000000 0.01412645166740925107
0.00000000000000000000 0.01413012207619403562
0.00000000000000000000 0.01423332754748730423
0.00000000000000000000 0.01423346688757519581
0.00000000000000000000 0.01425854048352511415
0.00000000000000000000 0.01427111728220965478
0.00000000000000000000 0.01435404475515821877
0.00000000000000000000 0.01440430835676711346
0.00000000000000000000 0.01443433963948216950
0.00000000000000000000 0.01445033680127411936
0.00000000000000000000 0.01448783972537063744
0.00000000000000000000 0.01453188067030627105
0.00000000000000000000 0.01455783225701823627
0.00000000000000000000 0.01471674468902852903
0.00000000000000000000 0.01476664009080119050
0.00000000000000000000 0.01489886228594580059
0.00000000000000000000 0.01491343691409855593
0.00000000000000000000 0.01491420068840296036
0.00000000000000000000 0.01492113187715091334
0.00000000000000000000 0.01505122947384137690
0.00000000000000000000 0.01510387077371318047
0.00000000000000000000 0.01514319597529259487
0.00000000000000000000 0.01525413523836118002
0.00000000000000000000 0.01526646583877022158
0.00000000000000000000 0.01533651594934637083
0.00000000000000000000 0.01545674478862002314
0.00000000000000000000 0.01549578411773030323
0.00000000000000000000 0.01552218208973422768
0.00000000000000000000 0.01554028196144058120
0.00000000000000000000 0.01557543326459144908
0.00000000000000000000 0.01560296730171387841
0.00000000000000000000 0.01565143139730836713
0.00000000000000000000 0.01567030637952948960
0.00000000000000000000 0.01571860979654673279
0.00000000000000000000 0.01574145820382270855
0.00000000000000000000 0.01575181485074782575
0.00000000000000000000 0.01575608577098814092
0.00000000000000000000 0.01594683397328261129
0.00000000000000000000 0.01610981046279472140
0.00000000000000000000 0.01631366674002753328
0.00000000000000000000 0.01633426212422419213
0.00000000000000000000 0.01636209548307830663
0.00000000000000000000 0.01639019180313408888
0.00000000000000000000 0.01643323556433859411
0.00000000000000000000 0.01658476402607528960
0.00000000000000000000 0.01662314396130983724
0.00000000000000000000 0.01663682770125931090
0.00000000000000000000 0.01668294578068019868
0.00000000000000000000 0.01668862413041996909
0.00000000000000000000 0.01691101383960194604
0.00000000000000000000 0.01691701409416780655
0.00000000000000000000 0.01695427612872551365
0.00000000000000000000 0.01695577037627338593
0.00000000000000000000 0.01697088952540507997
0.00000000000000000000 0.01711993195383231664
0.00000000000000000000 0.01712729436151027435
0.00000000000000000000 0.01718283475553506259
0.00000000000000000000 0.01729698668364326730
0.00000000000000000000 0.01732805750352040680
0.00000000000000000000 0.01738604855904061011
0.00000000000000000000 0.01743584741722229922
0.00000000000000000000 0.01745972347873729971
0.00000000000000000000 0.01751895186420239503
0.00000000000000000000 0.01754115157734918717
0.00000000000000000000 0.01754675003677143644
0.00000000000000000000 0.01760684088355001300
0.00000000000000000000 0.01770433845843222623
0.00000000000000000000 0.01776182995064463921
0.00000000000000000000 0.01790806987259692742
0.00000000000000000000 0.01792519051206496045
0.00000000000000000000 0.01793959694339742131
0.00000000000000000000 0.01797745696444986996
0.00000000000000000000 0.01798360672481045044
0.00000000000000000000 0.01805596498999840691
0.00000000000000000000 0.01813144121404734743
0.00000000000000000000 0.01821722906183562141
0.00000000000000000000 0.01826113371158563647
0.00000000000000000000 0.01852753797046999620
0.00000000000000000000 0.01859912130241132486
0.00000000000000000000 0.01860033837694833811
0.00000000000000000000 0.01864282166385763939
0.00000000000000000000 0.01866566148761728341
0.00000000000000000000 0.01867008439073956916
0.00000000000000000000 0.01867091280003207315
0.00000000000000000000 0.01879279430420745592
0.00000000000000000000 0.01882328400644922919
0.00000000000000000000 0.01889563835509701015
0.00000000000000000000 0.01890979858594581120
0.00000000000000000000 0.01891039462460347015
0.00000000000000000000 0.01891177539678170344
0.00000000000000000000 0.01895430395820671410
0.00000000000000000000 0.01898345455394443923
0.00000000000000000000 0.01902485366424939289
0.00000000000000000000 0.01905346112208270923
0.00000000000000000000 0.01909972080984970871
0.00000000000000000000 0.01910097821417179945
0.00000000000000000000 0.01918378668870900777
0.00000000000000000000 0.01943180727164926791
0.00000000000000000000 0.01943439696821349164
0.00000000000000000000 0.01946070608121527878
0.00000000000000000000 0.01947715462562384786
0.00000000000000000000 0.01949993824034673001
0.00000000000000000000 0.01951077476303390151
0.00000000000000000000 0.01955839631665392056
0.00000000000000000000 0.01958778041440711881
0.00000000000000000000 0.01959783535933324120
0.00000000000000000000 0.01979177966755896537
0.00000000000000000000 0.01979357398815258587
0.00000000000000000000 0.01996776311829309702
0.00000000000000000000 0.01997850948098309556
0.00000000000000000000 0.02009655965814687723
0.00000000000000000000 0.02016133059567049024
0.00000000000000000000 0.02031070634588055465
0.00000000000000000000 0.02031467274917746202
0.00000000000000000000 0.02035589420983886094
0.00000000000000000000 0.02036160022596698177
0.00000000000000000000 0.02039363378897485202
0.00000000000000000000 0.02042903076939776505
0.00000000000000000000 0.02075504735594240271
0.00000000000000000000 0.02084945699749093939
0.00000000000000000000 0.02087389212354277476
0.00000000000000000000 0.02099332232168954135
0.00000000000000000000 0.02107268550914428301
0.00000000000000000000 0.02111810559669305420
0.00000000000000000000 0.02124299041520159165
0.00000000000000000000 0.02124556485930859800
0.00000000000000000000 0.02145568742244627000
0.00000000000000000000 0.02153067486092623273
0.00000000000000000000 0.02181248149518904070
0.00000000000000000000 0.02181476729867397324
0.00000000000000000000 0.02181783387384826980
0.00000000000000000000 0.02184675416456367467
0.00000000000000000000 0.02185382136403186959
0.00000000000000000000 0.02189444829415667162
0.00000000000000000000 0.02213003202335869779
0.00000000000000000000 0.02230497008451165844
0.00000000000000000000 0.02236559533371578617
0.00000000000000000000 0.02238578005181765876
0.00000000000000000000 0.02253807441753115023
0.00000000000000000000 0.02265250814167543703
0.00000000000000000000 0.02269234867919923265
0.00000000000000000000 0.02272619317822892684
0.00000000000000000000 0.02300788429731143170
0.00000000000000000000 0.02314706348382076714
0.00000000000000000000 0.02332272301773160444
0.00000000000000000000 0.02334643355595815081
0.00000000000000000000 0.02347158704957056849
0.00000000000000000000 0.02363293712604459459
0.00000000000000000000 0.02367198406229923530
0.00000000000000000000 0.02401154513360966719
0.00000000000000000000 0.02424822278649559418
0.00000000000000000000 0.02441007134829733735
0.00000000000000000000 0.02444406176939798933
0.00000000000000000000 0.02444656742104370575
0.00000000000000000000 0.02445316463836691087
0.00000000000000000000 0.02462605470315912259
0.00000000000000000000 0.02463793096581355299
0.00000000000000000000 0.02471528029459640549
0.00000000000000000000 0.02476592544056946052
0.00000000000000000000 0.02484234743890879199
0.00000000000000000000 0.02499810779303484470
0.00000000000000000000 0.02518023463035873669
0.00000000000000000000 0.02518974583746894091
0.00000000000000000000 0.02520701754820101406
0.00000000000000000000 0.02545057070265555055
0.00000000000000000000 0.02560121768405848597
0.00000000000000000000 0.02566164061756098444
0.00000000000000000000 0.02598287764964975904
0.00000000000000000000 0.02619897014631512519
0.00000000000000000000 0.02646936058388693613
0.00000000000000000000 0.02656620688765263735
0.00000000000000000000 0.02707508560989056734
0.00000000000000000000 0.02729689752793147337
0.00000000000000000000 0.02751159635723257266
0.00000000000000000000 0.02762358659737734756
0.00000000000000000000 0.02875620756586897905
0.00000000000000000000 0.02884640664292192902
0.00000000000000000000 0.02912258914678595920
0.00000000000000000000 0.02958902730301198047
0.00000000000000000000 0.02969132901394008067
0.00000000000000000000 0.02990370636395321691
0.00000000000000000000 0.02993983995276740251
0.00000000000000000000 0.03025916498126790186
0.00000000000000000000 0.03048447257034441610
0.00000000000000000000 0.03121980679579149445
0.00000000000000000000 0.03233604953897017964
0.00000000000000000000 0.03265238941217857294
0.00000000000000000000 0.03508314824823861172
0.00000000000000000000 0.03585475833847747568
0.00000000000000000000 0.03785716363250191813
0.00000000000000000000 0.03800157307283470731
0.00000000000000000000 0.04350186337931599007
0.00000000000000000000 0.04760841733223526023
0.00000000000000000000 0.04949999033530154413
0.00000000000000000000 0.38387245593304353264
0.00000000000000000000 1.73205080756887719318
