0.00000000000000000000 0.00268048210465254323
0.00000000000000000000 0.00414900430662334258
0.00000000000000000000 0.00428312117680519720
0.00000000000000000000 0.00430285678541910202
0.00000000000000000000 0.00450801586528604484
0.00000000000000000000 0.00555245185436494676
0.00000000000000000000 0.00566193128316882979
0.00000000000000000000 0.00575482357225331250
0.00000000000000000000 0.00646460595517370142
0.00000000000000000000 0.00665569698194151682
0.00000000000000000000 0.00694954162177497531
0.00000000000000000000 0.00716537302055399172
0.00000000000000000000 0.00722201318827935153
0.00000000000000000000 0.00767622495349320859
0.00000000000000000000 0.00783897941146813673
0.00000000000000000000 0.00810314312570107817
0.00000000000000000000 0.00814297075495867134
0.00000000000000000000 0.00817834314554998637
0.00000000000000000000 0.00822698555406273235
0.00000000000000000000 0.00829292599637766574
0.00000000000000000000 0.00832386547099466835
0.00000000000000000000 0.00844203860900272912
0.00000000000000000000 0.00852567705619470054
0.00000000000000000000 0.00857124483949013062
0.00000000000000000000 0.00883625637576152846
0.00000000000000000000 0.00885708274653539303
0.00000000000000000000 0.00892976299562342132
0.00000000000000000000 0.00900807509468348581
0.00000000000000000000 0.00901752218188336951
0.00000000000000000000 0.00909077030909992770
0.00000000000000000000 0.00936175118428492041
0.00000000000000000000 0.00945801806582913587
0.00000000000000000000 0.00946993518158702544
0.00000000000000000000 0.00955522159491115249
0.00000000000000000000 0.00967871613075222542
0.00000000000000000000 0.00968056446939169306
0.00000000000000000000 0.00969008528609840818
0.00000000000000000000 0.00976028609926416803
0.00000000000000000000 0.00976076470646263655
0.00000000000000000000 0.00979016982205202502
0.00000000000000000000 0.01020578653051191706
0.00000000000000000000 0.01029250282974466559
0.00000000000000000000 0.01037357348609381329
0.00000000000000000000 0.01048093946469671849
0.00000000000000000000 0.01057799618991960185
0.00000000000000000000 0.01067301069903195225
0.00000000000000000000 0.01080453428855724513
0.00000000000000000000 0.01089254769438447248
0.00000000000000000000 0.01117913624977013611
0.00000000000000000000 0.01118135364406338227
0.00000000000000000000 0.01119872260322364588
0.00000000000000000000 0.01121027064874594026
0.00000000000000000000 0.01122898573716054650
0.00000000000000000000 0.01126761836772710752
0.00000000000000000000 0.01134928427376416873
0.00000000000000000000 0.01139591672944747364
0.00000000000000000000 0.01149092335529203722
0.00000000000000000000 0.01155491391565180437
0.00000000000000000000 0.01158676869429357825
0.00000000000000000000 0.01163729842255226306
0.00000000000000000000 0.01165537236572270798
0.00000000000000000000 0.01167543164193272746
0.00000000000000000000 0.01167974006711529344
0.00000000000000000000 0.01171246208975820248
0.00000000000000000000 0.01182798281128174915
0.00000000000000000000 0.01187808390207959093
0.00000000000000000000 0.01189669986820127839
0.00000000000000000000 0.01190780289646981883
0.00000000000000000000 0.01217087246615604010
0.00000000000000000000 0.01224203250819173687
0.00000000000000000000 0.01224212213237756142
0.00000000000000000000 0.01234341291200194250
0.00000000000000000000 0.01242002506528750057
0.00000000000000000000 0.01243865141165677486
0.00000000000000000000 0.01249019197317691697
0.00000000000000000000 0.01252729110545956065
0.00000000000000000000 0.01255903947530816883
0.00000000000000000000 0.01256241382886661914
0.00000000000000000000 0.01282673633422912879
0.00000000000000000000 0.01284422284168038747
0.00000000000000000000 0.01301190120166039084
0.00000000000000000000 0.01309193485406446450
0.00000000000000000000 0.01312360867780359812
0.00000000000000000000 0.01313168158896236767
0.00000000000000000000 0.01314912043555226638
0.00000000000000000000 0.01316379144812541285
0.00000000000000000000 0.01318909330621610351
0.00000000000000000000 0.01319643189506773326
0.00000000000000000000 0.01322042143265528616
0.00000000000000000000 0.01327053898257432758
0.00000000000000000000 0.01329713904688747256
0.00000000000000000000 0.01340758788367352010
0.00000000000000000000 0.01346682998218502389
0.00000000000000000000 0.01351553464661162107
0.00000000000000000000 0.01358727665928895038
0.00000000000000000000 0.01370272210390028472
0.00000000000000000000 0.01374061866237883019
0.00000000000000000000 0.01374348929301608645
0.00000000000000000000 0.01385247760329827958
0.00000000000000000000 0.01385777705488250820
0.00000000000000000000 0.01387119411067985753
0.00000000000000000000 0.01391671835996668473
0.00000000000000000000 0.01397489703955760026
0.00000000000000000000 0.01405312222955323528
0.00000000000000000000 0.01405512484096164798
0.00000000000000000000 0.01412962099007030944
0.00000000000000000000 0.01432300659644922605
0.00000000000000000000 0.01443032271304929212
0.00000000000000000000 0.01444852426666927946
0.00000000000000000000 0.01447183314274672061
0.00000000000000000000 0.01448822855179651183
0.00000000000000000000 0.01449122092792248795
0.00000000000000000000 0.01451111655460036141
0.00000000000000000000 0.01456015471350939443
0.00000000000000000000 0.01464357693637858074
0.00000000000000000000 0.01465148587111462890
0.00000000000000000000 0.01465300079222534024
0.00000000000000000000 0.01471157955876508175
0.00000000000000000000 0.01471551507912858929
0.00000000000000000000 0.01474866015383497625
0.00000000000000000000 0.01475496846266537154
0.00000000000000000000 0.01489592618733236173
0.00000000000000000000 0.01495867889846706940
0.00000000000000000000 0.01501603756086152680
0.00000000000000000000 0.01521163634932360363
0.00000000000000000000 0.01521660774749043592
0.00000000000000000000 0.01528965501180291203
0.00000000000000000000 0.01532374400211579391
0.00000000000000000000 0.01533823201960096000
0.00000000000000000000 0.01538395770965768870
0.00000000000000000000 0.01549930163438102519
0.00000000000000000000 0.01561217727962131534
0.00000000000000000000 0.01565739022009921336
0.00000000000000000000 0.01565806660116416879
0.00000000000000000000 0.01577646645321394842
0.00000000000000000000 0.01579844572906328667
0.00000000000000000000 0.01581736261398544383
0.00000000000000000000 0.01583278955764151966
0.00000000000000000000 0.01584292665798518740
0.00000000000000000000 0.01586140088495726491
0.00000000000000000000 0.01597159081782711931
0.00000000000000000000 0.01599623795631563775
0.00000000000000000000 0.01601733313776632084
0.00000000000000000000 0.01607421154354282677
0.00000000000000000000 0.01612915114487623036
0.00000000000000000000 0.01613516063291659669
0.00000000000000000000 0.01615103623115386744
0.00000000000000000000 0.01616724625392548798
0.00000000000000000000 0.01618050471341222693
0.00000000000000000000 0.01622147533536496058
0.00000000000000000000 0.01624551587815282333
0.00000000000000000000 0.01625805823033471889
0.00000000000000000000 0.01628295605488394582
0.00000000000000000000 0.01633262301255021878
0.00000000000000000000 0.01638000737611277138
0.00000000000000000000 0.01638445116262610482
0.00000000000000000000 0.01648698007454479919
0.00000000000000000000 0.01648893810198858931
0.00000000000000000000 0.01654825815369452904
0.00000000000000000000 0.01660543633959385076
0.00000000000000000000 0.01662663149770163967
0.00000000000000000000 0.01667466134809243716
0.00000000000000000000 0.01667528446895017238
0.00000000000000000000 0.01669871243311816036
0.00000000000000000000 0.01676219491464142966
0.00000000000000000000 0.01683012732132932801
0.00000000000000000000 0.01690236293658234704
0.00000000000000000000 0.01694001556755682369
0.00000000000000000000 0.01694767947641137237
0.00000000000000000000 0.01696940652351906428
0.00000000000000000000 0.01700044590144839454
0.00000000000000000000 0.01701596403299844573
0.00000000000000000000 0.01703033767652890537
0.00000000000000000000 0.01715806358035712811
0.00000000000000000000 0.01718375066816638791
0.00000000000000000000 0.01719875882279560744
0.00000000000000000000 0.01721296922488896666
0.00000000000000000000 0.01735019559928435706
0.00000000000000000000 0.01749018531021939021
0.00000000000000000000 0.01753952860595224192
0.00000000000000000000 0.01754422633152883867
0.00000000000000000000 0.01754715737318004315
0.00000000000000000000 0.01759341926321102145
0.00000000000000000000 0.01759741396429497298
0.00000000000000000000 0.01769773713333212470
0.00000000000000000000 0.01772900373586120890
0.00000000000000000000 0.01776048329946861362
0.00000000000000000000 0.01777648909835272475
0.00000000000000000000 0.01782111150145434739
0.00000000000000000000 0.01797655480432809247
0.00000000000000000000 0.01806484412457410801
0.00000000000000000000 0.01808784230834216411
0.00000000000000000000 0.01812798692367536754
0.00000000000000000000 0.01813613061883799157
0.00000000000000000000 0.01817368455516939207
0.00000000000000000000 0.01818189612166473679
0.00000000000000000000 0.01819109114840211996
0.00000000000000000000 0.01828772206906069744
0.00000000000000000000 0.01837882950310210095
0.00000000000000000000 0.01846357725905336394
0.00000000000000000000 0.01846390947020412274
0.00000000000000000000 0.01848213319908132216
0.00000000000000000000 0.01852825098705765741
0.00000000000000000000 0.01854627607229198186
0.00000000000000000000 0.01858486367570374651
0.00000000000000000000 0.01861494501352028985
0.00000000000000000000 0.01863235945160013340
0.00000000000000000000 0.01873038875549942056
0.00000000000000000000 0.01874163515126634968
0.00000000000000000000 0.01874799113196480571
0.00000000000000000000 0.01876420588550531746
0.00000000000000000000 0.01884570795023080003
0.00000000000000000000 0.01884627248532331004
0.00000000000000000000 0.01886278238396026791
0.00000000000000000000 0.01889680508670940964
0.00000000000000000000 0.01890584021503332809
0.00000000000000000000 0.01893958284258006816
0.00000000000000000000 0.01896251110029567935
0.00000000000000000000 0.01898157118544786456
0.00000000000000000000 0.01898617340348228780
0.00000000000000000000 0.01902447233553191883
0.00000000000000000000 0.01903495631698553028
0.00000000000000000000 0.01909347737164387993
0.00000000000000000000 0.01918575340823053949
0.00000000000000000000 0.01919479788462890787
0.00000000000000000000 0.01945545903727358833
0.00000000000000000000 0.01948476679260506203
0.00000000000000000000 0.01955149880573428534
0.00000000000000000000 0.01963115101520679709
0.00000000000000000000 0.01966689897598226586
0.00000000000000000000 0.01969494863261060658
0.00000000000000000000 0.01969541697282123360
0.00000000000000000000 0.01971791335087463501
0.00000000000000000000 0.01973936744244430760
0.00000000000000000000 0.01975546921855135182
0.00000000000000000000 0.01979242666505691417
0.00000000000000000000 0.01981949040923595279
0.00000000000000000000 0.01986124157646789595
0.00000000000000000000 0.01999445898501215832
0.00000000000000000000 0.02000571350672250906
0.00000000000000000000 0.02013733003993290957
0.00000000000000000000 0.02014735842642724137
0.00000000000000000000 0.02016548014796184021
0.00000000000000000000 0.02022987751104931078
0.00000000000000000000 0.02029172004442634722
0.00000000000000000000 0.02033028418722283848
0.00000000000000000000 0.02033484674400598893
0.00000000000000000000 0.02044148420958820031
0.00000000000000000000 0.02054817074614801939
0.00000000000000000000 0.02057020216752561761
0.00000000000000000000 0.02062509365963234587
0.00000000000000000000 0.02065447150099327875
0.00000000000000000000 0.02071136919497343007
0.00000000000000000000 0.02071871131401040525
0.00000000000000000000 0.02075150285403915690
0.00000000000000000000 0.02079542343870710228
0.00000000000000000000 0.02083107117759127117
0.00000000000000000000 0.02088846330335565951
0.00000000000000000000 0.02090233663392446206
0.00000000000000000000 0.02094459855139737398
0.00000000000000000000 0.02111151785447823101
0.00000000000000000000 0.02117038813937615824
0.00000000000000000000 0.02119179215962231980
0.00000000000000000000 0.02125926823233926719
0.00000000000000000000 0.02134239582911755945
0.00000000000000000000 0.02134343848602220095
0.00000000000000000000 0.02134617443150306146
0.00000000000000000000 0.02147464441007594996
0.00000000000000000000 0.02150376786830449083
0.00000000000000000000 0.02150663987504938812
0.00000000000000000000 0.02156276504521354928
0.00000000000000000000 0.02156584514896199567
0.00000000000000000000 0.02164726390183482202
0.00000000000000000000 0.02166556211965102105
0.00000000000000000000 0.02167007967482775799
0.00000000000000000000 0.02168192220829114406
0.00000000000000000000 0.02168485886951992611
0.00000000000000000000 0.02170209522567234997
0.00000000000000000000 0.02170444099825403692
0.00000000000000000000 0.02170620862151802222
0.00000000000000000000 0.02199466723896482609
0.00000000000000000000 0.02207234217075279212
0.00000000000000000000 0.02210536257560371046
0.00000000000000000000 0.02211537919799795235
0.00000000000000000000 0.02212938866464740292
0.00000000000000000000 0.02220986118567908410
0.00000000000000000000 0.02221755045755233887
0.00000000000000000000 0.02221938449405103447
0.00000000000000000000 0.02224020970964546429
0.00000000000000000000 0.02226568059353804113
0.00000000000000000000 0.02244668730489550804
0.00000000000000000000 0.02246392297420649747
0.00000000000000000000 0.02246839877741612507
0.00000000000000000000 0.02247034343619493460
0.00000000000000000000 0.02251945496020705054
0.00000000000000000000 0.02256375197851116093
0.00000000000000000000 0.02264541207102914108
0.00000000000000000000 0.02271723623917452917
0.00000000000000000000 0.02271913868269109446
0.00000000000000000000 0.02282285711848663912
0.00000000000000000000 0.02314557030445403910
0.00000000000000000000 0.02321493530801275670
0.00000000000000000000 0.02321665504284686418
0.00000000000000000000 0.02343083248229844290
0.00000000000000000000 0.02345327484693385256
0.00000000000000000000 0.02351884313574503435
0.00000000000000000000 0.02352850659986454804
0.00000000000000000000 0.02355181664632889291
0.00000000000000000000 0.02359445200959557620
0.00000000000000000000 0.02364910119685954479
0.00000000000000000000 0.02381023896857649771
0.00000000000000000000 0.02385565738193781357
0.00000000000000000000 0.02392036067404823899
0.00000000000000000000 0.02392371664132009884
0.00000000000000000000 0.02396309814807930094
0.00000000000000000000 0.02417953013797925765
0.00000000000000000000 0.02418653752999313372
0.00000000000000000000 0.02423976721623392547
0.00000000000000000000 0.02425983136797346326
0.00000000000000000000 0.02433274307825619362
0.00000000000000000000 0.02446407534996973207
0.00000000000000000000 0.02448305223031343666
0.00000000000000000000 0.02455729641999606500
0.00000000000000000000 0.02461690379950406266
0.00000000000000000000 0.02469931270631139583
0.00000000000000000000 0.02483586764272448927
0.00000000000000000000 0.02491964015570161117
0.00000000000000000000 0.02496408377176544471
0.00000000000000000000 0.02497735907532987881
0.00000000000000000000 0.02513756426728900109
0.00000000000000000000 0.02514182382211809993
0.00000000000000000000 0.02522501254584985642
0.00000000000000000000 0.02528817057443866895
0.00000000000000000000 0.02529169716118487288
0.00000000000000000000 0.02530234533566068367
0.00000000000000000000 0.02541988948290026945
0.00000000000000000000 0.02549282012971212236
0.00000000000000000000 0.02555976774253850697
0.00000000000000000000 0.02571558628001563776
0.00000000000000000000 0.02582390151450085145
0.00000000000000000000 0.02585464596052670580
0.00000000000000000000 0.02625139421368189591
0.00000000000000000000 0.02634624958682358839
0.00000000000000000000 0.02636646064274661069
0.00000000000000000000 0.02651502880919100538
0.00000000000000000000 0.02665893522580950123
0.00000000000000000000 0.02682563284561688410
0.00000000000000000000 0.02683297316670679722
0.00000000000000000000 0.02685350174490475084
0.00000000000000000000 0.02687106086069120103
0.00000000000000000000 0.02692290767039541566
0.00000000000000000000 0.02693607146475824124
0.00000000000000000000 0.02700885902464733937
0.00000000000000000000 0.02702504897854685062
0.00000000000000000000 0.02715419894815098573
0.00000000000000000000 0.02724898635218568968
0.00000000000000000000 0.02731878046045256234
0.00000000000000000000 0.02732172484910324120
0.00000000000000000000 0.02732468438536043293
0.00000000000000000000 0.02732728763345130749
0.00000000000000000000 0.02732746966262128777
0.00000000000000000000 0.02744259298272089254
0.00000000000000000000 0.02748380662589744797
0.00000000000000000000 0.02753575641320513134
0.00000000000000000000 0.02761310186233256747
0.00000000000000000000 0.02763479301349225023
0.00000000000000000000 0.02766409450110624002
0.00000000000000000000 0.02776316621481032809
0.00000000000000000000 0.02790770822684091393
0.00000000000000000000 0.02795714763855539076
0.00000000000000000000 0.02800957797603613117
0.00000000000000000000 0.02814892438677901731
0.00000000000000000000 0.02842744657801505453
0.00000000000000000000 0.02858776184523456956
0.00000000000000000000 0.02866623449937127227
0.00000000000000000000 0.02868431937982718338
0.00000000000000000000 0.02877331024940489590
0.00000000000000000000 0.02894505052358545619
0.00000000000000000000 0.02898296471362097823
0.00000000000000000000 0.02905257082651984193
0.00000000000000000000 0.02935753549713236016
0.00000000000000000000 0.02949199685994060086
0.00000000000000000000 0.02964315849182307464
0.00000000000000000000 0.02970983595344338021
0.00000000000000000000 0.02971291948883753378
0.00000000000000000000 0.02977010627331713039
0.00000000000000000000 0.02985875123770329390
0.00000000000000000000 0.02989056225045920098
0.00000000000000000000 0.02998421131493967523
0.00000000000000000000 0.03007879032154500698
0.00000000000000000000 0.03018135672952136986
0.00000000000000000000 0.03027110118584073681
0.00000000000000000000 0.03031059487358438512
0.00000000000000000000 0.03039867825475065996
0.00000000000000000000 0.03041956080732846623
0.00000000000000000000 0.03055731196472502922
0.00000000000000000000 0.03056445852930128604
0.00000000000000000000 0.03060068864458675639
0.00000000000000000000 0.03063991206215205959
0.00000000000000000000 0.03069631179872386872
0.00000000000000000000 0.03070624722051674624
0.00000000000000000000 0.03096640492305613446
0.00000000000000000000 0.03119479397433068055
0.00000000000000000000 0.03130142785529855393
0.00000000000000000000 0.03134075873095384934
0.00000000000000000000 0.03141006238759122549
0.00000000000000000000 0.03152152872594057853
0.00000000000000000000 0.03156196161791361560
0.00000000000000000000 0.03159028567342776761
0.00000000000000000000 0.03163258506119204921
0.00000000000000000000 0.03171143920504913144
0.00000000000000000000 0.03171389463169110162
0.00000000000000000000 0.03196504422773695231
0.00000000000000000000 0.03210920822315523754
0.00000000000000000000 0.03218048519321467515
0.00000000000000000000 0.03223457522068780279
0.00000000000000000000 0.03249088295578325680
0.00000000000000000000 0.03257372297606628969
0.00000000000000000000 0.03266938763030421966
0.00000000000000000000 0.03270036915431074470
0.00000000000000000000 0.03271936167107710597
0.00000000000000000000 0.03286768462498152604
0.00000000000000000000 0.03306932593390603248
0.00000000000000000000 0.03318032351598939472
0.00000000000000000000 0.03318684392752711820
0.00000000000000000000 0.03346360076401063560
0.00000000000000000000 0.03357157272436100959
0.00000000000000000000 0.03359553145620797904
0.00000000000000000000 0.03407495211131279095
0.00000000000000000000 0.03443928264291337693
0.00000000000000000000 0.03449365835341283021
0.00000000000000000000 0.03470375090424984710
0.00000000000000000000 0.03509701824107739482
0.00000000000000000000 0.03553270009628021336
0.00000000000000000000 0.03581588094133987543
0.00000000000000000000 0.03602507010432427076
0.00000000000000000000 0.03610099214396935569
0.00000000000000000000 0.03665142290983030432
0.00000000000000000000 0.03699108423136049373
0.00000000000000000000 0.03741987354162331497
0.00000000000000000000 0.03782024250894363421
0.00000000000000000000 0.03788651598240767859
0.00000000000000000000 0.03814131263265817945
0.00000000000000000000 0.03832697126622329475
0.00000000000000000000 0.03838684296067005480
0.00000000000000000000 0.03847864197510809242
0.00000000000000000000 0.03869501409534761849
0.00000000000000000000 0.03886076994055059214
0.00000000000000000000 0.03921763357062259259
0.00000000000000000000 0.03924100570352580947
0.00000000000000000000 0.03993382790436065394
0.00000000000000000000 0.03995553767093660419
0.00000000000000000000 0.03997270644076332535
0.00000000000000000000 0.03999728507480547479
0.00000000000000000000 0.04018035023588195642
0.00000000000000000000 0.04086609412494034838
0.00000000000000000000 0.04104115642322068991
0.00000000000000000000 0.04110902292904107524
0.00000000000000000000 0.04199634952770592983
0.00000000000000000000 0.04203929200276817352
0.00000000000000000000 0.04217477854469563886
0.00000000000000000000 0.04231008193002012280
0.00000000000000000000 0.04236228511976920796
0.00000000000000000000 0.04260829242340267997
0.00000000000000000000 0.04286399092124193455
0.00000000000000000000 0.04337962130679105105
0.00000000000000000000 0.04377591753011780829
0.00000000000000000000 0.04441705476607694936
0.00000000000000000000 0.04552472988428488826
0.00000000000000000000 0.04758844172361122171
0.00000000000000000000 0.04773403831218869797
0.00000000000000000000 0.04835491472174743843
0.00000000000000000000 0.04875951042793094659
0.00000000000000000000 0.04892630085590345818
0.00000000000000000000 0.04902831663042487437
0.00000000000000000000 0.04934449236283489776
0.00000000000000000000 0.04941605074471156628
0.00000000000000000000 0.04943123382756593048
0.00000000000000000000 0.04982298443442030600
0.00000000000000000000 0.05200372971430788221
0.00000000000000000000 0.05245540836815616031
0.00000000000000000000 0.05425433376102496708
0.00000000000000000000 0.05495729122615373996
0.00000000000000000000 0.05572185102594751083
0.00000000000000000000 0.05595763141336879826
0.00000000000000000000 0.05652288983094125308
0.00000000000000000000 0.05673829271543165409
0.00000000000000000000 0.05684630832263847661
0.00000000000000000000 0.05688035620834983735
0.00000000000000000000 0.05689041158348236149
0.00000000000000000000 0.05693400427220238896
0.00000000000000000000 0.05712807883729237313
0.00000000000000000000 0.05980190213545770461
0.00000000000000000000 0.06247628855952212790
0.00000000000000000000 0.07058546738841418866
0.00000000000000000000 0.08051492208283252128
0.00000000000000000000 0.12049145668087817007
0.00000000000000000000 0.36742195629750190600
0.00000000000000000000 0.64056411150994763126
0.00000000000000000000 1.73205080756887719318
