0.00000000000000000000 0.01452889058935402308
0.00000000000000000000 0.01557201399234024036
0.00000000000000000000 0.01658300288920636426
0.00000000000000000000 0.02010774852353505726
0.00000000000000000000 0.02186275222997187406
0.00000000000000000000 0.02201754414334432253
0.00000000000000000000 0.02360905392500437308
0.00000000000000000000 0.02367654414723037101
0.00000000000000000000 0.02399905441578652557
0.00000000000000000000 0.02525934547904028910
0.00000000000000000000 0.02785248976238290097
0.00000000000000000000 0.02921052502859398936
0.00000000000000000000 0.02965183816849297632
0.00000000000000000000 0.03037785556780123186
0.00000000000000000000 0.03043774434127008086
0.00000000000000000000 0.03106166604654872834
0.00000000000000000000 0.03151884193977640830
0.00000000000000000000 0.03178392070467342401
0.00000000000000000000 0.03343368345177778062
0.00000000000000000000 0.03493161067818694593
0.00000000000000000000 0.03556351002744866097
0.00000000000000000000 0.03592248693123926973
0.00000000000000000000 0.03679692855589452444
0.00000000000000000000 0.03815091607801500417
0.00000000000000000000 0.03865513846293480715
0.00000000000000000000 0.03933326440516506789
0.00000000000000000000 0.03965633857576463667
0.00000000000000000000 0.03990900929221656568
0.00000000000000000000 0.04084271345228856348
0.00000000000000000000 0.04098449257018032393
0.00000000000000000000 0.04100934129973307640
0.00000000000000000000 0.04119995237351375267
0.00000000000000000000 0.04181028120316901409
0.00000000000000000000 0.04201917494243950085
0.00000000000000000000 0.04234039260783986625
0.00000000000000000000 0.04248245699553847288
0.00000000000000000000 0.04271399038130106740
0.00000000000000000000 0.04308235645251618645
0.00000000000000000000 0.04317931518492802712
0.00000000000000000000 0.04485092932919963055
0.00000000000000000000 0.04516019342208407034
0.00000000000000000000 0.04520792463332146127
0.00000000000000000000 0.04536082290234116215
0.00000000000000000000 0.04561767007207955665
0.00000000000000000000 0.04573362978503456994
0.00000000000000000000 0.04583833424117367272
0.00000000000000000000 0.04630010104984343816
0.00000000000000000000 0.04657257036126773858
0.00000000000000000000 0.04709397967447157690
0.00000000000000000000 0.04711131256525742661
0.00000000000000000000 0.04750482071410765117
0.00000000000000000000 0.04866005480590394894
0.00000000000000000000 0.04899439585652818480
0.00000000000000000000 0.04917946385885961502
0.00000000000000000000 0.05021270603562003054
0.00000000000000000000 0.05040816083131639119
0.00000000000000000000 0.05045755865592109479
0.00000000000000000000 0.05097811222695236566
0.00000000000000000000 0.05149469428664341097
0.00000000000000000000 0.05156993533949014857
0.00000000000000000000 0.05205667244912764308
0.00000000000000000000 0.05215474461031723019
0.00000000000000000000 0.05263368125149353594
0.00000000000000000000 0.05279835546261191920
0.00000000000000000000 0.05309029796178115629
0.00000000000000000000 0.05489262393419348796
0.00000000000000000000 0.05514727594130765936
0.00000000000000000000 0.05523705630708523190
0.00000000000000000000 0.05554672514766207519
0.00000000000000000000 0.05562088085626562539
0.00000000000000000000 0.05577670279325270403
0.00000000000000000000 0.05594372530547796901
0.00000000000000000000 0.05607694653504735616
0.00000000000000000000 0.05644914568311119873
0.00000000000000000000 0.05648721018219027279
0.00000000000000000000 0.05661788170824692129
0.00000000000000000000 0.05666266930513465250
0.00000000000000000000 0.05700590298811587103
0.00000000000000000000 0.05710209510654842141
0.00000000000000000000 0.05749588107243936569
0.00000000000000000000 0.05764895110336197559
0.00000000000000000000 0.05794045429999784141
0.00000000000000000000 0.05800388155633295906
0.00000000000000000000 0.05805635022289196145
0.00000000000000000000 0.05882490729867056317
0.00000000000000000000 0.05930543462271324617
0.00000000000000000000 0.05933398545105787736
0.00000000000000000000 0.05938745765139890470
0.00000000000000000000 0.05940200570917686385
0.00000000000000000000 0.05997517444395322750
0.00000000000000000000 0.06027246466523977081
0.00000000000000000000 0.06047907849570675204
0.00000000000000000000 0.06085663178193012612
0.00000000000000000000 0.06090656320863655632
0.00000000000000000000 0.06099305914942568241
0.00000000000000000000 0.06114456547338162351
0.00000000000000000000 0.06125340767847221174
0.00000000000000000000 0.06175610436647281654
0.00000000000000000000 0.06180426766407554062
0.00000000000000000000 0.06229166323422776624
0.00000000000000000000 0.06260552450493268861
0.00000000000000000000 0.06275329624108469395
0.00000000000000000000 0.06280218740614496031
0.00000000000000000000 0.06292021370042610862
0.00000000000000000000 0.06317094181573730538
0.00000000000000000000 0.06388851065557149544
0.00000000000000000000 0.06397047298462937848
0.00000000000000000000 0.06416088320548578305
0.00000000000000000000 0.06434500154258088189
0.00000000000000000000 0.06440440373279271435
0.00000000000000000000 0.06450542560008382109
0.00000000000000000000 0.06462221701970735643
0.00000000000000000000 0.06465896479543700726
0.00000000000000000000 0.06501417700039781311
0.00000000000000000000 0.06502777947960271254
0.00000000000000000000 0.06514787894624883557
0.00000000000000000000 0.06616431908251245442
0.00000000000000000000 0.06652105074102043769
0.00000000000000000000 0.06664563605405351976
0.00000000000000000000 0.06672142173449756297
0.00000000000000000000 0.06679783871295350006
0.00000000000000000000 0.06717652947507245231
0.00000000000000000000 0.06756184699905883051
0.00000000000000000000 0.06784775747710740379
0.00000000000000000000 0.06806596738820526460
0.00000000000000000000 0.06816046910731339559
0.00000000000000000000 0.06829839232229735491
0.00000000000000000000 0.06834486066119235814
0.00000000000000000000 0.06844066913174563782
0.00000000000000000000 0.06859329749868908754
0.00000000000000000000 0.06863385020408746540
0.00000000000000000000 0.06889699090156692352
0.00000000000000000000 0.06894188982846684299
0.00000000000000000000 0.06912129760757849961
0.00000000000000000000 0.06919917512201147203
0.00000000000000000000 0.06943187675807971360
0.00000000000000000000 0.06974016773205464481
0.00000000000000000000 0.06988139301628093492
0.00000000000000000000 0.07004554839107306197
0.00000000000000000000 0.07024953863634383899
0.00000000000000000000 0.07057861441961671423
0.00000000000000000000 0.07075054027210486707
0.00000000000000000000 0.07126617398519546898
0.00000000000000000000 0.07152851636286658432
0.00000000000000000000 0.07156730588731316511
0.00000000000000000000 0.07157706865485322090
0.00000000000000000000 0.07159310460911662288
0.00000000000000000000 0.07166521107256050571
0.00000000000000000000 0.07167477512495989966
0.00000000000000000000 0.07190063345841554709
0.00000000000000000000 0.07195104774884827914
0.00000000000000000000 0.07221202057187441070
0.00000000000000000000 0.07227985834554295774
0.00000000000000000000 0.07229567801520511705
0.00000000000000000000 0.07254609234783906957
0.00000000000000000000 0.07284202263381137077
0.00000000000000000000 0.07298216482098741908
0.00000000000000000000 0.07332027946448758937
0.00000000000000000000 0.07350136804642679045
0.00000000000000000000 0.07376768167940561671
0.00000000000000000000 0.07422657895549561458
0.00000000000000000000 0.07432764999782491555
0.00000000000000000000 0.07447724987376534711
0.00000000000000000000 0.07468119749351961878
0.00000000000000000000 0.07468373518247231613
0.00000000000000000000 0.07468575171128793988
0.00000000000000000000 0.07476046034476777069
0.00000000000000000000 0.07476960555835363009
0.00000000000000000000 0.07478768261230710201
0.00000000000000000000 0.07531456582682008460
0.00000000000000000000 0.07548161235127047453
0.00000000000000000000 0.07559214230583972960
0.00000000000000000000 0.07564082185953005522
0.00000000000000000000 0.07579384782958936695
0.00000000000000000000 0.07624636762046135829
0.00000000000000000000 0.07665258659672102848
0.00000000000000000000 0.07705781597042571374
0.00000000000000000000 0.07730162043523858273
0.00000000000000000000 0.07734337491096920925
0.00000000000000000000 0.07746664598416320990
0.00000000000000000000 0.07750250197771738070
0.00000000000000000000 0.07759191279198859870
0.00000000000000000000 0.07760683317398098247
0.00000000000000000000 0.07761648495496975553
0.00000000000000000000 0.07785459364546525041
0.00000000000000000000 0.07792682890520576111
0.00000000000000000000 0.07822530504849513344
0.00000000000000000000 0.07838406996388552761
0.00000000000000000000 0.07859732319304447989
0.00000000000000000000 0.07866534820232971847
0.00000000000000000000 0.07874865385317550426
0.00000000000000000000 0.07881307068428412832
0.00000000000000000000 0.07894044901611364795
0.00000000000000000000 0.07950514448511283860
0.00000000000000000000 0.07958296384502031029
0.00000000000000000000 0.07970834810297404427
0.00000000000000000000 0.07976643578715339467
0.00000000000000000000 0.07981229743005763266
0.00000000000000000000 0.07991272265434493094
0.00000000000000000000 0.07991453622729095818
0.00000000000000000000 0.08003486665332640304
0.00000000000000000000 0.08020211230471251118
0.00000000000000000000 0.08029625487997565925
0.00000000000000000000 0.08033811774583592136
0.00000000000000000000 0.08039221746969935078
0.00000000000000000000 0.08049871331169920763
0.00000000000000000000 0.08076753429340501056
0.00000000000000000000 0.08089180353637956400
0.00000000000000000000 0.08105343342294642206
0.00000000000000000000 0.08115370500614087212
0.00000000000000000000 0.08117752310793724391
0.00000000000000000000 0.08152819752098328099
0.00000000000000000000 0.08205309260722244702
0.00000000000000000000 0.08227037243592803806
0.00000000000000000000 0.08246030398826091623
0.00000000000000000000 0.08263305581151099422
0.00000000000000000000 0.08270965060452326045
0.00000000000000000000 0.08281895033107310178
0.00000000000000000000 0.08310706187195435191
0.00000000000000000000 0.08315083399948638987
0.00000000000000000000 0.08344733133759117683
0.00000000000000000000 0.08350047998249887637
0.00000000000000000000 0.08358415225519791325
0.00000000000000000000 0.08405389948406030709
0.00000000000000000000 0.08411041978697840482
0.00000000000000000000 0.08417446762826799600
0.00000000000000000000 0.08427119906845031982
0.00000000000000000000 0.08436231394183422994
0.00000000000000000000 0.08450317105375088067
0.00000000000000000000 0.08458049393846550634
0.00000000000000000000 0.08463611311815186222
0.00000000000000000000 0.08464127732554449501
0.00000000000000000000 0.08472788907346147369
0.00000000000000000000 0.08475747278619767677
0.00000000000000000000 0.08513039259221473476
0.00000000000000000000 0.08525749534616988701
0.00000000000000000000 0.08572033361384608086
0.00000000000000000000 0.08574868287858870841
0.00000000000000000000 0.08583381610317274146
0.00000000000000000000 0.08601255270837170064
0.00000000000000000000 0.08604093083125208263
0.00000000000000000000 0.08621231216514267659
0.00000000000000000000 0.08659491011464712229
0.00000000000000000000 0.08661815589687231476
0.00000000000000000000 0.08668169958917326667
0.00000000000000000000 0.08675995444945551471
0.00000000000000000000 0.08683931582782676573
0.00000000000000000000 0.08695987917551636914
0.00000000000000000000 0.08708306368991310109
0.00000000000000000000 0.08709323933877972934
0.00000000000000000000 0.08714445687608568525
0.00000000000000000000 0.08730004770907665024
0.00000000000000000000 0.08739312471854758513
0.00000000000000000000 0.08751495081911654650
0.00000000000000000000 0.08768203824401624158
0.00000000000000000000 0.08788926102761837611
0.00000000000000000000 0.08798468077652002450
0.00000000000000000000 0.08836474445159073210
0.00000000000000000000 0.08839026775569684691
0.00000000000000000000 0.08864968296767265776
0.00000000000000000000 0.08903408156306720500
0.00000000000000000000 0.08927135989354162415
0.00000000000000000000 0.08953804078686451728
0.00000000000000000000 0.08965539570606384512
0.00000000000000000000 0.08977800855573705996
0.00000000000000000000 0.08997929085967422413
0.00000000000000000000 0.09022052847903525019
0.00000000000000000000 0.09029002549958881074
0.00000000000000000000 0.09147436323523552848
0.00000000000000000000 0.09150349038977707850
0.00000000000000000000 0.09164707576959307822
0.00000000000000000000 0.09169266378022571107
0.00000000000000000000 0.09184312785616671748
0.00000000000000000000 0.09194305722981888085
0.00000000000000000000 0.09215127290473026922
0.00000000000000000000 0.09221853228314037809
0.00000000000000000000 0.09237814949730811798
0.00000000000000000000 0.09245084375201459426
0.00000000000000000000 0.09248316937718448205
0.00000000000000000000 0.09284775330974412433
0.00000000000000000000 0.09300283105747522705
0.00000000000000000000 0.09344142582435613353
0.00000000000000000000 0.09367463165001345404
0.00000000000000000000 0.09370145534445060986
0.00000000000000000000 0.09376046737031809575
0.00000000000000000000 0.09377550431563928812
0.00000000000000000000 0.09382035329365952248
0.00000000000000000000 0.09397682312845165309
0.00000000000000000000 0.09406259131792965578
0.00000000000000000000 0.09409343869062936072
0.00000000000000000000 0.09410069792777685238
0.00000000000000000000 0.09418970467222818888
0.00000000000000000000 0.09467167004888765725
0.00000000000000000000 0.09493786487897308557
0.00000000000000000000 0.09586268184809135229
0.00000000000000000000 0.09598949813004716003
0.00000000000000000000 0.09600564859636939730
0.00000000000000000000 0.09611695859450965218
0.00000000000000000000 0.09669248032501531753
0.00000000000000000000 0.09713238943451144025
0.00000000000000000000 0.09716186221989149552
0.00000000000000000000 0.09731571527483677542
0.00000000000000000000 0.09733575916402036066
0.00000000000000000000 0.09738452707447849133
0.00000000000000000000 0.09742400603550294136
0.00000000000000000000 0.09746983913865930882
0.00000000000000000000 0.09782206905450739620
0.00000000000000000000 0.09785836285522013511
0.00000000000000000000 0.09809102830992930122
0.00000000000000000000 0.09829336210327226098
0.00000000000000000000 0.09901150922361638684
0.00000000000000000000 0.09921548116202404122
0.00000000000000000000 0.09928225867332585164
0.00000000000000000000 0.09928819690250442753
0.00000000000000000000 0.09936987985058097494
0.00000000000000000000 0.10002553364152279303
0.00000000000000000000 0.10003857857272563381
0.00000000000000000000 0.10003863688965965173
0.00000000000000000000 0.10027807174753126940
0.00000000000000000000 0.10029682053976821110
0.00000000000000000000 0.10034770706172642385
0.00000000000000000000 0.10082833085470596646
0.00000000000000000000 0.10085310452490843514
0.00000000000000000000 0.10096591911486058057
0.00000000000000000000 0.10102214222427256807
0.00000000000000000000 0.10122104643137115609
0.00000000000000000000 0.10135898898566605975
0.00000000000000000000 0.10141142046867709925
0.00000000000000000000 0.10154081553745922251
0.00000000000000000000 0.10163735695456962982
0.00000000000000000000 0.10167346682234124078
0.00000000000000000000 0.10170557758539808257
0.00000000000000000000 0.10178987946525339114
0.00000000000000000000 0.10179608887498088621
0.00000000000000000000 0.10213865271541648638
0.00000000000000000000 0.10214703704529173867
0.00000000000000000000 0.10217386203282333157
0.00000000000000000000 0.10225925870534477435
0.00000000000000000000 0.10236802865375485561
0.00000000000000000000 0.10284586466121431458
0.00000000000000000000 0.10287539151731062148
0.00000000000000000000 0.10288329103320316416
0.00000000000000000000 0.10302395164539283889
0.00000000000000000000 0.10338709361509007545
0.00000000000000000000 0.10352963507882345651
0.00000000000000000000 0.10357778982074296314
0.00000000000000000000 0.10363680446184893313
0.00000000000000000000 0.10406065131677470770
0.00000000000000000000 0.10421097770681207739
0.00000000000000000000 0.10423332124737673399
0.00000000000000000000 0.10432068457382652482
0.00000000000000000000 0.10435935169089345653
0.00000000000000000000 0.10439252016455345673
0.00000000000000000000 0.10457857031901272860
0.00000000000000000000 0.10460504685314833684
0.00000000000000000000 0.10483462492608007499
0.00000000000000000000 0.10484172715840706092
0.00000000000000000000 0.10491865650675748223
0.00000000000000000000 0.10497685779194562694
0.00000000000000000000 0.10505606812525029869
0.00000000000000000000 0.10509459373278891292
0.00000000000000000000 0.10509847546670290919
0.00000000000000000000 0.10522631132179305347
0.00000000000000000000 0.10540839078461547440
0.00000000000000000000 0.10562970271614542661
0.00000000000000000000 0.10570076562041512414
0.00000000000000000000 0.10575014084229532318
0.00000000000000000000 0.10587029530051907111
0.00000000000000000000 0.10613409945087232122
0.00000000000000000000 0.10633447607970358817
0.00000000000000000000 0.10639495609909685458
0.00000000000000000000 0.10689276963910622487
0.00000000000000000000 0.10717347191951685781
0.00000000000000000000 0.10729523392916606728
0.00000000000000000000 0.10730629037357206079
0.00000000000000000000 0.10731749676711818675
0.00000000000000000000 0.10735953395411840239
0.00000000000000000000 0.10738351445357686986
0.00000000000000000000 0.10739505961112680299
0.00000000000000000000 0.10743303413483458464
0.00000000000000000000 0.10756323851950341797
0.00000000000000000000 0.10796354702788078794
0.00000000000000000000 0.10813266484862782413
0.00000000000000000000 0.10815071811624314690
0.00000000000000000000 0.10845417264377871236
0.00000000000000000000 0.10854316288797492829
0.00000000000000000000 0.10861148463931322161
0.00000000000000000000 0.10861794101996903594
0.00000000000000000000 0.10886121037808921264
0.00000000000000000000 0.10890194844835310306
0.00000000000000000000 0.10907599883709710731
0.00000000000000000000 0.10965048217524946128
0.00000000000000000000 0.10969145925897563765
0.00000000000000000000 0.11032039098857247816
0.00000000000000000000 0.11039526030254138977
0.00000000000000000000 0.11086421562080529812
0.00000000000000000000 0.11129155484116851071
0.00000000000000000000 0.11133362273868108172
0.00000000000000000000 0.11159440186740299250
0.00000000000000000000 0.11162256259565529748
0.00000000000000000000 0.11187457053908443638
0.00000000000000000000 0.11212303969295399353
0.00000000000000000000 0.11212489883647809574
0.00000000000000000000 0.11220277578691729981
0.00000000000000000000 0.11240915869088295709
0.00000000000000000000 0.11273793445210530950
0.00000000000000000000 0.11280836393658509598
0.00000000000000000000 0.11293030375524576447
0.00000000000000000000 0.11296853025866740450
0.00000000000000000000 0.11298844891007926716
0.00000000000000000000 0.11310634796743546104
0.00000000000000000000 0.11316903655332639922
0.00000000000000000000 0.11325050209723251660
0.00000000000000000000 0.11344081645191650409
0.00000000000000000000 0.11350151577035665074
0.00000000000000000000 0.11357861175694190792
0.00000000000000000000 0.11390415951248937521
0.00000000000000000000 0.11430255310013424930
0.00000000000000000000 0.11444622004338009247
0.00000000000000000000 0.11468568356251786222
0.00000000000000000000 0.11484234001086761345
0.00000000000000000000 0.11488549458789040769
0.00000000000000000000 0.11499094276499227663
0.00000000000000000000 0.11513621032771849395
0.00000000000000000000 0.11520474351713387573
0.00000000000000000000 0.11525231419153314505
0.00000000000000000000 0.11565721705949609521
0.00000000000000000000 0.11595381935156778841
0.00000000000000000000 0.11610527584610340346
0.00000000000000000000 0.11633140092474031357
0.00000000000000000000 0.11638498086740854676
0.00000000000000000000 0.11643515885680962019
0.00000000000000000000 0.11656095209148392700
0.00000000000000000000 0.11683352344307755544
0.00000000000000000000 0.11694696300926121779
0.00000000000000000000 0.11727216779345775444
0.00000000000000000000 0.11733106679771186653
0.00000000000000000000 0.11750661782267085576
0.00000000000000000000 0.11798561473473750949
0.00000000000000000000 0.11803633740565724897
0.00000000000000000000 0.11813126622617227401
0.00000000000000000000 0.11818197600328080032
0.00000000000000000000 0.11838892030372583086
0.00000000000000000000 0.11848326515122936664
0.00000000000000000000 0.11869785911006103252
0.00000000000000000000 0.11911951432806382190
0.00000000000000000000 0.11923275256891742446
0.00000000000000000000 0.11938181750731510777
0.00000000000000000000 0.12018702567408880155
0.00000000000000000000 0.12081891513629773593
0.00000000000000000000 0.12193448909985420137
0.00000000000000000000 0.12324776702159902231
0.00000000000000000000 0.12392254298451482741
0.00000000000000000000 0.12407282412959461104
0.00000000000000000000 0.12409192428251976381
0.00000000000000000000 0.12412651926279195946
0.00000000000000000000 0.12420937224357836426
0.00000000000000000000 0.12425588445193198883
0.00000000000000000000 0.12429893951306320021
0.00000000000000000000 0.12444358933178299720
0.00000000000000000000 0.12616930420697083925
0.00000000000000000000 0.12621909826908206398
0.00000000000000000000 0.12673221463088416017
0.00000000000000000000 0.12683116879625822015
0.00000000000000000000 0.12718364116762251315
0.00000000000000000000 0.12761226750124987639
0.00000000000000000000 0.12789053155026275377
0.00000000000000000000 0.12958683801125345236
0.00000000000000000000 0.12975151415958535717
0.00000000000000000000 0.12978688357198378545
0.00000000000000000000 0.13021110045586695159
0.00000000000000000000 0.13063962146211804960
0.00000000000000000000 0.13098100687710276246
0.00000000000000000000 0.13114125372617074783
0.00000000000000000000 0.13246441971050637587
0.00000000000000000000 0.13479520831938482384
0.00000000000000000000 0.13540304895198759794
0.00000000000000000000 0.13564568329857776274
0.00000000000000000000 0.13605195553009483134
0.00000000000000000000 0.13661063076441307129
0.00000000000000000000 0.13671315763489494399
0.00000000000000000000 0.13718695999534824548
0.00000000000000000000 0.13778290964181064138
0.00000000000000000000 0.13795151412929912427
0.00000000000000000000 0.13798365871792694914
0.00000000000000000000 0.13830465210314366042
0.00000000000000000000 0.13875830597953447976
0.00000000000000000000 0.13960338235150177022
0.00000000000000000000 0.14110626131832160191
0.00000000000000000000 0.14125659337817333960
0.00000000000000000000 0.14147998745051112990
0.00000000000000000000 0.14189957405174122296
0.00000000000000000000 0.14210879662996797612
0.00000000000000000000 0.14476720230280876178
0.00000000000000000000 0.14982661389856807843
0.00000000000000000000 0.16000128345477254710
0.00000000000000000000 0.16054043703929105069
0.00000000000000000000 0.16484934929900313394
0.00000000000000000000 0.17844071820801368777
0.00000000000000000000 1.73205080756887719318
