0.01651206381816615332 0.01667037086768022314
0.02048399981482961971 0.02143270072803677914
0.02296738154274948970 0.02493331591384656890
0.02395627793405328762 0.02517926214881344507
0.02509308837783177579 0.02544900389372124414
0.02672642437824619341 0.02695344504319993964
0.02232798680354958210 0.02732329170416985045
0.02678773535334940531 0.03125075562294360454
0.03267319915419093085 0.03309265311943976329
0.03229972214393021790 0.03433277356236058564
0.03617779765883618465 0.03652064003717986340
0.03562745877116380716 0.03677419012370237300
0.03706081411626300365 0.03749537343915415599
0.03560640091857579514 0.03808241599829523955
0.03664881630613259916 0.03822275396361635158
0.03819442778452619008 0.03891543530317603805
0.03195448230084732555 0.03916840014154506638
0.03561760301866392225 0.03976084362252220450
0.03880460707941073978 0.03987816948420349478
0.03459174573969463207 0.04000817471068381787
0.03772193437008377476 0.04054573146291881591
0.03672837781109383054 0.04093846567217230420
0.04011542232139737874 0.04191829412621004419
0.03735056559401388893 0.04228364450151082116
0.04174083868239017447 0.04370192799655265442
0.04063371285599273741 0.04433550190471256813
0.04102584555874012190 0.04462824737500439148
0.03230947694925030700 0.04641674488344275235
0.04687531773590328937 0.04690221298476886236
0.04154920137061481056 0.04730888240144288243
0.04088962921002553541 0.04873843930574807415
0.04506362573610499939 0.04906708821046109475
0.03588275964352324876 0.04957527410193635076
0.04625233482170146987 0.04969720562701134686
0.03331539077109223201 0.05054747404506722969
0.04461925544164361407 0.05128001455401674791
0.03912073349491936025 0.05185198911133818978
0.04598086270001020687 0.05303363197632820353
0.03844934705945432518 0.05385260605539105710
0.04432357036199016664 0.05425653032491039446
0.05359861436195278300 0.05522155667643974947
0.05053603192643583292 0.05567125595256992854
0.04320418189430663691 0.05625332443485673434
0.03688249645219877221 0.05627216004230236462
0.05260339288735346730 0.05629659829843996349
0.04925854654676272565 0.05633696669129937412
0.05491222328431276389 0.05796143207817060217
0.05383389677602792855 0.05800277297795797260
0.05297104429352200022 0.05944001690588510134
0.05293354853411817024 0.05991974261834454030
0.05006769361145753383 0.06002414011414048539
0.05527103349024714563 0.06077064118805364928
0.05815344391551934000 0.06120053069392352579
0.05253080154399389357 0.06120878216211806527
0.05567175041354896492 0.06163968214508185051
0.05271169649539203528 0.06405692050044937969
0.05860228016528457040 0.06425394708447439152
0.05539864137891117174 0.06432729558795081959
0.06393925438487364776 0.06434900655026587479
0.05654172474482168503 0.06544478793356733881
0.06366794967677691375 0.06633348597688980275
0.04907048329274948245 0.06645648276567371615
0.06230883768041749204 0.06653922208656534720
0.05855609101259370147 0.06675044615277887783
0.06588318270795177900 0.06777159631254486838
0.05451290768579585694 0.06779239209645997188
0.05208573981484911075 0.06781778620967206239
0.05225175508084144160 0.06814562164985378534
0.05353568654429703699 0.06848947100778919606
0.06113359449864452094 0.06855808293133518194
0.05771148227422819715 0.06866294370598333141
0.05633732909157754265 0.06869693500257803565
0.05242112290973940936 0.06908802600808831851
0.05089460177644909711 0.07068675516121931957
0.05972431200645612198 0.07092187193846581639
0.06509477356255506664 0.07190745921056684864
0.04626974071689910623 0.07343981821192092918
0.06555282188324963732 0.07588908637203495289
0.05389502729843571177 0.07738349566216257136
0.07182219076979548533 0.07741447954627780903
0.07327928620155481354 0.07748843041455123759
0.05652735244811353532 0.07800118174861879472
0.07003582048981484010 0.07872221196434102397
0.07480474096740011292 0.08178086187534447382
0.06777360663018358600 0.08204817992429376539
0.05041447675404089890 0.08223156398514475107
0.06869151702243443680 0.08323277120772679116
0.07182611288414045281 0.08345606538801340901
0.07456089858865692921 0.08429327773743698626
0.07493376072988952585 0.08474596131226340423
0.07326084846642409720 0.08502319772570567091
0.05245622017728895220 0.08867434832427251168
0.08428049023002839868 0.09219705496664619415
0.06811068452623035563 0.09489591595699077564
0.10437344073025270341 0.11701985987903551489
0.05816431667184057686 0.66153766191737839453
