0.08164429091870414879 0.08199616827340380776
0.08221413587055295680 0.08352799616374974312
0.08157631743364861243 0.08687448954523135924
0.08012809117953394178 0.08896897479792799379
0.08741805454585695190 0.09118983432311096593
0.09526885460684764162 0.09816691393611461092
0.08858954176653879853 0.10350881312980997340
0.08573641043201689349 0.10445935971716246993
0.09898577660327445571 0.10927856172870734075
0.09312254226381005973 0.11015686466544941102
0.10775908496696776084 0.11512299984638435513
0.11192605431049604259 0.11565215710963692997
0.11407790869790161714 0.11614198667942486620
0.11096804374233609769 0.11614198667942486620
0.11580688756411874896 0.11625633426564532802
0.11453935567050838040 0.11816167670631178011
0.11291416611111335100 0.11837576692279405677
0.09404636397763373179 0.11947368169359350032
0.11411070074180554301 0.11977461228929273118
0.11939281716681314494 0.12003474487212853483
0.10457636347675500210 0.12031532547383089193
0.11275002236016802570 0.12067526463806629855
0.11829472239041628756 0.12429396084297784919
0.10814732589089109949 0.12582535911486095181
0.12079276490862522753 0.12653918487340631849
0.11966095416256398998 0.12669423253159700637
0.11140778874751142147 0.12688172170734773880
0.11771439964405217005 0.12793400043592886850
0.11683789129760904779 0.13100851762680243429
0.12995680919905452932 0.13147258739231193481
0.12317996084466983908 0.13185872252860930676
0.13268815316233095736 0.13299133684146022261
0.11396105948626771009 0.13309879710058736269
0.10921490285966847789 0.13399256287885605299
0.12672354584331782523 0.13524030404802500627
0.13248358545794533536 0.13524610879383119899
0.13001598095763167162 0.13547568199270948464
0.09759423390301436019 0.13573006074753532491
0.12657516839716331791 0.13578491755590615941
0.12518951168336303614 0.13617156548813397210
0.13433613052231099805 0.13703003958981835320
0.12588897752717068124 0.13703316024567452347
0.13399372859699518190 0.13800604671828931025
0.13254097359593455807 0.13898243769010262816
0.12642291492546947618 0.13975679098650775622
0.13520117571196288431 0.13978347107185862264
0.13545233004345738625 0.14001099937734481915
0.13666480193179700309 0.14102570247099269207
0.10347184058347833058 0.14266771003154243846
0.13700837002373628115 0.14291773325974826969
0.13986694130492299815 0.14293293019103847641
0.13714968189811807542 0.14300745762191102717
0.12991432585723208804 0.14308144648146350897
0.13772658822292085934 0.14317825951033760767
0.13531566062646985249 0.14349979914572361106
0.13569944577024153909 0.14412936963408679025
0.11921447653476760498 0.14506910079422896676
0.13786741299104865455 0.14534533360832879723
0.14337881166513563591 0.14542883456661878649
0.11212569152233692327 0.14600532199144417023
0.14164141325049228737 0.14711809684643034624
0.10868991709921767275 0.14940351773721485817
0.12452574208768366071 0.14996707495918018549
0.13346706906366181955 0.15045675861354312897
0.14277509856255660159 0.15065831155921688422
0.13470922998973935969 0.15109102900722121143
0.14235586743774386598 0.15113010425322923047
0.14630605513404115747 0.15115203453546977030
0.13625739303458198060 0.15138712959582029116
0.13617663229694301763 0.15156851497786777427
0.14738984626899667707 0.15247714837211956418
0.13159414067976032969 0.15345667444425975523
0.12261722739230131174 0.15355795026968074857
0.14510579628993833246 0.15371091710148390708
0.15345418691983331305 0.15449200383488190247
0.14775693743722431717 0.15478619055766293378
0.14094738710071863519 0.15592653552877455692
0.13268552055205409812 0.15718334890571020179
0.14342164653487710080 0.15744980405702652115
0.15171789113186776032 0.15885783928100416507
0.12884941987037129563 0.15896970592481282636
0.13830341881484090050 0.15897145765834100328
0.15371252596311144045 0.15939319599638276936
0.14246687821810435914 0.15999703754595168137
0.15542449247365530685 0.16225306334004971354
0.14154072852422258655 0.16344307893481627159
0.15317700042567947150 0.16457400874398808721
0.15643596469493323275 0.16508017976385763737
0.14285753776419407579 0.16508541659232989218
0.13320527285607450252 0.16545386145876786466
0.14163913472920877656 0.16561047410872098418
0.14634133581662969736 0.16575251652076189446
0.14829948876857745876 0.16629619831646666461
0.12822648389678747982 0.16642109316970879473
0.15563243504748874857 0.16676225423341306531
0.14832461671650465362 0.16697586384806506477
0.14816605034027624521 0.16701091241397664211
0.13951604684645479981 0.16704621007017012024
0.15958020400391986771 0.16751717622793871332
0.15183293443991655036 0.16766558144393722829
0.16678924971033831648 0.16870826968017396674
0.16230638407718228633 0.16907610938004966061
0.14596923999817201789 0.16951549148816130730
0.16461553270351078626 0.16951549148816130730
0.14616895206235117066 0.16986133998933400369
0.16649335685556151954 0.17101187563490025112
0.14564477943390746750 0.17101187563490025112
0.12494042059879637008 0.17188733325377619776
0.16356268492793529790 0.17203179092585133003
0.17206736345247042319 0.17344161030400376267
0.15716132695810458575 0.17400106077352145428
0.15094514822506774343 0.17400957461021174244
0.13090876156638991956 0.17419204558394749127
0.17058951153847462523 0.17433417215093843788
0.14544003389932286252 0.17454588917759658595
0.17321230534142423307 0.17462138837090473986
0.15890817354870359623 0.17489691148115818486
0.16422546282639544080 0.17518635210537031321
0.12708407490420103869 0.17542851586169594391
0.13194017023209941852 0.17545177180696416852
0.16438307266835744391 0.17552665786698684602
0.16031696193494912595 0.17608113061710936598
0.17616412501761358200 0.17657623313299333767
0.17613018945580793950 0.17756607988518674501
0.17360134923633102622 0.17784839946327357652
0.16246235194499550336 0.17796517306371228972
0.14519428284557719944 0.17809918442382716153
0.11919140721571085118 0.17820684392460786616
0.15819008576222862161 0.17862745461957268978
0.17915984839565834985 0.17925725329044958634
0.16309642318804848382 0.17942368560924693011
0.13815212369377741219 0.18042787015338826451
0.14150119225436191828 0.18052057366180068732
0.17814652979382150644 0.18058773665151198196
0.12715296425951841397 0.18128324210478163891
0.16081068077860191656 0.18156982065542190408
0.12898115132478685241 0.18200090905437246724
0.18050278897510219078 0.18207746226912199794
0.16386881178068846143 0.18231851240923518942
0.14832621241152857405 0.18254614558554238535
0.17733547052177869863 0.18332271980619285756
0.17068946095185580369 0.18338347165812857176
0.16622500777036097741 0.18386099341096365234
0.14305288723177381205 0.18403858827102465012
0.15656367117450095683 0.18463795455924392197
0.14963110985356808946 0.18467949504529432292
0.15871952337234529473 0.18483964341090217132
0.16678762131200217111 0.18519949482452699452
0.16859184575684244001 0.18587110989242341952
0.11397321888113746968 0.18687949723501864896
0.16774313632406576136 0.18816869661229487787
0.18802360459671710324 0.18821374049472172629
0.17897570787189193142 0.18876711540893548191
0.16254262439258265749 0.18939309265604423183
0.16730621561754549509 0.18996724226728639584
0.14705570904250642172 0.19013124792697475018
0.14784818011242950586 0.19153835783326683684
0.14542401646060565401 0.19185487188310407225
0.18278280521903814138 0.19240631378686681718
0.18272278354177964865 0.19303510829755538003
0.17269747426888706898 0.19307169745949742667
0.17158984515278952188 0.19531962602560562492
0.13330658845658832634 0.19598938127692577815
0.19592341178729341666 0.19625149708291120265
0.15636575223618709440 0.19642930389794174828
0.13106130351129827161 0.19726220331746577297
0.13625206971716768978 0.19770215353783418544
0.16920766016797933462 0.19797025134923995626
0.16808760240969294886 0.19905939587354729015
0.15502300284852735257 0.19982994114994165336
0.13213680506556454985 0.20074771592322249170
0.12674773164332650555 0.20203532451649397483
0.14150880672903592972 0.20280996649859259207
0.18441965838986862369 0.20369985599810921939
0.16823590138781785441 0.20420938463325219447
0.16586542510000421013 0.20484662329090150279
0.18326480203443490380 0.20589177683879544833
0.14442689699462266106 0.20620257868721134087
0.15234886319152426970 0.20641174514562649067
0.15012387718097133793 0.20661674584095807150
0.19650072957746089752 0.20795561288496944297
0.18901860197257611129 0.20971804452606168656
0.17519430163248270182 0.21052505268233134839
0.17865387464885304492 0.21109994946681764905
0.20429570885787295964 0.21301948345136040297
0.19340025683594924688 0.21427037987586930456
0.13694117831909469185 0.21428753721765475548
0.14555898200098832396 0.21444081928225178224
0.12684385911636411604 0.21770662618365838048
0.16931588791168264430 0.21901305513377963829
0.12802337339470570843 0.21940873684369807672
0.21639822878429038067 0.21947128695481560312
0.15146111303968845530 0.21964213285360781325
0.18250541948011719806 0.21974688803694292227
0.21228118771187409752 0.21975313081893574352
0.18284059156604498542 0.21991607491622863768
0.15090788000515201195 0.22026841303098002034
0.19544927219520633055 0.22087986414091553833
0.18746563651496306324 0.22106178871440515521
0.18205624687679497486 0.22699791899669266582
0.15033680236450769341 0.22756624737736316777
0.18998182745792588366 0.23001911493075738457
0.14994091740124473877 0.23260008406727222807
0.17020226761128073867 0.23307708322143386170
0.17206604460583943550 0.23461752663245191708
0.17557371536346461083 0.23510913052776358234
0.23462214956843918667 0.24000949670554147519
0.16375746657215778379 0.24149954647143351272
0.18489301596756158030 0.24433871086127237349
0.24223012853367098529 0.24853868442601850797
0.24122718795193320851 0.24940069057877242709
0.13088967200666326574 0.25060068506024668622
0.24014573304534614362 0.25786953751874530649
0.14929194688083874398 0.25978524340760661415
0.13101146603955368675 0.26050731658489917342
0.26579507842792593486 0.26787102625660269561
0.24712317901853750324 0.26853838026368787029
0.23247490607022897047 0.26925210188133158473
0.22869671355655862843 0.27156821719344992339
