0.00000000000000000000 0.01432114495381910275
0.00000000000000000000 0.01472927379087589014
0.00000000000000000000 0.01854803702793510201
0.00000000000000000000 0.01917379885521812780
0.00000000000000000000 0.01970483155163824801
0.00000000000000000000 0.02229949664881783131
0.00000000000000000000 0.02310851437500828151
0.00000000000000000000 0.02335991326792144496
0.00000000000000000000 0.02648704918217511736
0.00000000000000000000 0.02741409801672834573
0.00000000000000000000 0.02871690298438036443
0.00000000000000000000 0.03209485106884216177
0.00000000000000000000 0.03232234071256354785
0.00000000000000000000 0.03315832536448090617
0.00000000000000000000 0.03318691945952084721
0.00000000000000000000 0.03472484363915321476
0.00000000000000000000 0.03546249199920897127
0.00000000000000000000 0.03558990293551432538
0.00000000000000000000 0.03560546848158838151
0.00000000000000000000 0.03614277914841193540
0.00000000000000000000 0.03623714943130605659
0.00000000000000000000 0.03747295055855790619
0.00000000000000000000 0.03794007269444878844
0.00000000000000000000 0.03863918463412692461
0.00000000000000000000 0.03883577989732052427
0.00000000000000000000 0.04099220848570134940
0.00000000000000000000 0.04171118681809853068
0.00000000000000000000 0.04282243989561358016
0.00000000000000000000 0.04348249576763545815
0.00000000000000000000 0.04408515865884200802
0.00000000000000000000 0.04471979662492881619
0.00000000000000000000 0.04511666041807244065
0.00000000000000000000 0.04579023625842666007
0.00000000000000000000 0.04616576162365924191
0.00000000000000000000 0.04617328732295528787
0.00000000000000000000 0.04634756149368043920
0.00000000000000000000 0.04641510543215680851
0.00000000000000000000 0.04665466783797265343
0.00000000000000000000 0.04684317303236384261
0.00000000000000000000 0.04692873383995357917
0.00000000000000000000 0.04714785875852919167
0.00000000000000000000 0.04780825791145599385
0.00000000000000000000 0.04815447415278020782
0.00000000000000000000 0.04902472733790980836
0.00000000000000000000 0.05037529724014559035
0.00000000000000000000 0.05047788053390023233
0.00000000000000000000 0.05102091534637422793
0.00000000000000000000 0.05123899953808599972
0.00000000000000000000 0.05133468882882898793
0.00000000000000000000 0.05194923582828082226
0.00000000000000000000 0.05293185973297101499
0.00000000000000000000 0.05320058015429304787
0.00000000000000000000 0.05320357782706038735
0.00000000000000000000 0.05352976694920717760
0.00000000000000000000 0.05370907753092082210
0.00000000000000000000 0.05385678587990250926
0.00000000000000000000 0.05391809628180162933
0.00000000000000000000 0.05405839559770789921
0.00000000000000000000 0.05428529425540280784
0.00000000000000000000 0.05446184437258978772
0.00000000000000000000 0.05483123359023175242
0.00000000000000000000 0.05507810071587480871
0.00000000000000000000 0.05537856661289505822
0.00000000000000000000 0.05593253577300731638
0.00000000000000000000 0.05682846610956826527
0.00000000000000000000 0.05698439868832852473
0.00000000000000000000 0.05704405493818251460
0.00000000000000000000 0.05704610861013197781
0.00000000000000000000 0.05720978472199802350
0.00000000000000000000 0.05765295845661727592
0.00000000000000000000 0.05765672924699821039
0.00000000000000000000 0.05781702836420929414
0.00000000000000000000 0.05802786500199762221
0.00000000000000000000 0.05840339434436819105
0.00000000000000000000 0.05932767941056085043
0.00000000000000000000 0.06013195766159261380
0.00000000000000000000 0.06018719668023652519
0.00000000000000000000 0.06028888793324430756
0.00000000000000000000 0.06044501391602778023
0.00000000000000000000 0.06045271837520004021
0.00000000000000000000 0.06084177315878606940
0.00000000000000000000 0.06092667962781896790
0.00000000000000000000 0.06131817608899907401
0.00000000000000000000 0.06232838528950489232
0.00000000000000000000 0.06240233019878720089
0.00000000000000000000 0.06258478437170998665
0.00000000000000000000 0.06262288415662177476
0.00000000000000000000 0.06280540779512201743
0.00000000000000000000 0.06342577399726243015
0.00000000000000000000 0.06361180437567294510
0.00000000000000000000 0.06365310006303574741
0.00000000000000000000 0.06404429827226329475
0.00000000000000000000 0.06416585236117829105
0.00000000000000000000 0.06421102721784158196
0.00000000000000000000 0.06424966956967274878
0.00000000000000000000 0.06456781000477695986
0.00000000000000000000 0.06465016723003831622
0.00000000000000000000 0.06470476924413415265
0.00000000000000000000 0.06471878589281968019
0.00000000000000000000 0.06474314554714627468
0.00000000000000000000 0.06496340066806655100
0.00000000000000000000 0.06501057548234917549
0.00000000000000000000 0.06510834743705574967
0.00000000000000000000 0.06581510872705483017
0.00000000000000000000 0.06620401904795791825
0.00000000000000000000 0.06627465501582148477
0.00000000000000000000 0.06635093357916033163
0.00000000000000000000 0.06660558279664827164
0.00000000000000000000 0.06689120081519563110
0.00000000000000000000 0.06694296590655034185
0.00000000000000000000 0.06703395911374400440
0.00000000000000000000 0.06722562902926709771
0.00000000000000000000 0.06742098665089020504
0.00000000000000000000 0.06773719606688714812
0.00000000000000000000 0.06801570331568829175
0.00000000000000000000 0.06804081972745625040
0.00000000000000000000 0.06824747135253572683
0.00000000000000000000 0.06825287563470781860
0.00000000000000000000 0.06833256825252721767
0.00000000000000000000 0.06851046136774117945
0.00000000000000000000 0.06857433901082438110
0.00000000000000000000 0.06931305104744515944
0.00000000000000000000 0.06985525645371945536
0.00000000000000000000 0.07055877982119267144
0.00000000000000000000 0.07059186483559282133
0.00000000000000000000 0.07074734104507102161
0.00000000000000000000 0.07100676858673798941
0.00000000000000000000 0.07133540707202259967
0.00000000000000000000 0.07159500510177328747
0.00000000000000000000 0.07191177526925614238
0.00000000000000000000 0.07276474480277295154
0.00000000000000000000 0.07294557465894406512
0.00000000000000000000 0.07307932138483483331
0.00000000000000000000 0.07342227630075050249
0.00000000000000000000 0.07366160924297647516
0.00000000000000000000 0.07367623235362133483
0.00000000000000000000 0.07391042269953039534
0.00000000000000000000 0.07408083404248033688
0.00000000000000000000 0.07477635196351337110
0.00000000000000000000 0.07518697707902255445
0.00000000000000000000 0.07518810670560935328
0.00000000000000000000 0.07537970272492640345
0.00000000000000000000 0.07565912642144262401
0.00000000000000000000 0.07576784127325883467
0.00000000000000000000 0.07582270980112790215
0.00000000000000000000 0.07649992364784370669
0.00000000000000000000 0.07653075611792618804
0.00000000000000000000 0.07674395919013167477
0.00000000000000000000 0.07677311895673913367
0.00000000000000000000 0.07703123511426512859
0.00000000000000000000 0.07711967880890077676
0.00000000000000000000 0.07758516574574704505
0.00000000000000000000 0.07809317294404488630
0.00000000000000000000 0.07821725828607449527
0.00000000000000000000 0.07829046041314843829
0.00000000000000000000 0.07833045148959490167
0.00000000000000000000 0.07841455299952929114
0.00000000000000000000 0.07864117308325133116
0.00000000000000000000 0.07872078111197848560
0.00000000000000000000 0.07891828964507864586
0.00000000000000000000 0.07916043530102175041
0.00000000000000000000 0.07952327648316237507
0.00000000000000000000 0.07981104367086550022
0.00000000000000000000 0.07990331927784023736
0.00000000000000000000 0.08007291721253891048
0.00000000000000000000 0.08047496376609140911
0.00000000000000000000 0.08048134355467270740
0.00000000000000000000 0.08062112112487963833
0.00000000000000000000 0.08063476223486103212
0.00000000000000000000 0.08092030693194740554
0.00000000000000000000 0.08104935067805270343
0.00000000000000000000 0.08118086679269861938
0.00000000000000000000 0.08131414577517109832
0.00000000000000000000 0.08131909971220895039
0.00000000000000000000 0.08135791293804725544
0.00000000000000000000 0.08158126230008132251
0.00000000000000000000 0.08162304927897355566
0.00000000000000000000 0.08174740777613216658
0.00000000000000000000 0.08185720853932117180
0.00000000000000000000 0.08189749314178024209
0.00000000000000000000 0.08200886012303654216
0.00000000000000000000 0.08215402114621429830
0.00000000000000000000 0.08231295283293553477
0.00000000000000000000 0.08280309501257410165
0.00000000000000000000 0.08298232600287042127
0.00000000000000000000 0.08319067836212651335
0.00000000000000000000 0.08342481930688556979
0.00000000000000000000 0.08358378455067025370
0.00000000000000000000 0.08358470999379438715
0.00000000000000000000 0.08378030410246972703
0.00000000000000000000 0.08394852413738849994
0.00000000000000000000 0.08406359401078043747
0.00000000000000000000 0.08427911395418717644
0.00000000000000000000 0.08430071792935812935
0.00000000000000000000 0.08469406797129279407
0.00000000000000000000 0.08487211646451307823
0.00000000000000000000 0.08512430649398659843
0.00000000000000000000 0.08522410254277051900
0.00000000000000000000 0.08527876260299407929
0.00000000000000000000 0.08566229348614759487
0.00000000000000000000 0.08611398569909682610
0.00000000000000000000 0.08641202168739070544
0.00000000000000000000 0.08643211445360050871
0.00000000000000000000 0.08691176787782939339
0.00000000000000000000 0.08730752559310418770
0.00000000000000000000 0.08799378874086037639
0.00000000000000000000 0.08813696622089109423
0.00000000000000000000 0.08825411174067908371
0.00000000000000000000 0.08837116481796057632
0.00000000000000000000 0.08854972309747077830
0.00000000000000000000 0.08870124524157468882
0.00000000000000000000 0.08879735275432769359
0.00000000000000000000 0.08882587867694170802
0.00000000000000000000 0.08886285992664987032
0.00000000000000000000 0.08899617217376322442
0.00000000000000000000 0.08916947439391748054
0.00000000000000000000 0.08930313353206797977
0.00000000000000000000 0.08966547706161513698
0.00000000000000000000 0.09003124502699541565
0.00000000000000000000 0.09015863728847745007
0.00000000000000000000 0.09020889126212981723
0.00000000000000000000 0.09025583114401794504
0.00000000000000000000 0.09033172971737564450
0.00000000000000000000 0.09045019456464910290
0.00000000000000000000 0.09053191965879306413
0.00000000000000000000 0.09060705195601165274
0.00000000000000000000 0.09088365411935422911
0.00000000000000000000 0.09130683251272293799
0.00000000000000000000 0.09164113048836991515
0.00000000000000000000 0.09182247897249556923
0.00000000000000000000 0.09183525348908186392
0.00000000000000000000 0.09211760874308806690
0.00000000000000000000 0.09251284722381496184
0.00000000000000000000 0.09298114670434809437
0.00000000000000000000 0.09303195597122690397
0.00000000000000000000 0.09312392380132718250
0.00000000000000000000 0.09336092196411072131
0.00000000000000000000 0.09349519390471069946
0.00000000000000000000 0.09350515856524337088
0.00000000000000000000 0.09389109210405913175
0.00000000000000000000 0.09477383414567780440
0.00000000000000000000 0.09487303736319807612
0.00000000000000000000 0.09505715949630316741
0.00000000000000000000 0.09515225809592876838
0.00000000000000000000 0.09554270958282279347
0.00000000000000000000 0.09578084754023973024
0.00000000000000000000 0.09590533054994379580
0.00000000000000000000 0.09618801684490482784
0.00000000000000000000 0.09629010073659544089
0.00000000000000000000 0.09630988432817016998
0.00000000000000000000 0.09631471585803268176
0.00000000000000000000 0.09646633513092096879
0.00000000000000000000 0.09663580107397472252
0.00000000000000000000 0.09663790691070485439
0.00000000000000000000 0.09685917754342683594
0.00000000000000000000 0.09705065116145625281
0.00000000000000000000 0.09706881061824979007
0.00000000000000000000 0.09718038663910658070
0.00000000000000000000 0.09728968876246181507
0.00000000000000000000 0.09806382206716016126
0.00000000000000000000 0.09811746270931359648
0.00000000000000000000 0.09849813640079707611
0.00000000000000000000 0.09860698013333749068
0.00000000000000000000 0.09882119660833915686
0.00000000000000000000 0.09908882207983034374
0.00000000000000000000 0.09928829048887570508
0.00000000000000000000 0.09931122538816300471
0.00000000000000000000 0.09973722111644969801
0.00000000000000000000 0.09995001418425314421
0.00000000000000000000 0.10030558501306377495
0.00000000000000000000 0.10048357242290646696
0.00000000000000000000 0.10089781041723953903
0.00000000000000000000 0.10096435109015224063
0.00000000000000000000 0.10212358183130473832
0.00000000000000000000 0.10212406204511836894
0.00000000000000000000 0.10219293727389230919
0.00000000000000000000 0.10232912136253777269
0.00000000000000000000 0.10233102261849115477
0.00000000000000000000 0.10248537036518073906
0.00000000000000000000 0.10250166265889013029
0.00000000000000000000 0.10251331790498198482
0.00000000000000000000 0.10267419090967626338
0.00000000000000000000 0.10289908141941174480
0.00000000000000000000 0.10293468212729760258
0.00000000000000000000 0.10308778289634740188
0.00000000000000000000 0.10331967164159752692
0.00000000000000000000 0.10342414780128812712
0.00000000000000000000 0.10343560601900908535
0.00000000000000000000 0.10345854406171946238
0.00000000000000000000 0.10351157774271900480
0.00000000000000000000 0.10397002549020104012
0.00000000000000000000 0.10421535515864954746
0.00000000000000000000 0.10426160533778200401
0.00000000000000000000 0.10433153220467292210
0.00000000000000000000 0.10448657250658600903
0.00000000000000000000 0.10488381966739947215
0.00000000000000000000 0.10495956065544871649
0.00000000000000000000 0.10534366699207252382
0.00000000000000000000 0.10591222762318477923
0.00000000000000000000 0.10626430190204806669
0.00000000000000000000 0.10645035563750450402
0.00000000000000000000 0.10653177979635958250
0.00000000000000000000 0.10762155139988359431
0.00000000000000000000 0.10767948725822790168
0.00000000000000000000 0.10776571387038998140
0.00000000000000000000 0.10779055529696338067
0.00000000000000000000 0.10789777986733976867
0.00000000000000000000 0.10804356560054111103
0.00000000000000000000 0.10840332767781213352
0.00000000000000000000 0.10876615049019411341
0.00000000000000000000 0.10933319046257454488
0.00000000000000000000 0.10940020228113220280
0.00000000000000000000 0.10948017347469400640
0.00000000000000000000 0.10958460015746726568
0.00000000000000000000 0.10985511692206027801
0.00000000000000000000 0.11005339577646475191
0.00000000000000000000 0.11011546656687361267
0.00000000000000000000 0.11014959832083733027
0.00000000000000000000 0.11064433343682701649
0.00000000000000000000 0.11068120386908944508
0.00000000000000000000 0.11100985609902835893
0.00000000000000000000 0.11229070799978113637
0.00000000000000000000 0.11261210532491951197
0.00000000000000000000 0.11263900265860422867
0.00000000000000000000 0.11283489126211145026
0.00000000000000000000 0.11287401091040526191
0.00000000000000000000 0.11310909129799109896
0.00000000000000000000 0.11312191169174617977
0.00000000000000000000 0.11342686243001959268
0.00000000000000000000 0.11399414758812985438
0.00000000000000000000 0.11403347284724428545
0.00000000000000000000 0.11403546341269456266
0.00000000000000000000 0.11441559948016416515
0.00000000000000000000 0.11493512295571890747
0.00000000000000000000 0.11511246268660244030
0.00000000000000000000 0.11542816621466232829
0.00000000000000000000 0.11544235033597974316
0.00000000000000000000 0.11568247092957680000
0.00000000000000000000 0.11598226289006244305
0.00000000000000000000 0.11608081215876617232
0.00000000000000000000 0.11668600688415541045
0.00000000000000000000 0.11700953914163994551
0.00000000000000000000 0.11716201915142436529
0.00000000000000000000 0.11724764518723303219
0.00000000000000000000 0.11734380059132187846
0.00000000000000000000 0.11810705999278761635
0.00000000000000000000 0.11857795617285224465
0.00000000000000000000 0.11872107887166574725
0.00000000000000000000 0.11903968019001510970
0.00000000000000000000 0.11906515811641998903
0.00000000000000000000 0.11922736117722518290
0.00000000000000000000 0.11982283202635665709
0.00000000000000000000 0.12014700800887792576
0.00000000000000000000 0.12038811308668706523
0.00000000000000000000 0.12064151998552680167
0.00000000000000000000 0.12114620025127818825
0.00000000000000000000 0.12176140642438661177
0.00000000000000000000 0.12178303129636523783
0.00000000000000000000 0.12191763212712262987
0.00000000000000000000 0.12223166110835929909
0.00000000000000000000 0.12280428011783207920
0.00000000000000000000 0.12301549431943216428
0.00000000000000000000 0.12330836806934501737
0.00000000000000000000 0.12334674180255113252
0.00000000000000000000 0.12349762493460586521
0.00000000000000000000 0.12392946920109967901
0.00000000000000000000 0.12429862855862865156
0.00000000000000000000 0.12451387518521569997
0.00000000000000000000 0.12458846938403704552
0.00000000000000000000 0.12494392513979492298
0.00000000000000000000 0.12494792032870426224
0.00000000000000000000 0.12503597586337578118
0.00000000000000000000 0.12545441086961325872
0.00000000000000000000 0.12561089316271364935
0.00000000000000000000 0.12571320898733695515
0.00000000000000000000 0.12575773356701502870
0.00000000000000000000 0.12579646906496069758
0.00000000000000000000 0.12581933690165034156
0.00000000000000000000 0.12614038110713057805
0.00000000000000000000 0.12615043160804192968
0.00000000000000000000 0.12617877430054630361
0.00000000000000000000 0.12641280151586672953
0.00000000000000000000 0.12670209747582097948
0.00000000000000000000 0.12671636190809426603
0.00000000000000000000 0.12673033280121803745
0.00000000000000000000 0.12687237394372163912
0.00000000000000000000 0.12705835441860613422
0.00000000000000000000 0.12706975255808572456
0.00000000000000000000 0.12751131179128022408
0.00000000000000000000 0.12806382028353188729
0.00000000000000000000 0.12843149734882067237
0.00000000000000000000 0.12884221479625795892
0.00000000000000000000 0.12899429167774878469
0.00000000000000000000 0.12944107490088443968
0.00000000000000000000 0.12946177057761298901
0.00000000000000000000 0.12983778319232244791
0.00000000000000000000 0.12988383665089311969
0.00000000000000000000 0.12989024035604124219
0.00000000000000000000 0.13004274113388761269
0.00000000000000000000 0.13011091451291317833
0.00000000000000000000 0.13038439730088963175
0.00000000000000000000 0.13042052335919721018
0.00000000000000000000 0.13075881189017210526
0.00000000000000000000 0.13140474560795606385
0.00000000000000000000 0.13166063514991363514
0.00000000000000000000 0.13288307517760225562
0.00000000000000000000 0.13301749194286335842
0.00000000000000000000 0.13392005210346569211
0.00000000000000000000 0.13407829358901257599
0.00000000000000000000 0.13426756384936711086
0.00000000000000000000 0.13465144477182278138
0.00000000000000000000 0.13469035666681192231
0.00000000000000000000 0.13488848444764436896
0.00000000000000000000 0.13527792506339969547
0.00000000000000000000 0.13533926933321629993
0.00000000000000000000 0.13582565524938125523
0.00000000000000000000 0.13639306569683309900
0.00000000000000000000 0.13675835410669240355
0.00000000000000000000 0.13691591413949394385
0.00000000000000000000 0.13691947847231467073
0.00000000000000000000 0.13707014485675508841
0.00000000000000000000 0.13814014104671909489
0.00000000000000000000 0.13850851930695046166
0.00000000000000000000 0.13854433389489817507
0.00000000000000000000 0.13866032629883401350
0.00000000000000000000 0.13928876512407212251
0.00000000000000000000 0.13977020267022485789
0.00000000000000000000 0.13988985364022724078
0.00000000000000000000 0.14021043608910896405
0.00000000000000000000 0.14055991247103194475
0.00000000000000000000 0.14059476234440101972
0.00000000000000000000 0.14065177208059848057
0.00000000000000000000 0.14107444789837647603
0.00000000000000000000 0.14211292522460314269
0.00000000000000000000 0.14225712130438597502
0.00000000000000000000 0.14259236291979535127
0.00000000000000000000 0.14272831472483504811
0.00000000000000000000 0.14282542540330014913
0.00000000000000000000 0.14347893355093599421
0.00000000000000000000 0.14375503334565770119
0.00000000000000000000 0.14509396062494148150
0.00000000000000000000 0.14662650008382671629
0.00000000000000000000 0.14690566541538774281
0.00000000000000000000 0.14785648178642643580
0.00000000000000000000 0.14815177945655050307
0.00000000000000000000 0.14817197743487348083
0.00000000000000000000 0.14839267830846802898
0.00000000000000000000 0.14853724007625004888
0.00000000000000000000 0.14859117016040576664
0.00000000000000000000 0.14932578554968772844
0.00000000000000000000 0.14936451881116946661
0.00000000000000000000 0.14967701182115894509
0.00000000000000000000 0.14991364776120028046
0.00000000000000000000 0.15035416772324558532
0.00000000000000000000 0.15060278436962401538
0.00000000000000000000 0.15188793267047667745
0.00000000000000000000 0.15363190920112862470
0.00000000000000000000 0.15409659713990084273
0.00000000000000000000 0.15614333859337858890
0.00000000000000000000 0.15630479780514780486
0.00000000000000000000 0.15724414835007324842
0.00000000000000000000 0.15763614296324487962
0.00000000000000000000 0.15843325335472280280
0.00000000000000000000 0.15871965208949967430
0.00000000000000000000 0.15888782076714685898
0.00000000000000000000 0.15917311770181666319
0.00000000000000000000 0.16072067100747675084
0.00000000000000000000 0.16248138103260656440
0.00000000000000000000 0.16351462302120212122
0.00000000000000000000 0.16356874114666825060
0.00000000000000000000 0.16385566436771042964
0.00000000000000000000 0.16715187496986941285
0.00000000000000000000 0.16943562398629652410
0.00000000000000000000 0.16965951420222560864
0.00000000000000000000 0.16982026744495531956
0.00000000000000000000 0.16992009907092212040
0.00000000000000000000 0.17127579199184100878
0.00000000000000000000 0.17161642003385171873
0.00000000000000000000 0.17165682577259014363
0.00000000000000000000 0.17210959132972844521
0.00000000000000000000 0.17345821045992140808
0.00000000000000000000 0.17376513407627502961
0.00000000000000000000 0.17452357751162048127
0.00000000000000000000 0.17546276801960877800
0.00000000000000000000 0.17602573761085474335
0.00000000000000000000 0.17865680129790736941
0.00000000000000000000 0.17877988350840379184
0.00000000000000000000 0.17935696452104551990
0.00000000000000000000 0.18630702723815886768
0.00000000000000000000 0.18757246080845732528
0.00000000000000000000 0.18843060237120398681
0.00000000000000000000 0.19154480902655890429
0.00000000000000000000 0.19395757513754643964
0.00000000000000000000 0.19402798946023172566
0.00000000000000000000 0.19488200138627670421
0.00000000000000000000 0.19580656223094444757
0.00000000000000000000 0.20210290009050824178
0.00000000000000000000 0.20964579518460890739
0.00000000000000000000 0.23462092686521099361
0.00000000000000000000 1.73205080756887719318
