0.01373261993594724305 0.01386756405797662586
0.01261942064796063578 0.01397609376967983742
0.01808343617132117734 0.01813028124708652294
0.01735399426019186217 0.01848618608047291126
0.01711946545297853700 0.01912953943369198606
0.01909465511842880700 0.01940621653773436789
0.01754208319102778732 0.01963980151499256088
0.01857898687334176568 0.02062903588491540180
0.02062406308763701721 0.02068401101231256284
0.01960147837561840301 0.02149321383242827968
0.02138965898346732730 0.02223085847572846621
0.02209466258401848043 0.02232195050276929160
0.02121366722718701775 0.02290692287330860222
0.01932462163262323868 0.02328233543946880285
0.02199695313522327667 0.02336763714309164630
0.01601732011068367906 0.02341964140195881838
0.02215639584657614139 0.02379901054819810041
0.02141729806215113274 0.02385401190446850492
0.02282722741542923123 0.02388487093913522694
0.02408236901778070330 0.02442504092340651300
0.02390331472604427868 0.02479244531650339617
0.02087939166419780501 0.02496289049519226366
0.02087587117901884559 0.02505468478427621409
0.02323239142133075655 0.02538846479199721382
0.02528100089542425349 0.02538861925151976104
0.02060790574702861880 0.02559101966421360383
0.02265342643111700749 0.02608941627516343439
0.02390073042202117345 0.02612128626423360772
0.02170460018573687824 0.02650218399247891710
0.02306028387353702136 0.02653970740250314111
0.02535311473645078181 0.02671791968010447244
0.02289945387778416844 0.02692279148195900543
0.02333110689572079691 0.02734990691137636695
0.02599536935080970154 0.02736798616315758506
0.02687294392322362585 0.02736955568356703311
0.02175919318230610383 0.02769074622129609822
0.02728833485422815439 0.02793803987629289026
0.02184558966867726493 0.02814262904053379741
0.02508610448457570738 0.02889272770625071415
0.02729965676707478764 0.02891822166280500275
0.02753316910851491897 0.02903172699963332132
0.02624347887865375803 0.02907899916436530730
0.01914831999997148454 0.02914912814471261673
0.02463563678239084204 0.02933779132781301827
0.02462578705984149949 0.02948118337489327376
0.02641671134723330705 0.02964414022239026184
0.02947889167320620271 0.02980538361047462351
0.02491240406473732918 0.03049986997312729639
0.02731131949325860814 0.03077620961937076530
0.02888790455523834039 0.03079046044152142572
0.02005829758864901072 0.03082392388584343640
0.02785794116971056222 0.03095565844980370518
0.03046598069066318998 0.03100664065461928437
0.02636476959996300259 0.03101780581193870970
0.03034039588253939837 0.03106695439484677065
0.03014509427576768028 0.03108290407042651332
0.02794052242062647351 0.03135927056554897729
0.02769956104167093161 0.03141790807416788150
0.02226995117852448650 0.03141890986998183838
0.03048120705395243948 0.03151052425501021936
0.02571067472307403401 0.03156381647887235298
0.02742364966574253882 0.03160951745281718323
0.03018254989685794851 0.03169101556159945043
0.02670662617816358178 0.03174311025826564991
0.02053549514431696199 0.03174566087807921544
0.02547319625900733298 0.03176868058503357073
0.02665217392303063579 0.03199131193395751693
0.03165835690802361324 0.03208784962488420850
0.02723106412665575807 0.03214603319166203788
0.02479020582887489846 0.03219245964261092247
0.03023700917844879960 0.03229149338530670765
0.03182255484264669837 0.03229493853086141258
0.02140068038620117699 0.03229607342071291048
0.02712442234694836460 0.03231893472827099961
0.02599393518983111884 0.03255763173256904369
0.02681462408790291976 0.03265975216495175387
0.03078749302778280295 0.03274299961068293657
0.02771349528297157791 0.03303627597658531645
0.02071885949273989322 0.03309949997686102707
0.03308196368599530118 0.03316473308955757843
0.03183726393669319282 0.03336140669560559019
0.02708062096037868599 0.03359139074736773589
0.03061126132544383580 0.03360685118588076919
0.03037710048091378165 0.03368045967524205264
0.02801007798335647739 0.03382948120758491606
0.03258939394123751970 0.03398541143805604292
0.02661760217971792172 0.03400210717349408385
0.02862338169650249786 0.03421483756843686497
0.03140430123535901952 0.03422546878601265274
0.02430519380955675768 0.03462695673972121524
0.03079098929691569814 0.03480954463763016871
0.03262047598404597265 0.03497389594643780103
0.03483352140650071427 0.03512628316878194795
0.02979753595694550200 0.03542466967759240470
0.03455734121762089883 0.03544895241578405881
0.02915924033286778835 0.03568541482604123405
0.03234119543699093269 0.03575293827419710052
0.02620098753336958658 0.03586298670483963752
0.03405345834098861407 0.03588724603600836754
0.03509936604861550735 0.03591109761746696938
0.03077016717431021314 0.03599007917400430523
0.03200603942719851963 0.03603966077611158586
0.03391815353322261140 0.03617042335615942850
0.03531205433579404085 0.03622389948970049928
0.02921704704234390909 0.03630697525836715234
0.03505834235353145339 0.03636203326208969910
0.03633679882124964816 0.03642023517135917210
0.02910210752946359655 0.03657259659989609696
0.03033741729971941442 0.03672911018519151027
0.03401780566317765681 0.03685980137723455369
0.03315672562183427652 0.03690882021102614985
0.03370231120707468248 0.03691385566320043443
0.02455288783109590631 0.03697829975011329706
0.02776348468781772438 0.03699708416887371315
0.02738660568844756421 0.03714742911661603891
0.03670858076850468110 0.03719400291130781078
0.03295268548886501336 0.03719525703642083403
0.02791793321729801186 0.03740555854027163840
0.03331027392525170300 0.03742441775504386919
0.03363828553539441324 0.03755949792807157517
0.02690418611342736133 0.03804260232523876822
0.03814693671458835311 0.03821041492827990244
0.03416004406774694052 0.03868183580201423055
0.03871787461037744238 0.03903701186509258431
0.02625171765369098062 0.03906627227213126802
0.03590090198344531719 0.03958708603287353078
0.03831699774281763227 0.03961108846774175768
0.03626129950989227108 0.03978575726696567672
0.02944548433595615272 0.03982668392961447729
0.03847433362396276285 0.03984483237799092692
0.02750644042964288383 0.04006584232419521663
0.03574074033593849925 0.04009742402021344160
0.03148146773426397510 0.04015187120260389070
0.03456340183351152423 0.04024724061864625585
0.03957346423718369199 0.04044437357298207719
0.04095134331751875550 0.04119613992935906160
0.04111959662963568518 0.04184748905234024485
0.03871579172682123454 0.04247669306990015797
0.03365009524126862800 0.04276102996853970578
0.03700994361045521763 0.04276585528035596606
0.03818782090658626172 0.04305024673410066255
0.02804647573418821496 0.04306371301107355526
0.03554487761963938397 0.04312722246670206566
0.03521199932691310847 0.04312722246670206566
0.04150942301083682812 0.04315044455992973760
0.03707223486713895344 0.04344034054069117329
0.04038266789395392881 0.04377834701298943115
0.04028148137658141281 0.04414866696329833307
0.04357017730929076127 0.04460476366057956193
0.03186554925267236216 0.04470626528416118961
0.03983642095392738586 0.04479792955576743924
0.03850923349842888532 0.04524596599958266574
0.04234435002208658538 0.04543514110039505172
0.03152277559885805630 0.04556229070016930977
0.03144756054457482908 0.04589730630292298413
0.04547643498704640602 0.04591164857035757302
0.04612621661284711794 0.04630389330210602644
0.03953619553162848049 0.04645333954948904776
0.04205006471409553082 0.04653115233183289373
0.04468135535735278524 0.04659487398446904294
0.03664079582221154568 0.04671513669603988977
0.04160708469005190702 0.04737418933484403849
0.03819891427107802162 0.04746041577626337882
0.03147583489147164071 0.04866098327600443252
0.04235649644379268358 0.04874313654790612960
0.04476552013638661343 0.04899760920103878037
0.04431377994920789737 0.04936872232304140296
0.04989522966677780585 0.05037335658803106242
0.03831414079677530199 0.05061808298438606746
0.04281042395628736896 0.05111293024911649219
0.04346049197442500289 0.05115153523689242032
0.04375712743817226219 0.05138895544232498919
0.04478032401236428650 0.05157694984151761641
0.03790426246155894491 0.05190051051865875176
0.04460203332144827004 0.05261676058274551010
0.04118731551187774370 0.05329134661716992960
0.04353844544471860423 0.05360324507346041906
0.04447557172406396697 0.05429157237671696640
0.05071748640313475387 0.05451729273208957144
0.04906964744041761306 0.05470209313466560530
0.04593455574085252013 0.05473019366931865942
0.05489028729530186224 0.05499339499685388516
0.05560032551504654613 0.05597907494907559262
0.05161888752872528796 0.05634676424216110424
0.05452709120999184311 0.05717944557111008519
0.05343453714196143289 0.05734278232920243801
0.04982821544997904223 0.05786994154791530454
0.04718285918629519515 0.05895627599384721529
0.05650783292517013584 0.05948378912921065131
0.04660209966614222571 0.05966860921023430658
0.05117239146751881296 0.05966959201581464867
0.05717409088879514545 0.05976301802567152849
0.05465290222101968493 0.06309812674390445630
0.05580031213542593904 0.06402250303424901479
0.05430139797581030187 0.06671994080269419425
0.05965302148136508720 0.06817319109574393465
0.06676476736417535918 0.06819020923747622087
0.06094577839837185540 0.06873603554948765071
0.07174255281264228790 0.07260531118271189299
0.06655431161817396135 0.08226066998546749387
0.10636775810467306858 0.11384236373046895119
0.13990525966739528196 0.14606680663129106845
