0.00000000000000000000 0.00173196365627498617
0.00000000000000000000 0.00185619690094418043
0.00000000000000000000 0.00219194349620130619
0.00000000000000000000 0.00228256782630498981
0.00000000000000000000 0.00257559018441255554
0.00000000000000000000 0.00272291638160450248
0.00000000000000000000 0.00302679827193915287
0.00000000000000000000 0.00337750793453138248
0.00000000000000000000 0.00345214194027355665
0.00000000000000000000 0.00380718327520206210
0.00000000000000000000 0.00389830588370443723
0.00000000000000000000 0.00405873320939254337
0.00000000000000000000 0.00432203810836080671
0.00000000000000000000 0.00449509784023248860
0.00000000000000000000 0.00468541600773939287
0.00000000000000000000 0.00482988012293523571
0.00000000000000000000 0.00484675421206381182
0.00000000000000000000 0.00532257254180366554
0.00000000000000000000 0.00584394085379448883
0.00000000000000000000 0.00585174921481853346
0.00000000000000000000 0.00590961096989877418
0.00000000000000000000 0.00601187230130652544
0.00000000000000000000 0.00642489606294203552
0.00000000000000000000 0.00655052795431464944
0.00000000000000000000 0.00677667614222931137
0.00000000000000000000 0.00679075858531836066
0.00000000000000000000 0.00681661633923709258
0.00000000000000000000 0.00692580324077409545
0.00000000000000000000 0.00695857103563568904
0.00000000000000000000 0.00696483447829085271
0.00000000000000000000 0.00706059696532012043
0.00000000000000000000 0.00713713581136808401
0.00000000000000000000 0.00714610508241869061
0.00000000000000000000 0.00716449706386982493
0.00000000000000000000 0.00720027351650455449
0.00000000000000000000 0.00723710157129487785
0.00000000000000000000 0.00729375018036816300
0.00000000000000000000 0.00746452620991945072
0.00000000000000000000 0.00749652358691031695
0.00000000000000000000 0.00767609636577416300
0.00000000000000000000 0.00786648370449322988
0.00000000000000000000 0.00796126371586315836
0.00000000000000000000 0.00809513953621389219
0.00000000000000000000 0.00813902027833837347
0.00000000000000000000 0.00816991173081605543
0.00000000000000000000 0.00818599974598621660
0.00000000000000000000 0.00824847618174926085
0.00000000000000000000 0.00830456324692940145
0.00000000000000000000 0.00842614237665879895
0.00000000000000000000 0.00845435867437153293
0.00000000000000000000 0.00845491198179272596
0.00000000000000000000 0.00849965947716078106
0.00000000000000000000 0.00864073512407808643
0.00000000000000000000 0.00866425495238355714
0.00000000000000000000 0.00878785441460958050
0.00000000000000000000 0.00885056488405228971
0.00000000000000000000 0.00896083327213177162
0.00000000000000000000 0.00913722392836376941
0.00000000000000000000 0.00953787677176788813
0.00000000000000000000 0.00960024910122672832
0.00000000000000000000 0.00999778696095405053
0.00000000000000000000 0.01002164483272548375
0.00000000000000000000 0.01003267728182363414
0.00000000000000000000 0.01010677347649278218
0.00000000000000000000 0.01011360472284777122
0.00000000000000000000 0.01019481087421958247
0.00000000000000000000 0.01021555894111000028
0.00000000000000000000 0.01039200004159283007
0.00000000000000000000 0.01044730183595964437
0.00000000000000000000 0.01052441663792695083
0.00000000000000000000 0.01059969867207892318
0.00000000000000000000 0.01060213207114772335
0.00000000000000000000 0.01069266148479105540
0.00000000000000000000 0.01101213591364491942
0.00000000000000000000 0.01103009140914716808
0.00000000000000000000 0.01108053174117975236
0.00000000000000000000 0.01112418992845775299
0.00000000000000000000 0.01115400277462884164
0.00000000000000000000 0.01115437103106335301
0.00000000000000000000 0.01120667412019031757
0.00000000000000000000 0.01123271031047435274
0.00000000000000000000 0.01128173093719614904
0.00000000000000000000 0.01132658289265486319
0.00000000000000000000 0.01136812509068367213
0.00000000000000000000 0.01152922096232502150
0.00000000000000000000 0.01153797902453310154
0.00000000000000000000 0.01154397194014848520
0.00000000000000000000 0.01157671673980880528
0.00000000000000000000 0.01159095257227608401
0.00000000000000000000 0.01165054841030522918
0.00000000000000000000 0.01166148872199834069
0.00000000000000000000 0.01173144207835238526
0.00000000000000000000 0.01191648392299557435
0.00000000000000000000 0.01212597356766673823
0.00000000000000000000 0.01219398091931556648
0.00000000000000000000 0.01225100337048307467
0.00000000000000000000 0.01255964481519758653
0.00000000000000000000 0.01257979764279797824
0.00000000000000000000 0.01260290273373120169
0.00000000000000000000 0.01278152604471211908
0.00000000000000000000 0.01285254935648354017
0.00000000000000000000 0.01294435345370762575
0.00000000000000000000 0.01303568410786673515
0.00000000000000000000 0.01303701959656797769
0.00000000000000000000 0.01305652705829097107
0.00000000000000000000 0.01309471035415588243
0.00000000000000000000 0.01314648350318884350
0.00000000000000000000 0.01315591191674309393
0.00000000000000000000 0.01324954623721271742
0.00000000000000000000 0.01330745128286399230
0.00000000000000000000 0.01334761218291096244
0.00000000000000000000 0.01350538195751322355
0.00000000000000000000 0.01366473464605115137
0.00000000000000000000 0.01368028122723489309
0.00000000000000000000 0.01370500247378078282
0.00000000000000000000 0.01372056054521332211
0.00000000000000000000 0.01374346331790087840
0.00000000000000000000 0.01381827798728313753
0.00000000000000000000 0.01384659396050247002
0.00000000000000000000 0.01402324695053901865
0.00000000000000000000 0.01415448418878731060
0.00000000000000000000 0.01444577980799607690
0.00000000000000000000 0.01445377432911255748
0.00000000000000000000 0.01450945226498454206
0.00000000000000000000 0.01457074477203197486
0.00000000000000000000 0.01465279300482421471
0.00000000000000000000 0.01467794372249092184
0.00000000000000000000 0.01481159486564714682
0.00000000000000000000 0.01484689578475082046
0.00000000000000000000 0.01503747603673102548
0.00000000000000000000 0.01513265329854236382
0.00000000000000000000 0.01518551996540059082
0.00000000000000000000 0.01535512959315577658
0.00000000000000000000 0.01542860069053832855
0.00000000000000000000 0.01549598981880954962
0.00000000000000000000 0.01570347920430094704
0.00000000000000000000 0.01573168086617622238
0.00000000000000000000 0.01587122286113867853
0.00000000000000000000 0.01602339753564477332
0.00000000000000000000 0.01603350722643883883
0.00000000000000000000 0.01615246014339093497
0.00000000000000000000 0.01618841011172927544
0.00000000000000000000 0.01626987864566686176
0.00000000000000000000 0.01634542589255024228
0.00000000000000000000 0.01644372909405802247
0.00000000000000000000 0.01649987882663244212
0.00000000000000000000 0.01666610004534641726
0.00000000000000000000 0.01666672719010954193
0.00000000000000000000 0.01676536709585374485
0.00000000000000000000 0.01683342553940291031
0.00000000000000000000 0.01693119750493752088
0.00000000000000000000 0.01694942341080401399
0.00000000000000000000 0.01695154868962374731
0.00000000000000000000 0.01710375121393339221
0.00000000000000000000 0.01717997457748917517
0.00000000000000000000 0.01720830713382274016
0.00000000000000000000 0.01727002638047279298
0.00000000000000000000 0.01731932217191204521
0.00000000000000000000 0.01734960813875705346
0.00000000000000000000 0.01737928360649781956
0.00000000000000000000 0.01741353237253209091
0.00000000000000000000 0.01742270489992358423
0.00000000000000000000 0.01748625007037674442
0.00000000000000000000 0.01749464266219444633
0.00000000000000000000 0.01769609848848538794
0.00000000000000000000 0.01773010722356477623
0.00000000000000000000 0.01774760147083028969
0.00000000000000000000 0.01775695197452524521
0.00000000000000000000 0.01778131361809841271
0.00000000000000000000 0.01782270018989545041
0.00000000000000000000 0.01788998224049328026
0.00000000000000000000 0.01791712591113876069
0.00000000000000000000 0.01805876122347111618
0.00000000000000000000 0.01809553193255563491
0.00000000000000000000 0.01809630476095390114
0.00000000000000000000 0.01813445447827424090
0.00000000000000000000 0.01814693513678937442
0.00000000000000000000 0.01816643227497691596
0.00000000000000000000 0.01822898338471897958
0.00000000000000000000 0.01836723137098372413
0.00000000000000000000 0.01845158331436230759
0.00000000000000000000 0.01851174836003766436
0.00000000000000000000 0.01853837245956186514
0.00000000000000000000 0.01856730950133963012
0.00000000000000000000 0.01859058688082532509
0.00000000000000000000 0.01865995299268428248
0.00000000000000000000 0.01867783767544577492
0.00000000000000000000 0.01870537923554098023
0.00000000000000000000 0.01887543792696797298
0.00000000000000000000 0.01889407067472571866
0.00000000000000000000 0.01890208313588314509
0.00000000000000000000 0.01892513039097222863
0.00000000000000000000 0.01914341653794118803
0.00000000000000000000 0.01918158675101156938
0.00000000000000000000 0.01920175408275948126
0.00000000000000000000 0.01933547193985100943
0.00000000000000000000 0.01934870278394952917
0.00000000000000000000 0.01941113623712393405
0.00000000000000000000 0.01943529052587355047
0.00000000000000000000 0.01943587596484271790
0.00000000000000000000 0.01944603206942553328
0.00000000000000000000 0.01949731011125046751
0.00000000000000000000 0.01955552473762508375
0.00000000000000000000 0.01963830476881068751
0.00000000000000000000 0.01972641078044248125
0.00000000000000000000 0.01986010457658947750
0.00000000000000000000 0.01992043237744648559
0.00000000000000000000 0.02003237455281010534
0.00000000000000000000 0.02029177724035424041
0.00000000000000000000 0.02046592219041964630
0.00000000000000000000 0.02046996127119668843
0.00000000000000000000 0.02050332313320139127
0.00000000000000000000 0.02061260245381377545
0.00000000000000000000 0.02061543819701728772
0.00000000000000000000 0.02063571800241357709
0.00000000000000000000 0.02065085975269252347
0.00000000000000000000 0.02065128675559875504
0.00000000000000000000 0.02076776507084695730
0.00000000000000000000 0.02079624361824900305
0.00000000000000000000 0.02081047544749073039
0.00000000000000000000 0.02092457823761512820
0.00000000000000000000 0.02100286675676764706
0.00000000000000000000 0.02109479633905915127
0.00000000000000000000 0.02111776946357279972
0.00000000000000000000 0.02128815105641950617
0.00000000000000000000 0.02131230265196027915
0.00000000000000000000 0.02134739924802043706
0.00000000000000000000 0.02136923054562703955
0.00000000000000000000 0.02148673434838119581
0.00000000000000000000 0.02163129025885431392
0.00000000000000000000 0.02164440907325204666
0.00000000000000000000 0.02168638397152589797
0.00000000000000000000 0.02173831977051581335
0.00000000000000000000 0.02178381440742835004
0.00000000000000000000 0.02179284694131974551
0.00000000000000000000 0.02186181007893255729
0.00000000000000000000 0.02189762399274612983
0.00000000000000000000 0.02193926285379776617
0.00000000000000000000 0.02195286230851841575
0.00000000000000000000 0.02202105108901823011
0.00000000000000000000 0.02204377585830714220
0.00000000000000000000 0.02214256485536376245
0.00000000000000000000 0.02232323830415879062
0.00000000000000000000 0.02235701115240301684
0.00000000000000000000 0.02240443106743529936
0.00000000000000000000 0.02241319908229976593
0.00000000000000000000 0.02241578399500893104
0.00000000000000000000 0.02247087953546593811
0.00000000000000000000 0.02247530848279816543
0.00000000000000000000 0.02251531994262058814
0.00000000000000000000 0.02263384364858904776
0.00000000000000000000 0.02265896000137401431
0.00000000000000000000 0.02270664661096678111
0.00000000000000000000 0.02274262634564645433
0.00000000000000000000 0.02286969344688025499
0.00000000000000000000 0.02310676267568099670
0.00000000000000000000 0.02325599981387054677
0.00000000000000000000 0.02327270219361895001
0.00000000000000000000 0.02329726009456214650
0.00000000000000000000 0.02334558065774093583
0.00000000000000000000 0.02336681308652610936
0.00000000000000000000 0.02337632288663510360
0.00000000000000000000 0.02347385884512545942
0.00000000000000000000 0.02368072656761570013
0.00000000000000000000 0.02388810736669273044
0.00000000000000000000 0.02406942876869621467
0.00000000000000000000 0.02424451801523975353
0.00000000000000000000 0.02425763273547128576
0.00000000000000000000 0.02428189470206361389
0.00000000000000000000 0.02428439534024299726
0.00000000000000000000 0.02434343057464904633
0.00000000000000000000 0.02436525695531548477
0.00000000000000000000 0.02441748180045921063
0.00000000000000000000 0.02445466079975594162
0.00000000000000000000 0.02451292223927670558
0.00000000000000000000 0.02458967151955691877
0.00000000000000000000 0.02465527817417053832
0.00000000000000000000 0.02475040636498556865
0.00000000000000000000 0.02480860686207383980
0.00000000000000000000 0.02510325447719033778
0.00000000000000000000 0.02511334340540872373
0.00000000000000000000 0.02514947690017354034
0.00000000000000000000 0.02519269926107672516
0.00000000000000000000 0.02519832221176381351
0.00000000000000000000 0.02540702334740158747
0.00000000000000000000 0.02540892494274771263
0.00000000000000000000 0.02545266646030535512
0.00000000000000000000 0.02553712210876347977
0.00000000000000000000 0.02555211729048350450
0.00000000000000000000 0.02558814667586083516
0.00000000000000000000 0.02579059137364091495
0.00000000000000000000 0.02587651878897977847
0.00000000000000000000 0.02588272835582580353
0.00000000000000000000 0.02590700798758810083
0.00000000000000000000 0.02595259804375522547
0.00000000000000000000 0.02600473839204495152
0.00000000000000000000 0.02601908386486971939
0.00000000000000000000 0.02609328313363616647
0.00000000000000000000 0.02609558756521734510
0.00000000000000000000 0.02619672353118207217
0.00000000000000000000 0.02628822663806345411
0.00000000000000000000 0.02635338040923621700
0.00000000000000000000 0.02643097636553130153
0.00000000000000000000 0.02643318249977560930
0.00000000000000000000 0.02644146137616494932
0.00000000000000000000 0.02651064442650218067
0.00000000000000000000 0.02654305440324855603
0.00000000000000000000 0.02660141695601258433
0.00000000000000000000 0.02665884902030121739
0.00000000000000000000 0.02676119580038430895
0.00000000000000000000 0.02677465440466428315
0.00000000000000000000 0.02698542401384249750
0.00000000000000000000 0.02700912125549612824
0.00000000000000000000 0.02701209109536284805
0.00000000000000000000 0.02709596054365911652
0.00000000000000000000 0.02710421888531489715
0.00000000000000000000 0.02710965662947163041
0.00000000000000000000 0.02714701875173458623
0.00000000000000000000 0.02715353793804394650
0.00000000000000000000 0.02718488713365675366
0.00000000000000000000 0.02729566929046036566
0.00000000000000000000 0.02729998993827126991
0.00000000000000000000 0.02742560020793076425
0.00000000000000000000 0.02757080242488008787
0.00000000000000000000 0.02772944633838816259
0.00000000000000000000 0.02782994308836443664
0.00000000000000000000 0.02810410077775147078
0.00000000000000000000 0.02812158554814945741
0.00000000000000000000 0.02814464411174973438
0.00000000000000000000 0.02821300063340073314
0.00000000000000000000 0.02829192988781736862
0.00000000000000000000 0.02829742828662985127
0.00000000000000000000 0.02829776998112607314
0.00000000000000000000 0.02840188365814894436
0.00000000000000000000 0.02844267693869068081
0.00000000000000000000 0.02849032600765429371
0.00000000000000000000 0.02849692658776051962
0.00000000000000000000 0.02860263671465760119
0.00000000000000000000 0.02861127917636485662
0.00000000000000000000 0.02875122418400392552
0.00000000000000000000 0.02879076746623551383
0.00000000000000000000 0.02879089374034874207
0.00000000000000000000 0.02883938161696022670
0.00000000000000000000 0.02887907538704864024
0.00000000000000000000 0.02895323573731359984
0.00000000000000000000 0.02919838072223148936
0.00000000000000000000 0.02935577288441880428
0.00000000000000000000 0.02937510961494021675
0.00000000000000000000 0.02947058005278905754
0.00000000000000000000 0.02951369189714142180
0.00000000000000000000 0.02954926509423247763
0.00000000000000000000 0.02963187945763603309
0.00000000000000000000 0.02969490866671876256
0.00000000000000000000 0.02975833344144390019
0.00000000000000000000 0.02983009543410650860
0.00000000000000000000 0.02984366715580597310
0.00000000000000000000 0.02987534467139520838
0.00000000000000000000 0.02989496528216276094
0.00000000000000000000 0.02991464730448514450
0.00000000000000000000 0.02993836588163285156
0.00000000000000000000 0.02995213563165966333
0.00000000000000000000 0.03005382300366333040
0.00000000000000000000 0.03008403291871309185
0.00000000000000000000 0.03014700418377080221
0.00000000000000000000 0.03034904189484224912
0.00000000000000000000 0.03041059163719438477
0.00000000000000000000 0.03043907678368800926
0.00000000000000000000 0.03045858414541341430
0.00000000000000000000 0.03045895155155659006
0.00000000000000000000 0.03050330482449154987
0.00000000000000000000 0.03078188827579942874
0.00000000000000000000 0.03100831698347432733
0.00000000000000000000 0.03101312844682553235
0.00000000000000000000 0.03108177475164385431
0.00000000000000000000 0.03115553851752986964
0.00000000000000000000 0.03121881508852028878
0.00000000000000000000 0.03126821527789123284
0.00000000000000000000 0.03128452020426426838
0.00000000000000000000 0.03131626719232855766
0.00000000000000000000 0.03135115170621108338
0.00000000000000000000 0.03145486411222744860
0.00000000000000000000 0.03146059066312219960
0.00000000000000000000 0.03154519497677943374
0.00000000000000000000 0.03161930217942079957
0.00000000000000000000 0.03174152789921048934
0.00000000000000000000 0.03179857892062340485
0.00000000000000000000 0.03186208910933867322
0.00000000000000000000 0.03201521112812477643
0.00000000000000000000 0.03202161289773333697
0.00000000000000000000 0.03219787900788054213
0.00000000000000000000 0.03229801475513700143
0.00000000000000000000 0.03238086854499995504
0.00000000000000000000 0.03239207153261655647
0.00000000000000000000 0.03268741940652804268
0.00000000000000000000 0.03270307161099712812
0.00000000000000000000 0.03274616854313650710
0.00000000000000000000 0.03279099559409247300
0.00000000000000000000 0.03284167137981189311
0.00000000000000000000 0.03291212818913659410
0.00000000000000000000 0.03311614308705616849
0.00000000000000000000 0.03315247995127172664
0.00000000000000000000 0.03359524873258658978
0.00000000000000000000 0.03367918319259285281
0.00000000000000000000 0.03374370329130999685
0.00000000000000000000 0.03378230202685342937
0.00000000000000000000 0.03384181177681643005
0.00000000000000000000 0.03386456954198072133
0.00000000000000000000 0.03427466924216544808
0.00000000000000000000 0.03450083838932777730
0.00000000000000000000 0.03459077420284079052
0.00000000000000000000 0.03489806935229183144
0.00000000000000000000 0.03502721396566828294
0.00000000000000000000 0.03508033672465004499
0.00000000000000000000 0.03538751720915833676
0.00000000000000000000 0.03547882992667995838
0.00000000000000000000 0.03560264091391364405
0.00000000000000000000 0.03568722269328659241
0.00000000000000000000 0.03597970679893293389
0.00000000000000000000 0.03615896371723095748
0.00000000000000000000 0.03632499289928937253
0.00000000000000000000 0.03634225357658708855
0.00000000000000000000 0.03640593580704920562
0.00000000000000000000 0.03651158297045200424
0.00000000000000000000 0.03652291136639712610
0.00000000000000000000 0.03657313823105767109
0.00000000000000000000 0.03658951596526351796
0.00000000000000000000 0.03660517046794771467
0.00000000000000000000 0.03663954212121482701
0.00000000000000000000 0.03691890424017506972
0.00000000000000000000 0.03691942685212667996
0.00000000000000000000 0.03698463268823409811
0.00000000000000000000 0.03709259615296559703
0.00000000000000000000 0.03713230565664986382
0.00000000000000000000 0.03747048634095533765
0.00000000000000000000 0.03756096723875241433
0.00000000000000000000 0.03786226948318494739
0.00000000000000000000 0.03792870021322520407
0.00000000000000000000 0.03796458057235058831
0.00000000000000000000 0.03801592741852892476
0.00000000000000000000 0.03804543290321144022
0.00000000000000000000 0.03840277931809125272
0.00000000000000000000 0.03845035980481138760
0.00000000000000000000 0.03858012737226540478
0.00000000000000000000 0.03858161942778609577
0.00000000000000000000 0.03866678187196753713
0.00000000000000000000 0.03867437618733526872
0.00000000000000000000 0.03874574101689240435
0.00000000000000000000 0.03877826597525477204
0.00000000000000000000 0.03886472447268032870
0.00000000000000000000 0.03922531775784802305
0.00000000000000000000 0.03936772266696227790
0.00000000000000000000 0.03939585818749757190
0.00000000000000000000 0.03998218624255223813
0.00000000000000000000 0.04015824331372546546
0.00000000000000000000 0.04075851306953892639
0.00000000000000000000 0.04094938809393885298
0.00000000000000000000 0.04113165421132481542
0.00000000000000000000 0.04208830852967101327
0.00000000000000000000 0.04228323024719443657
0.00000000000000000000 0.04243344979120760446
0.00000000000000000000 0.04265802746333367118
0.00000000000000000000 0.04287393308424560651
0.00000000000000000000 0.04321387762151072953
0.00000000000000000000 0.04396808129056661157
0.00000000000000000000 0.04402880228257063933
0.00000000000000000000 0.04424404376938994438
0.00000000000000000000 0.04468009389034457296
0.00000000000000000000 0.04471707338404878884
0.00000000000000000000 0.04479141926173375171
0.00000000000000000000 0.04484784319544054404
0.00000000000000000000 0.04485212510321113372
0.00000000000000000000 0.04493302252213442899
0.00000000000000000000 0.04498124988480668024
0.00000000000000000000 0.04516850810753406109
0.00000000000000000000 0.04525784046027125918
0.00000000000000000000 0.04625925480052665850
0.00000000000000000000 0.04633400625221482938
0.00000000000000000000 0.04657606479664180149
0.00000000000000000000 0.04691775713434009204
0.00000000000000000000 0.04693000686469141203
0.00000000000000000000 0.04850577092086898190
0.00000000000000000000 0.04978736435748563893
0.00000000000000000000 0.05216566486887703330
0.00000000000000000000 0.05254116106581276785
0.00000000000000000000 0.05283060068794213915
0.00000000000000000000 0.05626016433578941156
0.00000000000000000000 0.05628954926262368791
0.00000000000000000000 0.05682898526743308809
0.00000000000000000000 0.05716019118479544192
0.00000000000000000000 0.05912060937023803919
0.00000000000000000000 0.05918604656443895995
0.00000000000000000000 0.06023116516136148291
0.00000000000000000000 0.06134751668166518734
0.00000000000000000000 0.06654614016032568691
0.00000000000000000000 0.06946438438421358164
0.00000000000000000000 0.07042746440349037518
0.00000000000000000000 0.07157910854234211806
0.00000000000000000000 0.07532194922261724324
0.00000000000000000000 0.08467993701343398683
0.00000000000000000000 1.73205080756887719318
