0.00000000000000000000 0.01457765575144552746
0.00000000000000000000 0.01495892350095061676
0.00000000000000000000 0.01638811429658827701
0.00000000000000000000 0.02409572011629395466
0.00000000000000000000 0.02838690863056204244
0.00000000000000000000 0.02877866132127343893
0.00000000000000000000 0.02918649293489666147
0.00000000000000000000 0.03039737615154219919
0.00000000000000000000 0.03267610910606067592
0.00000000000000000000 0.03321227463523832024
0.00000000000000000000 0.03614892240920670324
0.00000000000000000000 0.03654249595957877184
0.00000000000000000000 0.03736135328257284005
0.00000000000000000000 0.03863476091557740272
0.00000000000000000000 0.03913749829553912762
0.00000000000000000000 0.03978239242674853210
0.00000000000000000000 0.04133443621180427074
0.00000000000000000000 0.04230957231443943645
0.00000000000000000000 0.04246362706922993113
0.00000000000000000000 0.04298356007044171201
0.00000000000000000000 0.04349276870062076389
0.00000000000000000000 0.04490636906237108900
0.00000000000000000000 0.04521821773490489887
0.00000000000000000000 0.04613363052987470847
0.00000000000000000000 0.04744059310749496050
0.00000000000000000000 0.04836515111582064680
0.00000000000000000000 0.04856935907200479741
0.00000000000000000000 0.05000840925222273248
0.00000000000000000000 0.05021704682536569375
0.00000000000000000000 0.05077210891009200505
0.00000000000000000000 0.05204972856214142019
0.00000000000000000000 0.05224773310124807002
0.00000000000000000000 0.05284610971876400193
0.00000000000000000000 0.05289675988445254745
0.00000000000000000000 0.05362485185644376429
0.00000000000000000000 0.05444508700283325758
0.00000000000000000000 0.05523083332743500967
0.00000000000000000000 0.05560104535808617354
0.00000000000000000000 0.05566792066460268806
0.00000000000000000000 0.05668404777380497972
0.00000000000000000000 0.05712367954770556505
0.00000000000000000000 0.05725673472463038011
0.00000000000000000000 0.05735689435686172621
0.00000000000000000000 0.05735746724837883365
0.00000000000000000000 0.05821003793926566444
0.00000000000000000000 0.05831586821672603976
0.00000000000000000000 0.05870405998388081997
0.00000000000000000000 0.05941992431447575690
0.00000000000000000000 0.05995291500625760106
0.00000000000000000000 0.06099773072081014075
0.00000000000000000000 0.06119770385991701173
0.00000000000000000000 0.06164358193574075856
0.00000000000000000000 0.06194979887537764573
0.00000000000000000000 0.06239897930076675203
0.00000000000000000000 0.06295323652620270216
0.00000000000000000000 0.06473277924549236673
0.00000000000000000000 0.06576244211801030026
0.00000000000000000000 0.06607624515365272122
0.00000000000000000000 0.06632933142026714579
0.00000000000000000000 0.06657751561852101596
0.00000000000000000000 0.06699972292385750205
0.00000000000000000000 0.06705994226603215203
0.00000000000000000000 0.06706962910090645547
0.00000000000000000000 0.06786088962196355767
0.00000000000000000000 0.06911477262677913347
0.00000000000000000000 0.06922856155206361106
0.00000000000000000000 0.07020170383786623891
0.00000000000000000000 0.07041222200172544965
0.00000000000000000000 0.07042071112365318186
0.00000000000000000000 0.07049584126077303170
0.00000000000000000000 0.07061034893920717370
0.00000000000000000000 0.07105192204735175099
0.00000000000000000000 0.07122227985590556809
0.00000000000000000000 0.07130717868992847430
0.00000000000000000000 0.07223962257864222081
0.00000000000000000000 0.07226963920041487577
0.00000000000000000000 0.07248573470587350853
0.00000000000000000000 0.07248948465591194268
0.00000000000000000000 0.07268840582923161153
0.00000000000000000000 0.07272046660170027044
0.00000000000000000000 0.07325360649908849164
0.00000000000000000000 0.07354472510886352066
0.00000000000000000000 0.07358307778986061809
0.00000000000000000000 0.07558662245731906371
0.00000000000000000000 0.07607156347615215419
0.00000000000000000000 0.07612705442021970581
0.00000000000000000000 0.07614973083680565136
0.00000000000000000000 0.07675005133449722128
0.00000000000000000000 0.07676121833272188388
0.00000000000000000000 0.07707173933587413428
0.00000000000000000000 0.07738017222049077548
0.00000000000000000000 0.07814485744268401257
0.00000000000000000000 0.07846486833916624382
0.00000000000000000000 0.07878808277360634105
0.00000000000000000000 0.07952186730200019871
0.00000000000000000000 0.07959382243187265726
0.00000000000000000000 0.07962577155572120313
0.00000000000000000000 0.07985526486540146796
0.00000000000000000000 0.08028762018510084142
0.00000000000000000000 0.08044274483581510815
0.00000000000000000000 0.08053117169253284913
0.00000000000000000000 0.08062541398734854314
0.00000000000000000000 0.08125433027233205929
0.00000000000000000000 0.08125818807579505976
0.00000000000000000000 0.08125875710072681668
0.00000000000000000000 0.08133770251572013110
0.00000000000000000000 0.08139072402865234201
0.00000000000000000000 0.08170753343083125841
0.00000000000000000000 0.08197533783073837621
0.00000000000000000000 0.08197775537898305265
0.00000000000000000000 0.08208749176922504331
0.00000000000000000000 0.08262289243755679968
0.00000000000000000000 0.08280326495935048936
0.00000000000000000000 0.08294368318184233702
0.00000000000000000000 0.08304621643090148719
0.00000000000000000000 0.08315129656319084073
0.00000000000000000000 0.08318986282014620426
0.00000000000000000000 0.08330455933436980986
0.00000000000000000000 0.08379012761644606677
0.00000000000000000000 0.08395481072589010274
0.00000000000000000000 0.08426689600276195125
0.00000000000000000000 0.08429643386191204568
0.00000000000000000000 0.08435566629393363713
0.00000000000000000000 0.08480077517700816692
0.00000000000000000000 0.08489328415804593686
0.00000000000000000000 0.08495301652332658271
0.00000000000000000000 0.08543170071664223097
0.00000000000000000000 0.08551521411322900168
0.00000000000000000000 0.08562294454718009928
0.00000000000000000000 0.08601328606520551590
0.00000000000000000000 0.08638526283821232332
0.00000000000000000000 0.08640123941471183899
0.00000000000000000000 0.08676541497252662771
0.00000000000000000000 0.08691307537732133326
0.00000000000000000000 0.08773761349600880943
0.00000000000000000000 0.08855730864249314327
0.00000000000000000000 0.08891196526972718062
0.00000000000000000000 0.08935042343259855246
0.00000000000000000000 0.08935778561718284163
0.00000000000000000000 0.08965993691192379600
0.00000000000000000000 0.08975333873700769294
0.00000000000000000000 0.08999281669183228916
0.00000000000000000000 0.09081915302671556001
0.00000000000000000000 0.09082511344237885476
0.00000000000000000000 0.09103243915405115350
0.00000000000000000000 0.09131344201554489337
0.00000000000000000000 0.09165371112614974225
0.00000000000000000000 0.09173864371969221720
0.00000000000000000000 0.09245323941130074996
0.00000000000000000000 0.09256375932293817166
0.00000000000000000000 0.09268191682019973066
0.00000000000000000000 0.09290541408060859485
0.00000000000000000000 0.09295468157612085669
0.00000000000000000000 0.09340749286693955655
0.00000000000000000000 0.09349047092573416207
0.00000000000000000000 0.09377005009576805383
0.00000000000000000000 0.09383124190167024814
0.00000000000000000000 0.09401676304661993333
0.00000000000000000000 0.09423070781123267514
0.00000000000000000000 0.09482551381209186614
0.00000000000000000000 0.09501852566230475916
0.00000000000000000000 0.09531454809490320923
0.00000000000000000000 0.09545025803894985339
0.00000000000000000000 0.09572741102151291481
0.00000000000000000000 0.09582919013416360543
0.00000000000000000000 0.09601692640833128789
0.00000000000000000000 0.09612498841619203371
0.00000000000000000000 0.09616779261336724782
0.00000000000000000000 0.09665201170262707753
0.00000000000000000000 0.09676073272978702455
0.00000000000000000000 0.09689405405461630483
0.00000000000000000000 0.09768603252205884657
0.00000000000000000000 0.09776575250467831046
0.00000000000000000000 0.09810874956184834073
0.00000000000000000000 0.09836931137036471207
0.00000000000000000000 0.09841091765143734904
0.00000000000000000000 0.09884460300131613086
0.00000000000000000000 0.09890113764925714812
0.00000000000000000000 0.09899193698073872894
0.00000000000000000000 0.09924025546646580986
0.00000000000000000000 0.09957678637476055639
0.00000000000000000000 0.10003920606262334259
0.00000000000000000000 0.10019289347328723394
0.00000000000000000000 0.10052521430132875524
0.00000000000000000000 0.10072334607495520009
0.00000000000000000000 0.10101717236568985570
0.00000000000000000000 0.10113372890967381457
0.00000000000000000000 0.10121466387257668784
0.00000000000000000000 0.10154673011775859626
0.00000000000000000000 0.10154926621499053840
0.00000000000000000000 0.10167462675555090368
0.00000000000000000000 0.10169803095454266195
0.00000000000000000000 0.10174895320017492140
0.00000000000000000000 0.10178846770354071927
0.00000000000000000000 0.10191813577601517571
0.00000000000000000000 0.10208820311335473074
0.00000000000000000000 0.10216530634521407694
0.00000000000000000000 0.10226256361201946365
0.00000000000000000000 0.10254924669435921958
0.00000000000000000000 0.10256114248495896979
0.00000000000000000000 0.10261758328419949560
0.00000000000000000000 0.10265752115562476465
0.00000000000000000000 0.10288891626329264850
0.00000000000000000000 0.10289588496505315540
0.00000000000000000000 0.10317422801340826732
0.00000000000000000000 0.10326790572088004327
0.00000000000000000000 0.10352540183079407543
0.00000000000000000000 0.10354667199593811655
0.00000000000000000000 0.10386498060517905528
0.00000000000000000000 0.10387087429128612215
0.00000000000000000000 0.10401984473718774160
0.00000000000000000000 0.10402501618923230831
0.00000000000000000000 0.10443525628654420911
0.00000000000000000000 0.10474112136666538508
0.00000000000000000000 0.10630692612589114077
0.00000000000000000000 0.10640507044388869407
0.00000000000000000000 0.10643652843685230680
0.00000000000000000000 0.10671136008886299151
0.00000000000000000000 0.10674310913619142194
0.00000000000000000000 0.10678305280986186143
0.00000000000000000000 0.10687685331739725514
0.00000000000000000000 0.10703209145500695854
0.00000000000000000000 0.10747843828922623577
0.00000000000000000000 0.10775541848645164844
0.00000000000000000000 0.10782358594823439335
0.00000000000000000000 0.10787483462609294416
0.00000000000000000000 0.10800607988834334816
0.00000000000000000000 0.10803133503214627786
0.00000000000000000000 0.10813029998454465330
0.00000000000000000000 0.10838544858736709475
0.00000000000000000000 0.10847338775680019640
0.00000000000000000000 0.10862830992236592598
0.00000000000000000000 0.10872780265679884981
0.00000000000000000000 0.10896409700718727442
0.00000000000000000000 0.10959943888053354233
0.00000000000000000000 0.10967567371955580513
0.00000000000000000000 0.11000642253915766944
0.00000000000000000000 0.11042507722823473315
0.00000000000000000000 0.11048127200590777963
0.00000000000000000000 0.11053856512515732036
0.00000000000000000000 0.11056896933391917315
0.00000000000000000000 0.11083060777431939792
0.00000000000000000000 0.11110577487656418672
0.00000000000000000000 0.11125518702416437034
0.00000000000000000000 0.11126700019295840405
0.00000000000000000000 0.11140195541651094768
0.00000000000000000000 0.11166833090430693110
0.00000000000000000000 0.11183152848287508663
0.00000000000000000000 0.11184312676136580478
0.00000000000000000000 0.11196823420099781543
0.00000000000000000000 0.11218577005571771232
0.00000000000000000000 0.11235397189601725731
0.00000000000000000000 0.11254129141714404316
0.00000000000000000000 0.11269910278081231303
0.00000000000000000000 0.11330881497297547178
0.00000000000000000000 0.11351293643490596719
0.00000000000000000000 0.11358332877444360376
0.00000000000000000000 0.11360281317263452860
0.00000000000000000000 0.11371062082280154748
0.00000000000000000000 0.11371990347355695472
0.00000000000000000000 0.11376276722852411705
0.00000000000000000000 0.11401270864286873474
0.00000000000000000000 0.11405138325285565926
0.00000000000000000000 0.11409893725697425881
0.00000000000000000000 0.11434544864881975024
0.00000000000000000000 0.11441057294522655186
0.00000000000000000000 0.11459597570068898176
0.00000000000000000000 0.11484966296650443718
0.00000000000000000000 0.11484973252936488131
0.00000000000000000000 0.11535819159755951457
0.00000000000000000000 0.11558302984966686844
0.00000000000000000000 0.11610643213414886810
0.00000000000000000000 0.11613648816951697984
0.00000000000000000000 0.11626674313155239970
0.00000000000000000000 0.11668350075041311609
0.00000000000000000000 0.11675226319343022519
0.00000000000000000000 0.11699984530071032285
0.00000000000000000000 0.11716176594795306432
0.00000000000000000000 0.11782947441107655129
0.00000000000000000000 0.11795644897378800009
0.00000000000000000000 0.11820276320403894088
0.00000000000000000000 0.11905849820799770111
0.00000000000000000000 0.11908463568982256831
0.00000000000000000000 0.11935749683711378843
0.00000000000000000000 0.11940501588182253490
0.00000000000000000000 0.11941800771910006385
0.00000000000000000000 0.11950825914344272161
0.00000000000000000000 0.11958474459575475779
0.00000000000000000000 0.11975256611120586869
0.00000000000000000000 0.11998103507572657755
0.00000000000000000000 0.12024055976950583091
0.00000000000000000000 0.12039108455483502058
0.00000000000000000000 0.12052469995668833869
0.00000000000000000000 0.12182399598054349799
0.00000000000000000000 0.12186098121302765818
0.00000000000000000000 0.12193166899133436876
0.00000000000000000000 0.12215775327521551097
0.00000000000000000000 0.12223517737641821646
0.00000000000000000000 0.12265813563242665418
0.00000000000000000000 0.12352544098528567273
0.00000000000000000000 0.12377909478404999777
0.00000000000000000000 0.12398803277624055597
0.00000000000000000000 0.12401912152346387941
0.00000000000000000000 0.12405430668282901863
0.00000000000000000000 0.12449711710085929750
0.00000000000000000000 0.12490161836688078167
0.00000000000000000000 0.12522020438983891277
0.00000000000000000000 0.12529858988381178952
0.00000000000000000000 0.12573091292941579455
0.00000000000000000000 0.12584164815225334921
0.00000000000000000000 0.12585040233550628952
0.00000000000000000000 0.12590955113414364908
0.00000000000000000000 0.12593519525216978483
0.00000000000000000000 0.12652059431334050643
0.00000000000000000000 0.12671301730428916055
0.00000000000000000000 0.12684958913689134419
0.00000000000000000000 0.12693925373708847548
0.00000000000000000000 0.12712295548233337739
0.00000000000000000000 0.12760547776776287598
0.00000000000000000000 0.12776581844040976743
0.00000000000000000000 0.12778290675911982421
0.00000000000000000000 0.12787998009583859127
0.00000000000000000000 0.12798036006176174983
0.00000000000000000000 0.12850147510420154018
0.00000000000000000000 0.12853489459859768207
0.00000000000000000000 0.12856885149906285837
0.00000000000000000000 0.12898803842904943417
0.00000000000000000000 0.12920146734092197160
0.00000000000000000000 0.12929660747134286147
0.00000000000000000000 0.12957914113546092905
0.00000000000000000000 0.12988972482097355110
0.00000000000000000000 0.13008318769600640818
0.00000000000000000000 0.13010750992789532621
0.00000000000000000000 0.13034470983367277275
0.00000000000000000000 0.13044053370883584853
0.00000000000000000000 0.13047353471100503475
0.00000000000000000000 0.13056724160812532842
0.00000000000000000000 0.13080237972599792484
0.00000000000000000000 0.13087957985602102773
0.00000000000000000000 0.13133707381218134858
0.00000000000000000000 0.13140359131497902911
0.00000000000000000000 0.13170781010694801449
0.00000000000000000000 0.13173651291973442756
0.00000000000000000000 0.13181046262834617000
0.00000000000000000000 0.13194783659015921207
0.00000000000000000000 0.13196873375623663360
0.00000000000000000000 0.13206469034159526443
0.00000000000000000000 0.13240715694902888133
0.00000000000000000000 0.13308565534653005180
0.00000000000000000000 0.13326446622773746586
0.00000000000000000000 0.13337637114652484138
0.00000000000000000000 0.13347274518228879892
0.00000000000000000000 0.13349975645752643061
0.00000000000000000000 0.13426678648165021879
0.00000000000000000000 0.13449953744719037041
0.00000000000000000000 0.13524161326739522759
0.00000000000000000000 0.13572620674640048510
0.00000000000000000000 0.13622566219832366041
0.00000000000000000000 0.13656840037003104005
0.00000000000000000000 0.13668101644551206020
0.00000000000000000000 0.13679098555143123783
0.00000000000000000000 0.13694595260456041141
0.00000000000000000000 0.13727215126488950814
0.00000000000000000000 0.13838774481745519385
0.00000000000000000000 0.13846843735902733541
0.00000000000000000000 0.14022160025074675849
0.00000000000000000000 0.14058568662999967880
0.00000000000000000000 0.14150398856113993729
0.00000000000000000000 0.14152938067268866495
0.00000000000000000000 0.14195085062660098285
0.00000000000000000000 0.14258363777759233693
0.00000000000000000000 0.14326043834514037845
0.00000000000000000000 0.14332409254317429737
0.00000000000000000000 0.14412709124502282032
0.00000000000000000000 0.14448806007593378853
0.00000000000000000000 0.14491897173554035838
0.00000000000000000000 0.14516282405519442822
0.00000000000000000000 0.14558070960178406961
0.00000000000000000000 0.14566427149122923579
0.00000000000000000000 0.14579633435060215807
0.00000000000000000000 0.14582550736606675335
0.00000000000000000000 0.14611126212620709208
0.00000000000000000000 0.14650671636451967350
0.00000000000000000000 0.14696375297035113583
0.00000000000000000000 0.14712147430297642381
0.00000000000000000000 0.14764397835388756719
0.00000000000000000000 0.14778699827097296904
0.00000000000000000000 0.14800763828541785294
0.00000000000000000000 0.14863338589740709983
0.00000000000000000000 0.14921217639318151704
0.00000000000000000000 0.14955920933139746354
0.00000000000000000000 0.14978601219204196182
0.00000000000000000000 0.15000527925562578968
0.00000000000000000000 0.15053219900746844795
0.00000000000000000000 0.15106980057696720032
0.00000000000000000000 0.15118736721456371708
0.00000000000000000000 0.15198119230775483657
0.00000000000000000000 0.15244827389159851250
0.00000000000000000000 0.15308844631378618062
0.00000000000000000000 0.15323104098383022453
0.00000000000000000000 0.15340087116658598920
0.00000000000000000000 0.15350267656717289655
0.00000000000000000000 0.15351552773027599130
0.00000000000000000000 0.15376849062690647885
0.00000000000000000000 0.15412956031646357635
0.00000000000000000000 0.15418104395934054129
0.00000000000000000000 0.15462358683201835041
0.00000000000000000000 0.15471734630574648928
0.00000000000000000000 0.15486076828612124756
0.00000000000000000000 0.15597394036570241815
0.00000000000000000000 0.15648762500548182852
0.00000000000000000000 0.15649656347797358258
0.00000000000000000000 0.15655645920835620233
0.00000000000000000000 0.15700394803702952262
0.00000000000000000000 0.15726085647418425184
0.00000000000000000000 0.15727931380795753813
0.00000000000000000000 0.15800567232723700117
0.00000000000000000000 0.15846565360600900485
0.00000000000000000000 0.15848084696048916897
0.00000000000000000000 0.15872506948169951002
0.00000000000000000000 0.15882586507494397821
0.00000000000000000000 0.16055867644963722762
0.00000000000000000000 0.16095098965062842877
0.00000000000000000000 0.16243743583328221214
0.00000000000000000000 0.16280782983225453031
0.00000000000000000000 0.16288114986794241523
0.00000000000000000000 0.16295391150659774282
0.00000000000000000000 0.16336259610066877768
0.00000000000000000000 0.16395053366715373055
0.00000000000000000000 0.16435268640829947540
0.00000000000000000000 0.16514591472805745243
0.00000000000000000000 0.16618940049062158604
0.00000000000000000000 0.16669279884045504203
0.00000000000000000000 0.16773178135958416446
0.00000000000000000000 0.16788995244827148445
0.00000000000000000000 0.16797097033596303239
0.00000000000000000000 0.16819407075182427058
0.00000000000000000000 0.16843801805314154163
0.00000000000000000000 0.16857440658678771173
0.00000000000000000000 0.16867177943374042637
0.00000000000000000000 0.16933104720288646994
0.00000000000000000000 0.16977800585588784243
0.00000000000000000000 0.17054915394867176115
0.00000000000000000000 0.17135859511600515237
0.00000000000000000000 0.17270646798480451811
0.00000000000000000000 0.17304101295901971880
0.00000000000000000000 0.17343619721502548381
0.00000000000000000000 0.17499985632537135016
0.00000000000000000000 0.17518110889403831765
0.00000000000000000000 0.17552376609402031704
0.00000000000000000000 0.17572177317208750869
0.00000000000000000000 0.17644186636023093118
0.00000000000000000000 0.17715090474602265824
0.00000000000000000000 0.17783313703436107178
0.00000000000000000000 0.17805997342843418729
0.00000000000000000000 0.17869168166461388281
0.00000000000000000000 0.17906619467224052511
0.00000000000000000000 0.17928495616496106790
0.00000000000000000000 0.17977020179230804309
0.00000000000000000000 0.18044218371814177426
0.00000000000000000000 0.18089613282603453359
0.00000000000000000000 0.18145619377164434738
0.00000000000000000000 0.18183323370264672936
0.00000000000000000000 0.18209777087502257431
0.00000000000000000000 0.18217840148285685542
0.00000000000000000000 0.18227437946037844396
0.00000000000000000000 0.18323828894014582147
0.00000000000000000000 0.18337161262300044617
0.00000000000000000000 0.18365904962768711539
0.00000000000000000000 0.18602800359862542434
0.00000000000000000000 0.18710332921441957810
0.00000000000000000000 0.18791298785834781304
0.00000000000000000000 0.18880519133669718124
0.00000000000000000000 0.18960868197540423075
0.00000000000000000000 0.19106693612780942249
0.00000000000000000000 0.19303121628158423362
0.00000000000000000000 0.19329642150233064535
0.00000000000000000000 0.19438137520122777957
0.00000000000000000000 0.19862881570442272872
0.00000000000000000000 0.19918420072910894558
0.00000000000000000000 0.19985753721405569161
0.00000000000000000000 0.20105006576111791872
0.00000000000000000000 0.20275825563386781769
0.00000000000000000000 0.20332521386763968696
0.00000000000000000000 0.20616798083415124876
0.00000000000000000000 0.20668701231009684038
0.00000000000000000000 0.20679615006679832878
0.00000000000000000000 0.20985520237297308754
0.00000000000000000000 0.21001748762276939431
0.00000000000000000000 0.21099467117966250185
0.00000000000000000000 0.21565313953029399685
0.00000000000000000000 0.23560241880737547993
0.00000000000000000000 0.23615972228933829191
0.00000000000000000000 0.24132961077112893844
0.00000000000000000000 0.24305898967376710074
0.00000000000000000000 0.24766521087518167388
0.00000000000000000000 0.25907108893802227589
0.00000000000000000000 0.26069678076958863189
0.00000000000000000000 0.28388482811781384774
0.00000000000000000000 1.73205080756887719318
