0.00000000000000000000 0.00104044239177796937
0.00000000000000000000 0.00129358986678366496
0.00000000000000000000 0.00207806198957463878
0.00000000000000000000 0.00246250359483299449
0.00000000000000000000 0.00248301305099041941
0.00000000000000000000 0.00257541456015913462
0.00000000000000000000 0.00270519626103903283
0.00000000000000000000 0.00284736665103096269
0.00000000000000000000 0.00311343079140095555
0.00000000000000000000 0.00313872293259409661
0.00000000000000000000 0.00314414567183566055
0.00000000000000000000 0.00319149484327111875
0.00000000000000000000 0.00326739289735204991
0.00000000000000000000 0.00342103667816323967
0.00000000000000000000 0.00345116110434219581
0.00000000000000000000 0.00355923531262642258
0.00000000000000000000 0.00367739007662186987
0.00000000000000000000 0.00377421003017618193
0.00000000000000000000 0.00378063989164456864
0.00000000000000000000 0.00378164053028996880
0.00000000000000000000 0.00382021945052457308
0.00000000000000000000 0.00383426160134494199
0.00000000000000000000 0.00385139357757136643
0.00000000000000000000 0.00389033826855992877
0.00000000000000000000 0.00392081097039333713
0.00000000000000000000 0.00394207316177429615
0.00000000000000000000 0.00399420345022840403
0.00000000000000000000 0.00411003179592527110
0.00000000000000000000 0.00417980960845776815
0.00000000000000000000 0.00418871028329290563
0.00000000000000000000 0.00422339924892219803
0.00000000000000000000 0.00454911654129314547
0.00000000000000000000 0.00458612127727112216
0.00000000000000000000 0.00459485796166998750
0.00000000000000000000 0.00459977540930343702
0.00000000000000000000 0.00467606576671163003
0.00000000000000000000 0.00474426209283175093
0.00000000000000000000 0.00500610786320042529
0.00000000000000000000 0.00503892240795970978
0.00000000000000000000 0.00504952870398530426
0.00000000000000000000 0.00510563153869206168
0.00000000000000000000 0.00513878191259049474
0.00000000000000000000 0.00523716360901406962
0.00000000000000000000 0.00533792455884001676
0.00000000000000000000 0.00536933105819490004
0.00000000000000000000 0.00542197944856916917
0.00000000000000000000 0.00552990486321066916
0.00000000000000000000 0.00555694849506173892
0.00000000000000000000 0.00558681488983042533
0.00000000000000000000 0.00561550112246274671
0.00000000000000000000 0.00562566232588618612
0.00000000000000000000 0.00564763783192611356
0.00000000000000000000 0.00566212769321321890
0.00000000000000000000 0.00572207803819618690
0.00000000000000000000 0.00577260299864255227
0.00000000000000000000 0.00582556624732337002
0.00000000000000000000 0.00583804400077313213
0.00000000000000000000 0.00586529814744791295
0.00000000000000000000 0.00588903190623785155
0.00000000000000000000 0.00591199854311747191
0.00000000000000000000 0.00597818942219426920
0.00000000000000000000 0.00599937103132171159
0.00000000000000000000 0.00601071237218161938
0.00000000000000000000 0.00603026279010774029
0.00000000000000000000 0.00603472183293675673
0.00000000000000000000 0.00603965356594555938
0.00000000000000000000 0.00604129649762307538
0.00000000000000000000 0.00617539120776310416
0.00000000000000000000 0.00618726014779774625
0.00000000000000000000 0.00620310960378667176
0.00000000000000000000 0.00625333926232880550
0.00000000000000000000 0.00632785927556896860
0.00000000000000000000 0.00633837294558207715
0.00000000000000000000 0.00639162535725527978
0.00000000000000000000 0.00639487177652908832
0.00000000000000000000 0.00647000912117279021
0.00000000000000000000 0.00656982121015545987
0.00000000000000000000 0.00667256775804555332
0.00000000000000000000 0.00671596667274503793
0.00000000000000000000 0.00678074381776464820
0.00000000000000000000 0.00680763581547914973
0.00000000000000000000 0.00687884901084668578
0.00000000000000000000 0.00695966952344730366
0.00000000000000000000 0.00704478176082021755
0.00000000000000000000 0.00707276980906451636
0.00000000000000000000 0.00708023059282753952
0.00000000000000000000 0.00708827821509573457
0.00000000000000000000 0.00709804125461583040
0.00000000000000000000 0.00710923264472309701
0.00000000000000000000 0.00714545564542786414
0.00000000000000000000 0.00714858142358060222
0.00000000000000000000 0.00721485397029285758
0.00000000000000000000 0.00722509275832218176
0.00000000000000000000 0.00723578323929984814
0.00000000000000000000 0.00723734640691219878
0.00000000000000000000 0.00723771831243413995
0.00000000000000000000 0.00724622199998253402
0.00000000000000000000 0.00724921136801952477
0.00000000000000000000 0.00725632588974912777
0.00000000000000000000 0.00730439261535992257
0.00000000000000000000 0.00755493418648246935
0.00000000000000000000 0.00759006807170277322
0.00000000000000000000 0.00761738739598197701
0.00000000000000000000 0.00770049413430778408
0.00000000000000000000 0.00771449286040323118
0.00000000000000000000 0.00772737270795689855
0.00000000000000000000 0.00777380106822793838
0.00000000000000000000 0.00785781241758904889
0.00000000000000000000 0.00787804568837242522
0.00000000000000000000 0.00788478684662548106
0.00000000000000000000 0.00793812050972056600
0.00000000000000000000 0.00796520271899822316
0.00000000000000000000 0.00801428494645893379
0.00000000000000000000 0.00804026204645767219
0.00000000000000000000 0.00805658304260944633
0.00000000000000000000 0.00807204980957338877
0.00000000000000000000 0.00810314993715003512
0.00000000000000000000 0.00811450188473573399
0.00000000000000000000 0.00811598116198796599
0.00000000000000000000 0.00812945400857038696
0.00000000000000000000 0.00813919717151773831
0.00000000000000000000 0.00815240970023989320
0.00000000000000000000 0.00816041033881115783
0.00000000000000000000 0.00817392959776721585
0.00000000000000000000 0.00817971489206845669
0.00000000000000000000 0.00818154060077168170
0.00000000000000000000 0.00820157337873844358
0.00000000000000000000 0.00826826894287475793
0.00000000000000000000 0.00829327686072556768
0.00000000000000000000 0.00830612246603008170
0.00000000000000000000 0.00830754766398708946
0.00000000000000000000 0.00831838057887250917
0.00000000000000000000 0.00836107695424032939
0.00000000000000000000 0.00837281973668032274
0.00000000000000000000 0.00838075820336803105
0.00000000000000000000 0.00845042911116102372
0.00000000000000000000 0.00850055717729465005
0.00000000000000000000 0.00853890168992787330
0.00000000000000000000 0.00858413889116891628
0.00000000000000000000 0.00861429690109587892
0.00000000000000000000 0.00862541101952322975
0.00000000000000000000 0.00877152634756494208
0.00000000000000000000 0.00883950061304903008
0.00000000000000000000 0.00887737578297952828
0.00000000000000000000 0.00891418083354192196
0.00000000000000000000 0.00891470375633680173
0.00000000000000000000 0.00892007598009712799
0.00000000000000000000 0.00892711484238272769
0.00000000000000000000 0.00894080788580109073
0.00000000000000000000 0.00895326685224135874
0.00000000000000000000 0.00896795430251630041
0.00000000000000000000 0.00899213097862922549
0.00000000000000000000 0.00901975241924836933
0.00000000000000000000 0.00902428772723423180
0.00000000000000000000 0.00905402911177936170
0.00000000000000000000 0.00906563511133578852
0.00000000000000000000 0.00906836024361162146
0.00000000000000000000 0.00911692467499527169
0.00000000000000000000 0.00916040536085270009
0.00000000000000000000 0.00917565712027325689
0.00000000000000000000 0.00919613834460853916
0.00000000000000000000 0.00920488121584371599
0.00000000000000000000 0.00921731648778553216
0.00000000000000000000 0.00922109110275474465
0.00000000000000000000 0.00926086371385433788
0.00000000000000000000 0.00931731205782994169
0.00000000000000000000 0.00936702554407037313
0.00000000000000000000 0.00939693433605521579
0.00000000000000000000 0.00943456339011343285
0.00000000000000000000 0.00951772006359711924
0.00000000000000000000 0.00957754361292026055
0.00000000000000000000 0.00958072860659688573
0.00000000000000000000 0.00959378961474648129
0.00000000000000000000 0.00961133433041439118
0.00000000000000000000 0.00961873851828005770
0.00000000000000000000 0.00963196729124858771
0.00000000000000000000 0.00967924881753116743
0.00000000000000000000 0.00972257573094019618
0.00000000000000000000 0.00973884992308618989
0.00000000000000000000 0.00973996315507628767
0.00000000000000000000 0.00975108439693115996
0.00000000000000000000 0.00979957051402234082
0.00000000000000000000 0.00985117480555179614
0.00000000000000000000 0.00992063685230422029
0.00000000000000000000 0.00992294517050860102
0.00000000000000000000 0.01000577702057293961
0.00000000000000000000 0.01001147112652123541
0.00000000000000000000 0.01002436266960929183
0.00000000000000000000 0.01002583965133571273
0.00000000000000000000 0.01003038234333380671
0.00000000000000000000 0.01006248947635143311
0.00000000000000000000 0.01006841684319160178
0.00000000000000000000 0.01007569917771800917
0.00000000000000000000 0.01007786981174994129
0.00000000000000000000 0.01008679244349552917
0.00000000000000000000 0.01015523395742223486
0.00000000000000000000 0.01017198915539283856
0.00000000000000000000 0.01022151308870945796
0.00000000000000000000 0.01023613795929293260
0.00000000000000000000 0.01024798827792826154
0.00000000000000000000 0.01025306542678112998
0.00000000000000000000 0.01025411170573559301
0.00000000000000000000 0.01026828506953756520
0.00000000000000000000 0.01027468089104822090
0.00000000000000000000 0.01029432354426453901
0.00000000000000000000 0.01034969990867014474
0.00000000000000000000 0.01035498181367772337
0.00000000000000000000 0.01037926821168180629
0.00000000000000000000 0.01038150606471946805
0.00000000000000000000 0.01047898359904530195
0.00000000000000000000 0.01049332220120857868
0.00000000000000000000 0.01052258893359111006
0.00000000000000000000 0.01055062685877940221
0.00000000000000000000 0.01055537619098573764
0.00000000000000000000 0.01055795106813654967
0.00000000000000000000 0.01059067932674715232
0.00000000000000000000 0.01069081185610046628
0.00000000000000000000 0.01072167979320862163
0.00000000000000000000 0.01074781388231278202
0.00000000000000000000 0.01076667815672372949
0.00000000000000000000 0.01079109383247297063
0.00000000000000000000 0.01079537899036306370
0.00000000000000000000 0.01082787191294802900
0.00000000000000000000 0.01084367568189103202
0.00000000000000000000 0.01084543457486809512
0.00000000000000000000 0.01086509402926108883
0.00000000000000000000 0.01088155077320968403
0.00000000000000000000 0.01091087702298215202
0.00000000000000000000 0.01092005541191456638
0.00000000000000000000 0.01098494854551031012
0.00000000000000000000 0.01099457199935138275
0.00000000000000000000 0.01100381277454448754
0.00000000000000000000 0.01102439032975366731
0.00000000000000000000 0.01104818361104732867
0.00000000000000000000 0.01106900040454578300
0.00000000000000000000 0.01108626500240925128
0.00000000000000000000 0.01108934641728512652
0.00000000000000000000 0.01112087497308860383
0.00000000000000000000 0.01112782611754642437
0.00000000000000000000 0.01115082830365849917
0.00000000000000000000 0.01116189631667835816
0.00000000000000000000 0.01122570272628655406
0.00000000000000000000 0.01122576110742937172
0.00000000000000000000 0.01128587377775031562
0.00000000000000000000 0.01136992181747447685
0.00000000000000000000 0.01139314778777518120
0.00000000000000000000 0.01141009970169315317
0.00000000000000000000 0.01144598628882337668
0.00000000000000000000 0.01147590350318873111
0.00000000000000000000 0.01149481057576360633
0.00000000000000000000 0.01149836531090605261
0.00000000000000000000 0.01155056193949642422
0.00000000000000000000 0.01155326902845617461
0.00000000000000000000 0.01157053076499109205
0.00000000000000000000 0.01157975618495577126
0.00000000000000000000 0.01164994000299155591
0.00000000000000000000 0.01167494406444254638
0.00000000000000000000 0.01168629215858137289
0.00000000000000000000 0.01168647213460753502
0.00000000000000000000 0.01178944265001719699
0.00000000000000000000 0.01183968981620189473
0.00000000000000000000 0.01184143132908325145
0.00000000000000000000 0.01186054017303191967
0.00000000000000000000 0.01188412671173562189
0.00000000000000000000 0.01192877850751085204
0.00000000000000000000 0.01196956502534119240
0.00000000000000000000 0.01202709210414741603
0.00000000000000000000 0.01202731497885571425
0.00000000000000000000 0.01204445447988671328
0.00000000000000000000 0.01207009344053668054
0.00000000000000000000 0.01212634047551965771
0.00000000000000000000 0.01213842468045852642
0.00000000000000000000 0.01214102627775027858
0.00000000000000000000 0.01214743090923568400
0.00000000000000000000 0.01215731563665995059
0.00000000000000000000 0.01220731983802148847
0.00000000000000000000 0.01220938898536334284
0.00000000000000000000 0.01222633955354649436
0.00000000000000000000 0.01226557844575365368
0.00000000000000000000 0.01226808843430269094
0.00000000000000000000 0.01227789440836841474
0.00000000000000000000 0.01228913471524083721
0.00000000000000000000 0.01229972312023874630
0.00000000000000000000 0.01232405538627027487
0.00000000000000000000 0.01235924072032818649
0.00000000000000000000 0.01237475876574333465
0.00000000000000000000 0.01238551613533801429
0.00000000000000000000 0.01239426693717599753
0.00000000000000000000 0.01241832131406765162
0.00000000000000000000 0.01242129879867472607
0.00000000000000000000 0.01244233105850563875
0.00000000000000000000 0.01244622417976802911
0.00000000000000000000 0.01253605540154187348
0.00000000000000000000 0.01256108182517207648
0.00000000000000000000 0.01257519087205346067
0.00000000000000000000 0.01258728079538544084
0.00000000000000000000 0.01260744437930646361
0.00000000000000000000 0.01261720993262013465
0.00000000000000000000 0.01262461140033093766
0.00000000000000000000 0.01266258373740516280
0.00000000000000000000 0.01269758533099101493
0.00000000000000000000 0.01275158578910411296
0.00000000000000000000 0.01277164911603024047
0.00000000000000000000 0.01277260031956007659
0.00000000000000000000 0.01280306396886172864
0.00000000000000000000 0.01283111804392625399
0.00000000000000000000 0.01286285157860711167
0.00000000000000000000 0.01289272295493678992
0.00000000000000000000 0.01296907770505809944
0.00000000000000000000 0.01299435158870483262
0.00000000000000000000 0.01305144671763115889
0.00000000000000000000 0.01308502015143387168
0.00000000000000000000 0.01308629067114519193
0.00000000000000000000 0.01312106082690610992
0.00000000000000000000 0.01313338126513083869
0.00000000000000000000 0.01315239707569301232
0.00000000000000000000 0.01328303750937225719
0.00000000000000000000 0.01329656526221039900
0.00000000000000000000 0.01332215439293478812
0.00000000000000000000 0.01335386468744901092
0.00000000000000000000 0.01335565328960996653
0.00000000000000000000 0.01336514777293425736
0.00000000000000000000 0.01336760170228022682
0.00000000000000000000 0.01343040168472708212
0.00000000000000000000 0.01345514558814596244
0.00000000000000000000 0.01348276963097195559
0.00000000000000000000 0.01348578892829598724
0.00000000000000000000 0.01351653734008932163
0.00000000000000000000 0.01351704988162001804
0.00000000000000000000 0.01353083650159458973
0.00000000000000000000 0.01355528838313735558
0.00000000000000000000 0.01359303589924839607
0.00000000000000000000 0.01367286380388456693
0.00000000000000000000 0.01375607797878102521
0.00000000000000000000 0.01378330443586912694
0.00000000000000000000 0.01380044654341083116
0.00000000000000000000 0.01382322268749699469
0.00000000000000000000 0.01388752736965987063
0.00000000000000000000 0.01393657264948939579
0.00000000000000000000 0.01394170928649481750
0.00000000000000000000 0.01395009699072916054
0.00000000000000000000 0.01401635685313490538
0.00000000000000000000 0.01406851081930347511
0.00000000000000000000 0.01409491196928172596
0.00000000000000000000 0.01409949761218550444
0.00000000000000000000 0.01411445137590030575
0.00000000000000000000 0.01415828688684975072
0.00000000000000000000 0.01429548314462467627
0.00000000000000000000 0.01439881688519389392
0.00000000000000000000 0.01450861398167818672
0.00000000000000000000 0.01451932012223468293
0.00000000000000000000 0.01458000208263670987
0.00000000000000000000 0.01461147605817638556
0.00000000000000000000 0.01467435656966558158
0.00000000000000000000 0.01471835623926646963
0.00000000000000000000 0.01476925785788327054
0.00000000000000000000 0.01479713483190380104
0.00000000000000000000 0.01480812034415977460
0.00000000000000000000 0.01490675772446933833
0.00000000000000000000 0.01490904590477569805
0.00000000000000000000 0.01496568545299605847
0.00000000000000000000 0.01500566009444205887
0.00000000000000000000 0.01505380159476071671
0.00000000000000000000 0.01514690296702377210
0.00000000000000000000 0.01527246333552557261
0.00000000000000000000 0.01531051546477951893
0.00000000000000000000 0.01532148996107544209
0.00000000000000000000 0.01534531535163892804
0.00000000000000000000 0.01538480206212388887
0.00000000000000000000 0.01538501197216774093
0.00000000000000000000 0.01538676038795879462
0.00000000000000000000 0.01539415719703945452
0.00000000000000000000 0.01545093229721196913
0.00000000000000000000 0.01549626123342627906
0.00000000000000000000 0.01552119029474170395
0.00000000000000000000 0.01554533776719193780
0.00000000000000000000 0.01556224093431034933
0.00000000000000000000 0.01560258446468714907
0.00000000000000000000 0.01560890397507577569
0.00000000000000000000 0.01567107194807094289
0.00000000000000000000 0.01569247746336462079
0.00000000000000000000 0.01573609568766961772
0.00000000000000000000 0.01579917663835524178
0.00000000000000000000 0.01588925524787952043
0.00000000000000000000 0.01590758993156747222
0.00000000000000000000 0.01591953024773783143
0.00000000000000000000 0.01599913443363209023
0.00000000000000000000 0.01606749671372147484
0.00000000000000000000 0.01619201391230805712
0.00000000000000000000 0.01621843198022881322
0.00000000000000000000 0.01636742786813988326
0.00000000000000000000 0.01637436138235854807
0.00000000000000000000 0.01639356295402865163
0.00000000000000000000 0.01646938333839259930
0.00000000000000000000 0.01652155138044021296
0.00000000000000000000 0.01662236366617878686
0.00000000000000000000 0.01662726618669023090
0.00000000000000000000 0.01665410894360133329
0.00000000000000000000 0.01675010603785382149
0.00000000000000000000 0.01679408339438584474
0.00000000000000000000 0.01686354323534000610
0.00000000000000000000 0.01689523618808124947
0.00000000000000000000 0.01705535811726723375
0.00000000000000000000 0.01717099894370662655
0.00000000000000000000 0.01730528463527266844
0.00000000000000000000 0.01774461453235873232
0.00000000000000000000 0.01787812926046423306
0.00000000000000000000 0.01788466518956089227
0.00000000000000000000 0.01791402126365480157
0.00000000000000000000 0.01795323191652101191
0.00000000000000000000 0.01800277878035949283
0.00000000000000000000 0.01806319057456559282
0.00000000000000000000 0.01817486150032180878
0.00000000000000000000 0.01821227637217178591
0.00000000000000000000 0.01832876553717960669
0.00000000000000000000 0.01838446861324622914
0.00000000000000000000 0.01859566747338430026
0.00000000000000000000 0.01898993565371983119
0.00000000000000000000 0.01902005996610726946
0.00000000000000000000 0.01907876693908858515
0.00000000000000000000 0.01944894222770029296
0.00000000000000000000 0.01946788662006862514
0.00000000000000000000 0.01950142821571283075
0.00000000000000000000 0.01960677304368578164
0.00000000000000000000 0.01972082786572837074
0.00000000000000000000 0.01978935944213376305
0.00000000000000000000 0.01986448320929365755
0.00000000000000000000 0.02032794805387661344
0.00000000000000000000 0.02034520386312593798
0.00000000000000000000 0.02041990985031370137
0.00000000000000000000 0.02058129267592413020
0.00000000000000000000 0.02059162690798364143
0.00000000000000000000 0.02076063669903161282
0.00000000000000000000 0.02076273144899402207
0.00000000000000000000 0.02079461964752898212
0.00000000000000000000 0.02084761926925231268
0.00000000000000000000 0.02086982205397058115
0.00000000000000000000 0.02114024030893680781
0.00000000000000000000 0.02137888225728417843
0.00000000000000000000 0.02152192409389802261
0.00000000000000000000 0.02173472911318476489
0.00000000000000000000 0.02175695820085247340
0.00000000000000000000 0.02194322786345163576
0.00000000000000000000 0.02220293846001484064
0.00000000000000000000 0.02228469739687208989
0.00000000000000000000 0.02233992012160219975
0.00000000000000000000 0.02235818795820535346
0.00000000000000000000 0.02236178067266787056
0.00000000000000000000 0.02245317134739457585
0.00000000000000000000 0.02256746536184197141
0.00000000000000000000 0.02264084354513696759
0.00000000000000000000 0.02286698523852119178
0.00000000000000000000 0.02289920347087705949
0.00000000000000000000 0.02304850002974843590
0.00000000000000000000 0.02323178026353921177
0.00000000000000000000 0.02323838793854302379
0.00000000000000000000 0.02348861889243203036
0.00000000000000000000 0.02366805767880707581
0.00000000000000000000 0.02427004556805240076
0.00000000000000000000 0.02467395209615164467
0.00000000000000000000 0.02493553262370119469
0.00000000000000000000 0.02507326225165731198
0.00000000000000000000 0.02510455963805526339
0.00000000000000000000 0.02510976258460394586
0.00000000000000000000 0.02516127747806912174
0.00000000000000000000 0.02531452216237573341
0.00000000000000000000 0.02615133234334479639
0.00000000000000000000 0.02646964887871215352
0.00000000000000000000 0.02686002082619935380
0.00000000000000000000 0.02690638439428946066
0.00000000000000000000 0.02695345452293889180
0.00000000000000000000 0.02713415601753248196
0.00000000000000000000 0.02740210643746910160
0.00000000000000000000 0.02768566836070310982
0.00000000000000000000 0.02807433841377596218
0.00000000000000000000 0.02829740467854885769
0.00000000000000000000 0.02906063219991298491
0.00000000000000000000 0.02935691358371365564
0.00000000000000000000 0.02989710314360595478
0.00000000000000000000 0.03141591728210317569
0.00000000000000000000 0.03171717979739604315
0.00000000000000000000 0.03185053514668252650
0.00000000000000000000 0.03243410112301460535
0.00000000000000000000 0.03368736066336775609
0.00000000000000000000 0.03385476496542713654
0.00000000000000000000 0.03418089127804192773
0.00000000000000000000 0.03439659704022307585
0.00000000000000000000 0.03454811803193234138
0.00000000000000000000 0.03495495424631610282
0.00000000000000000000 0.03506317631936491097
0.00000000000000000000 0.03631072855551726458
0.00000000000000000000 0.03688273275133512052
0.00000000000000000000 0.03763543329729451825
0.00000000000000000000 0.03851284900165516389
0.00000000000000000000 0.04974618210491375814
0.00000000000000000000 0.05335601237736520980
0.00000000000000000000 0.05419585910230160369
0.00000000000000000000 0.37924838948149536266
0.00000000000000000000 0.55429842484651536960
0.00000000000000000000 1.73205080756887719318
