0.00625511456633734593 0.00677268440428546812
0.00817965746383455226 0.00826094248129018334
0.00752272159867997756 0.00837143127591450688
0.00826381650269767190 0.00847980890817400662
0.00773140372034300787 0.00848970151325135862
0.00857021979803923931 0.00892804986054639149
0.00894128284424701263 0.00901653445130800105
0.00763162285631681543 0.00920933037810885667
0.00739542189517046304 0.00925726539255201757
0.00909331440772429694 0.00930973714737453988
0.00901782724116273124 0.00933935727467575909
0.00751823315997648001 0.00944922111632515681
0.00875865415849363428 0.00970762508356605956
0.00978307895829888877 0.00990240034898182998
0.00813920946120779733 0.00995237405385513037
0.00830930924724747853 0.01010576436310232917
0.00904941689207998043 0.01013563209121458482
0.01011931873709541463 0.01055797805937171326
0.01031335855734006289 0.01064859364348937076
0.01051129405463836416 0.01074748856258900091
0.00985699229327482648 0.01081839141753607875
0.00856167615142161900 0.01082388213026419695
0.01018445226491880747 0.01084571591789642610
0.01013546530618232577 0.01085061243628665864
0.01048362384254305710 0.01094760774913903709
0.00958943190567200683 0.01105360858055837517
0.01100220201549744446 0.01115658469378783858
0.00933954567715104128 0.01118792788228467790
0.00941656166506406669 0.01120977675794247209
0.01031645153511680062 0.01129103985133377702
0.00857566794579941831 0.01134160869885642194
0.01099021307511221894 0.01138408872560735599
0.01069296669259045193 0.01139342782500740205
0.00942720104844699432 0.01139524864499901272
0.01109947800761612764 0.01141870282588443308
0.00902617844320853686 0.01149227817320011037
0.01068878876440995489 0.01149778039622944767
0.00773293987891252380 0.01156178266225624598
0.00780522500159743903 0.01158333498851950479
0.01002233651321633376 0.01172740966717345130
0.01077172763681064245 0.01177123356046359121
0.01126951246597082679 0.01181680588557641742
0.01078677898910551311 0.01187268448522626162
0.01165716771596915328 0.01193860747174090194
0.01067056763316044307 0.01194482525325572461
0.01015916933284684125 0.01198900835799386264
0.01087713303753865511 0.01199419909209608649
0.01151355115316204589 0.01202562433534143035
0.01204402962116751796 0.01207844410710815809
0.01153266148810080764 0.01213921180553122724
0.00896086624643416610 0.01215291526325166030
0.01210360060519276477 0.01222063505528925287
0.00940684672425859229 0.01228512394258157552
0.01199657157789203558 0.01228526207992413147
0.01050000018441987412 0.01230415886819663171
0.00991384915345957900 0.01236581221662653822
0.01016410237285597824 0.01245446655409914935
0.00974380488445251124 0.01246742499238280739
0.00892350394437479294 0.01264655733308494602
0.01217199001202029507 0.01284160333405368060
0.01245626178706861487 0.01284288247967517796
0.00967993964368648284 0.01293868381666237605
0.01222601065220715530 0.01307132747465482130
0.00868436092311034719 0.01308891230297343396
0.01086495634366702566 0.01320014993476818430
0.01004040687300346291 0.01326330727470288393
0.01124516411872399264 0.01328588089556428237
0.01224216313790598212 0.01330314150275088009
0.01007498619861693992 0.01334479163501272117
0.00972799666219807506 0.01334577449179182723
0.01239970922978178569 0.01335804684500398187
0.00855670649111685624 0.01341815367326063164
0.00953914505612913147 0.01356897789871072506
0.01225031661993792285 0.01363022440646563700
0.01351199691910061861 0.01365078344932801543
0.01052182421645019537 0.01370843378753035767
0.00984785559168383298 0.01372468435088382982
0.00950577622009715628 0.01373295564577551621
0.01143075593415418360 0.01373843855072739463
0.01326085495913381651 0.01374588004495983645
0.01218779115286773400 0.01376220642814687291
0.01029505695656648956 0.01377971487734733561
0.01055426124510930666 0.01384257041185530356
0.00934267867055682891 0.01407477858634543534
0.01406213208820886011 0.01414577393850362415
0.01248365821715648367 0.01418684276239772640
0.01078419493645733571 0.01423734701739319715
0.01115442312014180461 0.01425191372315587693
0.01197313700157403085 0.01431135746135197076
0.01159568477312796810 0.01436241911302050221
0.01391427464050854108 0.01443528846526912802
0.01091586610679640308 0.01461679718532027557
0.01440046088155073033 0.01476901186494111035
0.01231171310657151914 0.01482626174523587852
0.01284307989193129301 0.01489392197408688327
0.00927479005765052822 0.01499367452502686944
0.01400452236457721752 0.01502408076801456556
0.01376016414251363985 0.01503606340588875892
0.01169243476954296389 0.01504039281470465755
0.01272307782235328720 0.01511081727627552364
0.00917082056195344872 0.01526112988748644893
0.01485733506825084003 0.01542899128482045149
0.01409153841081400502 0.01552116436129685056
0.01506454314280557434 0.01574774096071297411
0.01428858066750680368 0.01577701883446919195
0.01626172832031460083 0.01633373723630293997
0.01517111307094753773 0.01648942885763009236
0.01452862032873294268 0.01658109268464821526
0.01443402188713154011 0.01664017787532179674
0.01523505949777765461 0.01685038368301591469
0.01433731913367464195 0.01685885231167493642
0.01584749685695945737 0.01692228092719776436
0.01529631745472077170 0.01700236930161767163
0.01539257318988444465 0.01704637505180630133
0.01137320014328410504 0.01718447244676616845
0.01490053483892501106 0.01730620577364775162
0.01432144825993940385 0.01773866445622050703
0.01739357026403471132 0.01806409290792443736
0.01757704898948636227 0.01817582042612550519
0.01710175770959965202 0.01819701414482180479
0.01787168576071039225 0.01848526312461622537
0.01827578182744313273 0.01894758120822686437
0.01670240558401274444 0.01897453343559141886
0.01436337718723183082 0.01900457636680212559
0.01896604797416722929 0.01911845907866595307
0.01767810792603314099 0.01935531415326888910
0.01908598452867529480 0.01940605976680864070
0.01548780564348206309 0.01945355433964171890
0.01662619445590592104 0.01977866894036132972
0.01920076149961008616 0.02055115062856039537
0.01956964736868990404 0.02059216255561202580
0.02023568078560352909 0.02059560697671033308
0.01765551851300600772 0.02068051572865809914
0.01872605036195458539 0.02113494552891315159
0.02143284924039990172 0.02149815184858947653
0.01998700129599831343 0.02176152182121824513
0.02158138014922555969 0.02179100766575679110
0.01945227328544552742 0.02191258436052275285
0.02240584458149170663 0.02242982291399884046
0.02067225384465536803 0.02283694420962452745
0.01979599124699642221 0.02284414462997884365
0.02056376774678283365 0.02315371627855414283
0.02076048289854363557 0.02325991010679568163
0.02243522166334011719 0.02366041940186260420
0.02054078912172214305 0.02367871185967971442
0.02013912359675900515 0.02386227792360413880
0.02359909646396049498 0.02411444560934238729
0.02380983235179112700 0.02501202250419158266
0.02312027862137244760 0.02501202250419158266
0.02090144220186109653 0.02505136928336661184
0.02340361451601206608 0.02507831083262565888
0.02462044305146802309 0.02540073413372460204
0.02185704732264785038 0.02549871547419914689
0.02366473146624463800 0.02646817224125190202
0.02169871126727714386 0.02684112180047823482
0.02383145127017565271 0.02720405940052157343
0.02494513716055300756 0.02732052618442492101
0.02161983227026680054 0.02743965980580197889
0.02770559564937706554 0.02828982836600785547
0.02853948588480121479 0.02864021259787200013
0.02515283510436064005 0.02889338727602416140
0.02631863188640710255 0.02957863105590650618
0.02930880058571717559 0.02966395686006734894
0.02433101735276078578 0.02980078768327371064
0.02675917837933671287 0.02997812724192396722
0.02262380008815977409 0.03088348326085520179
0.02860203564359229539 0.03095342864186755374
0.02626051632967912539 0.03102685674534193597
0.02799895780826117467 0.03178746294649274773
0.03101431865133534929 0.03219328789041550620
0.02163559178216966500 0.03238252747533284376
0.03291610877301124477 0.03312319666689202829
0.03011463094470999413 0.03347973890704717542
0.02944585207063120380 0.03367645421865181343
0.02736159529058085002 0.03402723495276743088
0.02814836177845262549 0.03421846203164067429
0.02576921861964776017 0.03449740794442440750
0.02992195010416487042 0.03452276105524145627
0.03162025784298352210 0.03554325551227367763
0.02888381581669611023 0.03560752044453704274
0.03385261179305945611 0.03710247343131332920
0.03697606793001553815 0.03941057915704398312
0.03859893533856562781 0.04034007427920593969
0.04004784648513588091 0.04076037710455103491
0.03709479058396764756 0.04211282653021170691
0.04121413946230832737 0.04278079035843949246
0.03635704388886776967 0.04390054354944587095
0.03674395480828678007 0.04536266160470732445
0.04260776225888486535 0.04665781801266463691
0.04294098433490216998 0.05403351158314839697
0.08501278451346468146 0.10947360181476314955
