0.01792967319596101144 0.01829870690072710193
0.01808511838509679198 0.01866577022251471318
0.01772953710809862735 0.01984238745096221848
0.01839421121703358614 0.02026995148304914368
0.01854778798038751383 0.02027549798428149308
0.01967249214834890236 0.02052843027164764564
0.01977240911522410924 0.02124164787314716460
0.01953135985574298156 0.02153603812536903500
0.02150571807201452981 0.02155660474676538221
0.02001968695688364011 0.02235011607819119284
0.02161002348239965398 0.02310622929609213935
0.02334701443812842864 0.02350441384998145505
0.02262353924357488402 0.02390096111745442301
0.02398175123340974199 0.02418025022885576109
0.02321626806385004155 0.02418641308257330272
0.02234361775655287902 0.02436834379341340506
0.02023434271557177089 0.02437612071620709822
0.02178743798556635400 0.02501185066664966122
0.02472119140126949680 0.02550932035895030897
0.02587866437527960167 0.02598292687428711834
0.02435328044302521519 0.02604838371517417470
0.02188241682315908085 0.02622164334571327332
0.02437428845121413640 0.02631126656106298062
0.02410684645033356333 0.02631834607308759441
0.02578280875733031732 0.02672064888847157718
0.02479954837336986045 0.02813032105409175171
0.02630007640160706567 0.02830554419453001902
0.02749875957613602193 0.02839756030697179051
0.02294516734662475216 0.02852454116051472005
0.02582158130564462042 0.02861299512559150812
0.02027850175719704204 0.02878158301548630268
0.02476209004860693841 0.02893271632048617995
0.02554138568281037400 0.02953255460784683789
0.02527977316258379556 0.02954254689748186252
0.02312096872128558203 0.02955049715340520716
0.02729944361715821305 0.02966082690003260872
0.02839683094382878734 0.03012248140640167229
0.02871169413614900121 0.03017927347634694404
0.02202460206627126701 0.03034970205375768504
0.02963432145469429083 0.03059940761235727114
0.02836327100940635657 0.03098113870789801633
0.02733520644089218465 0.03099612576400663511
0.02489960258033520335 0.03108191649838710005
0.02533547792192670026 0.03146133117229386877
0.03085754934252748702 0.03161396047107923463
0.03046918964781603067 0.03167639990210294881
0.02979644297341697140 0.03169069368570524153
0.03154675993928688499 0.03193852792255119644
0.02866263404738849177 0.03197558772712887076
0.03171124568251489084 0.03211189144037391446
0.02881519689486914185 0.03231155546088772951
0.03241894394510034388 0.03281748803269902981
0.03169300953603990112 0.03298619437293924539
0.02987580598639587304 0.03329123430705312886
0.02916863090859683413 0.03335191898211290612
0.03221387709481644129 0.03361638446384700163
0.03010334835760989161 0.03378747172125433351
0.03339598704390620010 0.03382251472164407580
0.03033502528055138231 0.03432243229598337664
0.03206800724774016426 0.03444942953434304567
0.03156726538759650758 0.03485570938161686172
0.02153837991311996838 0.03499107915993389384
0.03063100588193269289 0.03516208285646983678
0.03194364100856951494 0.03567872070280428409
0.03096092820455636357 0.03570733668856020809
0.03565804152575013236 0.03572689187235721792
0.03572787680445669439 0.03591574249988489093
0.03579917489402689723 0.03601283757452697354
0.03603973716204165317 0.03604773744007512548
0.02910527862246991768 0.03624815084736111859
0.03249026778761177070 0.03631489520297031398
0.03311362425703281986 0.03658172392905963827
0.02142086716709574665 0.03673555310403306406
0.03505491827224711809 0.03693064415204926759
0.03461448401043669409 0.03693866190117432030
0.03695591090176497673 0.03703310136326531943
0.03664576548387980109 0.03718072567722661981
0.03341573119674402098 0.03740521367359212618
0.03701670216714241651 0.03755955173340897596
0.03368396216874318394 0.03776312974977340947
0.03795159311087891590 0.03814139798526202524
0.03657062603217043489 0.03820597455636843415
0.03620358037853737415 0.03825275371292363030
0.03366519035197688275 0.03841104997153714506
0.03268142817952152807 0.03844253939888944704
0.03245716576465792341 0.03860908040430952731
0.03074690076499054722 0.03877085874182413516
0.03791397855351974489 0.03885770441043873841
0.02959800211667982378 0.03890695294588822351
0.03903284399374660346 0.03913328117311746374
0.03015092694402315976 0.03931481951047618995
0.02831885205628031574 0.03933462399055850239
0.03101336534156947169 0.03939541060833137015
0.03320095953340317096 0.03939661297273888002
0.03388073735773505096 0.03945239928491452164
0.03917492690371231212 0.03947642403369910208
0.03757380314730250637 0.03973111629503431330
0.03568862427914034491 0.04004829970087081525
0.03320420100157426418 0.04019371502055570089
0.03274964093162169992 0.04028222741979550769
0.03808930520918915597 0.04048492088272605954
0.03420035908199852565 0.04086035585391997738
0.03477760449133941723 0.04106100072093646358
0.03582600952808220190 0.04117455888026553407
0.02896584641916689212 0.04124296087082892498
0.03958135507231468064 0.04137381700531921752
0.03215095853608568310 0.04155687592549636711
0.04162687013795915436 0.04182998804160709128
0.02879602952514826938 0.04183455671122262437
0.03734344154549185113 0.04184107235984492468
0.03943727275048588415 0.04245481669681774178
0.04137635957369061729 0.04248987223993220402
0.03035079540204481743 0.04259981912698303230
0.03439984826485803504 0.04265480546899421549
0.03929466368865248277 0.04265833111838387287
0.03781760140477533755 0.04288193873701057895
0.03429324238887342113 0.04289373418054341636
0.03741801756801185763 0.04303818896899203050
0.04149483808986887540 0.04303898272490105231
0.04244264090450874938 0.04318259893284708689
0.04324463881084217309 0.04330689970970653946
0.04216580630262525137 0.04337124593936927952
0.03391240772771571266 0.04339159854694134982
0.03436823695909187182 0.04340739672394409998
0.02991747942050633491 0.04358352408932538585
0.04371468969463940257 0.04420330163623739650
0.02934896142675689004 0.04431390141942796040
0.02984077599029722958 0.04465751379538258209
0.03931576984685336562 0.04466631184200805377
0.04450631172581528266 0.04475146145487775284
0.03954630853656105477 0.04486533555589310163
0.03172347074345011064 0.04508682184381670316
0.03391579461611012730 0.04522659171342669621
0.03501885217209953216 0.04524722558994541399
0.04378502330256164171 0.04531452711173717535
0.03951054075178413866 0.04542971114265608595
0.04438161588482539971 0.04566652827568011552
0.03917766832855785336 0.04586381821408761633
0.04125210239286098562 0.04594638942175720969
0.04503343898984141225 0.04625755076189228682
0.04108015233588797888 0.04638492890474759517
0.04561828816472793952 0.04675194309046815100
0.04259622128138618180 0.04766896104340027918
0.04374488365271236856 0.04769246241082158305
0.04365786681882437986 0.04780451619419179288
0.04132642684604823785 0.04783017109316118481
0.03044655818443121539 0.04805841350062988598
0.04692344758815951422 0.04851261728598336986
0.04652939650257553739 0.04998186313240179229
0.04902339898928358142 0.05043314331968508368
0.03218764813321144808 0.05060655948799121923
0.04574718122590228780 0.05101663762320797491
0.04137183409054489419 0.05157337569266225857
0.05069260207722172534 0.05161795226492806726
0.04521656396245202214 0.05176662670921528681
0.04059804577096347983 0.05209063241489030743
0.03700554998125696327 0.05214959233255662269
0.04819275317542280612 0.05353056034604512792
0.04828415480412492217 0.05410165848928061988
0.05008749380851477973 0.05443946578710725376
0.04961988384469546293 0.05459887716491379495
0.04753418158184988251 0.05492535086111889620
0.04945236949463339277 0.05524661762393631714
0.04344240698063168288 0.05571141620951838153
0.05162367993463522903 0.05627245661983172609
0.04834977703633580592 0.05654593782745008512
0.04408062503036103835 0.05654868299169493739
0.05363985070955153145 0.05675481975122251971
0.05608273757991842634 0.05726729974821024444
0.04806490765658510272 0.05795962290380642090
0.05036565444725135676 0.05867508035208259670
0.05686997074367661914 0.05868603648337126361
0.04990050941189572847 0.05870524481307967668
0.05765245357930586650 0.05960855700806840657
0.05432124559409280684 0.05964121803905804431
0.05491017748934201581 0.05995304994556881206
0.05860121078986463283 0.05997452699127255038
0.05689839412556119830 0.06092991365264974202
0.04636107243719384680 0.06115671252192943219
0.04607068942714346443 0.06169799282309740979
0.05433808163765652816 0.06208258879512604245
0.04806669337041585832 0.06326148161690549332
0.05950733081225091647 0.06349923844469376744
0.03870780599486307871 0.06375077973940342091
0.05336462669489703409 0.06375471383287180382
0.05935886401599033829 0.06413568133632607804
0.04324534551968226698 0.06440683590677792614
0.06247844724278173167 0.06589316998397878877
0.05214853927596987959 0.06628082087048853266
0.06904288521220292019 0.07039622560101463367
0.06218582742748150760 0.07117596498256553716
0.07100990414556092312 0.07354155467179492034
0.05092790412858821947 0.07557857855992658469
0.06757002590609592629 0.07602701456273050495
0.07125805412360075586 0.08095008374121420713
0.08591998533432025631 0.08746733436040403376
