0.05373041653058166500 0.06025256961133016592
0.06113291868904340010 0.06184297785689324423
0.06814294197663635366 0.07264127822923571731
0.07966639894516651388 0.08084817169553665250
0.08046896486942003990 0.08165930794763158473
0.08790647322731742763 0.08819270862784656106
0.08780213374097747825 0.08915853445194958649
0.09098442201959748565 0.09560578402933703202
0.09925668859383304787 0.10260383049251034504
0.09393208322651297459 0.10350932569076337630
0.10078649701410079265 0.10361765872639761010
0.10297939600085237455 0.10550757034926454281
0.10805979988974274975 0.10897828480536260465
0.10683031894269839901 0.10920678425342919549
0.09970609276658767839 0.10944259618560481240
0.10692656746601983397 0.11766954927986975066
0.10708554031884526259 0.11774913296527628193
0.10943306643401985723 0.11958121684083269920
0.11196136098908324175 0.11958121684083269920
0.11766651576506924337 0.11974035896835001636
0.09732556839100427182 0.12101501562791508460
0.10568028184382058376 0.12149191940549773638
0.10181789709791953802 0.12204540655240396496
0.09687229586992775199 0.12220027373199632281
0.11867688226379345673 0.12242179803105308900
0.10333580596720012834 0.12426142396957744196
0.11517180221108987148 0.12453751041074564987
0.11190171731711323622 0.12539529281790418036
0.11927988688305929399 0.12580148625725010025
0.12630878677633372575 0.12780727351848344964
0.12532698513175888344 0.12797057928714231090
0.11744029925297182204 0.12803342030011863328
0.12379166297508141514 0.12834193382760375468
0.12185901679293854871 0.12927722951633871529
0.12548746923100828621 0.13111410040127677301
0.10743795384802830306 0.13172404235109252957
0.11461010835242450845 0.13190464624667835869
0.13263952577112314568 0.13296379043762304728
0.12615511998495146373 0.13485396022430487517
0.13227666240805968645 0.13549562076657259424
0.12673500883143956619 0.13828778167332014815
0.12117711719787299662 0.13846658205491954585
0.11151124373508104759 0.13945055847086629264
0.12780442257629692770 0.13964495983504512933
0.10861555317648821650 0.13965001444475227954
0.10783995444399127606 0.14028207902846223654
0.12709602612853276860 0.14165647856511551228
0.14029251523981886574 0.14195331522296619764
0.13724345093904441462 0.14195331522296619764
0.10576176313479225544 0.14287893572170556888
0.12648067755749650698 0.14318263662735583597
0.13266534658030068594 0.14365969966398800528
0.13193999737814168793 0.14425005478123278935
0.14370679790341120419 0.14517507135428950327
0.14254684574618167736 0.14547830969114716737
0.13712143981104560342 0.14668533449641915634
0.13491917750056259262 0.14778025262899815995
0.13826667780446955103 0.14789796275481967291
0.13398915501900923730 0.14829080031711508458
0.13449046480982423946 0.14924007639421524307
0.14439226267492058509 0.15122916255761173487
0.14645956691687614382 0.15128871981567079685
0.13880518959016574509 0.15132862149024672860
0.12598024545453287426 0.15159521008600118641
0.11515923395941528307 0.15175430950913851302
0.13139811128240605487 0.15216696837238757878
0.13593609764294678488 0.15309934828619647940
0.13961288651270242767 0.15401840129847776950
0.14397120148479508606 0.15597621103826223021
0.14906765540193525621 0.15625330101363144042
0.14252091182612466880 0.15680084406828143084
0.13941864452633515037 0.15910527994873627233
0.13632988846372490199 0.15972485389354112995
0.14310895496780262626 0.15973075768219938131
0.14268140598764308957 0.15976518007908349639
0.12858647415778801104 0.15993981194668357992
0.12179981153676137928 0.15999885560497620340
0.15609979893378242433 0.16021328959618061361
0.11939102037371746023 0.16028553298088221712
0.12831818475094583509 0.16031986645216425580
0.15356909134537730099 0.16032716679427999606
0.12533698067042195468 0.16242952578519886941
0.15234572761275469444 0.16275501026629596302
0.13258238073305853022 0.16347625947601418517
0.15932772817791135411 0.16467176552877074713
0.13953011299703618753 0.16476485529868908908
0.15910544324441855402 0.16539443370575240833
0.16171068555417383861 0.16584633126296968730
0.15802538458004464217 0.16638703867073445508
0.16699813057562704066 0.16739467533926888354
0.15812628864584224453 0.16758647026686368520
0.13774205654268309451 0.16802920985335417781
0.11885440948273619244 0.16816738545965065343
0.15839795512515339460 0.16831049710533543817
0.16074873251285295983 0.16858015349943264449
0.15960049108507243232 0.16868441749703816379
0.14939951616941082868 0.16883617019990437846
0.15854291328547234774 0.16886098415436540110
0.16366157680087561888 0.16896297647950639376
0.15110697694003560887 0.16900248986598645495
0.16441986297948124607 0.16901755561260314864
0.16576619109543333508 0.16916324047874833902
0.14959601932863000884 0.16939436903011548252
0.16697177983456953920 0.16940671232996895590
0.16511821255207079218 0.16966434935636975911
0.14852177550470285761 0.17001381597365966547
0.14443721775058807055 0.17078581829857727992
0.16016954599991575781 0.17079200549453191216
0.12661416132799466205 0.17137040966909519724
0.16230737880003939799 0.17192246662923832412
0.11359096245983658913 0.17207003630236533676
0.17061717611042184761 0.17292927864648297009
0.16718035589665514173 0.17370676946587057521
0.16767255826092694604 0.17396789581798274837
0.12828266035622304386 0.17403811043825404004
0.13571057846981110506 0.17463489265312431842
0.15447653661845170414 0.17543933459903618410
0.15895976841093728549 0.17578705397601332439
0.15954259864947706316 0.17591903642263570506
0.17191999221845011281 0.17622830931203700700
0.17460299761693801046 0.17643849192980678997
0.15575161529443951047 0.17645957568107240032
0.13662837628724111561 0.17712293827653693978
0.11603253820732573054 0.17727109021752776585
0.16330377009872359961 0.17732459886203963406
0.16188805380179410731 0.17768275703785732511
0.14757183527752629204 0.17771795407986834547
0.16874889926118752381 0.17774977568684632856
0.15321779737054963544 0.17804784742110751905
0.13521278824104548955 0.17897905458756305230
0.14197795467084123322 0.17908047655265749154
0.16421841692285610304 0.17920912880468814476
0.15975135013433602871 0.17940855698909027871
0.16328124377003855328 0.17960167278033753457
0.14280354807999204314 0.17976352500839223869
0.16135484020224624691 0.17990374887954477257
0.15421722928428302501 0.18005426279047301308
0.15182757642568986411 0.18018997682082582568
0.16638769707782027907 0.18093796963080779894
0.16235829008541344254 0.18199831351609996322
0.15489471698609802441 0.18224231552700714820
0.14064031726779455123 0.18227883241443493256
0.15953327593861293954 0.18311243750486308479
0.12249207018388716395 0.18324051465404339600
0.16488559542078218279 0.18373532664476224796
0.18409380583841589152 0.18426949018757171617
0.15696457730108653861 0.18438168808173896474
0.16323182651063952719 0.18459596375537756785
0.15092736334238082696 0.18469493377228393682
0.14715857501429702170 0.18493750179716286763
0.16494511524038737993 0.18560309651130352249
0.18384135381068478221 0.18599053506623480780
0.15569451206897252926 0.18663199861577947636
0.10865916558438487582 0.18698051656876790716
0.15663215200348440392 0.18744393403303155621
0.13317197554580731400 0.18755244353951056047
0.18450960325477325230 0.18809826527509668215
0.13697997212431048397 0.18815633346348650812
0.18027562858686957403 0.18924243583797953350
0.13820631142774708611 0.18949718527189565731
0.15786396056129256560 0.19198486543963583228
0.16258587524338094510 0.19200928568055311563
0.16697147728607650286 0.19234729906184908077
0.18589979164898745578 0.19292298806059623995
0.14124612751927406729 0.19305842040960891071
0.17428701680776498284 0.19372985150127786103
0.12597854999197752313 0.19438205583886888905
0.15762648717704141887 0.19503723639639347631
0.13162394283194578382 0.19557331709473657622
0.18374063342784757724 0.19568624373672005579
0.14185534530453772217 0.19587287387408558459
0.19033786735135693746 0.19624554850798983652
0.14716859723018230199 0.19671080806478513647
0.14649408539832028953 0.19693032405136687291
0.12644674495446345253 0.19693032405136687291
0.17459249866645035199 0.19713799105121160293
0.15060534389274848888 0.19829053968569412825
0.19383312159419921472 0.20026734773945842338
0.14253319491581281642 0.20078899673283640004
0.19210411806958019310 0.20098616205462555007
0.15120430537206586141 0.20101314653858790016
0.15590946246795148178 0.20230580409193610336
0.15371058750693278316 0.20307521095516484211
0.13845332149065608940 0.20315296458106180122
0.14464814334774714344 0.20344535141068106898
0.19824036737481512405 0.20352546416945074825
0.18344653966100296638 0.20366537053782005073
0.13220474647723495787 0.20381844844274804585
0.12888034759170297061 0.20407554141490549804
0.14532112480793793474 0.20501904871981924128
0.12000187443440069046 0.20506594962598817533
0.13229226725976508949 0.20565389009518642016
0.12620145662494003380 0.20736940545503768085
0.12984753729557385604 0.20815900995782504745
0.20211075761238442294 0.20854955799864327570
0.18461603405215060159 0.20897123571283185428
0.14020126658192960667 0.20902971687322510763
0.14083242241414037355 0.20974564954562391339
0.12595421059182793089 0.20991924949767787334
0.14721146337464563469 0.21045778023279529401
0.20053210001290913689 0.21336487205866117023
0.11812063452648280393 0.21533682807815363036
0.15489338705181246447 0.21631633219789164757
0.11206755929769922353 0.21834184435440617822
0.15276753844996135423 0.21844233998364012694
0.21753916258383634852 0.21925318782714789401
0.15020399002284290368 0.22088994876365142250
0.15887466546704956394 0.22190312057489036679
0.16083637889469221127 0.22391859452191467672
0.17235276266633312026 0.22408778080945856992
0.22025846300131543543 0.22765676296966874670
0.12793268470681690152 0.22867483178026548618
0.21313655234581269093 0.22905080792008730706
0.18761834868465002146 0.23031068943035065688
0.15280273835309057806 0.23118292363101539122
0.22991013982030347740 0.23217923486393374222
0.22194799308574120200 0.23469240336113147971
0.23796151581006000364 0.24579197842296426901
0.19849031534292804757 0.24770732715375862187
0.24921199151027587093 0.25291536875979453436
0.16843132512109482146 0.25633301870040753334
