0.00000000000000000000 0.01009569204730305370
0.00000000000000000000 0.01367517174161713388
0.00000000000000000000 0.02006506271812857553
0.00000000000000000000 0.02408923649729025063
0.00000000000000000000 0.02502334273179450397
0.00000000000000000000 0.02542770972329294610
0.00000000000000000000 0.02684315491704837922
0.00000000000000000000 0.02689215444401241856
0.00000000000000000000 0.02728107174599864529
0.00000000000000000000 0.02765880967585980857
0.00000000000000000000 0.02772487184603032034
0.00000000000000000000 0.02843775583512838864
0.00000000000000000000 0.02850466373727084807
0.00000000000000000000 0.02862993101638635837
0.00000000000000000000 0.02864733121614591177
0.00000000000000000000 0.02975244721519505753
0.00000000000000000000 0.03003111843574916145
0.00000000000000000000 0.03010469335125805571
0.00000000000000000000 0.03021811301245862225
0.00000000000000000000 0.03025460264709549027
0.00000000000000000000 0.03032299429235488231
0.00000000000000000000 0.03044612678426787677
0.00000000000000000000 0.03059146816210895486
0.00000000000000000000 0.03123258183891249734
0.00000000000000000000 0.03154378553444960737
0.00000000000000000000 0.03173461892525834827
0.00000000000000000000 0.03225912503176764368
0.00000000000000000000 0.03272585401767581087
0.00000000000000000000 0.03334769830372039112
0.00000000000000000000 0.03334821521688308144
0.00000000000000000000 0.03371920658216721878
0.00000000000000000000 0.03388850772613249268
0.00000000000000000000 0.03390903255593719079
0.00000000000000000000 0.03394914636542494674
0.00000000000000000000 0.03422495315614765971
0.00000000000000000000 0.03422989724878645196
0.00000000000000000000 0.03439594721435003388
0.00000000000000000000 0.03458108372599846825
0.00000000000000000000 0.03473611242946204186
0.00000000000000000000 0.03486135483575477506
0.00000000000000000000 0.03627990221677585697
0.00000000000000000000 0.03665728411128259950
0.00000000000000000000 0.03738026063624969031
0.00000000000000000000 0.03754937608063729781
0.00000000000000000000 0.03783129428049854248
0.00000000000000000000 0.03820932786787711866
0.00000000000000000000 0.03826278247751534189
0.00000000000000000000 0.03842070670666058313
0.00000000000000000000 0.03853566297441465144
0.00000000000000000000 0.03865259004565367584
0.00000000000000000000 0.03895915513846189698
0.00000000000000000000 0.03897938372114168742
0.00000000000000000000 0.03903630281049715739
0.00000000000000000000 0.03916053047539685278
0.00000000000000000000 0.03928964441631336429
0.00000000000000000000 0.04000879452538313313
0.00000000000000000000 0.04002013148131221276
0.00000000000000000000 0.04011175915612140430
0.00000000000000000000 0.04016493236851473303
0.00000000000000000000 0.04026070138381060426
0.00000000000000000000 0.04042130472293319760
0.00000000000000000000 0.04055341001498806441
0.00000000000000000000 0.04127515345607667141
0.00000000000000000000 0.04139471251981434452
0.00000000000000000000 0.04158644880379772091
0.00000000000000000000 0.04167681620990430075
0.00000000000000000000 0.04187193126351290012
0.00000000000000000000 0.04240696793180101509
0.00000000000000000000 0.04277473948067554016
0.00000000000000000000 0.04333678815216528840
0.00000000000000000000 0.04354590732214784488
0.00000000000000000000 0.04370401499276770074
0.00000000000000000000 0.04385280576812624481
0.00000000000000000000 0.04453636041916796823
0.00000000000000000000 0.04526082953847734847
0.00000000000000000000 0.04527015863930363565
0.00000000000000000000 0.04539121850090542531
0.00000000000000000000 0.04552390765365349479
0.00000000000000000000 0.04563796160206844837
0.00000000000000000000 0.04608922930931569351
0.00000000000000000000 0.04627266942004411993
0.00000000000000000000 0.04641557766039963034
0.00000000000000000000 0.04689790591414131488
0.00000000000000000000 0.04729879200261408179
0.00000000000000000000 0.04734206010412039117
0.00000000000000000000 0.04748457874024041708
0.00000000000000000000 0.04756268324179337148
0.00000000000000000000 0.04768132863063163224
0.00000000000000000000 0.04782962124918031799
0.00000000000000000000 0.04784540735120496741
0.00000000000000000000 0.04785811668270553709
0.00000000000000000000 0.04794639005063566772
0.00000000000000000000 0.04812018657802095978
0.00000000000000000000 0.04839381983561184125
0.00000000000000000000 0.04842766990307317831
0.00000000000000000000 0.04860604011169718935
0.00000000000000000000 0.04877172431511492962
0.00000000000000000000 0.04899715317584622809
0.00000000000000000000 0.04925246644207765395
0.00000000000000000000 0.04960173922912897854
0.00000000000000000000 0.04964218105374400974
0.00000000000000000000 0.04974670138166398248
0.00000000000000000000 0.05005488330104126277
0.00000000000000000000 0.05011285191827796748
0.00000000000000000000 0.05035235142999915786
0.00000000000000000000 0.05118337714095643615
0.00000000000000000000 0.05127725121888359466
0.00000000000000000000 0.05133990881768926706
0.00000000000000000000 0.05143245525665438023
0.00000000000000000000 0.05157949153943332948
0.00000000000000000000 0.05179880654094296683
0.00000000000000000000 0.05214656061939493270
0.00000000000000000000 0.05239524966220955593
0.00000000000000000000 0.05259567128283920701
0.00000000000000000000 0.05369958330088159260
0.00000000000000000000 0.05384426915399845998
0.00000000000000000000 0.05387952450221043105
0.00000000000000000000 0.05388041829516571068
0.00000000000000000000 0.05439757573847985028
0.00000000000000000000 0.05451318215566781228
0.00000000000000000000 0.05464527443335464446
0.00000000000000000000 0.05561042103535842468
0.00000000000000000000 0.05562481345462137045
0.00000000000000000000 0.05574974165820843763
0.00000000000000000000 0.05592026280495560747
0.00000000000000000000 0.05622260962025992653
0.00000000000000000000 0.05657640746360526746
0.00000000000000000000 0.05658953041480149770
0.00000000000000000000 0.05686514151495982577
0.00000000000000000000 0.05736790632415385977
0.00000000000000000000 0.05746609361313288755
0.00000000000000000000 0.05750585586650042158
0.00000000000000000000 0.05765222101307557884
0.00000000000000000000 0.05766117809374958492
0.00000000000000000000 0.05779162023601842890
0.00000000000000000000 0.05788843953242626267
0.00000000000000000000 0.05802626072738186619
0.00000000000000000000 0.05837824971620107772
0.00000000000000000000 0.05847916024955072262
0.00000000000000000000 0.05853568867732303338
0.00000000000000000000 0.05885093620697085665
0.00000000000000000000 0.05885237322694508028
0.00000000000000000000 0.05887096768001985614
0.00000000000000000000 0.05891195845731034969
0.00000000000000000000 0.05922540636853650120
0.00000000000000000000 0.05934248512481495041
0.00000000000000000000 0.05957036475748880844
0.00000000000000000000 0.05958445748673109332
0.00000000000000000000 0.05977475774857185509
0.00000000000000000000 0.05982183573059248610
0.00000000000000000000 0.05992044004883905622
0.00000000000000000000 0.06037880345902005980
0.00000000000000000000 0.06043231799248163783
0.00000000000000000000 0.06048588727916448526
0.00000000000000000000 0.06049033354943660068
0.00000000000000000000 0.06060238963552259939
0.00000000000000000000 0.06065540405971780319
0.00000000000000000000 0.06072632534212017708
0.00000000000000000000 0.06082508651898892171
0.00000000000000000000 0.06107671702567218919
0.00000000000000000000 0.06116357051488394841
0.00000000000000000000 0.06124414994288825131
0.00000000000000000000 0.06130738358416835954
0.00000000000000000000 0.06137706918080575169
0.00000000000000000000 0.06141818427668783303
0.00000000000000000000 0.06186551817378901225
0.00000000000000000000 0.06200931444942280740
0.00000000000000000000 0.06216534529828857819
0.00000000000000000000 0.06263689439750916299
0.00000000000000000000 0.06270065693627231707
0.00000000000000000000 0.06284917958096344903
0.00000000000000000000 0.06305214238816718442
0.00000000000000000000 0.06318811066121184095
0.00000000000000000000 0.06325836007882683354
0.00000000000000000000 0.06331490583216542456
0.00000000000000000000 0.06340773374392352779
0.00000000000000000000 0.06346240530577772210
0.00000000000000000000 0.06379635595576210738
0.00000000000000000000 0.06387339275640685488
0.00000000000000000000 0.06398561008565482877
0.00000000000000000000 0.06401887886292151331
0.00000000000000000000 0.06415634271902911911
0.00000000000000000000 0.06428623460875704243
0.00000000000000000000 0.06460261327632367545
0.00000000000000000000 0.06469919299060761242
0.00000000000000000000 0.06470435995219137038
0.00000000000000000000 0.06487351346676953345
0.00000000000000000000 0.06496152932280534198
0.00000000000000000000 0.06510127342077914880
0.00000000000000000000 0.06518731370703825800
0.00000000000000000000 0.06563572543211705634
0.00000000000000000000 0.06585247261013153774
0.00000000000000000000 0.06587529553586847497
0.00000000000000000000 0.06602097053344350985
0.00000000000000000000 0.06640349871583180186
0.00000000000000000000 0.06654009897420511133
0.00000000000000000000 0.06664258265450648255
0.00000000000000000000 0.06664359773225574102
0.00000000000000000000 0.06666884095800072740
0.00000000000000000000 0.06669330025729058864
0.00000000000000000000 0.06714494015615389555
0.00000000000000000000 0.06723901136245061250
0.00000000000000000000 0.06725551781634930837
0.00000000000000000000 0.06730506908952693657
0.00000000000000000000 0.06741839900606066971
0.00000000000000000000 0.06768338783634228473
0.00000000000000000000 0.06778631559359049596
0.00000000000000000000 0.06780750473083552166
0.00000000000000000000 0.06790185393387702939
0.00000000000000000000 0.06790647013037579005
0.00000000000000000000 0.06802835240094597113
0.00000000000000000000 0.06810762070914899713
0.00000000000000000000 0.06824053448777524233
0.00000000000000000000 0.06831239421040695425
0.00000000000000000000 0.06831598191921764429
0.00000000000000000000 0.06841858867902325669
0.00000000000000000000 0.06844798518995923176
0.00000000000000000000 0.06866337719991047472
0.00000000000000000000 0.06883047197101146986
0.00000000000000000000 0.06895407072624813727
0.00000000000000000000 0.06902520788215497916
0.00000000000000000000 0.06967597900815143686
0.00000000000000000000 0.06969395426682960248
0.00000000000000000000 0.06972877742769609255
0.00000000000000000000 0.07002455834880051688
0.00000000000000000000 0.07005899331262381569
0.00000000000000000000 0.07045542165184597028
0.00000000000000000000 0.07064695036668881822
0.00000000000000000000 0.07083119427793713174
0.00000000000000000000 0.07086283864166947888
0.00000000000000000000 0.07088601826339467615
0.00000000000000000000 0.07120042619200994682
0.00000000000000000000 0.07120423390767399718
0.00000000000000000000 0.07131714581151027410
0.00000000000000000000 0.07134246250705272852
0.00000000000000000000 0.07148185998076428405
0.00000000000000000000 0.07158655656950346780
0.00000000000000000000 0.07174839116027464936
0.00000000000000000000 0.07182200913522784891
0.00000000000000000000 0.07200204897105262625
0.00000000000000000000 0.07241547888878074879
0.00000000000000000000 0.07245713277057228008
0.00000000000000000000 0.07246260186425212968
0.00000000000000000000 0.07254617381382971741
0.00000000000000000000 0.07257558332268182477
0.00000000000000000000 0.07257602391725753721
0.00000000000000000000 0.07257852514618601258
0.00000000000000000000 0.07262677477463001796
0.00000000000000000000 0.07276848328513656206
0.00000000000000000000 0.07281797227032418829
0.00000000000000000000 0.07323052304599791951
0.00000000000000000000 0.07330345393421730527
0.00000000000000000000 0.07341534426771513522
0.00000000000000000000 0.07382287235550137605
0.00000000000000000000 0.07412273992008443224
0.00000000000000000000 0.07436621968296702745
0.00000000000000000000 0.07453022850039646430
0.00000000000000000000 0.07462988073484284890
0.00000000000000000000 0.07478664723991669538
0.00000000000000000000 0.07496444070409324922
0.00000000000000000000 0.07503394842217199490
0.00000000000000000000 0.07506393939266875481
0.00000000000000000000 0.07509809684907370331
0.00000000000000000000 0.07533029032526016022
0.00000000000000000000 0.07541349093978871876
0.00000000000000000000 0.07546568806081549452
0.00000000000000000000 0.07553133806778900006
0.00000000000000000000 0.07567677942796333102
0.00000000000000000000 0.07587259169208597498
0.00000000000000000000 0.07590721520218952911
0.00000000000000000000 0.07595260666662026483
0.00000000000000000000 0.07614615145692996134
0.00000000000000000000 0.07617189410566321817
0.00000000000000000000 0.07632698460714945621
0.00000000000000000000 0.07645770225754748572
0.00000000000000000000 0.07671873231967696327
0.00000000000000000000 0.07674364679117418042
0.00000000000000000000 0.07676081184949533343
0.00000000000000000000 0.07680910330373497130
0.00000000000000000000 0.07689896677482414844
0.00000000000000000000 0.07690290802053574570
0.00000000000000000000 0.07697809816354100887
0.00000000000000000000 0.07704233675751719079
0.00000000000000000000 0.07711771446672091579
0.00000000000000000000 0.07716641823153187751
0.00000000000000000000 0.07720888056673812228
0.00000000000000000000 0.07723593400491614303
0.00000000000000000000 0.07725488143781100714
0.00000000000000000000 0.07737968185518548370
0.00000000000000000000 0.07759351788043106213
0.00000000000000000000 0.07778069233579650021
0.00000000000000000000 0.07786769933914156061
0.00000000000000000000 0.07803629807608028490
0.00000000000000000000 0.07806606448972955303
0.00000000000000000000 0.07809183718330968416
0.00000000000000000000 0.07866004914543825444
0.00000000000000000000 0.07866291018341402264
0.00000000000000000000 0.07873907675206925916
0.00000000000000000000 0.07887363296611195340
0.00000000000000000000 0.07905054874730231551
0.00000000000000000000 0.07908208890529175306
0.00000000000000000000 0.07925322558891463587
0.00000000000000000000 0.07949008635938295542
0.00000000000000000000 0.07960679193123697261
0.00000000000000000000 0.07962280058414938910
0.00000000000000000000 0.07967205596768014986
0.00000000000000000000 0.07983258060529080380
0.00000000000000000000 0.07994795207210567134
0.00000000000000000000 0.08004624662805583102
0.00000000000000000000 0.08007722415556252360
0.00000000000000000000 0.08015164178456986310
0.00000000000000000000 0.08026285240325067849
0.00000000000000000000 0.08033164670939321739
0.00000000000000000000 0.08041982400384103946
0.00000000000000000000 0.08053516332281478174
0.00000000000000000000 0.08063700680855065417
0.00000000000000000000 0.08072502230626574238
0.00000000000000000000 0.08090395921383397582
0.00000000000000000000 0.08126673638037455738
0.00000000000000000000 0.08130499358294661361
0.00000000000000000000 0.08134943565664412568
0.00000000000000000000 0.08191543123339642407
0.00000000000000000000 0.08200178271651656359
0.00000000000000000000 0.08270644173371806407
0.00000000000000000000 0.08271504834364382108
0.00000000000000000000 0.08279777295953445748
0.00000000000000000000 0.08288364041182758046
0.00000000000000000000 0.08339119820863090393
0.00000000000000000000 0.08341921435499786985
0.00000000000000000000 0.08346575532644427697
0.00000000000000000000 0.08375498747477619355
0.00000000000000000000 0.08411995030855334843
0.00000000000000000000 0.08424399234444447659
0.00000000000000000000 0.08480045698877131111
0.00000000000000000000 0.08486604910592965290
0.00000000000000000000 0.08538063749733003360
0.00000000000000000000 0.08538242887640498657
0.00000000000000000000 0.08564536832802230326
0.00000000000000000000 0.08588971532810160681
0.00000000000000000000 0.08591639578840262748
0.00000000000000000000 0.08595961567361012912
0.00000000000000000000 0.08607148288197749575
0.00000000000000000000 0.08612898344884259427
0.00000000000000000000 0.08626300732717522013
0.00000000000000000000 0.08632660225735529214
0.00000000000000000000 0.08661632970605015469
0.00000000000000000000 0.08663408041843753682
0.00000000000000000000 0.08669842604623471949
0.00000000000000000000 0.08685681640258725855
0.00000000000000000000 0.08690702606924681495
0.00000000000000000000 0.08711113588068208902
0.00000000000000000000 0.08713660892048202822
0.00000000000000000000 0.08731195913047111457
0.00000000000000000000 0.08736138993959456645
0.00000000000000000000 0.08742745240684918206
0.00000000000000000000 0.08755016543557075925
0.00000000000000000000 0.08758864726337510509
0.00000000000000000000 0.08842365323391564169
0.00000000000000000000 0.08842871915608531419
0.00000000000000000000 0.08850193573834791438
0.00000000000000000000 0.08854381646088257951
0.00000000000000000000 0.08855062503381416761
0.00000000000000000000 0.08869614763171344840
0.00000000000000000000 0.08872204984102732839
0.00000000000000000000 0.08876755371786659854
0.00000000000000000000 0.08877313238704633014
0.00000000000000000000 0.08881751049036402945
0.00000000000000000000 0.08897283111515737197
0.00000000000000000000 0.08916057213283408445
0.00000000000000000000 0.08919860799145568064
0.00000000000000000000 0.08959044139327990153
0.00000000000000000000 0.08965162597121822952
0.00000000000000000000 0.08974060787387913574
0.00000000000000000000 0.08992522148535786464
0.00000000000000000000 0.09040336349503814983
0.00000000000000000000 0.09088747636659369467
0.00000000000000000000 0.09089140191471452301
0.00000000000000000000 0.09104914497734688250
0.00000000000000000000 0.09108088642403781854
0.00000000000000000000 0.09153608876893010171
0.00000000000000000000 0.09163632358305998094
0.00000000000000000000 0.09180224561582446541
0.00000000000000000000 0.09186856482100116961
0.00000000000000000000 0.09191663157761430225
0.00000000000000000000 0.09211356761687754247
0.00000000000000000000 0.09225058727788142121
0.00000000000000000000 0.09244347685878730181
0.00000000000000000000 0.09248285583083346029
0.00000000000000000000 0.09265772535403557497
0.00000000000000000000 0.09307646979547259947
0.00000000000000000000 0.09340770161595976506
0.00000000000000000000 0.09370915741157172241
0.00000000000000000000 0.09405671178727526005
0.00000000000000000000 0.09415253468439203910
0.00000000000000000000 0.09450645396114673580
0.00000000000000000000 0.09456364842131537163
0.00000000000000000000 0.09474997983206910612
0.00000000000000000000 0.09479886668825712737
0.00000000000000000000 0.09491661271190955651
0.00000000000000000000 0.09525516262892334829
0.00000000000000000000 0.09533723089356312130
0.00000000000000000000 0.09577782890455439901
0.00000000000000000000 0.09605217948853751742
0.00000000000000000000 0.09617189541788494223
0.00000000000000000000 0.09658484716446187612
0.00000000000000000000 0.09684608742064761133
0.00000000000000000000 0.09687354650338331208
0.00000000000000000000 0.09705307263970849863
0.00000000000000000000 0.09739819844102379220
0.00000000000000000000 0.09785746507172403408
0.00000000000000000000 0.09792729484087876746
0.00000000000000000000 0.09807027997931742902
0.00000000000000000000 0.09843388973368771833
0.00000000000000000000 0.09873546614675658695
0.00000000000000000000 0.09891412191631758499
0.00000000000000000000 0.09906764123270288269
0.00000000000000000000 0.09933922278674844897
0.00000000000000000000 0.09937364339542144320
0.00000000000000000000 0.09944940072500423056
0.00000000000000000000 0.09945823826215206831
0.00000000000000000000 0.09993187487269482305
0.00000000000000000000 0.09999374975195042536
0.00000000000000000000 0.10036614589887071780
0.00000000000000000000 0.10043960251148677243
0.00000000000000000000 0.10054579679267569570
0.00000000000000000000 0.10164731833640321124
0.00000000000000000000 0.10176874133505851849
0.00000000000000000000 0.10198629783414207839
0.00000000000000000000 0.10201163394358195302
0.00000000000000000000 0.10207870776176249106
0.00000000000000000000 0.10264990296179272999
0.00000000000000000000 0.10282636682095575020
0.00000000000000000000 0.10298416439135267553
0.00000000000000000000 0.10316516146108867247
0.00000000000000000000 0.10328901268950321790
0.00000000000000000000 0.10353816198715361241
0.00000000000000000000 0.10369379519473348461
0.00000000000000000000 0.10425573650974997997
0.00000000000000000000 0.10426933317151843017
0.00000000000000000000 0.10430296222232152137
0.00000000000000000000 0.10446678236674727946
0.00000000000000000000 0.10447052716778493231
0.00000000000000000000 0.10458714452887399315
0.00000000000000000000 0.10459621897054623141
0.00000000000000000000 0.10460527997064685002
0.00000000000000000000 0.10475584293028014637
0.00000000000000000000 0.10501943663020361919
0.00000000000000000000 0.10570207575592852067
0.00000000000000000000 0.10573937024441110166
0.00000000000000000000 0.10580818389226337439
0.00000000000000000000 0.10591025206374614365
0.00000000000000000000 0.10669884546489712129
0.00000000000000000000 0.10691222047169524068
0.00000000000000000000 0.10735701961402473181
0.00000000000000000000 0.10746602723463254125
0.00000000000000000000 0.10791106469212713437
0.00000000000000000000 0.10816097655161920066
0.00000000000000000000 0.10819367887392211669
0.00000000000000000000 0.10940282371594442501
0.00000000000000000000 0.10980180306975804994
0.00000000000000000000 0.10987791753943482176
0.00000000000000000000 0.11060105660332271438
0.00000000000000000000 0.11105183044644667545
0.00000000000000000000 0.11134463774433857319
0.00000000000000000000 0.11218547187501631823
0.00000000000000000000 0.11229553907808002833
0.00000000000000000000 0.11236345141720154028
0.00000000000000000000 0.11271253202890808842
0.00000000000000000000 0.11272661013055934598
0.00000000000000000000 0.11276432310647256652
0.00000000000000000000 0.11373537188893365069
0.00000000000000000000 0.11706247757568213896
0.00000000000000000000 0.11716253544029602007
0.00000000000000000000 0.11721145175197725252
0.00000000000000000000 0.11755835493306492079
0.00000000000000000000 0.11807235890931280786
0.00000000000000000000 0.11807322399245873124
0.00000000000000000000 0.11830601206724661312
0.00000000000000000000 0.11946817990306399238
0.00000000000000000000 0.12032839907439034366
0.00000000000000000000 0.12035179016780801764
0.00000000000000000000 0.12042460112048308796
0.00000000000000000000 0.12103676288875676870
0.00000000000000000000 0.12109611188000442283
0.00000000000000000000 0.12172296064008276961
0.00000000000000000000 0.12265021100774357865
0.00000000000000000000 0.12349825535454837799
0.00000000000000000000 0.12372668051077813367
0.00000000000000000000 0.12558113070349710694
0.00000000000000000000 0.12616529719420585542
0.00000000000000000000 0.12640040241765093665
0.00000000000000000000 0.12793103761384258532
0.00000000000000000000 0.12811136267362954744
0.00000000000000000000 0.12816313255749681166
0.00000000000000000000 0.13214376329124147280
0.00000000000000000000 0.14509594525468830217
0.00000000000000000000 0.15755547163476565919
0.00000000000000000000 0.16761327374020576486
0.00000000000000000000 0.18590677920456952221
0.00000000000000000000 1.73205080756887719318
