0.00000000000000000000 0.00037371591160469890
0.00000000000000000000 0.00081007337934400144
0.00000000000000000000 0.00249669630590296969
0.00000000000000000000 0.00311017077941529857
0.00000000000000000000 0.00327878052099765845
0.00000000000000000000 0.00375656309022446904
0.00000000000000000000 0.00375797615078766935
0.00000000000000000000 0.00384614595637297260
0.00000000000000000000 0.00410814519933772482
0.00000000000000000000 0.00420275281919397711
0.00000000000000000000 0.00428562118561346805
0.00000000000000000000 0.00431521535037972422
0.00000000000000000000 0.00443764765306756126
0.00000000000000000000 0.00445783863439997742
0.00000000000000000000 0.00455037011961479179
0.00000000000000000000 0.00465878195152283261
0.00000000000000000000 0.00469547049827599965
0.00000000000000000000 0.00471112399477979608
0.00000000000000000000 0.00474537603085252620
0.00000000000000000000 0.00481889619602214256
0.00000000000000000000 0.00486994964657754600
0.00000000000000000000 0.00489502299397761610
0.00000000000000000000 0.00498439940353533756
0.00000000000000000000 0.00504732227317459311
0.00000000000000000000 0.00509416635414906924
0.00000000000000000000 0.00512969437062978529
0.00000000000000000000 0.00516037110026559658
0.00000000000000000000 0.00517206901148740180
0.00000000000000000000 0.00520794717761746337
0.00000000000000000000 0.00521684876499270769
0.00000000000000000000 0.00524648789951194343
0.00000000000000000000 0.00528747396372794033
0.00000000000000000000 0.00536770534457688391
0.00000000000000000000 0.00545477471202233510
0.00000000000000000000 0.00550655859240185581
0.00000000000000000000 0.00555614147538174060
0.00000000000000000000 0.00558189737652519790
0.00000000000000000000 0.00559660029351909810
0.00000000000000000000 0.00568935402755104281
0.00000000000000000000 0.00569653244613847233
0.00000000000000000000 0.00570273251145917044
0.00000000000000000000 0.00571770269562337473
0.00000000000000000000 0.00573287123258986106
0.00000000000000000000 0.00580869174825836103
0.00000000000000000000 0.00591027228923367461
0.00000000000000000000 0.00595096263758815389
0.00000000000000000000 0.00596511145029160993
0.00000000000000000000 0.00596711472005862463
0.00000000000000000000 0.00598857733174188844
0.00000000000000000000 0.00606462311987752967
0.00000000000000000000 0.00608102723448988511
0.00000000000000000000 0.00612262342559145856
0.00000000000000000000 0.00622632401633856948
0.00000000000000000000 0.00629413700601547631
0.00000000000000000000 0.00629571083765164546
0.00000000000000000000 0.00632571985363650658
0.00000000000000000000 0.00632687263500503107
0.00000000000000000000 0.00638978642921646332
0.00000000000000000000 0.00639585814594013143
0.00000000000000000000 0.00641143302144351734
0.00000000000000000000 0.00646826657716281436
0.00000000000000000000 0.00651253091162027134
0.00000000000000000000 0.00656340587157516406
0.00000000000000000000 0.00662539197120189365
0.00000000000000000000 0.00672337742266936478
0.00000000000000000000 0.00675092797990832407
0.00000000000000000000 0.00676694581070939796
0.00000000000000000000 0.00677470444875343317
0.00000000000000000000 0.00677882718446869495
0.00000000000000000000 0.00678742918797197326
0.00000000000000000000 0.00680556086019330764
0.00000000000000000000 0.00681819327460228206
0.00000000000000000000 0.00696119542300773636
0.00000000000000000000 0.00705748488580233702
0.00000000000000000000 0.00708570278961848012
0.00000000000000000000 0.00713126455722130122
0.00000000000000000000 0.00721528938042748352
0.00000000000000000000 0.00725285395088265828
0.00000000000000000000 0.00726706788431024341
0.00000000000000000000 0.00729506763384488860
0.00000000000000000000 0.00734346149762174407
0.00000000000000000000 0.00734855076609878307
0.00000000000000000000 0.00740540978550430998
0.00000000000000000000 0.00749143103068593622
0.00000000000000000000 0.00751888081644975451
0.00000000000000000000 0.00752016147344045181
0.00000000000000000000 0.00752377756093501691
0.00000000000000000000 0.00756110189755129433
0.00000000000000000000 0.00763463193872300321
0.00000000000000000000 0.00766712686370430406
0.00000000000000000000 0.00773612060916680291
0.00000000000000000000 0.00777428258964843986
0.00000000000000000000 0.00778729921941269040
0.00000000000000000000 0.00778970578261566765
0.00000000000000000000 0.00790620335132490026
0.00000000000000000000 0.00792008693901874276
0.00000000000000000000 0.00798686440151962287
0.00000000000000000000 0.00799528976131824026
0.00000000000000000000 0.00803842922424558882
0.00000000000000000000 0.00806599152567336573
0.00000000000000000000 0.00808753757237380862
0.00000000000000000000 0.00809760530002947947
0.00000000000000000000 0.00810887174555523400
0.00000000000000000000 0.00812295235454545995
0.00000000000000000000 0.00817008656716240386
0.00000000000000000000 0.00818301889977473412
0.00000000000000000000 0.00818662770443213776
0.00000000000000000000 0.00828494046395293268
0.00000000000000000000 0.00834309406377289203
0.00000000000000000000 0.00834411059814071411
0.00000000000000000000 0.00834582298536424606
0.00000000000000000000 0.00835623795604475625
0.00000000000000000000 0.00837526770334835573
0.00000000000000000000 0.00841824685666229221
0.00000000000000000000 0.00842139401241281949
0.00000000000000000000 0.00842847303069803495
0.00000000000000000000 0.00843049366677606216
0.00000000000000000000 0.00844543164287043548
0.00000000000000000000 0.00844943335400223303
0.00000000000000000000 0.00845899813566320345
0.00000000000000000000 0.00846091847669374827
0.00000000000000000000 0.00848076344788263603
0.00000000000000000000 0.00848624106491786476
0.00000000000000000000 0.00852881489292793733
0.00000000000000000000 0.00854223531031477780
0.00000000000000000000 0.00854411725736183535
0.00000000000000000000 0.00856047589999843830
0.00000000000000000000 0.00857911711259243780
0.00000000000000000000 0.00858434495488905915
0.00000000000000000000 0.00859689810617773366
0.00000000000000000000 0.00864591688980667454
0.00000000000000000000 0.00867010234077206232
0.00000000000000000000 0.00867407750734764185
0.00000000000000000000 0.00867509135292080825
0.00000000000000000000 0.00868461956278083862
0.00000000000000000000 0.00872057221857166012
0.00000000000000000000 0.00878547801818446196
0.00000000000000000000 0.00879242682174893354
0.00000000000000000000 0.00892247342941733870
0.00000000000000000000 0.00896002026377704618
0.00000000000000000000 0.00896102505991793613
0.00000000000000000000 0.00898852879348723682
0.00000000000000000000 0.00899277214675556560
0.00000000000000000000 0.00901171209893942421
0.00000000000000000000 0.00904004217292484445
0.00000000000000000000 0.00904007311776372675
0.00000000000000000000 0.00907119419195948767
0.00000000000000000000 0.00907863272640371463
0.00000000000000000000 0.00908316744874858480
0.00000000000000000000 0.00908929096248304105
0.00000000000000000000 0.00909727447791576146
0.00000000000000000000 0.00909908651291337425
0.00000000000000000000 0.00911466940015206659
0.00000000000000000000 0.00915529555902980588
0.00000000000000000000 0.00920747454388599722
0.00000000000000000000 0.00921603216448791014
0.00000000000000000000 0.00921774549308284306
0.00000000000000000000 0.00924425639732222304
0.00000000000000000000 0.00925275223629695547
0.00000000000000000000 0.00925784790211722254
0.00000000000000000000 0.00935590190118430233
0.00000000000000000000 0.00941418291917960406
0.00000000000000000000 0.00942882436264424161
0.00000000000000000000 0.00943906712580755425
0.00000000000000000000 0.00944756358897580820
0.00000000000000000000 0.00948561654786783844
0.00000000000000000000 0.00950085714779178719
0.00000000000000000000 0.00956186220309468773
0.00000000000000000000 0.00958228224698322133
0.00000000000000000000 0.00959280755134737408
0.00000000000000000000 0.00961683578842375576
0.00000000000000000000 0.00965826069750055222
0.00000000000000000000 0.00966291542564748016
0.00000000000000000000 0.00968944648088654846
0.00000000000000000000 0.00969369315205029398
0.00000000000000000000 0.00970788946475495754
0.00000000000000000000 0.00977406964322507024
0.00000000000000000000 0.00979065095831953627
0.00000000000000000000 0.00981456110620804525
0.00000000000000000000 0.00988445190728831288
0.00000000000000000000 0.00991838999035055992
0.00000000000000000000 0.00994992438374091813
0.00000000000000000000 0.00997540560204243122
0.00000000000000000000 0.00999970331680233131
0.00000000000000000000 0.01002463150502879048
0.00000000000000000000 0.01003266674653230904
0.00000000000000000000 0.01010158446643296369
0.00000000000000000000 0.01011166778430063438
0.00000000000000000000 0.01012816741260477889
0.00000000000000000000 0.01019480037414813647
0.00000000000000000000 0.01020229484657497222
0.00000000000000000000 0.01022292944991707274
0.00000000000000000000 0.01022486513177086644
0.00000000000000000000 0.01024586338307362059
0.00000000000000000000 0.01025584581702405906
0.00000000000000000000 0.01026508378316271647
0.00000000000000000000 0.01026956194453550880
0.00000000000000000000 0.01027299760210608620
0.00000000000000000000 0.01035441071789159305
0.00000000000000000000 0.01038943006078879051
0.00000000000000000000 0.01042330714641275836
0.00000000000000000000 0.01044580636963237871
0.00000000000000000000 0.01044591776846909292
0.00000000000000000000 0.01048354667188940159
0.00000000000000000000 0.01052627569684738522
0.00000000000000000000 0.01052710821171760035
0.00000000000000000000 0.01065895568439831353
0.00000000000000000000 0.01070291839943533253
0.00000000000000000000 0.01070477468694959293
0.00000000000000000000 0.01073101017940802232
0.00000000000000000000 0.01076808261626196507
0.00000000000000000000 0.01077631440477485464
0.00000000000000000000 0.01078635126118723288
0.00000000000000000000 0.01079906624589113857
0.00000000000000000000 0.01085470495947353682
0.00000000000000000000 0.01087114567840502533
0.00000000000000000000 0.01087572164634075488
0.00000000000000000000 0.01090831458181166190
0.00000000000000000000 0.01093365139339347834
0.00000000000000000000 0.01093674906035376794
0.00000000000000000000 0.01094414966568896773
0.00000000000000000000 0.01095552561491600074
0.00000000000000000000 0.01096018589944947053
0.00000000000000000000 0.01096798516754481437
0.00000000000000000000 0.01097242431072453263
0.00000000000000000000 0.01098349384300805962
0.00000000000000000000 0.01103272726657020947
0.00000000000000000000 0.01105695391475333689
0.00000000000000000000 0.01108933369976071448
0.00000000000000000000 0.01114259252213369022
0.00000000000000000000 0.01115533529756019063
0.00000000000000000000 0.01118523296245452214
0.00000000000000000000 0.01123625864759300770
0.00000000000000000000 0.01124335553941645596
0.00000000000000000000 0.01125836142296778898
0.00000000000000000000 0.01127513485129807980
0.00000000000000000000 0.01127684419728448156
0.00000000000000000000 0.01129651441661339017
0.00000000000000000000 0.01133223536756443328
0.00000000000000000000 0.01134876399916267924
0.00000000000000000000 0.01136370444044289447
0.00000000000000000000 0.01140420322591809317
0.00000000000000000000 0.01141676562454975279
0.00000000000000000000 0.01142382734932148244
0.00000000000000000000 0.01147150056301653870
0.00000000000000000000 0.01148056733532421513
0.00000000000000000000 0.01150253896213372477
0.00000000000000000000 0.01150986939454233526
0.00000000000000000000 0.01154094283800524527
0.00000000000000000000 0.01154857944726018354
0.00000000000000000000 0.01154929187696159508
0.00000000000000000000 0.01155499755142771166
0.00000000000000000000 0.01160194477847461755
0.00000000000000000000 0.01163234393614050871
0.00000000000000000000 0.01170651815323290983
0.00000000000000000000 0.01172312481310061952
0.00000000000000000000 0.01172471144910453011
0.00000000000000000000 0.01173560464601538893
0.00000000000000000000 0.01179299642074537781
0.00000000000000000000 0.01179684123727969131
0.00000000000000000000 0.01179993968169266993
0.00000000000000000000 0.01180682201765153802
0.00000000000000000000 0.01182544344471279582
0.00000000000000000000 0.01183044466924195945
0.00000000000000000000 0.01186292548348910625
0.00000000000000000000 0.01186431339653817689
0.00000000000000000000 0.01187735714391112592
0.00000000000000000000 0.01189236748552878996
0.00000000000000000000 0.01189415704183176443
0.00000000000000000000 0.01190331302405693396
0.00000000000000000000 0.01194672000760230689
0.00000000000000000000 0.01201594930196504471
0.00000000000000000000 0.01203578900045310443
0.00000000000000000000 0.01204699230137314635
0.00000000000000000000 0.01205649650535220961
0.00000000000000000000 0.01212929265985517036
0.00000000000000000000 0.01215296724921262513
0.00000000000000000000 0.01219385433725605171
0.00000000000000000000 0.01221536471379595923
0.00000000000000000000 0.01223279110095748697
0.00000000000000000000 0.01230214774264670220
0.00000000000000000000 0.01231802031166646764
0.00000000000000000000 0.01238127702238150420
0.00000000000000000000 0.01238571647083775047
0.00000000000000000000 0.01238668824810333288
0.00000000000000000000 0.01240303001654589898
0.00000000000000000000 0.01248406193604912305
0.00000000000000000000 0.01251740155484920222
0.00000000000000000000 0.01255007115401001253
0.00000000000000000000 0.01261107673792795196
0.00000000000000000000 0.01261817272291073516
0.00000000000000000000 0.01263324674446598787
0.00000000000000000000 0.01267144713413536315
0.00000000000000000000 0.01267850744133010993
0.00000000000000000000 0.01270627627190386300
0.00000000000000000000 0.01281388643898584770
0.00000000000000000000 0.01283530423664050631
0.00000000000000000000 0.01283767646288650963
0.00000000000000000000 0.01287400892225051482
0.00000000000000000000 0.01290696764807283681
0.00000000000000000000 0.01297400007832481827
0.00000000000000000000 0.01298554478656378797
0.00000000000000000000 0.01303975826636661652
0.00000000000000000000 0.01306972057260837213
0.00000000000000000000 0.01311652651839269844
0.00000000000000000000 0.01311855290690213532
0.00000000000000000000 0.01316817736705030648
0.00000000000000000000 0.01317196910342819174
0.00000000000000000000 0.01318547800924545210
0.00000000000000000000 0.01319038798196485104
0.00000000000000000000 0.01320163143766013396
0.00000000000000000000 0.01325550324868045304
0.00000000000000000000 0.01329474720614311906
0.00000000000000000000 0.01334594797578392798
0.00000000000000000000 0.01336774506541463063
0.00000000000000000000 0.01342426241535507082
0.00000000000000000000 0.01342682941686731621
0.00000000000000000000 0.01344178452493673993
0.00000000000000000000 0.01345190138861207356
0.00000000000000000000 0.01349726021774082067
0.00000000000000000000 0.01358847661719889306
0.00000000000000000000 0.01359086995263795311
0.00000000000000000000 0.01360351851090869056
0.00000000000000000000 0.01367150660941684331
0.00000000000000000000 0.01369105025088784670
0.00000000000000000000 0.01372188200658242332
0.00000000000000000000 0.01374647802984944531
0.00000000000000000000 0.01378759757529247724
0.00000000000000000000 0.01378799960670816678
0.00000000000000000000 0.01381004468433745351
0.00000000000000000000 0.01386686326516295593
0.00000000000000000000 0.01393079459390545241
0.00000000000000000000 0.01394147017430397324
0.00000000000000000000 0.01399203192900835141
0.00000000000000000000 0.01402450920987685125
0.00000000000000000000 0.01404675955222236920
0.00000000000000000000 0.01408686246612241531
0.00000000000000000000 0.01412975042329266823
0.00000000000000000000 0.01415434237754023897
0.00000000000000000000 0.01417341633179042444
0.00000000000000000000 0.01418189120447805977
0.00000000000000000000 0.01424715630136219602
0.00000000000000000000 0.01426896238658372472
0.00000000000000000000 0.01432766629847441464
0.00000000000000000000 0.01457516277709199927
0.00000000000000000000 0.01459152414462665248
0.00000000000000000000 0.01460974477900317710
0.00000000000000000000 0.01466219500972648637
0.00000000000000000000 0.01470120733396042614
0.00000000000000000000 0.01471780796065341561
0.00000000000000000000 0.01484416053417870855
0.00000000000000000000 0.01493415040226129045
0.00000000000000000000 0.01493982761314130263
0.00000000000000000000 0.01496834901886176343
0.00000000000000000000 0.01498013718760302440
0.00000000000000000000 0.01503256695244347720
0.00000000000000000000 0.01505611711141871187
0.00000000000000000000 0.01508879849183208770
0.00000000000000000000 0.01511236107020370520
0.00000000000000000000 0.01517243740871030387
0.00000000000000000000 0.01526869957250201817
0.00000000000000000000 0.01527460814701457441
0.00000000000000000000 0.01530945428234084700
0.00000000000000000000 0.01531117915968627750
0.00000000000000000000 0.01534330395675757332
0.00000000000000000000 0.01538840132151616906
0.00000000000000000000 0.01539332552702854691
0.00000000000000000000 0.01547600999340530657
0.00000000000000000000 0.01549356010328776893
0.00000000000000000000 0.01550868451049618180
0.00000000000000000000 0.01551566103027591896
0.00000000000000000000 0.01559718601410634009
0.00000000000000000000 0.01560130126024740320
0.00000000000000000000 0.01561127708513243041
0.00000000000000000000 0.01562278126339281675
0.00000000000000000000 0.01565389609081731942
0.00000000000000000000 0.01567965735970200739
0.00000000000000000000 0.01569744771602672381
0.00000000000000000000 0.01574132365948380935
0.00000000000000000000 0.01583940176743714803
0.00000000000000000000 0.01585210166969378345
0.00000000000000000000 0.01596885139262884182
0.00000000000000000000 0.01597828225447611369
0.00000000000000000000 0.01598962825954055103
0.00000000000000000000 0.01623853847362700595
0.00000000000000000000 0.01624736463967476480
0.00000000000000000000 0.01637400197847047739
0.00000000000000000000 0.01651356271262770931
0.00000000000000000000 0.01651769322692527020
0.00000000000000000000 0.01652611860725945736
0.00000000000000000000 0.01661643450602707725
0.00000000000000000000 0.01662610035194976577
0.00000000000000000000 0.01663296571514063724
0.00000000000000000000 0.01667791746008094253
0.00000000000000000000 0.01678639116838080356
0.00000000000000000000 0.01682239356478108447
0.00000000000000000000 0.01694186669338505757
0.00000000000000000000 0.01694481800266231519
0.00000000000000000000 0.01700063222947640826
0.00000000000000000000 0.01707031784551549941
0.00000000000000000000 0.01711523920808859234
0.00000000000000000000 0.01718624935840545875
0.00000000000000000000 0.01721147297103620480
0.00000000000000000000 0.01739875589762671093
0.00000000000000000000 0.01742227218092324767
0.00000000000000000000 0.01751094082078447425
0.00000000000000000000 0.01757524253487425386
0.00000000000000000000 0.01762782197259647049
0.00000000000000000000 0.01765420323326713156
0.00000000000000000000 0.01770814590429140370
0.00000000000000000000 0.01772350483230155510
0.00000000000000000000 0.01779584627633521918
0.00000000000000000000 0.01782667562161336164
0.00000000000000000000 0.01784390700779167269
0.00000000000000000000 0.01786450191007421875
0.00000000000000000000 0.01795317187521140376
0.00000000000000000000 0.01810550465102210918
0.00000000000000000000 0.01826071011280572601
0.00000000000000000000 0.01832979617290830116
0.00000000000000000000 0.01835624820856145839
0.00000000000000000000 0.01861207898535008690
0.00000000000000000000 0.01886174613027206959
0.00000000000000000000 0.01898838817324433742
0.00000000000000000000 0.01910214761868187297
0.00000000000000000000 0.01915859208951253834
0.00000000000000000000 0.01925414334449938869
0.00000000000000000000 0.01937717485395718670
0.00000000000000000000 0.01948101434506478366
0.00000000000000000000 0.01960012756453101759
0.00000000000000000000 0.01963575846114363685
0.00000000000000000000 0.01965063486170245607
0.00000000000000000000 0.01966135596503182717
0.00000000000000000000 0.01969254641738070813
0.00000000000000000000 0.01987206014236241047
0.00000000000000000000 0.01989125288474522316
0.00000000000000000000 0.01990089135627669606
0.00000000000000000000 0.02001295383602256020
0.00000000000000000000 0.02013578072733074667
0.00000000000000000000 0.02035959014871444039
0.00000000000000000000 0.02059300433785622372
0.00000000000000000000 0.02061693478151662914
0.00000000000000000000 0.02070332013620395512
0.00000000000000000000 0.02071288989916661785
0.00000000000000000000 0.02080568176634306488
0.00000000000000000000 0.02092542298795197972
0.00000000000000000000 0.02101925704478116441
0.00000000000000000000 0.02112885995643410189
0.00000000000000000000 0.02116201174971574922
0.00000000000000000000 0.02120961563204219399
0.00000000000000000000 0.02135654578010939483
0.00000000000000000000 0.02140473575016990301
0.00000000000000000000 0.02181143259585829539
0.00000000000000000000 0.02188385623917176934
0.00000000000000000000 0.02189329567884106681
0.00000000000000000000 0.02219606660766757986
0.00000000000000000000 0.02219781967926330243
0.00000000000000000000 0.02222570990332187885
0.00000000000000000000 0.02225133415975812101
0.00000000000000000000 0.02234752235614488255
0.00000000000000000000 0.02241864402540961337
0.00000000000000000000 0.02295349228024094745
0.00000000000000000000 0.02328835853475802117
0.00000000000000000000 0.02342652547586845935
0.00000000000000000000 0.02347517670185644140
0.00000000000000000000 0.02389408129869590933
0.00000000000000000000 0.02391147469000395182
0.00000000000000000000 0.02416401535499873923
0.00000000000000000000 0.02494369288399537338
0.00000000000000000000 0.02500287534180305887
0.00000000000000000000 0.02528628336297638474
0.00000000000000000000 0.02644398941793294974
0.00000000000000000000 0.02666970662370678896
0.00000000000000000000 0.02702509504102356200
0.00000000000000000000 0.02744224366536955964
0.00000000000000000000 0.02755099156307660654
0.00000000000000000000 0.02795706489592171898
0.00000000000000000000 0.02813056098156856144
0.00000000000000000000 0.02862695524064570035
0.00000000000000000000 0.02890123650128388275
0.00000000000000000000 0.02895285624681678480
0.00000000000000000000 0.02905130173164519394
0.00000000000000000000 0.02947019307874892621
0.00000000000000000000 0.02957942095516373493
0.00000000000000000000 0.03053199397695141593
0.00000000000000000000 0.03123594506495799838
0.00000000000000000000 0.03128966365478685202
0.00000000000000000000 0.03143254279760165915
0.00000000000000000000 0.03274921601707297264
0.00000000000000000000 0.03329462462410473500
0.00000000000000000000 0.03354483219900606522
0.00000000000000000000 0.03635919482615884019
0.00000000000000000000 0.03677640755098136177
0.00000000000000000000 0.03683970262955736652
0.00000000000000000000 0.03981364295465159020
0.00000000000000000000 0.04278482455168458598
0.00000000000000000000 0.04948326171643466914
0.00000000000000000000 0.05259982886353598702
0.00000000000000000000 0.33516405713894031893
0.00000000000000000000 0.49937103001693322613
0.00000000000000000000 1.73205080756887719318
