0.07940016334946409238 0.08066456250010901885
0.08448191565179105633 0.08743318663286568648
0.08613977830609212405 0.09517290768175103166
0.09044657090829523460 0.09666865594461872269
0.09539624407387775618 0.09705226652719667335
0.09417128234870249248 0.10199620554943782114
0.10411443081586511938 0.10496776548617484104
0.10376520674952392775 0.10496776548617484104
0.09119857352921996452 0.10558455476071665347
0.10349092626750587554 0.10612362208342246417
0.10650525766064129762 0.10876796097407205599
0.10676171476622217660 0.11029482492962890128
0.10604844885630486384 0.11363666995656693248
0.10853153145102967247 0.11506731827861291229
0.10825439919133503230 0.11613397520112936356
0.11417854667372055733 0.11705035204132435700
0.09901533758496003368 0.11748534888199746451
0.10811409714032349516 0.11799450714079448566
0.11585062210180227527 0.11813129093414448390
0.11307271749020467166 0.12102694043408442071
0.10806520285066413545 0.12132126207215516989
0.11820591031706155494 0.12213598945095698045
0.10673737429435790902 0.12279458659432325451
0.11093145730018384720 0.12320771288755706652
0.12316261548724297126 0.12352756963244625188
0.11517384067053043628 0.12640647712698369065
0.12456898533200995438 0.12646610164148858191
0.10696105423243196242 0.12793114001075864272
0.11794296109998290978 0.12827349570028273584
0.12165821919176407484 0.12883742881999862839
0.12413146294437744921 0.12883766960481540798
0.12094995337323206919 0.12894340938678952591
0.12389173608139125715 0.12896790080061926176
0.12946960434725141020 0.13092536897703183074
0.12668787708827505822 0.13102492560424491841
0.13023110694698861178 0.13114608419197507083
0.12479230536120151929 0.13149868818727278308
0.12620717711807061256 0.13215125092350435421
0.12168703578369706453 0.13277257670433947889
0.10496150251316102575 0.13324072422834171148
0.12553939918062909098 0.13390952480036835692
0.12945176061688626334 0.13412405444493263884
0.13071507197203763306 0.13483736767374956966
0.11811853945392183918 0.13518338146803351996
0.11901007761924622952 0.13519178477804355554
0.09612033012140855370 0.13537061915633374909
0.12673045588108325377 0.13587603643097959094
0.10511470766966057866 0.13595201708089404979
0.13521102867743770015 0.13600995276346380947
0.12450318740637050796 0.13678113846088954531
0.12359125951537869303 0.13711156845847100039
0.13514388833675605728 0.13807517912473751820
0.12971311885041378331 0.13858415899171477870
0.12448427390429694928 0.13949408071367364048
0.11844342384792627687 0.13959800047518375332
0.13212432929585321562 0.13975028213428053459
0.13001125235981431105 0.14119951164330446503
0.11483991771905710522 0.14323980009162592952
0.11962585931441431508 0.14327247023853395547
0.13988511154924038182 0.14358066462157009768
0.12331019983838316378 0.14388851763288737495
0.13196513170260365522 0.14407008133089960200
0.12015616404384402149 0.14428518301855586259
0.13357060967877651403 0.14462286946991143033
0.14067464883898575523 0.14486766763651848233
0.13613678650000821113 0.14501032181046122349
0.13878567357739030053 0.14571494860977485253
0.13821621876984935273 0.14573911827799673757
0.14349136617282343131 0.14727886869509626555
0.11825447616260993666 0.14765257797035208354
0.13626298219609067619 0.14769524778172166135
0.13337062870883981125 0.14872943297506613369
0.14393401922898604872 0.14921858711178417889
0.13284541130350829841 0.14923541497814976631
0.13613534627791112896 0.15036625413511464644
0.12143331644223907817 0.15052798385943685910
0.10325106125261263035 0.15075494104140813034
0.12341575199624413295 0.15095986846410128224
0.11340570450550632731 0.15107136122970069025
0.12580182250104954278 0.15117895351220606015
0.14333622308745794238 0.15151941720692696514
0.14079075584769790153 0.15176751846705613391
0.11838586212590962443 0.15336095046595552005
0.15052313065251890500 0.15341743040636535156
0.11972491131622518823 0.15398035379460142669
0.14899434013132503707 0.15398505478736734808
0.11629088859950066637 0.15438345964824487511
0.13007348009279667833 0.15446766972679029650
0.14835630361845222880 0.15562282123422085944
0.15230134442461865096 0.15586317223775975060
0.12229620478944648598 0.15586445198800435996
0.12340732961819705915 0.15597284441434466906
0.15324327701164464077 0.15631372639194018870
0.15630938767482266405 0.15707306565649062358
0.13291699930454051182 0.15726208156585760878
0.12263836947998014992 0.15910481251435046324
0.15978375219090829029 0.16102086695897890878
0.14382259131680902309 0.16165544299012482576
0.16162701072210447495 0.16251805539314018167
0.12359231826723636460 0.16286189709229775824
0.14873086479985789254 0.16350983648638831025
0.11798628847664698049 0.16448804777952924505
0.13824406486883356049 0.16482831947132298156
0.14851704489801462183 0.16485838054103688077
0.12254020577688481963 0.16517270942454803651
0.14875971497908707653 0.16659927913499555929
0.14545102354260916466 0.16664914304209252349
0.13403588845692340770 0.16664914304209252349
0.14277332069398052106 0.16681026555657510468
0.14590645489554759928 0.16747149644122141798
0.14557233808036185163 0.16767911584994132923
0.13360163493503440790 0.16769240572671051392
0.14186435810007466674 0.16810452618159887894
0.12248167384567595906 0.16813544794213719502
0.13418159856008501918 0.16856245410645842586
0.15129114054060968653 0.16928349027037051244
0.13746013076292598609 0.16999028676436139795
0.13701764018006776236 0.17117717562579709556
0.15861450283631525759 0.17120585334694410351
0.17061964591154044069 0.17134256276279083431
0.13156604627233681182 0.17226231887119594632
0.11572599169743284786 0.17232864574705808458
0.15742106191962187967 0.17243109973991155304
0.12294448099102882332 0.17370711137866434726
0.17054384816044534934 0.17406377585479959613
0.12827694684975196604 0.17459116579776653988
0.13301327617762948030 0.17537923193087928686
0.15445659155939878149 0.17541835572150807354
0.15751785103105922503 0.17555464954920438347
0.15132090965017025441 0.17558835607477499274
0.13836332295983508334 0.17564724072757068041
0.15050749121197812275 0.17617354359078329917
0.13949515929389666447 0.17706858637165417969
0.16503463488491360023 0.17999684267020377160
0.13607062655130292006 0.18093456029523641293
0.16455585650243706453 0.18166819663484554126
0.18210267378304506591 0.18319336632703570045
0.16857799630482225850 0.18332897584260079982
0.14644771450474192154 0.18365453933299125122
0.13698114765995747510 0.18413177833475599665
0.14140990577460466060 0.18541806441861660715
0.14405365735867961541 0.18564064147226994050
0.18074321343294705300 0.18567719072625485377
0.13621735809964810593 0.18660792019757521665
0.14766746673608810436 0.18661115551764706488
0.17798420732968894820 0.18671299700917776132
0.17438374100483872153 0.18748282826007878210
0.14311855880752330505 0.18834845980641759522
0.13609197665358066520 0.18853043078386905185
0.15044940389490021881 0.18853045152763839298
0.18763417940553761554 0.18978199455256800077
0.16288572728513714405 0.18995200324565464367
0.12017072314230105301 0.18996511979055694108
0.19000592135042124187 0.19015017953451004984
0.13732790608325956550 0.19053075271180017203
0.18697473324710905951 0.19063409903754080510
0.15759758702136911213 0.19168464088719311400
0.15254517146891566348 0.19224939242843769316
0.11957012076014933433 0.19227306579223299443
0.16118713999633182965 0.19234906453534392212
0.19071961891871766492 0.19260090265156959433
0.17705451517056672306 0.19267787716777950990
0.17801158509095799110 0.19288416853312326249
0.19181846302309260577 0.19363535880903501307
0.11822058621747336127 0.19383475652237680542
0.18118331158508577117 0.19423214114774861594
0.16153658594330042031 0.19616190918483542016
0.18383803098525125508 0.19619213915060534914
0.13506335732648305781 0.19981814747558532264
0.17738746701536631245 0.20003020836960883067
0.16199150724967872894 0.20071197775536214758
0.18982654153619477055 0.20113549557399723611
0.14558050953356674317 0.20155734036724992642
0.14221338820385992507 0.20244580303918741082
0.18724837643188615988 0.20267340384192020220
0.13986039548311707259 0.20328663149446454805
0.13418415558016114075 0.20347990385968930949
0.12653402252317408339 0.20401189915774825545
0.19212365998053237970 0.20427342498816020155
0.13087926678303105077 0.20459041349066497961
0.20262169360664114559 0.20464118021493610255
0.19502417770211610826 0.20550052822765010885
0.15731433629215618719 0.20590005122217677758
0.17488114904254423165 0.20693135801165415955
0.13722634776695968872 0.20724206595356961524
0.14523852503262846270 0.20764142951817632365
0.16859573173898900755 0.20872496465040932256
0.18491456962733426872 0.20988348810552656665
0.20833723407259860383 0.21080502356399422048
0.12877463359463442449 0.21188096849578436087
0.15411951853076094610 0.21202766686800444962
0.20044441265238907568 0.21237264079028173036
0.15232007315394172076 0.21290529918539805032
0.18186689858414412102 0.21560538365994488808
0.12832052043907707373 0.21602919419619581731
0.16783482720349174322 0.21847422508066030589
0.13382492486069547111 0.21874835798269620657
0.14666052714533509005 0.21981909867832313821
0.15374158544330268628 0.22671425790735647010
0.22373417018403526924 0.22739164737689887552
0.15868643534031912079 0.22981066965406854452
0.18270260521971551371 0.23056471121551846970
0.16409446782692108102 0.23121508570298468510
0.20264624767405248207 0.23269678566070750581
0.21192844143387593037 0.23302927821447094736
0.13583677633491225700 0.23320118193938402240
0.11880554863692510681 0.23378737636633778463
0.12458715238007178616 0.23382610380913651515
0.17976599096347717355 0.23914284662983045782
0.19907050458823355443 0.24224824269251973852
0.17588568156712794388 0.24706389911225773437
0.16535808207236332712 0.24730398701241548820
0.25973010322239359349 0.26352803461459944900
