0.06311996779907740052 0.06469420601775133228
0.07032118558505921768 0.07789324813172775197
0.08054049130504649379 0.08057073368194980767
0.08636402136775550575 0.08858826720445030223
0.09667063862946205510 0.09824583256060956393
0.09396023221565599770 0.10096759833188491406
0.08863428576451717888 0.10211123383191114677
0.09943404225472772529 0.10600821368941178158
0.09749578081075176150 0.10821773861589924215
0.09868046119739247446 0.10850687449171682319
0.10760984872472965923 0.11271529394617257891
0.11390601812176263941 0.11747347501753235832
0.11662235610980610512 0.11764490522476819812
0.11656566248191804758 0.12020443402234468055
0.11877147158543081840 0.12095729308383999789
0.11611663207872011117 0.12097434760419713273
0.12051773408371525831 0.12263634051631393251
0.10715253412134716215 0.12357821934198362501
0.12331117994076123967 0.12459366482805554754
0.11283309771170264846 0.12459460862459971475
0.12354484504484947172 0.12528736997233233530
0.10854405108485477849 0.12528736997233233530
0.10036006425826518584 0.12959382509197053812
0.11986495360486668083 0.13047765620776988205
0.12752871833300050142 0.13064872023143442314
0.11621812851476322204 0.13078432395665415267
0.12720387605888797133 0.13222223864152166106
0.12303705686292244759 0.13248575889383279458
0.11988858852079997686 0.13416213795764611594
0.12027497716416808704 0.13469502345284703471
0.13147147749885260137 0.13497354280147672023
0.13340231708001135114 0.13519899192943074517
0.13217581616530674204 0.13616139561998394369
0.12221326424252319798 0.13619411246394910742
0.13397599277986352306 0.13623196455376271330
0.12820306366921049857 0.13691872947355154810
0.13320887431912373233 0.13761598006381625670
0.13805459838497505243 0.13827856656890583076
0.13750432080985469652 0.13869789615291150398
0.13810631624295641173 0.13912584617340256754
0.11478341610929046479 0.13920307673109660884
0.13060328465632045636 0.13977032631816468933
0.13448522049398217715 0.14064031311045729900
0.13352039263699755356 0.14073069178480296371
0.13976543572240879287 0.14078185325493022817
0.10403649271824737255 0.14097837017495354339
0.11986047164187325909 0.14153888696337305064
0.13354987190693298760 0.14291787846312897781
0.12120716679009406469 0.14368702389445825451
0.13469405546081497649 0.14478299279478334949
0.12305644435153592631 0.14478299279478334949
0.11565211898576981120 0.14703008498413144833
0.12738411272540442476 0.14767704009245130603
0.11426193270637076405 0.14786722674508709363
0.14419235572349431429 0.14792991690944767846
0.10196764506360851688 0.14869198539589276176
0.14069368648168781299 0.14887407916123265861
0.12900755858277798693 0.14908076134976805394
0.11547188562349053331 0.14911305734694904612
0.11279972343119812339 0.14914065993785746711
0.12787879763422210777 0.14926836278468141872
0.13986400573159052385 0.14939392316341970623
0.14400138251987379401 0.15009971167128957625
0.14159052210101696900 0.15078762215681532077
0.11111545591017353563 0.15099116626085401505
0.14447011272885001976 0.15119055794723185171
0.13667862842807082524 0.15150511288241763630
0.14514432079361089256 0.15166949234568563587
0.11554188188075970034 0.15228553331811811589
0.15124645568414168961 0.15254742473013513382
0.13085648054059195733 0.15329869386474487269
0.14078992998572170681 0.15341587048670465854
0.12602532751082626272 0.15403074666031302264
0.14503098251324969548 0.15535055157803492887
0.12105574029586176066 0.15599607813363416953
0.13278277517899469973 0.15601391208609072248
0.15078137289899934403 0.15638743968708440635
0.14992126011933726293 0.15646643756583397677
0.15444748729440938018 0.15668261965987487216
0.15341008685871745931 0.15716204320391563565
0.12931891014601870626 0.15740432454233602155
0.14985084321513833516 0.15803972365140875334
0.14650557021486648734 0.15854844114000232747
0.14432753714574905746 0.15889248896464047700
0.14883962763210789593 0.15890661594468086237
0.14015018607616866464 0.15900714040467497923
0.14515619389621814417 0.15981950419017532106
0.12656702712539305566 0.16170463889618089115
0.15500975884394688209 0.16184693505625594168
0.15900888723341335962 0.16256891847971122189
0.16263565331196183639 0.16327100063857324930
0.12514473137120094015 0.16413040365259612408
0.13826731440618250657 0.16415311148438674338
0.14905707398401246699 0.16417171488741130747
0.13726503276256304953 0.16428053570407233352
0.15750199728568417545 0.16436131379057078439
0.12368559011466333242 0.16438655540415292311
0.15655158242540137548 0.16459069255857750047
0.13317861769353089851 0.16504855398559728497
0.15211787366063775351 0.16567573816645625451
0.13512302226276826089 0.16609425091919041706
0.14550455839326545404 0.16696490988001103095
0.12781984489725270460 0.16715905280348417050
0.15228514462827097420 0.16737313645656193284
0.16532827525661206169 0.16776921765184543700
0.14459467240499387919 0.16807362839749992456
0.12403635599855461491 0.16819779869149903417
0.14055497679710907133 0.16891200315477522542
0.13991126252206328995 0.16894418980024877852
0.13013182578230791941 0.16906844034355053563
0.16512332670862817086 0.16923552973358377272
0.15275456982982801857 0.17012422898159348938
0.14955890704694124738 0.17204512606359198545
0.16593354273757857098 0.17254150425750680586
0.16371776503315141338 0.17263596300137690198
0.13948201988069716672 0.17266472704337246236
0.17006578647177919561 0.17354925063603118818
0.13913616677714907288 0.17413320880143426383
0.13180821904527467714 0.17469100341690971256
0.16672028331796440170 0.17509789360849872808
0.16390311216744771206 0.17548945515599875811
0.16837076793572292033 0.17557716538101375559
0.16214484726656802627 0.17576102932424231273
0.16355984435122433718 0.17686078598420879038
0.16724709171246432415 0.17715792947010133851
0.15070505159423941421 0.17715792947010133851
0.16118979847955874907 0.17768458076719811922
0.17509084478425160358 0.17901997353184120887
0.13624294870698913651 0.17912645948342484359
0.12538794527865110284 0.17951940535812233035
0.15654298644487840697 0.18044013152629351238
0.13779914068761534018 0.18081151258960931338
0.17250513095733396862 0.18084970645644035669
0.16377994694700975797 0.18113757927067478115
0.17632051225295844454 0.18120495559337801428
0.13766539207281602852 0.18132201950420720471
0.14940978105984184521 0.18164301322382317427
0.15347843616036971337 0.18258970724108156136
0.18248193026269041161 0.18322880214151909817
0.13839858071180460852 0.18396642235837262769
0.15788299713332137886 0.18436566661927275557
0.15121208905803912304 0.18498895934877385150
0.13344970173151138315 0.18616819570582768262
0.17766676658232888331 0.18641208241835630077
0.14535137733725131404 0.18659779641465615296
0.15718144651709300974 0.18806463771293793763
0.15221260835986047399 0.18836266722363850801
0.14175892325197689270 0.18849501083449637928
0.17475174968006468301 0.18854239927428231849
0.18727605176529654729 0.18869471742854423968
0.16436705050602740119 0.18977142202363680989
0.16611647016075831162 0.19080206076767497470
0.18846725800408531404 0.19186036018666410841
0.14650506484209097069 0.19204657180871270716
0.18934301705003298011 0.19220238443406414963
0.16861910186340914319 0.19374251027311589768
0.15681811994039615565 0.19385188475019687893
0.17085261526878159355 0.19391734069123683915
0.17958925449931822937 0.19488615277619555921
0.16484145988263862459 0.19571417240381130953
0.13735102263161250158 0.19606022967183878158
0.18150486376711996717 0.19654577500920339395
0.13379890998732993368 0.19815267792248042467
0.17105933098990441787 0.19881817386978642426
0.15447436484088514219 0.19922966765564883995
0.19784149596421776729 0.20014833654468258684
0.14047136505402676998 0.20094953540817034332
0.19512170336993558961 0.20104186694455891682
0.19808632167112336098 0.20128019166715607757
0.16321336199052075000 0.20180080141461678722
0.15169640823925684137 0.20307786677422495769
0.20280774718909944099 0.20473312539060425919
0.19536721756293656815 0.20509947940299422253
0.14768199504693174662 0.20511912284781422255
0.19353166206584307418 0.20530935251627568938
0.20538871007990436302 0.20614136665814850047
0.15040082600427431836 0.20639971831084566456
0.16352257484957871680 0.20678721603452387967
0.19787408985961663088 0.20766234185345749941
0.15872290700985530743 0.20911406818557415344
0.14405719874460481966 0.21085907933026531991
0.19507006102460189290 0.21317532087421431353
0.16244022562248069952 0.21404784477706700896
0.12698850385553259179 0.21509076946652316842
0.17014556267771052678 0.21603216150501916570
0.15119799276851508818 0.21746368364583815169
0.17748443676413735992 0.21778995177280979778
0.19213738146946129914 0.21937393943892766202
0.16895533348775548799 0.21994983754437597012
0.14294049238678024905 0.22019156250257737595
0.15106436607868897748 0.22078135106381344133
0.18328176460107534207 0.22362927391174322600
0.13945075213025606709 0.22413442308149411630
0.17830313653406648644 0.22551231148236808299
0.12901093069573255079 0.22579794026338195767
0.20637859589400783800 0.22672516472376166852
0.17313775858899280169 0.22879794656939020370
0.14614265298686743288 0.22885367295544392641
0.13668310807115591210 0.23376440865943240444
0.22980150221396156152 0.23472481356515215167
0.13329915278778464716 0.24081306532221954941
0.12430469949611204494 0.24085504912902855335
0.16362976491054420647 0.24306864030616920358
0.12143196191002765538 0.25267759290148122941
0.13292916215642650024 0.25952234922167677356
0.12862132247868568458 0.26110092812529073214
0.23813433772828379587 0.26646904267060467220
