0.07478410462638528100 0.08398840288407187493
0.08620233107190844457 0.08784306024419029357
0.07462988370137835226 0.09135506767620030222
0.08499543610294443829 0.09359041270172817339
0.07937473241690529147 0.09558867139948593050
0.08222243571962996322 0.09759058976114629025
0.08577402867860461910 0.09980989706975955389
0.10149573115110897825 0.10184980710027434492
0.09882672717092878811 0.10309879482272568674
0.09962478026608352633 0.10334004188094614296
0.09830246060900101057 0.10526901690386571142
0.09845240563226864694 0.10727060209961086779
0.09752485958744960826 0.11090406723070712902
0.08592527421265162835 0.11170072918132713247
0.10870658217325251949 0.11510509089428712370
0.11358335061632182650 0.11522870904624611665
0.11495068578939011961 0.11698625910009778639
0.11084960131718175902 0.11838439127954161756
0.09995923595334643696 0.11915430531122282731
0.11481941850150523265 0.12101916491668351927
0.11001952242318933928 0.12300652535124625975
0.12104604930537921081 0.12343567549338209377
0.12331984349246996602 0.12542734039720784822
0.12590996897433681667 0.12601639104650816381
0.12390529675588231318 0.12735630201711956033
0.12022121882199786336 0.12780662169859924315
0.12613458819176276426 0.12823788328056595631
0.12288522655127355476 0.12961222096349447885
0.12557329185039764474 0.13099492944658383542
0.11756091564853710096 0.13193647477518499755
0.13075742571674381365 0.13260550231087145368
0.12539288265988551840 0.13348351039210715197
0.12530860113267938694 0.13571047792343379768
0.12462722427162668815 0.13600672638323499375
0.13036026080797386006 0.13631692182954799342
0.12835980444848635318 0.13640748128145060991
0.12155036329171289844 0.13655819041240918610
0.12743952453011131443 0.13656109646443376215
0.12859928692332325828 0.13758299644089505565
0.12907684515385575708 0.13898236823183829358
0.10754773879403330128 0.13924476695752951994
0.13954794157622163464 0.13979724887793323895
0.10853719267694686423 0.13994986845392001773
0.13446378931997202133 0.14080869122138650607
0.13758549490309193719 0.14097355939358025001
0.13091711620851054221 0.14123667256762317823
0.12879986948316668460 0.14135944593180008177
0.14083833191148603659 0.14154839118409570653
0.10733539728339282215 0.14186866438623227382
0.12730879052959767628 0.14257391204028174725
0.12887432732547043912 0.14485776719423620884
0.14311002506103981391 0.14489479532870258582
0.11974625889168956372 0.14538073219681812986
0.13188411709942921002 0.14617821407381403898
0.13730446461637049738 0.14626314112080077146
0.13484925912566525508 0.14693503664036322576
0.13940964039890760273 0.14695518095683382520
0.13609158230843956816 0.14772776471786658314
0.12641178730437596656 0.14772776471786658314
0.14520301290781309489 0.14922565863980249978
0.13639508272943673406 0.14990634811363551249
0.14539911040795161501 0.15023144562430251758
0.14818106263538097234 0.15075730691487140844
0.14714602880017640940 0.15102266112623549676
0.13782275015902006876 0.15147438928228099120
0.12736592732247059567 0.15159189156566246770
0.12208082480707370399 0.15208648983015055078
0.13427586795384147123 0.15225156954331678372
0.13865840404449508716 0.15366107295574812919
0.10309683277884199026 0.15382527434124509957
0.12943128734999420626 0.15458831356407173874
0.12427286927328846933 0.15553720714433827421
0.12427782390558043957 0.15598398443502997646
0.13372281195669424858 0.15697649001708502414
0.14012210237637723331 0.15729867485995263632
0.14614882506886697766 0.15778669127549890816
0.14847642771560451425 0.15868008392654364691
0.14680436865793047851 0.15894482298823875421
0.15609929541760700356 0.15910795824982196245
0.15028106504860289094 0.16084476929018853841
0.13100619957996853526 0.16145134664780003142
0.12112354177138776046 0.16190530192871205317
0.15964327432999686485 0.16193893733234712706
0.15215256623636003175 0.16240693927689775489
0.15561004771492900622 0.16253083383210215063
0.14969882486902838514 0.16253083383210215063
0.16193714075166407151 0.16300151416788821734
0.16254716269893593195 0.16350583811138932888
0.13794461475681496498 0.16513233979920899364
0.12136815249254269411 0.16513233979920899364
0.16016527403818880959 0.16710715255413244318
0.11214989059571132957 0.16839170765935998486
0.16364462409536137399 0.16903863761191401105
0.16740998407717663787 0.16955301719088047840
0.15809003279682698473 0.16962062831301719101
0.14690245561064826929 0.16972786918149945778
0.14675319634851066719 0.17002386865940935512
0.15629468934534557212 0.17005331045708987903
0.13664552985553302111 0.17105395156661312717
0.16111661107309641072 0.17128494185089146451
0.16121075825862643538 0.17188751827693907193
0.11747325559366179892 0.17270863836576283434
0.14812121113689283303 0.17273900044790418962
0.17206832819899717246 0.17281655749776456132
0.16228980193166891999 0.17362709435220025078
0.15521192146092568920 0.17500953510480843356
0.15519245151534621918 0.17564951309001947122
0.15841051544142645269 0.17570182727569960690
0.16815208976979970079 0.17597220419416809145
0.17303083423945284092 0.17603712578143446144
0.17141672506854108149 0.17738776090790792095
0.12288184981264796414 0.17752369627830957843
0.17286166401931640779 0.17774695081257055329
0.13664273542922977800 0.17780268141881880317
0.11216620781197940426 0.17797079370131949072
0.15811894319088390382 0.17823958499700753855
0.16010450599339698385 0.17853802803552587530
0.16736467699324864000 0.17878088232557895476
0.16804032970171678407 0.17928236944623976434
0.14383554576485202414 0.17940623656675394604
0.10779222385768261194 0.18003968403402048626
0.14291753697787867861 0.18034173704933487148
0.16723335653051632499 0.18041549976080972773
0.13151415041045860788 0.18061858908750050290
0.15007821157107256727 0.18087042100064182337
0.15041373363794569018 0.18097610013403020446
0.18000488437943806819 0.18120432625769272716
0.18218153988561591738 0.18342667440035648196
0.15737414470508173658 0.18359758525137645502
0.13600503972445623924 0.18359889093577697050
0.17874520669882540402 0.18359889093577697050
0.13634043360283620849 0.18420004131750325471
0.17337784291490698774 0.18438038952082491662
0.15341979495797031241 0.18472511026194676775
0.17672547349606748668 0.18490424189645016106
0.16046780638624030813 0.18586455213329941549
0.15998833566020567720 0.18621685155207393092
0.17682228731828025792 0.18634565920718235144
0.17114398984280712601 0.18787272505332996975
0.17478853405326907899 0.18793995731579005160
0.15783335123855660176 0.18813273004401265265
0.13831773505087952003 0.18847352114062715378
0.15112381946308717229 0.18884335187600492789
0.13490650755315583553 0.18971147684781022869
0.17279749784957204595 0.19036428645303471452
0.15953491691037996469 0.19042696695336175372
0.17183241262185056097 0.19072598044391436689
0.16606671354163832222 0.19115700176888228423
0.18297859734630944617 0.19166525686740426559
0.13462960207932206380 0.19190642008249270134
0.17900100610374525267 0.19193495393001086535
0.17482302035294625120 0.19291150986797270250
0.16101020570986282476 0.19369720692848615973
0.12529402790483068486 0.19387845243720291943
0.17389676632460082661 0.19607376543565938065
0.17631195360629964286 0.19653421828024114637
0.12394248759343262645 0.19731869634638951605
0.18955921719687257587 0.19788419043160682120
0.16559086351595858622 0.19817977310751866415
0.16995275200560353013 0.19866110809732706599
0.15193617881315948925 0.19881262068815758193
0.14063366758958065206 0.19912753201778671253
0.15138971765921901969 0.19940552067341868470
0.17860876691928057047 0.20117187676753126024
0.20003778434786442797 0.20183210759230782450
0.14063836781697758305 0.20199482838743648694
0.16562916839035576877 0.20241233662156002393
0.16451767798749150629 0.20269024089474135808
0.12897551859542025210 0.20305446906963550702
0.16692276540861472611 0.20330289484387112364
0.18235361928208945748 0.20373870305964386640
0.16480994253122741022 0.20476026298791114022
0.14792749821691944523 0.20585403137920565975
0.15876510763984502672 0.20588719896040982849
0.19603207784940723801 0.20604902859683638106
0.17427266159073012686 0.20786301026781012213
0.12813877918966576352 0.20863286607178604948
0.17631300057344340138 0.20953409826000046756
0.20711320864054269530 0.21104554785751741819
0.15626229263120178237 0.21126870720988191743
0.15814453514448489901 0.21405638491877101992
0.18910887716105873047 0.21419741139955283948
0.13552621404076548028 0.21510763127441712150
0.13745207145938137527 0.21722406998954366109
0.21343953493603676219 0.22201154503020772979
0.20367384107215918965 0.22462051823523884742
0.17003927378780556157 0.22546427623059112078
0.12639360888319423060 0.22556746909795316602
0.21811235957675825792 0.22678463120276703968
0.14933912138167776407 0.22976561860427685557
0.18741164383797348503 0.23066738080767887342
0.21283789601070493558 0.23176852006581755150
0.21658367846869491791 0.23286667921755943578
0.21587473424433431535 0.23304852587322338886
0.22867569126034520410 0.23416032982494011661
0.12965265458389757525 0.23456375129670650748
0.22674075994868372885 0.23851887107183283865
0.15578376500239424218 0.23880152648420321926
0.16275683554439809853 0.24105865493346334549
0.15104351590677436712 0.24213856808408468213
0.24064879237318587135 0.24238256165105875883
0.21898169120563809598 0.24260466716571699175
0.12983899067648149717 0.24297299402511773891
0.19285150893039210152 0.24377408446977136269
0.23659612683069103367 0.24622936810004319996
0.19579879349304116221 0.24863449979501192622
0.22784367647235390097 0.25011801761282287382
0.16555303469247317771 0.25022303813124990857
0.15607136194844400956 0.25147881832016216741
0.15462065674174013674 0.25509242278334282039
