0.06032653448860762768 0.06118041264489535586
0.06917509565575163943 0.06962262729398746575
0.06240214022941364264 0.06962262729398746575
0.08479100599281627626 0.08651852948021745981
0.08961049673078681777 0.09278735315622697877
0.09455453080111822506 0.09802018120225942932
0.09357596960339267800 0.10049038045553952692
0.07554939291266890566 0.10278561346150688616
0.10311172189530161403 0.10351664457444439971
0.10224710996480690373 0.10446335953134071317
0.10830962855018780311 0.10923118876956154633
0.09430356766982789241 0.10992345378298258585
0.10378486981015931645 0.11070301083336603343
0.10322464809419761023 0.11225197179953916304
0.10421390374060530981 0.11294473654581850541
0.11300947676496107819 0.11349974926146648435
0.09480498615907526072 0.11709763773075639037
0.09447781689296912144 0.12105078477709993456
0.11570577005324342301 0.13104150826100535721
0.10310566637139882695 0.13363733988840306721
0.09957646390947422210 0.13441094240979892249
0.13473841440297829042 0.13654307669847431939
0.12142679899572340896 0.13748575898793646832
0.12751337073500121355 0.13753420225299198276
0.13517417092591346717 0.14062749683167102832
0.12099955981969520713 0.14193488440225612846
0.13339755491301708012 0.14446736829740972063
0.14126656122686373496 0.14454491088287130252
0.14217980075911224036 0.14490149931237100711
0.14419269951374089067 0.14557211331788480480
0.14309478680673773376 0.14810488897321572033
0.12532762078670661721 0.14815883549988809187
0.13352225717322166454 0.14892309342953305440
0.14649039991740267497 0.15088620132992022760
0.13675944196742295667 0.15128040122631702946
0.14105667709384150932 0.15241975195180698655
0.13374320669371003723 0.15327960772806045742
0.15021526186810388315 0.15336889749966486907
0.13214229969683341515 0.15522313124815603769
0.15282356827677487376 0.15550625038364737640
0.12135268713755255343 0.15577226727111623261
0.14971602337670170124 0.15775135424674768814
0.14178882905385717383 0.15832719782542270526
0.14492616581067205295 0.15834279653863611581
0.15385640650666088103 0.15854962839576547395
0.14251541797937103406 0.15938145938773534693
0.15587164931493860398 0.15952115418356993537
0.14443049133896315728 0.16038664060810534084
0.14604926144640612007 0.16073970339395324269
0.15261502501408510946 0.16151995524919915415
0.13641202213546746447 0.16154446365348634762
0.15310998145933535364 0.16289177760945991458
0.15786759449584433779 0.16316154499950030754
0.15440728903697431562 0.16418314973123113165
0.15676487755025700355 0.16418314973123113165
0.13269935778330207987 0.16516195970740157883
0.15667464500451633302 0.16608604906138563218
0.15600113959988801127 0.16645765196717521306
0.16356349632510855385 0.16813840237969659985
0.15608144054005487766 0.16815295479816563806
0.14728036214960921191 0.16858872520987011612
0.14230302257152474543 0.16943724636228424396
0.14482484128396133638 0.17194647480372382553
0.14587718363336507621 0.17433935490546489944
0.15222655157933812076 0.17545604848810431031
0.13795644084877345392 0.17652181652673260004
0.14139511013162037179 0.17724035829528203556
0.17648046280337847946 0.17746797467281233418
0.17606521452050302723 0.17780887442721204916
0.16274339619282437996 0.17830098761796681073
0.17159206446039490523 0.18088208353351731272
0.13115089278391650618 0.18166618622980648667
0.16507901082310058594 0.18368951894439197736
0.12405714099159553809 0.18541326344831379758
0.15311795990839704995 0.18851727643332225060
0.18040918534314012711 0.18931677115362469110
0.17688499702545337766 0.19022123626258777285
0.17950122690075506759 0.19035241292182003559
0.18513117532661310660 0.19070787688077145416
0.17984335898087353001 0.19278772590849879709
0.18596388550132422757 0.19282040232277852798
0.17663846450530393262 0.19293994938001679529
0.18751984203269814189 0.19312323368675202162
0.17006936826939700325 0.19327005002582531290
0.15878401489304794225 0.19360165681753541134
0.18548297193288454388 0.19377696794429880023
0.15543318287144541889 0.19442406109907015010
0.15997253696095156683 0.19541419413804422822
0.18769110600614591355 0.19546967684654381614
0.17969815331840721662 0.19584675346874325097
0.17973991030549699155 0.19588609780712143427
0.14173247591003379497 0.19640998111825633266
0.16384739402002460040 0.19653779334371232479
0.17370660979281754566 0.19761033186604795575
0.17191886886604892948 0.19800924190638385936
0.19591312741246985629 0.20027608541057057012
0.18477638425430009672 0.20115730369772738539
0.18233661108694140807 0.20297466367522773445
0.16971521206105327773 0.20581311316313283255
0.17750736214039120053 0.20940465128127119798
0.18079039258820980840 0.21002168702719362092
0.20678753848723452347 0.21391930841665604546
0.20193793966107945193 0.21447396371865387610
0.20077013321532732881 0.21448292444054073425
0.16370063293887354705 0.21551442188965286295
0.15514605700304209823 0.21909316341099738246
0.15914576127374463477 0.21917137893168550655
0.20644478421179338068 0.21968061399393570832
0.16999434341529914838 0.22055210132884828234
0.21876390123239916607 0.22193124186166987566
0.21102203376301853499 0.22260821753813631041
0.21575247701559704949 0.22272359614378856030
0.17337702413312758298 0.22332199831818028146
0.21187775088600008244 0.22334510689520517546
0.18519762259869188004 0.22375152487483276897
0.14136678325310472748 0.22485077489228272318
0.16443342623011805714 0.22613546745593759990
0.17839364281391698053 0.22927847428666486840
0.15678752691472166991 0.23095314518435461348
0.22312895915177227701 0.23097912623164312818
0.21563313581621842974 0.23281612230984505274
0.20618301351614357064 0.23887935591882292208
0.23601745413624375391 0.24072477091265997995
0.20087854805194979568 0.24109211475874003927
0.20121568223444419310 0.24363190334750700616
0.17270130643124256831 0.24438525122317991678
0.21086961098888737376 0.24638016975458523761
0.15356464922931517547 0.24870719507764488254
0.19828672558038548668 0.25059769381339491723
0.20924093278722510902 0.25292425969995968593
0.19938602597950857986 0.25420301438944292727
0.20930055396821276026 0.25472736687293950908
0.23313730828526882388 0.25508851708709673334
0.15500711615116080644 0.25606879068609139649
0.22141651717829338719 0.25661083074972934615
0.23258285557136865185 0.25866610930087102771
0.25736797894470053727 0.25939865997291572386
0.26051529001415041353 0.26644996646965785070
0.26490911791536747577 0.26666759431966902127
0.16322509337491014625 0.26964772681805926346
0.23173544141224736159 0.27189340041361176326
0.24185681546440165879 0.27342914744815283168
0.18168829829315838453 0.27375198363604619223
0.24539888245398666644 0.27510010160385112155
0.25843544177021099406 0.27566139936153466472
0.27123211803032887257 0.27662006745654549311
0.21406990462426234156 0.27751190688017618458
0.21816541316790150074 0.27779463899732337318
0.27923778734629561837 0.28050927108918255470
0.20056974379585137958 0.28062793077633108041
0.24980622778705730003 0.28119191303299406748
0.22993885991944615355 0.28423059832040753481
0.23785197543390210195 0.28469316863526733519
0.23838294053679390250 0.28529031486130884687
0.25742698494125060282 0.28588985209889861139
0.27583356936222630518 0.28619994397179199241
0.20924326370899365424 0.28800018137881522318
0.25053883682238514696 0.28914937184274702719
0.20897284450176678572 0.28914937184274702719
0.27195766292943190923 0.28950747962526945933
0.19955581099490216079 0.28957390226582513382
0.28774328022374245917 0.29054443473922014762
0.23188575818015913499 0.29313771959343770668
0.27851239153925960723 0.29401008342397122464
0.28710870182296577280 0.29646697577311187377
0.23226593585229340921 0.29861920389682877763
0.23361259702577458208 0.29863649221135074585
0.25932745212047397798 0.29927035047470362805
0.28825142621987309699 0.30006722465393009802
0.14002868663671616534 0.30431274304356126237
0.29553617034477186465 0.30448256820952923629
0.19153171272885874399 0.30494563110508260406
0.30296346028952797491 0.30680074204231189139
0.27893662585104805895 0.30741150081170343089
0.26298217329605610981 0.30752385790354991313
0.22291639267427101889 0.30943780467295040060
0.22430496869482055566 0.31032847757669795863
0.29616617257341831815 0.31906322295158962010
0.20375755764659039815 0.32554914419315911234
0.23701420789373431330 0.33294079080249627811
0.21701395514356491834 0.33416654321682126572
0.29788142262683708905 0.33597318168511336456
0.20820075142966437687 0.33737951697703877363
0.13610336812757520275 0.33958816925424706312
0.30601826924659281115 0.34010905090390874950
0.29952288402160176517 0.34885621482249651315
0.32271307571273555315 0.35064181424935830789
0.25052229019114163888 0.35324396378785860584
0.34000007805818005524 0.36342005007072780698
0.21615734661748581269 0.36419118971154995634
0.36448304475420612025 0.36749181955959159263
0.27786261402521184039 0.36928907908628427759
0.20698134950727151149 0.38252750204395352673
