0.00000000000000000000 0.01108874960386394166
0.00000000000000000000 0.01406480163649036740
0.00000000000000000000 0.01760977851210205475
0.00000000000000000000 0.01771861645625284407
0.00000000000000000000 0.01860569625726316359
0.00000000000000000000 0.01904100751138208814
0.00000000000000000000 0.01906091706209877418
0.00000000000000000000 0.02101852021670821621
0.00000000000000000000 0.02178459602200123746
0.00000000000000000000 0.02181965400622914997
0.00000000000000000000 0.02328007776637959492
0.00000000000000000000 0.02381395739434818623
0.00000000000000000000 0.02556008660000442384
0.00000000000000000000 0.02603474843882377238
0.00000000000000000000 0.02660710974650231167
0.00000000000000000000 0.02805394115024233484
0.00000000000000000000 0.03195730488608187342
0.00000000000000000000 0.03275727185865490165
0.00000000000000000000 0.03282425730074171877
0.00000000000000000000 0.03395374302470225564
0.00000000000000000000 0.03460625143495592998
0.00000000000000000000 0.03594454842855547561
0.00000000000000000000 0.03642545293794260258
0.00000000000000000000 0.03656055227556818249
0.00000000000000000000 0.03753894641842179386
0.00000000000000000000 0.03768369403320388777
0.00000000000000000000 0.03904468641616246766
0.00000000000000000000 0.03919867507006492141
0.00000000000000000000 0.03941685083562029845
0.00000000000000000000 0.03954189289592063145
0.00000000000000000000 0.03968784164600783204
0.00000000000000000000 0.04009486871882898124
0.00000000000000000000 0.04019086929341461611
0.00000000000000000000 0.04060745750981335778
0.00000000000000000000 0.04081084168338718066
0.00000000000000000000 0.04085142558607637170
0.00000000000000000000 0.04145720751813816718
0.00000000000000000000 0.04197222697139837977
0.00000000000000000000 0.04200460995635717232
0.00000000000000000000 0.04328167833454220348
0.00000000000000000000 0.04337509152798606910
0.00000000000000000000 0.04410692883728067892
0.00000000000000000000 0.04416838472006728161
0.00000000000000000000 0.04426257717442391021
0.00000000000000000000 0.04432123879882208378
0.00000000000000000000 0.04444062804211192097
0.00000000000000000000 0.04470012642423154547
0.00000000000000000000 0.04474283152257279433
0.00000000000000000000 0.04546875771454730181
0.00000000000000000000 0.04590871553017276258
0.00000000000000000000 0.04687488391930008658
0.00000000000000000000 0.04700137511559699527
0.00000000000000000000 0.04724074649337002552
0.00000000000000000000 0.04740553281700279203
0.00000000000000000000 0.04786119029384583445
0.00000000000000000000 0.04821096073334040638
0.00000000000000000000 0.04822758112187015139
0.00000000000000000000 0.04852899601583204187
0.00000000000000000000 0.04947126974324917575
0.00000000000000000000 0.05016730483767720128
0.00000000000000000000 0.05019400394360601370
0.00000000000000000000 0.05019485772005776586
0.00000000000000000000 0.05043308314028206729
0.00000000000000000000 0.05078602289472197717
0.00000000000000000000 0.05078801982218158345
0.00000000000000000000 0.05173568510301959633
0.00000000000000000000 0.05230839526243602489
0.00000000000000000000 0.05262392818520900128
0.00000000000000000000 0.05274411742873729575
0.00000000000000000000 0.05276837870324699309
0.00000000000000000000 0.05301218163821074664
0.00000000000000000000 0.05315427602130420870
0.00000000000000000000 0.05343029371134083022
0.00000000000000000000 0.05356325777925322745
0.00000000000000000000 0.05362542369130086223
0.00000000000000000000 0.05404150724705401171
0.00000000000000000000 0.05514536228520571653
0.00000000000000000000 0.05540412005474862345
0.00000000000000000000 0.05589889475593262658
0.00000000000000000000 0.05612706386907872352
0.00000000000000000000 0.05616351547329973687
0.00000000000000000000 0.05620009627146390491
0.00000000000000000000 0.05622477107771358534
0.00000000000000000000 0.05672828091317275168
0.00000000000000000000 0.05677969172347380883
0.00000000000000000000 0.05684666820449981589
0.00000000000000000000 0.05776652501751446817
0.00000000000000000000 0.05830563049248692342
0.00000000000000000000 0.05856189470481016485
0.00000000000000000000 0.05863878275918591593
0.00000000000000000000 0.05953693010297043953
0.00000000000000000000 0.05995380701898317399
0.00000000000000000000 0.05995929389419239752
0.00000000000000000000 0.05997964896444420851
0.00000000000000000000 0.06007805043896679437
0.00000000000000000000 0.06029171041412519777
0.00000000000000000000 0.06033526561744705780
0.00000000000000000000 0.06050442148152690436
0.00000000000000000000 0.06062314479295746739
0.00000000000000000000 0.06079790037148227744
0.00000000000000000000 0.06088441360585176987
0.00000000000000000000 0.06094862674614982129
0.00000000000000000000 0.06098473052938026967
0.00000000000000000000 0.06175347704842264196
0.00000000000000000000 0.06177350328636385668
0.00000000000000000000 0.06194518861352010103
0.00000000000000000000 0.06195646345753044043
0.00000000000000000000 0.06216499450479109901
0.00000000000000000000 0.06218197363980379477
0.00000000000000000000 0.06230021524903583963
0.00000000000000000000 0.06294868069410392009
0.00000000000000000000 0.06341605397077275386
0.00000000000000000000 0.06342447024931349708
0.00000000000000000000 0.06376101228808615795
0.00000000000000000000 0.06378325887813134087
0.00000000000000000000 0.06420352565622985952
0.00000000000000000000 0.06448376207086489731
0.00000000000000000000 0.06451563071959090512
0.00000000000000000000 0.06452406082744316373
0.00000000000000000000 0.06479074978289371678
0.00000000000000000000 0.06494129147017212167
0.00000000000000000000 0.06498366610973364821
0.00000000000000000000 0.06520446514217391465
0.00000000000000000000 0.06530117048789441103
0.00000000000000000000 0.06542211185119151118
0.00000000000000000000 0.06573178962783486623
0.00000000000000000000 0.06579750251253337068
0.00000000000000000000 0.06589612161642995070
0.00000000000000000000 0.06592611770840856034
0.00000000000000000000 0.06612296049972821166
0.00000000000000000000 0.06645064279435569654
0.00000000000000000000 0.06657158045816898018
0.00000000000000000000 0.06666016892063365840
0.00000000000000000000 0.06679246697278047595
0.00000000000000000000 0.06680443073552458366
0.00000000000000000000 0.06694875066148857357
0.00000000000000000000 0.06757571665901038194
0.00000000000000000000 0.06758581273335670381
0.00000000000000000000 0.06768086276102078247
0.00000000000000000000 0.06793811414358398582
0.00000000000000000000 0.06809413531721943136
0.00000000000000000000 0.06838111300261789927
0.00000000000000000000 0.06895190077448890009
0.00000000000000000000 0.06904430564348006116
0.00000000000000000000 0.06920178440121602104
0.00000000000000000000 0.06923309508943861768
0.00000000000000000000 0.06973675188338959718
0.00000000000000000000 0.06983890140528992152
0.00000000000000000000 0.07033984873815769812
0.00000000000000000000 0.07066105694348068234
0.00000000000000000000 0.07070976883227488019
0.00000000000000000000 0.07072518316644835212
0.00000000000000000000 0.07083003972678041105
0.00000000000000000000 0.07117991066035384007
0.00000000000000000000 0.07163090321774417957
0.00000000000000000000 0.07175497982109642348
0.00000000000000000000 0.07223732329126029972
0.00000000000000000000 0.07230925684557237831
0.00000000000000000000 0.07254728265632255646
0.00000000000000000000 0.07261562944579340317
0.00000000000000000000 0.07276791209409774752
0.00000000000000000000 0.07333588070661679892
0.00000000000000000000 0.07360619380455415972
0.00000000000000000000 0.07409613384853348805
0.00000000000000000000 0.07438189398876918212
0.00000000000000000000 0.07446639193475321217
0.00000000000000000000 0.07470213523088613250
0.00000000000000000000 0.07513203655251760038
0.00000000000000000000 0.07552915484310182559
0.00000000000000000000 0.07569144123718253570
0.00000000000000000000 0.07575722960262616656
0.00000000000000000000 0.07578291953619403776
0.00000000000000000000 0.07595844998953110716
0.00000000000000000000 0.07598804889231150494
0.00000000000000000000 0.07604006091097030573
0.00000000000000000000 0.07613746509610326563
0.00000000000000000000 0.07652856618328940375
0.00000000000000000000 0.07671092251522648731
0.00000000000000000000 0.07679394828497705661
0.00000000000000000000 0.07682155214376029662
0.00000000000000000000 0.07699890905512019046
0.00000000000000000000 0.07702878345251006065
0.00000000000000000000 0.07710725510655651316
0.00000000000000000000 0.07776568350277683617
0.00000000000000000000 0.07788505071315779404
0.00000000000000000000 0.07796985056183378116
0.00000000000000000000 0.07801655440151297749
0.00000000000000000000 0.07811652620676266812
0.00000000000000000000 0.07825182408839675974
0.00000000000000000000 0.07861555579422704887
0.00000000000000000000 0.07943792745485772633
0.00000000000000000000 0.07951931086411807847
0.00000000000000000000 0.07958271278465514631
0.00000000000000000000 0.07978912986672527519
0.00000000000000000000 0.07997423553172662569
0.00000000000000000000 0.08007320822434013663
0.00000000000000000000 0.08012151803383026072
0.00000000000000000000 0.08015577726170414197
0.00000000000000000000 0.08039291579996039883
0.00000000000000000000 0.08051016198586674610
0.00000000000000000000 0.08066943058337558425
0.00000000000000000000 0.08069328940776529513
0.00000000000000000000 0.08091506604043330331
0.00000000000000000000 0.08094814604498458410
0.00000000000000000000 0.08105860542574175320
0.00000000000000000000 0.08120344387949401943
0.00000000000000000000 0.08121657570076298849
0.00000000000000000000 0.08156794923614008042
0.00000000000000000000 0.08193014557845014478
0.00000000000000000000 0.08233087954927946484
0.00000000000000000000 0.08245293679322775182
0.00000000000000000000 0.08277168594802682133
0.00000000000000000000 0.08288824266943495278
0.00000000000000000000 0.08305134537101321879
0.00000000000000000000 0.08329432718480260511
0.00000000000000000000 0.08339605834748799185
0.00000000000000000000 0.08340479219600036020
0.00000000000000000000 0.08357636351222549886
0.00000000000000000000 0.08360276604858164762
0.00000000000000000000 0.08369921945689105802
0.00000000000000000000 0.08375267907098030151
0.00000000000000000000 0.08394997929911007795
0.00000000000000000000 0.08400768589584685364
0.00000000000000000000 0.08408432423222345076
0.00000000000000000000 0.08445307816589762984
0.00000000000000000000 0.08461277659408349139
0.00000000000000000000 0.08461317180715670350
0.00000000000000000000 0.08490667656197163626
0.00000000000000000000 0.08513412677711396093
0.00000000000000000000 0.08521613915669398742
0.00000000000000000000 0.08538783709364185237
0.00000000000000000000 0.08542973295010596047
0.00000000000000000000 0.08549405636553665533
0.00000000000000000000 0.08559763545226650727
0.00000000000000000000 0.08591388355546888955
0.00000000000000000000 0.08623375065344196511
0.00000000000000000000 0.08624166913057804140
0.00000000000000000000 0.08625667135167952582
0.00000000000000000000 0.08639346771831898919
0.00000000000000000000 0.08669523353848630765
0.00000000000000000000 0.08688028571632780417
0.00000000000000000000 0.08713462935191061687
0.00000000000000000000 0.08716656922505428007
0.00000000000000000000 0.08722938051106768342
0.00000000000000000000 0.08727515282739856106
0.00000000000000000000 0.08729954704754389061
0.00000000000000000000 0.08748910069496702857
0.00000000000000000000 0.08756909805926399448
0.00000000000000000000 0.08882593592841450669
0.00000000000000000000 0.08898176422717683776
0.00000000000000000000 0.08911718618436401118
0.00000000000000000000 0.08930914971092415722
0.00000000000000000000 0.08985620666881045937
0.00000000000000000000 0.09011151580481302492
0.00000000000000000000 0.09030382071995309012
0.00000000000000000000 0.09037461565977730760
0.00000000000000000000 0.09061939751319394998
0.00000000000000000000 0.09104042790117899964
0.00000000000000000000 0.09128251662654528198
0.00000000000000000000 0.09129126969040905759
0.00000000000000000000 0.09136723510241753776
0.00000000000000000000 0.09146844166620451966
0.00000000000000000000 0.09153193156534875086
0.00000000000000000000 0.09165528478274244384
0.00000000000000000000 0.09173190641177665638
0.00000000000000000000 0.09184420675162399683
0.00000000000000000000 0.09197828559180594443
0.00000000000000000000 0.09199194627035729710
0.00000000000000000000 0.09210566671897728319
0.00000000000000000000 0.09235261518886687948
0.00000000000000000000 0.09263510286306661512
0.00000000000000000000 0.09270021705690952019
0.00000000000000000000 0.09270670171873553189
0.00000000000000000000 0.09289253204951959664
0.00000000000000000000 0.09296142102946466923
0.00000000000000000000 0.09303691898773540359
0.00000000000000000000 0.09314200712699166607
0.00000000000000000000 0.09314355972511037529
0.00000000000000000000 0.09330744170845614582
0.00000000000000000000 0.09335393532444381803
0.00000000000000000000 0.09335491849391878982
0.00000000000000000000 0.09336885556286948773
0.00000000000000000000 0.09342920628814962991
0.00000000000000000000 0.09344628254401966816
0.00000000000000000000 0.09368389810021351960
0.00000000000000000000 0.09396267800596955211
0.00000000000000000000 0.09402772259491144757
0.00000000000000000000 0.09407079289479115813
0.00000000000000000000 0.09416748675940968261
0.00000000000000000000 0.09433692089661753488
0.00000000000000000000 0.09481612492988347740
0.00000000000000000000 0.09541281243616281382
0.00000000000000000000 0.09564443772155177548
0.00000000000000000000 0.09569642970458944187
0.00000000000000000000 0.09571666690659362542
0.00000000000000000000 0.09590631790870879358
0.00000000000000000000 0.09592711900121464463
0.00000000000000000000 0.09611908316205629299
0.00000000000000000000 0.09619917409867662084
0.00000000000000000000 0.09621746123313680565
0.00000000000000000000 0.09635822751243158790
0.00000000000000000000 0.09636182027340065015
0.00000000000000000000 0.09667600650761208614
0.00000000000000000000 0.09667703249886083761
0.00000000000000000000 0.09673571742531146544
0.00000000000000000000 0.09705449784091774168
0.00000000000000000000 0.09705842590236954393
0.00000000000000000000 0.09720945920761427106
0.00000000000000000000 0.09721494206568317975
0.00000000000000000000 0.09742600523614540486
0.00000000000000000000 0.09745820325314635824
0.00000000000000000000 0.09749383098480478294
0.00000000000000000000 0.09790289004088741087
0.00000000000000000000 0.09792459266740792534
0.00000000000000000000 0.09795156692741587012
0.00000000000000000000 0.09807129159551795927
0.00000000000000000000 0.09824871753330471913
0.00000000000000000000 0.09833632192252003690
0.00000000000000000000 0.09843140872656055973
0.00000000000000000000 0.09853833827511204735
0.00000000000000000000 0.09854773509881420424
0.00000000000000000000 0.09898284296938360260
0.00000000000000000000 0.09910694234471947861
0.00000000000000000000 0.09961924365323664154
0.00000000000000000000 0.09972154470581778840
0.00000000000000000000 0.09993227503219941077
0.00000000000000000000 0.10000130575074070438
0.00000000000000000000 0.10007034140399050093
0.00000000000000000000 0.10012152585613749711
0.00000000000000000000 0.10029076391790403555
0.00000000000000000000 0.10064593515101034893
0.00000000000000000000 0.10099412850193262292
0.00000000000000000000 0.10107256698355682190
0.00000000000000000000 0.10107355630202753682
0.00000000000000000000 0.10146453925358953074
0.00000000000000000000 0.10170488313017628235
0.00000000000000000000 0.10174090497267913868
0.00000000000000000000 0.10179468174048390827
0.00000000000000000000 0.10183152734761774516
0.00000000000000000000 0.10185907981344168027
0.00000000000000000000 0.10188842104732011296
0.00000000000000000000 0.10192680842720973355
0.00000000000000000000 0.10195341993096575239
0.00000000000000000000 0.10212935693996247344
0.00000000000000000000 0.10216662221483410744
0.00000000000000000000 0.10221244476806989887
0.00000000000000000000 0.10249440429076582537
0.00000000000000000000 0.10250001023700523739
0.00000000000000000000 0.10281015885724228975
0.00000000000000000000 0.10289881583643657736
0.00000000000000000000 0.10290398042321621808
0.00000000000000000000 0.10295420512399888757
0.00000000000000000000 0.10330373492090677567
0.00000000000000000000 0.10340406633258006353
0.00000000000000000000 0.10372782473792649394
0.00000000000000000000 0.10426371281489281440
0.00000000000000000000 0.10429216510675536067
0.00000000000000000000 0.10463756783353519997
0.00000000000000000000 0.10466514819276227788
0.00000000000000000000 0.10473315734494621776
0.00000000000000000000 0.10503242358775180532
0.00000000000000000000 0.10503538743540068168
0.00000000000000000000 0.10541087243237699800
0.00000000000000000000 0.10550104159642452462
0.00000000000000000000 0.10559353196243891071
0.00000000000000000000 0.10578655016557432511
0.00000000000000000000 0.10587618629419796867
0.00000000000000000000 0.10591746353455264162
0.00000000000000000000 0.10605654730481015036
0.00000000000000000000 0.10615628955226488750
0.00000000000000000000 0.10655745043809547457
0.00000000000000000000 0.10720288758752347102
0.00000000000000000000 0.10778497710319802361
0.00000000000000000000 0.10793822567445021665
0.00000000000000000000 0.10794049927640178566
0.00000000000000000000 0.10796608256930961822
0.00000000000000000000 0.10847774114215980035
0.00000000000000000000 0.10848445382005761362
0.00000000000000000000 0.10873029102767199638
0.00000000000000000000 0.10880921246025182514
0.00000000000000000000 0.10881489098641065894
0.00000000000000000000 0.10922575820971540395
0.00000000000000000000 0.10994952739567791233
0.00000000000000000000 0.10995816266205994671
0.00000000000000000000 0.11020410526328097700
0.00000000000000000000 0.11041686245611387340
0.00000000000000000000 0.11043855475132312305
0.00000000000000000000 0.11077251543667158973
0.00000000000000000000 0.11085351530989860647
0.00000000000000000000 0.11086969764304901997
0.00000000000000000000 0.11103018166279188250
0.00000000000000000000 0.11137788072815191232
0.00000000000000000000 0.11147182769863327179
0.00000000000000000000 0.11157007464137341790
0.00000000000000000000 0.11179607484666766182
0.00000000000000000000 0.11179867674755838980
0.00000000000000000000 0.11222929138804850491
0.00000000000000000000 0.11225811250321887647
0.00000000000000000000 0.11273829805047948238
0.00000000000000000000 0.11321261980197232233
0.00000000000000000000 0.11354728845327906328
0.00000000000000000000 0.11358097835012562205
0.00000000000000000000 0.11377664460784922551
0.00000000000000000000 0.11379278245335344710
0.00000000000000000000 0.11411645962722209713
0.00000000000000000000 0.11426659389782266307
0.00000000000000000000 0.11451171034401880222
0.00000000000000000000 0.11546531312159055704
0.00000000000000000000 0.11616692623060181910
0.00000000000000000000 0.11657383229057068086
0.00000000000000000000 0.11675063776063865362
0.00000000000000000000 0.11689372747270367070
0.00000000000000000000 0.11713575678499789368
0.00000000000000000000 0.11714569217769540965
0.00000000000000000000 0.11755778361219797190
0.00000000000000000000 0.11758207402649364925
0.00000000000000000000 0.11778680594309133556
0.00000000000000000000 0.11781411380287044877
0.00000000000000000000 0.11798451399207350587
0.00000000000000000000 0.11829468646045460112
0.00000000000000000000 0.11866113882028583859
0.00000000000000000000 0.11867045976229416426
0.00000000000000000000 0.11880708815600181383
0.00000000000000000000 0.11890047303720178984
0.00000000000000000000 0.11914912074169481393
0.00000000000000000000 0.11963573528730431228
0.00000000000000000000 0.11987007490553260036
0.00000000000000000000 0.11998201896357096885
0.00000000000000000000 0.12044256550044946108
0.00000000000000000000 0.12046433515701544803
0.00000000000000000000 0.12051022265690627955
0.00000000000000000000 0.12056026187032518882
0.00000000000000000000 0.12086597586747475919
0.00000000000000000000 0.12102872145574297691
0.00000000000000000000 0.12182831243804954913
0.00000000000000000000 0.12260451441219773205
0.00000000000000000000 0.12270567495836215421
0.00000000000000000000 0.12290090418702269426
0.00000000000000000000 0.12307244313771838196
0.00000000000000000000 0.12334856307037463108
0.00000000000000000000 0.12366711419340711831
0.00000000000000000000 0.12389415786964501354
0.00000000000000000000 0.12407101906806104752
0.00000000000000000000 0.12446133867192993305
0.00000000000000000000 0.12471843121065682991
0.00000000000000000000 0.12483305117323260924
0.00000000000000000000 0.12501896559778025164
0.00000000000000000000 0.12514730228323686645
0.00000000000000000000 0.12583847072543666301
0.00000000000000000000 0.12610816491154847041
0.00000000000000000000 0.12628596713346912361
0.00000000000000000000 0.12707562101951097588
0.00000000000000000000 0.12779042041357832615
0.00000000000000000000 0.12906290479896123657
0.00000000000000000000 0.13027272783942778211
0.00000000000000000000 0.13133373261480546512
0.00000000000000000000 0.13245115644834931645
0.00000000000000000000 0.13310028607823509716
0.00000000000000000000 0.13318006511646016121
0.00000000000000000000 0.13324550340009333471
0.00000000000000000000 0.13424392561497949794
0.00000000000000000000 0.13520536408679104112
0.00000000000000000000 0.13630749470327863104
0.00000000000000000000 0.13675338726255364952
0.00000000000000000000 0.13808112053191554103
0.00000000000000000000 0.13924568956240093720
0.00000000000000000000 0.13951796726612608612
0.00000000000000000000 0.14007190608828579137
0.00000000000000000000 0.14024774445813401047
0.00000000000000000000 0.14103274594165896016
0.00000000000000000000 0.14229891309290379486
0.00000000000000000000 0.14472722773408538965
0.00000000000000000000 0.14501678499548315004
0.00000000000000000000 0.14830981446695273851
0.00000000000000000000 0.15107863582570590921
0.00000000000000000000 0.15248011478034464994
0.00000000000000000000 0.15310601205551152559
0.00000000000000000000 0.15478357785083951548
0.00000000000000000000 0.15487775091937308614
0.00000000000000000000 0.15585342158815645996
0.00000000000000000000 0.15627628793500542015
0.00000000000000000000 0.15685168873602817197
0.00000000000000000000 0.16032629561804725982
0.00000000000000000000 0.16037856955848020513
0.00000000000000000000 0.16053931216631639467
0.00000000000000000000 0.16276720253074919431
0.00000000000000000000 0.16413421183718404639
0.00000000000000000000 0.16728449369664347146
0.00000000000000000000 0.16911870745664128735
0.00000000000000000000 0.16939159813264764720
0.00000000000000000000 0.17393774258513944320
0.00000000000000000000 0.17542108976047549040
0.00000000000000000000 0.17687761374769331302
0.00000000000000000000 0.18492608809753849353
0.00000000000000000000 0.19986283182764646993
0.00000000000000000000 0.20420137727658030369
0.00000000000000000000 0.21613993728924274507
0.00000000000000000000 0.24547665382572705917
0.00000000000000000000 0.25675274795950925322
0.00000000000000000000 1.73205080756887719318
