0.00000000000000000000 0.00081422577744368096
0.00000000000000000000 0.00180003200210032384
0.00000000000000000000 0.00280195116822140600
0.00000000000000000000 0.00313513577806413812
0.00000000000000000000 0.00315325535494707454
0.00000000000000000000 0.00336905349257808412
0.00000000000000000000 0.00354078282169457362
0.00000000000000000000 0.00355630117505784321
0.00000000000000000000 0.00378635618037622855
0.00000000000000000000 0.00382205948986187420
0.00000000000000000000 0.00401028849004660733
0.00000000000000000000 0.00406998201069759882
0.00000000000000000000 0.00407228246284097473
0.00000000000000000000 0.00423655475527431272
0.00000000000000000000 0.00431778706220944681
0.00000000000000000000 0.00506873057477391468
0.00000000000000000000 0.00510043134262175984
0.00000000000000000000 0.00512546480061660138
0.00000000000000000000 0.00516276096159886799
0.00000000000000000000 0.00547034832364347561
0.00000000000000000000 0.00560969067344768615
0.00000000000000000000 0.00561657215352990517
0.00000000000000000000 0.00574837702089806869
0.00000000000000000000 0.00578463300591588060
0.00000000000000000000 0.00580657166944381457
0.00000000000000000000 0.00583055037399322820
0.00000000000000000000 0.00585755763710422549
0.00000000000000000000 0.00610381478421928754
0.00000000000000000000 0.00656973723572293854
0.00000000000000000000 0.00662038798909455727
0.00000000000000000000 0.00675097512420373257
0.00000000000000000000 0.00686884602291181617
0.00000000000000000000 0.00719672748802240372
0.00000000000000000000 0.00731671069530257737
0.00000000000000000000 0.00738014395378567417
0.00000000000000000000 0.00758667727573643109
0.00000000000000000000 0.00761189817952436214
0.00000000000000000000 0.00771345377961932168
0.00000000000000000000 0.00777708929354003521
0.00000000000000000000 0.00778964214714085879
0.00000000000000000000 0.00793872071816835619
0.00000000000000000000 0.00816389511899953159
0.00000000000000000000 0.00844493956503399555
0.00000000000000000000 0.00888937027413879040
0.00000000000000000000 0.00899474669404239438
0.00000000000000000000 0.00901575881779882737
0.00000000000000000000 0.00904403013681578938
0.00000000000000000000 0.00908212375995539820
0.00000000000000000000 0.00916893440630066857
0.00000000000000000000 0.00917141321872024830
0.00000000000000000000 0.00939115983811930448
0.00000000000000000000 0.00948876878452500731
0.00000000000000000000 0.00962636514806583347
0.00000000000000000000 0.00971511904835895695
0.00000000000000000000 0.00972231046465132920
0.00000000000000000000 0.00976346845736452904
0.00000000000000000000 0.00985110124669728339
0.00000000000000000000 0.00993082447696910439
0.00000000000000000000 0.00998138621248074315
0.00000000000000000000 0.00999643791165458900
0.00000000000000000000 0.01005093981319947483
0.00000000000000000000 0.01009780032588339371
0.00000000000000000000 0.01011606817781902229
0.00000000000000000000 0.01022114445860207096
0.00000000000000000000 0.01022300144533987501
0.00000000000000000000 0.01026441408037633875
0.00000000000000000000 0.01027581447726875867
0.00000000000000000000 0.01074664998018945959
0.00000000000000000000 0.01100550874173224399
0.00000000000000000000 0.01119261273419860925
0.00000000000000000000 0.01125818267619668397
0.00000000000000000000 0.01154071885016825887
0.00000000000000000000 0.01165632756420340033
0.00000000000000000000 0.01169239077811009761
0.00000000000000000000 0.01185601241784303879
0.00000000000000000000 0.01185870503508073930
0.00000000000000000000 0.01202194348594018240
0.00000000000000000000 0.01207999270182642630
0.00000000000000000000 0.01231906706021135799
0.00000000000000000000 0.01232608593472039188
0.00000000000000000000 0.01239907311445974901
0.00000000000000000000 0.01255661938130196199
0.00000000000000000000 0.01261017974524700214
0.00000000000000000000 0.01261930280738505529
0.00000000000000000000 0.01271041456162663556
0.00000000000000000000 0.01271838193860826659
0.00000000000000000000 0.01291049166890021610
0.00000000000000000000 0.01306626735965221199
0.00000000000000000000 0.01323054441186069345
0.00000000000000000000 0.01331151815926406336
0.00000000000000000000 0.01331870109127215700
0.00000000000000000000 0.01337940844833080192
0.00000000000000000000 0.01343121705007938906
0.00000000000000000000 0.01347487846142115392
0.00000000000000000000 0.01349473486867654518
0.00000000000000000000 0.01351073984365111329
0.00000000000000000000 0.01353722193717231577
0.00000000000000000000 0.01365779705710932351
0.00000000000000000000 0.01374932750876792058
0.00000000000000000000 0.01381364372227951616
0.00000000000000000000 0.01384830520706509943
0.00000000000000000000 0.01385826488661685146
0.00000000000000000000 0.01387149496966351252
0.00000000000000000000 0.01394511473602923386
0.00000000000000000000 0.01394597329367329788
0.00000000000000000000 0.01407643601172997756
0.00000000000000000000 0.01415897913437597772
0.00000000000000000000 0.01424557075948502775
0.00000000000000000000 0.01425573492715780793
0.00000000000000000000 0.01426036375047018412
0.00000000000000000000 0.01437428964384910961
0.00000000000000000000 0.01438451517231814636
0.00000000000000000000 0.01438628607468226198
0.00000000000000000000 0.01439526117524909943
0.00000000000000000000 0.01459796518597479727
0.00000000000000000000 0.01463264028228997669
0.00000000000000000000 0.01469774767981072566
0.00000000000000000000 0.01469954873437049128
0.00000000000000000000 0.01472478538064389553
0.00000000000000000000 0.01474682709207093476
0.00000000000000000000 0.01482278060566445677
0.00000000000000000000 0.01487109302543660611
0.00000000000000000000 0.01502958199431401153
0.00000000000000000000 0.01504046630937957811
0.00000000000000000000 0.01504888039710919681
0.00000000000000000000 0.01516169916325037920
0.00000000000000000000 0.01526627017390819879
0.00000000000000000000 0.01529747323775873524
0.00000000000000000000 0.01531119532540978559
0.00000000000000000000 0.01542115778480943576
0.00000000000000000000 0.01543441985889835652
0.00000000000000000000 0.01549615357774866177
0.00000000000000000000 0.01552700531231051076
0.00000000000000000000 0.01560334734594686149
0.00000000000000000000 0.01560603817992986531
0.00000000000000000000 0.01571897791090623789
0.00000000000000000000 0.01579986040339047618
0.00000000000000000000 0.01580903233251416615
0.00000000000000000000 0.01588933031175950375
0.00000000000000000000 0.01597197633685550414
0.00000000000000000000 0.01605658832579061335
0.00000000000000000000 0.01608484290595971200
0.00000000000000000000 0.01613002211373642386
0.00000000000000000000 0.01614081633564055929
0.00000000000000000000 0.01617312648889291174
0.00000000000000000000 0.01623053120138022443
0.00000000000000000000 0.01627273872006225128
0.00000000000000000000 0.01634010299755428094
0.00000000000000000000 0.01636231196503807467
0.00000000000000000000 0.01638817919247412616
0.00000000000000000000 0.01652083884230278604
0.00000000000000000000 0.01653809739066842630
0.00000000000000000000 0.01654240374205421388
0.00000000000000000000 0.01661409838054975219
0.00000000000000000000 0.01661995387689942094
0.00000000000000000000 0.01664147696835662632
0.00000000000000000000 0.01665024758166598964
0.00000000000000000000 0.01668729163657243358
0.00000000000000000000 0.01676835118185812309
0.00000000000000000000 0.01677411394911414513
0.00000000000000000000 0.01682494696953755128
0.00000000000000000000 0.01690052835954470103
0.00000000000000000000 0.01690086957089647138
0.00000000000000000000 0.01701761355574714363
0.00000000000000000000 0.01712133050145644986
0.00000000000000000000 0.01712995238300824008
0.00000000000000000000 0.01735582282680078747
0.00000000000000000000 0.01740398583717894104
0.00000000000000000000 0.01742286022415867608
0.00000000000000000000 0.01747142670708167270
0.00000000000000000000 0.01761909084969501618
0.00000000000000000000 0.01766923560920741210
0.00000000000000000000 0.01769133606705975553
0.00000000000000000000 0.01769494014435728582
0.00000000000000000000 0.01770646583329952076
0.00000000000000000000 0.01772896144078147523
0.00000000000000000000 0.01775860286673532420
0.00000000000000000000 0.01798004976054560708
0.00000000000000000000 0.01799234652825356870
0.00000000000000000000 0.01800196832262819166
0.00000000000000000000 0.01805067462082770788
0.00000000000000000000 0.01811050010715794384
0.00000000000000000000 0.01814524812035268886
0.00000000000000000000 0.01824060398582491582
0.00000000000000000000 0.01834237654046424679
0.00000000000000000000 0.01846072804204687556
0.00000000000000000000 0.01847902879040388968
0.00000000000000000000 0.01850054260075393101
0.00000000000000000000 0.01853127482753142916
0.00000000000000000000 0.01858008583038424366
0.00000000000000000000 0.01864270357175284998
0.00000000000000000000 0.01864747853478672737
0.00000000000000000000 0.01869559025467026209
0.00000000000000000000 0.01870615399847188470
0.00000000000000000000 0.01873354947996652350
0.00000000000000000000 0.01875580131041295825
0.00000000000000000000 0.01877492221692148369
0.00000000000000000000 0.01882622524583290116
0.00000000000000000000 0.01904759713336482557
0.00000000000000000000 0.01929451235714221835
0.00000000000000000000 0.01930099980449432109
0.00000000000000000000 0.01936129860763474014
0.00000000000000000000 0.01939009722906130315
0.00000000000000000000 0.01939935509065947652
0.00000000000000000000 0.01941696911854033300
0.00000000000000000000 0.01949310713172302395
0.00000000000000000000 0.01952298487813103681
0.00000000000000000000 0.01952649333733347953
0.00000000000000000000 0.01962200753146152096
0.00000000000000000000 0.01969499559238509223
0.00000000000000000000 0.01974120781826204166
0.00000000000000000000 0.01977237363091338337
0.00000000000000000000 0.01980103274694834659
0.00000000000000000000 0.01986032809480398412
0.00000000000000000000 0.01986389564608612504
0.00000000000000000000 0.02007182022615693062
0.00000000000000000000 0.02021736012412043981
0.00000000000000000000 0.02023259445222288719
0.00000000000000000000 0.02025701346355246804
0.00000000000000000000 0.02033392330874237916
0.00000000000000000000 0.02049882191876067905
0.00000000000000000000 0.02058781525978774576
0.00000000000000000000 0.02065826112854405108
0.00000000000000000000 0.02079917356687787169
0.00000000000000000000 0.02081007443381472505
0.00000000000000000000 0.02089139458713528200
0.00000000000000000000 0.02103427091941625915
0.00000000000000000000 0.02103548224637385652
0.00000000000000000000 0.02104004865596437526
0.00000000000000000000 0.02113862619103638180
0.00000000000000000000 0.02114884064311269019
0.00000000000000000000 0.02120350095438673990
0.00000000000000000000 0.02125207712488326808
0.00000000000000000000 0.02126792308133860360
0.00000000000000000000 0.02132826133349349784
0.00000000000000000000 0.02137371074500288640
0.00000000000000000000 0.02139730303634239036
0.00000000000000000000 0.02160031101239533527
0.00000000000000000000 0.02161540134664329676
0.00000000000000000000 0.02165601946688958113
0.00000000000000000000 0.02167647934055325770
0.00000000000000000000 0.02168294612080256395
0.00000000000000000000 0.02172909804000129966
0.00000000000000000000 0.02172971262593610328
0.00000000000000000000 0.02185986959147845007
0.00000000000000000000 0.02193213448316863254
0.00000000000000000000 0.02194989347186342143
0.00000000000000000000 0.02195343417213702422
0.00000000000000000000 0.02215234919422283053
0.00000000000000000000 0.02234048375333955519
0.00000000000000000000 0.02242443071212241526
0.00000000000000000000 0.02248990987838103695
0.00000000000000000000 0.02249957676838306234
0.00000000000000000000 0.02273026110176606593
0.00000000000000000000 0.02285964581097398376
0.00000000000000000000 0.02292436690588747078
0.00000000000000000000 0.02295942246134411585
0.00000000000000000000 0.02298084100494909160
0.00000000000000000000 0.02300054684377293018
0.00000000000000000000 0.02311946050608754133
0.00000000000000000000 0.02313288964056701286
0.00000000000000000000 0.02322222929776275591
0.00000000000000000000 0.02323032136516412285
0.00000000000000000000 0.02325354521589743234
0.00000000000000000000 0.02327671084341228006
0.00000000000000000000 0.02328044649983366035
0.00000000000000000000 0.02329961194833259780
0.00000000000000000000 0.02340885446286087093
0.00000000000000000000 0.02349589276630936405
0.00000000000000000000 0.02353856172352345247
0.00000000000000000000 0.02354137142558505869
0.00000000000000000000 0.02362205449055567591
0.00000000000000000000 0.02366089158826821526
0.00000000000000000000 0.02374147685500981042
0.00000000000000000000 0.02378294372946448618
0.00000000000000000000 0.02381895591451254485
0.00000000000000000000 0.02390208492827546743
0.00000000000000000000 0.02394911399029835131
0.00000000000000000000 0.02395836841434257486
0.00000000000000000000 0.02396920913276941525
0.00000000000000000000 0.02397278238655188229
0.00000000000000000000 0.02403885785729585264
0.00000000000000000000 0.02404160434581948530
0.00000000000000000000 0.02404396985162243414
0.00000000000000000000 0.02406111081099463270
0.00000000000000000000 0.02414070335872017803
0.00000000000000000000 0.02415559602648645332
0.00000000000000000000 0.02420934386448079720
0.00000000000000000000 0.02421263519402531289
0.00000000000000000000 0.02421832569719414852
0.00000000000000000000 0.02424564335100231130
0.00000000000000000000 0.02436033903684893531
0.00000000000000000000 0.02447896568296130740
0.00000000000000000000 0.02454557298044764135
0.00000000000000000000 0.02455973802446733203
0.00000000000000000000 0.02459985032868738583
0.00000000000000000000 0.02469510484470132869
0.00000000000000000000 0.02487266812776224231
0.00000000000000000000 0.02496772723541559880
0.00000000000000000000 0.02502444541363771716
0.00000000000000000000 0.02507643217275162470
0.00000000000000000000 0.02509350260938541730
0.00000000000000000000 0.02516179474136398531
0.00000000000000000000 0.02530745251336096596
0.00000000000000000000 0.02532394098414918540
0.00000000000000000000 0.02552149988914642967
0.00000000000000000000 0.02552167571597514090
0.00000000000000000000 0.02568274872653851168
0.00000000000000000000 0.02577630496193461171
0.00000000000000000000 0.02588388190374914244
0.00000000000000000000 0.02598726272612460891
0.00000000000000000000 0.02603450505811566798
0.00000000000000000000 0.02604184621019114965
0.00000000000000000000 0.02607800462126817070
0.00000000000000000000 0.02611298810321555086
0.00000000000000000000 0.02614192340567534842
0.00000000000000000000 0.02614569338659377892
0.00000000000000000000 0.02630787761704738228
0.00000000000000000000 0.02644617039756140542
0.00000000000000000000 0.02646503779896024894
0.00000000000000000000 0.02671588771995349679
0.00000000000000000000 0.02671856162435977747
0.00000000000000000000 0.02674656429571988653
0.00000000000000000000 0.02680217866821461153
0.00000000000000000000 0.02681980404048626282
0.00000000000000000000 0.02686602235279975104
0.00000000000000000000 0.02701003399718130207
0.00000000000000000000 0.02717798155806577451
0.00000000000000000000 0.02718937647231681534
0.00000000000000000000 0.02719629333466966684
0.00000000000000000000 0.02730736280746056885
0.00000000000000000000 0.02736851920367107741
0.00000000000000000000 0.02744565150316024063
0.00000000000000000000 0.02757731517283781159
0.00000000000000000000 0.02759583538115293125
0.00000000000000000000 0.02763894973977350233
0.00000000000000000000 0.02768240441899304932
0.00000000000000000000 0.02769767603106580711
0.00000000000000000000 0.02773031485216060840
0.00000000000000000000 0.02782858689183387996
0.00000000000000000000 0.02793669694588273023
0.00000000000000000000 0.02795310468573486765
0.00000000000000000000 0.02801264877724415556
0.00000000000000000000 0.02813178236381649530
0.00000000000000000000 0.02820063333968474834
0.00000000000000000000 0.02822568312541239716
0.00000000000000000000 0.02829278716234894658
0.00000000000000000000 0.02832298853548689821
0.00000000000000000000 0.02835179745763798109
0.00000000000000000000 0.02848330540687576615
0.00000000000000000000 0.02858663741992788221
0.00000000000000000000 0.02866404180016699291
0.00000000000000000000 0.02868323083240298041
0.00000000000000000000 0.02871049642962109419
0.00000000000000000000 0.02875511921712076494
0.00000000000000000000 0.02901388861608097253
0.00000000000000000000 0.02923576408457941728
0.00000000000000000000 0.02928999547265582343
0.00000000000000000000 0.02935072309656546266
0.00000000000000000000 0.02942367154790019243
0.00000000000000000000 0.02943489571431359003
0.00000000000000000000 0.02953533375413806839
0.00000000000000000000 0.02967930095503543836
0.00000000000000000000 0.02981445084923888336
0.00000000000000000000 0.02992079433821075510
0.00000000000000000000 0.02994357252249295331
0.00000000000000000000 0.03014107443262000613
0.00000000000000000000 0.03020237956505064311
0.00000000000000000000 0.03029322305504141347
0.00000000000000000000 0.03033003980603194566
0.00000000000000000000 0.03049257746912198072
0.00000000000000000000 0.03053702244139174307
0.00000000000000000000 0.03074070629363736401
0.00000000000000000000 0.03077054536394626533
0.00000000000000000000 0.03094838098732356074
0.00000000000000000000 0.03102655661453590161
0.00000000000000000000 0.03130704629824895141
0.00000000000000000000 0.03142556153916882533
0.00000000000000000000 0.03145164325941215977
0.00000000000000000000 0.03150098069138215079
0.00000000000000000000 0.03150372789471676815
0.00000000000000000000 0.03172897070435110739
0.00000000000000000000 0.03185949914488504786
0.00000000000000000000 0.03196073578837425877
0.00000000000000000000 0.03205293693341796507
0.00000000000000000000 0.03205542844219833737
0.00000000000000000000 0.03213947097694175997
0.00000000000000000000 0.03228963961153064749
0.00000000000000000000 0.03238750120925345394
0.00000000000000000000 0.03244780051788851566
0.00000000000000000000 0.03252678892871614658
0.00000000000000000000 0.03259142951491680179
0.00000000000000000000 0.03261210988257755294
0.00000000000000000000 0.03264464667702606654
0.00000000000000000000 0.03289993628766309935
0.00000000000000000000 0.03290635001793120601
0.00000000000000000000 0.03295434353219799106
0.00000000000000000000 0.03306531015809008323
0.00000000000000000000 0.03309276551860808324
0.00000000000000000000 0.03322403704475008351
0.00000000000000000000 0.03332483227687826205
0.00000000000000000000 0.03332721648576154189
0.00000000000000000000 0.03339653314907715942
0.00000000000000000000 0.03350290623191387596
0.00000000000000000000 0.03350514758345814886
0.00000000000000000000 0.03412166504432671138
0.00000000000000000000 0.03429852564491549238
0.00000000000000000000 0.03435014943756179578
0.00000000000000000000 0.03438764450734967115
0.00000000000000000000 0.03446982568093825972
0.00000000000000000000 0.03449364766618194522
0.00000000000000000000 0.03453497650933362584
0.00000000000000000000 0.03475501760838446696
0.00000000000000000000 0.03477002896068020349
0.00000000000000000000 0.03479487420734332648
0.00000000000000000000 0.03481540066622051260
0.00000000000000000000 0.03501532867415797778
0.00000000000000000000 0.03546280783409688081
0.00000000000000000000 0.03547827534308976849
0.00000000000000000000 0.03548938750580010043
0.00000000000000000000 0.03550302401420291076
0.00000000000000000000 0.03557991827466135820
0.00000000000000000000 0.03564232080621258791
0.00000000000000000000 0.03570184289149937185
0.00000000000000000000 0.03590393407480901161
0.00000000000000000000 0.03600850598310560702
0.00000000000000000000 0.03601848482942265200
0.00000000000000000000 0.03605621890978819022
0.00000000000000000000 0.03608946853254016429
0.00000000000000000000 0.03641026022469948803
0.00000000000000000000 0.03645330040697210977
0.00000000000000000000 0.03649203423482581116
0.00000000000000000000 0.03666577935484669620
0.00000000000000000000 0.03692385630920472922
0.00000000000000000000 0.03711823731889211248
0.00000000000000000000 0.03740472879975414305
0.00000000000000000000 0.03767934831483168989
0.00000000000000000000 0.03781409202408770459
0.00000000000000000000 0.03789870767462947404
0.00000000000000000000 0.03835716087877395764
0.00000000000000000000 0.03839149371673562100
0.00000000000000000000 0.03844395748004753727
0.00000000000000000000 0.03855237838075729201
0.00000000000000000000 0.03865910855982379601
0.00000000000000000000 0.03878353642686904051
0.00000000000000000000 0.03886337545585161896
0.00000000000000000000 0.03894946160860178475
0.00000000000000000000 0.03955537838274827966
0.00000000000000000000 0.03981229423077620871
0.00000000000000000000 0.03992755353004271562
0.00000000000000000000 0.04004392660139591276
0.00000000000000000000 0.04027492774886912846
0.00000000000000000000 0.04085671988290896089
0.00000000000000000000 0.04104373457769319722
0.00000000000000000000 0.04106648099841486710
0.00000000000000000000 0.04112986639894992968
0.00000000000000000000 0.04131831615056856533
0.00000000000000000000 0.04134380819581787853
0.00000000000000000000 0.04154017778934200600
0.00000000000000000000 0.04162212362928410098
0.00000000000000000000 0.04176133981103929277
0.00000000000000000000 0.04201715024544151050
0.00000000000000000000 0.04227093671057616936
0.00000000000000000000 0.04232369817620774272
0.00000000000000000000 0.04232519684673417826
0.00000000000000000000 0.04253667650904825737
0.00000000000000000000 0.04253982593535050177
0.00000000000000000000 0.04277187120888324007
0.00000000000000000000 0.04455760953808272917
0.00000000000000000000 0.04537874747470400233
0.00000000000000000000 0.04568798003950064190
0.00000000000000000000 0.04577857997177900429
0.00000000000000000000 0.04619303857025035265
0.00000000000000000000 0.04731308244031295906
0.00000000000000000000 0.04782995736430634831
0.00000000000000000000 0.04847150191573441902
0.00000000000000000000 0.04855667575411991288
0.00000000000000000000 0.04883876454005926099
0.00000000000000000000 0.04920155711132346427
0.00000000000000000000 0.04993443815859120033
0.00000000000000000000 0.05038258930911067301
0.00000000000000000000 0.05059706120201009488
0.00000000000000000000 0.05168984889288511658
0.00000000000000000000 0.05188498826098827260
0.00000000000000000000 0.05234223407825520924
0.00000000000000000000 0.05473731032091906645
0.00000000000000000000 0.05482383347911476412
0.00000000000000000000 0.05629547113314607026
0.00000000000000000000 0.05847114744710429912
0.00000000000000000000 0.05992836651976655299
0.00000000000000000000 0.06033100823798725337
0.00000000000000000000 0.06279109823821191205
0.00000000000000000000 0.06812946712495218660
0.00000000000000000000 0.07036264597244126784
0.00000000000000000000 0.07899933607240418321
0.00000000000000000000 0.07911662066144649341
0.00000000000000000000 0.08384218412649679930
0.00000000000000000000 0.08561799286157921463
0.00000000000000000000 0.10406424267985370236
0.00000000000000000000 1.73205080756887719318
