0.01529453018228078484 0.01749233148576579550
0.01617773476691727885 0.01842690303857132811
0.01955117801165998440 0.02151590504227034531
0.01936975955499919966 0.02238263641894865791
0.02241542951292876257 0.02286002209806550084
0.02519848128197671455 0.02550048964165476523
0.02491883596047169899 0.02598534222161395096
0.02618471874560293275 0.02667868046632843049
0.02466401108026062411 0.02886182877471825392
0.02563329140759543906 0.02921325971684655617
0.02632512996745328682 0.03122949664400270081
0.02694195902587199001 0.03211620888992058193
0.02588993571741490113 0.03244216233013690054
0.03206560053478199612 0.03475126414895363808
0.03264557899670845337 0.03685810877522165824
0.03514645800962751948 0.03897310495767248445
0.03750527827327190117 0.03901991970148855488
0.03714529448414448376 0.04054391397578253203
0.04024070350309043309 0.04089470377868166528
0.03574919998288718370 0.04099495669099246370
0.03474764819067536342 0.04158707296701064093
0.04082755386705247402 0.04161604069576829712
0.03892071113921417164 0.04222401105505192709
0.03857175133998304306 0.04340866130311039905
0.04173939197198644341 0.04345558955624669734
0.03023949353826208344 0.04363506059952081823
0.04018994356590510630 0.04378088986148102185
0.03427933765364173102 0.04385137736329106084
0.03579639384364539240 0.04410744380936453685
0.04107483152265885284 0.04443244906131157274
0.04468095990837681053 0.04477603132448124135
0.04458129881440709569 0.04516685500182662794
0.03931140961000468420 0.04521114612968386848
0.04347654721290285240 0.04588750324981120260
0.04254132297503026433 0.04594765554014472453
0.04467959192828993564 0.04610098731806754058
0.04029127486868302327 0.04660601520469666303
0.04134941252456116045 0.04691075611796634987
0.04591907181567133484 0.04804847339967924236
0.04233035632318835756 0.04823178328362864170
0.04352164705797596789 0.04857636420394798038
0.04635111620673871419 0.04862728645519692749
0.04320544224324033428 0.04920633480172977026
0.04139437738183568416 0.05000021006315834987
0.04356717839828219002 0.05078571440513032775
0.04914229105278728610 0.05093652730754621993
0.03384508085138651645 0.05174519843714201622
0.04242745154194620116 0.05395358873792663323
0.04881039646142690258 0.05421768051301802116
0.05108694403280938240 0.05428022051112480623
0.05246749002716567800 0.05482291872907149588
0.03854201181983300806 0.05515554482982806817
0.05388295014222471702 0.05517534082256721900
0.05201557883107818525 0.05561262906525453464
0.04612119115939161684 0.05571186743612627223
0.04351658380226518241 0.05583617516606095843
0.05583640488218527542 0.05585767552265957087
0.04471758473107555892 0.05610534223941849447
0.04381578202296870089 0.05699057726435751564
0.04940319078146835491 0.05861376967817746864
0.05501431852085003626 0.05862859172488862902
0.04048986212735899287 0.05873111111835466885
0.04556224764328366261 0.05939253337411746353
0.04285417990293591273 0.05940455539204738539
0.05260008403859813692 0.05995362364583087245
0.05120113688206315988 0.05996017387836950069
0.04614385705104508822 0.06029993880125388700
0.04661737047806106121 0.06066008914999487800
0.06141156002042422873 0.06147305344761513912
0.04786870801208113757 0.06166411058030098896
0.05521716745571082080 0.06242909173857911359
0.05689073652192644381 0.06289901071896893126
0.05053862773845751305 0.06521169730677238430
0.06125960085106985087 0.06561700211517700054
0.04005353962045642841 0.06644110167856372151
0.06434114390820895590 0.06660960831975976104
0.04414153056824395016 0.06697176396391366082
0.06410161543320302968 0.06757071672364196868
0.05463756654912698546 0.06805937055699901039
0.05836913019281682324 0.06861549010085155054
0.06559913537066833222 0.06975764141786661154
0.06881668053911114968 0.06992177007745536965
0.04707510955191315793 0.07258839018697733902
0.05614180549003537635 0.07767925895152659466
0.07811260768192844484 0.07818870308184801277
0.06456552894706987789 0.07875963518608516956
0.07579467757952716711 0.07936140638665886704
0.05961965999092392471 0.08001095404186316096
0.06573582373508937704 0.08188954989408227247
0.04744816230145290636 0.08293411972403447185
0.07587203757933128068 0.08393748105559672990
0.06464671225411462718 0.08713141125841721013
0.08324175910062157902 0.10552284197626711493
0.05470797927945077188 0.69445269455203462172
