0.00000000000000000000 0.00427835527565185829
0.00000000000000000000 0.00489679710656343824
0.00000000000000000000 0.00576884986451043670
0.00000000000000000000 0.00614395525064610672
0.00000000000000000000 0.00615207719910921755
0.00000000000000000000 0.00631907760944292515
0.00000000000000000000 0.00633899256071231067
0.00000000000000000000 0.00637603995015011311
0.00000000000000000000 0.00723414390318578675
0.00000000000000000000 0.00732951695968306772
0.00000000000000000000 0.00734959857397408500
0.00000000000000000000 0.00761553891181312222
0.00000000000000000000 0.00773267884216436059
0.00000000000000000000 0.00783771093811732808
0.00000000000000000000 0.00794981470501960816
0.00000000000000000000 0.00796984555044920329
0.00000000000000000000 0.00840460224099908587
0.00000000000000000000 0.00870413396087275221
0.00000000000000000000 0.00884116250599056505
0.00000000000000000000 0.00885981056797209392
0.00000000000000000000 0.00892754678863331638
0.00000000000000000000 0.00910919079076813118
0.00000000000000000000 0.00924794578963747914
0.00000000000000000000 0.00936389575755167992
0.00000000000000000000 0.00939609352375209150
0.00000000000000000000 0.00939798309930859124
0.00000000000000000000 0.00939926387231567774
0.00000000000000000000 0.00940291536896981257
0.00000000000000000000 0.00953968836243600585
0.00000000000000000000 0.00957259030079588881
0.00000000000000000000 0.00959417138456267020
0.00000000000000000000 0.00969171873419170243
0.00000000000000000000 0.00975780626995640873
0.00000000000000000000 0.00977237392099857688
0.00000000000000000000 0.00979450443454226403
0.00000000000000000000 0.01010531410641750047
0.00000000000000000000 0.01020924763899021780
0.00000000000000000000 0.01021412809703587006
0.00000000000000000000 0.01070575926722976655
0.00000000000000000000 0.01073890315805844410
0.00000000000000000000 0.01080243146421981139
0.00000000000000000000 0.01084007616835945716
0.00000000000000000000 0.01096515523139007103
0.00000000000000000000 0.01119433471308563764
0.00000000000000000000 0.01132616520472739738
0.00000000000000000000 0.01133485945641162472
0.00000000000000000000 0.01136178091368988258
0.00000000000000000000 0.01148327256206592602
0.00000000000000000000 0.01157874737805363909
0.00000000000000000000 0.01158647797829679901
0.00000000000000000000 0.01163300525387821194
0.00000000000000000000 0.01174299090151897408
0.00000000000000000000 0.01186467548464321953
0.00000000000000000000 0.01187104270621399185
0.00000000000000000000 0.01198872780597694254
0.00000000000000000000 0.01199883497236164942
0.00000000000000000000 0.01200827401188523519
0.00000000000000000000 0.01202695185150236615
0.00000000000000000000 0.01213036554148623665
0.00000000000000000000 0.01220439938253313136
0.00000000000000000000 0.01232662259346434079
0.00000000000000000000 0.01249272130923287198
0.00000000000000000000 0.01252366802441542623
0.00000000000000000000 0.01256158784459965490
0.00000000000000000000 0.01271229892420550241
0.00000000000000000000 0.01276476219838870371
0.00000000000000000000 0.01286550359449698845
0.00000000000000000000 0.01293988295374714527
0.00000000000000000000 0.01309235400288773395
0.00000000000000000000 0.01313698375177733101
0.00000000000000000000 0.01318197324449177539
0.00000000000000000000 0.01319161549713757792
0.00000000000000000000 0.01336296671457819912
0.00000000000000000000 0.01339551363476716196
0.00000000000000000000 0.01348652224594603169
0.00000000000000000000 0.01353298734572894353
0.00000000000000000000 0.01356656369803948235
0.00000000000000000000 0.01357414750745926553
0.00000000000000000000 0.01357645978819155795
0.00000000000000000000 0.01361623800973811929
0.00000000000000000000 0.01368708451975240645
0.00000000000000000000 0.01379850380878959448
0.00000000000000000000 0.01389174524155828948
0.00000000000000000000 0.01391411703871679902
0.00000000000000000000 0.01421770227886179176
0.00000000000000000000 0.01424158602240579129
0.00000000000000000000 0.01425304598191720444
0.00000000000000000000 0.01437101217342673029
0.00000000000000000000 0.01438118580533816193
0.00000000000000000000 0.01439366997005627272
0.00000000000000000000 0.01446819209266145267
0.00000000000000000000 0.01449453694697554716
0.00000000000000000000 0.01457046518581959181
0.00000000000000000000 0.01466237739810481201
0.00000000000000000000 0.01472763557066922128
0.00000000000000000000 0.01478014344249846054
0.00000000000000000000 0.01481267747989113009
0.00000000000000000000 0.01483494361683296292
0.00000000000000000000 0.01484469654420077743
0.00000000000000000000 0.01484997708794494331
0.00000000000000000000 0.01491062790699448394
0.00000000000000000000 0.01534118508175328320
0.00000000000000000000 0.01535579524636791586
0.00000000000000000000 0.01540516571149462555
0.00000000000000000000 0.01550210795877855242
0.00000000000000000000 0.01557571943017236130
0.00000000000000000000 0.01563044247519752503
0.00000000000000000000 0.01569748929164862736
0.00000000000000000000 0.01572091615943255888
0.00000000000000000000 0.01574658859815087145
0.00000000000000000000 0.01601180074488270724
0.00000000000000000000 0.01607280663246924909
0.00000000000000000000 0.01612324048201189963
0.00000000000000000000 0.01612655528635951671
0.00000000000000000000 0.01634846710777415266
0.00000000000000000000 0.01638261252249254354
0.00000000000000000000 0.01642098944028049998
0.00000000000000000000 0.01646150790987130005
0.00000000000000000000 0.01647652867448480898
0.00000000000000000000 0.01657871852672903115
0.00000000000000000000 0.01662197402083730527
0.00000000000000000000 0.01667293115536004969
0.00000000000000000000 0.01668740301806604515
0.00000000000000000000 0.01669055419150379527
0.00000000000000000000 0.01682439452435624885
0.00000000000000000000 0.01687275364066227745
0.00000000000000000000 0.01690825525760855305
0.00000000000000000000 0.01694280252863716515
0.00000000000000000000 0.01699426081164317343
0.00000000000000000000 0.01709461887719575246
0.00000000000000000000 0.01712626286127341343
0.00000000000000000000 0.01715239401479909387
0.00000000000000000000 0.01720508870099408255
0.00000000000000000000 0.01725453354357949637
0.00000000000000000000 0.01730269785512632622
0.00000000000000000000 0.01734758734506320829
0.00000000000000000000 0.01735021937098571443
0.00000000000000000000 0.01741717469822498879
0.00000000000000000000 0.01741972115481582942
0.00000000000000000000 0.01753006894267906610
0.00000000000000000000 0.01756591032299410771
0.00000000000000000000 0.01760489148153464994
0.00000000000000000000 0.01766342348618821917
0.00000000000000000000 0.01778095485857321759
0.00000000000000000000 0.01779524877947507785
0.00000000000000000000 0.01780748647971799534
0.00000000000000000000 0.01785414651798539198
0.00000000000000000000 0.01787394410914881424
0.00000000000000000000 0.01792905735016046484
0.00000000000000000000 0.01796689165787025352
0.00000000000000000000 0.01798004467764214437
0.00000000000000000000 0.01799471126476378038
0.00000000000000000000 0.01801021069896909313
0.00000000000000000000 0.01805325505088561586
0.00000000000000000000 0.01807619484112196057
0.00000000000000000000 0.01807838950106713943
0.00000000000000000000 0.01808930145485604032
0.00000000000000000000 0.01809562636140287645
0.00000000000000000000 0.01811152111342920548
0.00000000000000000000 0.01817611235958716681
0.00000000000000000000 0.01818311796713872885
0.00000000000000000000 0.01819793501307928607
0.00000000000000000000 0.01837626498930480107
0.00000000000000000000 0.01839356277528309339
0.00000000000000000000 0.01843532967815733267
0.00000000000000000000 0.01846224445536426631
0.00000000000000000000 0.01850230711499299685
0.00000000000000000000 0.01852102803560743555
0.00000000000000000000 0.01854558172180754971
0.00000000000000000000 0.01854832075328866070
0.00000000000000000000 0.01857575587772445844
0.00000000000000000000 0.01863240959565920507
0.00000000000000000000 0.01864606195022251722
0.00000000000000000000 0.01868260394202573421
0.00000000000000000000 0.01872223165770532660
0.00000000000000000000 0.01873379520266243645
0.00000000000000000000 0.01881958561854344888
0.00000000000000000000 0.01884430204433325262
0.00000000000000000000 0.01899511002800105194
0.00000000000000000000 0.01901156421798821244
0.00000000000000000000 0.01901710718643126116
0.00000000000000000000 0.01901733982590461669
0.00000000000000000000 0.01911186508382958782
0.00000000000000000000 0.01914150883713740259
0.00000000000000000000 0.01916054555904352780
0.00000000000000000000 0.01921124591066437903
0.00000000000000000000 0.01933643487993833704
0.00000000000000000000 0.01934294023616099298
0.00000000000000000000 0.01934363938845604439
0.00000000000000000000 0.01941255495830363983
0.00000000000000000000 0.01946177198631081351
0.00000000000000000000 0.01952800409525295294
0.00000000000000000000 0.01955648528568406513
0.00000000000000000000 0.01963276560145479216
0.00000000000000000000 0.01970241125000554011
0.00000000000000000000 0.01972223167267913094
0.00000000000000000000 0.01973891518163373507
0.00000000000000000000 0.01975871991084672194
0.00000000000000000000 0.01977220457437774137
0.00000000000000000000 0.01980444810400527542
0.00000000000000000000 0.01982726179901938418
0.00000000000000000000 0.01992764219752943267
0.00000000000000000000 0.01994657063092570778
0.00000000000000000000 0.01995877207634326120
0.00000000000000000000 0.01996542868306594790
0.00000000000000000000 0.02009083399636612047
0.00000000000000000000 0.02009306667557936646
0.00000000000000000000 0.02010287995737852426
0.00000000000000000000 0.02010846358156710353
0.00000000000000000000 0.02017934028402546681
0.00000000000000000000 0.02024304632078549604
0.00000000000000000000 0.02026929687384056156
0.00000000000000000000 0.02027960968315894660
0.00000000000000000000 0.02035527054323905266
0.00000000000000000000 0.02040584518186338431
0.00000000000000000000 0.02041314709726229151
0.00000000000000000000 0.02045390191628731688
0.00000000000000000000 0.02045971422816506707
0.00000000000000000000 0.02060506395610653407
0.00000000000000000000 0.02073578000239861135
0.00000000000000000000 0.02081325629065269162
0.00000000000000000000 0.02086898351763539702
0.00000000000000000000 0.02086969947945290296
0.00000000000000000000 0.02090224674001349772
0.00000000000000000000 0.02092095730650544647
0.00000000000000000000 0.02106775053559381897
0.00000000000000000000 0.02106859632910158819
0.00000000000000000000 0.02121163297105444281
0.00000000000000000000 0.02132737982115825298
0.00000000000000000000 0.02134137103556655798
0.00000000000000000000 0.02138006113217815959
0.00000000000000000000 0.02138600767458309279
0.00000000000000000000 0.02142617722083058757
0.00000000000000000000 0.02145107136707160786
0.00000000000000000000 0.02148023443907508961
0.00000000000000000000 0.02151167599462188579
0.00000000000000000000 0.02156701843028837468
0.00000000000000000000 0.02159479484826812290
0.00000000000000000000 0.02164039396245944977
0.00000000000000000000 0.02170274691540738030
0.00000000000000000000 0.02180068648017263050
0.00000000000000000000 0.02182069200616737481
0.00000000000000000000 0.02183449802398833295
0.00000000000000000000 0.02187529176943569381
0.00000000000000000000 0.02194797604578414482
0.00000000000000000000 0.02198044850373497006
0.00000000000000000000 0.02207714531953031481
0.00000000000000000000 0.02207936405212846190
0.00000000000000000000 0.02209375455817967279
0.00000000000000000000 0.02212966130983450019
0.00000000000000000000 0.02227413544242655072
0.00000000000000000000 0.02236913630056934499
0.00000000000000000000 0.02245085444508575917
0.00000000000000000000 0.02247643928270828470
0.00000000000000000000 0.02256067690307892934
0.00000000000000000000 0.02270865237962208655
0.00000000000000000000 0.02271994527921143703
0.00000000000000000000 0.02282151779893408505
0.00000000000000000000 0.02292543381599260535
0.00000000000000000000 0.02292991722518807757
0.00000000000000000000 0.02293051102417336534
0.00000000000000000000 0.02295513573247778133
0.00000000000000000000 0.02303925149662580316
0.00000000000000000000 0.02307223747347688508
0.00000000000000000000 0.02312856032349160096
0.00000000000000000000 0.02322782977653771799
0.00000000000000000000 0.02324445264470164502
0.00000000000000000000 0.02327919186792368547
0.00000000000000000000 0.02330379540812998335
0.00000000000000000000 0.02333199933188190994
0.00000000000000000000 0.02342950964872474173
0.00000000000000000000 0.02343706067119526865
0.00000000000000000000 0.02346484664332736461
0.00000000000000000000 0.02348608047150516423
0.00000000000000000000 0.02349104070472188277
0.00000000000000000000 0.02350085934227273687
0.00000000000000000000 0.02370012251874937734
0.00000000000000000000 0.02375732666089783174
0.00000000000000000000 0.02381633904505261329
0.00000000000000000000 0.02389290009708626428
0.00000000000000000000 0.02393991944129562205
0.00000000000000000000 0.02396128226824748714
0.00000000000000000000 0.02400898596832997875
0.00000000000000000000 0.02403506911280455308
0.00000000000000000000 0.02411373146305419504
0.00000000000000000000 0.02416575538060455886
0.00000000000000000000 0.02422400261399671947
0.00000000000000000000 0.02423496506167759079
0.00000000000000000000 0.02428833315494701231
0.00000000000000000000 0.02431411219073813940
0.00000000000000000000 0.02435749734826955087
0.00000000000000000000 0.02439593093362533646
0.00000000000000000000 0.02458202437400063348
0.00000000000000000000 0.02466117517970311743
0.00000000000000000000 0.02467739827032029015
0.00000000000000000000 0.02480495644787974671
0.00000000000000000000 0.02486540156574510926
0.00000000000000000000 0.02497682037036957903
0.00000000000000000000 0.02508070049762513645
0.00000000000000000000 0.02512531548845865076
0.00000000000000000000 0.02523799149771908251
0.00000000000000000000 0.02533589030652821927
0.00000000000000000000 0.02534960647857130780
0.00000000000000000000 0.02535426325048309795
0.00000000000000000000 0.02541182163600150257
0.00000000000000000000 0.02554086878139636210
0.00000000000000000000 0.02555682958887867812
0.00000000000000000000 0.02559534333152434921
0.00000000000000000000 0.02564505323652676791
0.00000000000000000000 0.02566507000260336013
0.00000000000000000000 0.02569105864425675831
0.00000000000000000000 0.02580519658973711924
0.00000000000000000000 0.02580623977376387407
0.00000000000000000000 0.02587259385884957408
0.00000000000000000000 0.02602878348173389214
0.00000000000000000000 0.02610142868418092663
0.00000000000000000000 0.02621047987866091666
0.00000000000000000000 0.02626999468496628992
0.00000000000000000000 0.02627388098772448846
0.00000000000000000000 0.02636770599580160607
0.00000000000000000000 0.02639230180263146472
0.00000000000000000000 0.02652676525067829486
0.00000000000000000000 0.02656773816707995450
0.00000000000000000000 0.02665791390424320298
0.00000000000000000000 0.02666903052991329709
0.00000000000000000000 0.02668501534702107103
0.00000000000000000000 0.02670025854564724022
0.00000000000000000000 0.02682352872213549996
0.00000000000000000000 0.02690044360364158074
0.00000000000000000000 0.02694991337422853947
0.00000000000000000000 0.02704989595653816553
0.00000000000000000000 0.02722425355816574313
0.00000000000000000000 0.02738592876714558699
0.00000000000000000000 0.02738826812758293761
0.00000000000000000000 0.02746869820592261202
0.00000000000000000000 0.02753991201488739313
0.00000000000000000000 0.02808790988067856945
0.00000000000000000000 0.02816452702087486604
0.00000000000000000000 0.02823257361857519840
0.00000000000000000000 0.02828351860959282815
0.00000000000000000000 0.02833177275661549754
0.00000000000000000000 0.02833314175404299737
0.00000000000000000000 0.02838293122499497764
0.00000000000000000000 0.02849214364177387118
0.00000000000000000000 0.02852746614950156870
0.00000000000000000000 0.02854092879077155254
0.00000000000000000000 0.02867088346084410710
0.00000000000000000000 0.02873096643720019633
0.00000000000000000000 0.02880567071393757075
0.00000000000000000000 0.02884973311459268844
0.00000000000000000000 0.02888453727306518337
0.00000000000000000000 0.02894641962936114060
0.00000000000000000000 0.02906269275622833104
0.00000000000000000000 0.02906341199068389683
0.00000000000000000000 0.02906738130754158919
0.00000000000000000000 0.02909788076643527246
0.00000000000000000000 0.02914446077804417820
0.00000000000000000000 0.02922701207557426573
0.00000000000000000000 0.02943461715059333267
0.00000000000000000000 0.02954869283854167500
0.00000000000000000000 0.02955606306612799938
0.00000000000000000000 0.02967176549550580231
0.00000000000000000000 0.02982696669544210658
0.00000000000000000000 0.02991945992087832046
0.00000000000000000000 0.03003500433859944765
0.00000000000000000000 0.03027658705607101305
0.00000000000000000000 0.03035000422282166377
0.00000000000000000000 0.03035374393004545285
0.00000000000000000000 0.03035625466984547341
0.00000000000000000000 0.03049509773430501489
0.00000000000000000000 0.03058535529594152980
0.00000000000000000000 0.03063396376545889088
0.00000000000000000000 0.03073591416224668096
0.00000000000000000000 0.03103565185751476843
0.00000000000000000000 0.03126409430899135256
0.00000000000000000000 0.03144551557961177551
0.00000000000000000000 0.03144722940052761817
0.00000000000000000000 0.03152351713987677773
0.00000000000000000000 0.03162746251088751487
0.00000000000000000000 0.03162960778116981342
0.00000000000000000000 0.03168070871171033837
0.00000000000000000000 0.03172122893898404045
0.00000000000000000000 0.03178972513946671380
0.00000000000000000000 0.03184037404970069957
0.00000000000000000000 0.03187811938591466471
0.00000000000000000000 0.03188087973662145913
0.00000000000000000000 0.03192649245452534174
0.00000000000000000000 0.03196955049101233431
0.00000000000000000000 0.03198612716132433892
0.00000000000000000000 0.03209262666661109875
0.00000000000000000000 0.03225553835074740361
0.00000000000000000000 0.03235630669785408836
0.00000000000000000000 0.03237625265860041845
0.00000000000000000000 0.03245914574202238279
0.00000000000000000000 0.03251167608864449082
0.00000000000000000000 0.03257166755060767610
0.00000000000000000000 0.03262335694967744698
0.00000000000000000000 0.03275023413954048640
0.00000000000000000000 0.03283638135168183425
0.00000000000000000000 0.03283866054764223580
0.00000000000000000000 0.03284624626646370782
0.00000000000000000000 0.03286056047707131694
0.00000000000000000000 0.03286535026936052845
0.00000000000000000000 0.03292789983262798398
0.00000000000000000000 0.03306984025476530920
0.00000000000000000000 0.03313669615737874219
0.00000000000000000000 0.03345984867619510028
0.00000000000000000000 0.03348993668596101508
0.00000000000000000000 0.03349601859536888854
0.00000000000000000000 0.03351173704857090402
0.00000000000000000000 0.03351330065291165117
0.00000000000000000000 0.03360214435072771816
0.00000000000000000000 0.03365806623232934364
0.00000000000000000000 0.03367061811975066016
0.00000000000000000000 0.03421369991795004256
0.00000000000000000000 0.03448547396662803716
0.00000000000000000000 0.03449202344053393238
0.00000000000000000000 0.03453812937232592778
0.00000000000000000000 0.03468869407141783601
0.00000000000000000000 0.03513770327145491340
0.00000000000000000000 0.03537275378637834422
0.00000000000000000000 0.03559258370337568811
0.00000000000000000000 0.03628021052465237040
0.00000000000000000000 0.03632112416855225873
0.00000000000000000000 0.03637192347150909610
0.00000000000000000000 0.03637726416309988720
0.00000000000000000000 0.03646850890415473390
0.00000000000000000000 0.03652311244805981488
0.00000000000000000000 0.03655938319760278221
0.00000000000000000000 0.03660403600739076113
0.00000000000000000000 0.03677336020563345964
0.00000000000000000000 0.03689929285882494886
0.00000000000000000000 0.03699161381673991139
0.00000000000000000000 0.03757867171716904736
0.00000000000000000000 0.03825371996033569838
0.00000000000000000000 0.03829660150602646335
0.00000000000000000000 0.03867509689768921372
0.00000000000000000000 0.03887006756673015706
0.00000000000000000000 0.03908248862294697035
0.00000000000000000000 0.03931869163538492806
0.00000000000000000000 0.03933219704293816621
0.00000000000000000000 0.03944916841801397039
0.00000000000000000000 0.03983384289641212633
0.00000000000000000000 0.03990897731153140310
0.00000000000000000000 0.03993441181245881155
0.00000000000000000000 0.04023771487598595820
0.00000000000000000000 0.04042564206416543460
0.00000000000000000000 0.04080090081966544768
0.00000000000000000000 0.04080975671407246347
0.00000000000000000000 0.04100475309325643525
0.00000000000000000000 0.04135744825324273732
0.00000000000000000000 0.04146619476000997645
0.00000000000000000000 0.04155809293378841945
0.00000000000000000000 0.04164741350144364473
0.00000000000000000000 0.04176618912584153381
0.00000000000000000000 0.04197842763554800183
0.00000000000000000000 0.04202986693889607106
0.00000000000000000000 0.04212360478962376420
0.00000000000000000000 0.04222025107697358060
0.00000000000000000000 0.04239706609266931381
0.00000000000000000000 0.04265374925560662389
0.00000000000000000000 0.04289223470684660339
0.00000000000000000000 0.04289619979465914001
0.00000000000000000000 0.04297455574109229626
0.00000000000000000000 0.04306397252633376721
0.00000000000000000000 0.04326947931205033654
0.00000000000000000000 0.04343339733959355325
0.00000000000000000000 0.04508504687558589213
0.00000000000000000000 0.04526941708627239824
0.00000000000000000000 0.04589191866776368839
0.00000000000000000000 0.04593735549622553205
0.00000000000000000000 0.04634473115739373011
0.00000000000000000000 0.04646567635711385674
0.00000000000000000000 0.04696599140600558192
0.00000000000000000000 0.04748689089650277168
0.00000000000000000000 0.04821030677070489712
0.00000000000000000000 0.04823119148156645997
0.00000000000000000000 0.04873028554388060540
0.00000000000000000000 0.04882119101875838363
0.00000000000000000000 0.04902913629739618501
0.00000000000000000000 0.04922973400014209883
0.00000000000000000000 0.04990678088716655331
0.00000000000000000000 0.05052562446364975562
0.00000000000000000000 0.05149829775701757900
0.00000000000000000000 0.05150508834190389851
0.00000000000000000000 0.05217129969897833786
0.00000000000000000000 0.05308227536333812169
0.00000000000000000000 0.05422198571964391423
0.00000000000000000000 0.05572314766117281853
0.00000000000000000000 0.05720692184324237262
0.00000000000000000000 0.05785049353573513270
0.00000000000000000000 0.05856421207497956860
0.00000000000000000000 0.06404810257123730310
0.00000000000000000000 0.07199975427056150290
0.00000000000000000000 0.07475737357774468739
0.00000000000000000000 0.07505501657240319646
0.00000000000000000000 0.11774394893115794347
0.00000000000000000000 0.32598609944904899383
0.00000000000000000000 0.35344181421888754002
0.00000000000000000000 1.73205080756887719318
