0.00000000000000000000 0.00119100723729951750
0.00000000000000000000 0.00172722511476193909
0.00000000000000000000 0.00224615120698092073
0.00000000000000000000 0.00228877417666805121
0.00000000000000000000 0.00232380946857380999
0.00000000000000000000 0.00236175004565010276
0.00000000000000000000 0.00242382838640011530
0.00000000000000000000 0.00249056822802942897
0.00000000000000000000 0.00258841819349443477
0.00000000000000000000 0.00259031682272750077
0.00000000000000000000 0.00274323717129667730
0.00000000000000000000 0.00316804781192415097
0.00000000000000000000 0.00335276341714800790
0.00000000000000000000 0.00342474694757046371
0.00000000000000000000 0.00358663738187377755
0.00000000000000000000 0.00362434463827182021
0.00000000000000000000 0.00363036613879546503
0.00000000000000000000 0.00369189878317710335
0.00000000000000000000 0.00371536358016574721
0.00000000000000000000 0.00380792314120101567
0.00000000000000000000 0.00385909282441008247
0.00000000000000000000 0.00397594971403279589
0.00000000000000000000 0.00400417033044036304
0.00000000000000000000 0.00408934719053926851
0.00000000000000000000 0.00413111798173778667
0.00000000000000000000 0.00413712393445238129
0.00000000000000000000 0.00419666676920556030
0.00000000000000000000 0.00422346840880310874
0.00000000000000000000 0.00428207984980600014
0.00000000000000000000 0.00438282082495819632
0.00000000000000000000 0.00438284981881516614
0.00000000000000000000 0.00442774766103474614
0.00000000000000000000 0.00449038412998372695
0.00000000000000000000 0.00456771068669310342
0.00000000000000000000 0.00477949777200500914
0.00000000000000000000 0.00488048890972159807
0.00000000000000000000 0.00489051947873129708
0.00000000000000000000 0.00493339556187654196
0.00000000000000000000 0.00495132517895669703
0.00000000000000000000 0.00512730118959026007
0.00000000000000000000 0.00515978379909463967
0.00000000000000000000 0.00518142158023080293
0.00000000000000000000 0.00518384300725484391
0.00000000000000000000 0.00519119366652210333
0.00000000000000000000 0.00523409570097413228
0.00000000000000000000 0.00526909563138531004
0.00000000000000000000 0.00531219430840517912
0.00000000000000000000 0.00535235653572886747
0.00000000000000000000 0.00535300737427407431
0.00000000000000000000 0.00536553297854649221
0.00000000000000000000 0.00538163820022995350
0.00000000000000000000 0.00543211524984630722
0.00000000000000000000 0.00543946275001548369
0.00000000000000000000 0.00549060468025728762
0.00000000000000000000 0.00550840261261420147
0.00000000000000000000 0.00559301298557693220
0.00000000000000000000 0.00563424287089288756
0.00000000000000000000 0.00564044557980576591
0.00000000000000000000 0.00570889100724060634
0.00000000000000000000 0.00575850264708174277
0.00000000000000000000 0.00583266442913774313
0.00000000000000000000 0.00585798495696795464
0.00000000000000000000 0.00588624677459665454
0.00000000000000000000 0.00595561333378562350
0.00000000000000000000 0.00598998167081861953
0.00000000000000000000 0.00599830513729890814
0.00000000000000000000 0.00603630552990314876
0.00000000000000000000 0.00607234141245999604
0.00000000000000000000 0.00610561366006126365
0.00000000000000000000 0.00611360845955462393
0.00000000000000000000 0.00615247936434040570
0.00000000000000000000 0.00619237486967415263
0.00000000000000000000 0.00620189466853060881
0.00000000000000000000 0.00622191237219916603
0.00000000000000000000 0.00632160798040638794
0.00000000000000000000 0.00632702209342672715
0.00000000000000000000 0.00632972071924701660
0.00000000000000000000 0.00641527204680526070
0.00000000000000000000 0.00642024945482210646
0.00000000000000000000 0.00642613419958478187
0.00000000000000000000 0.00647995516090834993
0.00000000000000000000 0.00649056135557642133
0.00000000000000000000 0.00653708676109265429
0.00000000000000000000 0.00656820691632141462
0.00000000000000000000 0.00656832284463720797
0.00000000000000000000 0.00657713835705344210
0.00000000000000000000 0.00657835377434851966
0.00000000000000000000 0.00660131615375412605
0.00000000000000000000 0.00664717617692604790
0.00000000000000000000 0.00670841772859636504
0.00000000000000000000 0.00671327621776088637
0.00000000000000000000 0.00673592330974649278
0.00000000000000000000 0.00676076144686543930
0.00000000000000000000 0.00677222973804090991
0.00000000000000000000 0.00678572663601295385
0.00000000000000000000 0.00685152785603797623
0.00000000000000000000 0.00687018948775167723
0.00000000000000000000 0.00687169075459892129
0.00000000000000000000 0.00689294246558681996
0.00000000000000000000 0.00689338624430376433
0.00000000000000000000 0.00689343777608542128
0.00000000000000000000 0.00694118628963928935
0.00000000000000000000 0.00695088190187992828
0.00000000000000000000 0.00703321876253195592
0.00000000000000000000 0.00703758732356799237
0.00000000000000000000 0.00706628902304943466
0.00000000000000000000 0.00709321689842892615
0.00000000000000000000 0.00725255245748257071
0.00000000000000000000 0.00726722535862945988
0.00000000000000000000 0.00727398192886784169
0.00000000000000000000 0.00728173705209982525
0.00000000000000000000 0.00734829301272292221
0.00000000000000000000 0.00735242904276130205
0.00000000000000000000 0.00742255658153289938
0.00000000000000000000 0.00747754527024604640
0.00000000000000000000 0.00752177811632279321
0.00000000000000000000 0.00752236250613794004
0.00000000000000000000 0.00757210508053513583
0.00000000000000000000 0.00758223207141089581
0.00000000000000000000 0.00760143255229187541
0.00000000000000000000 0.00766593894219690705
0.00000000000000000000 0.00769056356591161974
0.00000000000000000000 0.00770506656687982260
0.00000000000000000000 0.00773474464623315552
0.00000000000000000000 0.00779517006767435801
0.00000000000000000000 0.00786826093665233053
0.00000000000000000000 0.00788375184844248081
0.00000000000000000000 0.00792000550367349433
0.00000000000000000000 0.00793038070062890288
0.00000000000000000000 0.00795572989229674510
0.00000000000000000000 0.00797827784354759525
0.00000000000000000000 0.00803917805865479208
0.00000000000000000000 0.00806509941061627975
0.00000000000000000000 0.00807427687677344554
0.00000000000000000000 0.00811156113792359766
0.00000000000000000000 0.00812868160889540677
0.00000000000000000000 0.00815248264014292387
0.00000000000000000000 0.00816465838585819954
0.00000000000000000000 0.00818837968878950891
0.00000000000000000000 0.00819840769722744549
0.00000000000000000000 0.00820575716149453925
0.00000000000000000000 0.00823199953847337899
0.00000000000000000000 0.00823419089564516454
0.00000000000000000000 0.00823509973553496893
0.00000000000000000000 0.00836237263571756005
0.00000000000000000000 0.00841762946725083117
0.00000000000000000000 0.00842488142309580010
0.00000000000000000000 0.00843436605477109955
0.00000000000000000000 0.00847806729015312260
0.00000000000000000000 0.00851172169819784143
0.00000000000000000000 0.00852321695406425134
0.00000000000000000000 0.00852616035492183982
0.00000000000000000000 0.00852766746381277210
0.00000000000000000000 0.00853985607340895271
0.00000000000000000000 0.00855726889283209453
0.00000000000000000000 0.00861557334741559940
0.00000000000000000000 0.00865778495221262122
0.00000000000000000000 0.00867026344311106444
0.00000000000000000000 0.00870229289033953163
0.00000000000000000000 0.00870530303474641685
0.00000000000000000000 0.00876566710528830367
0.00000000000000000000 0.00883028023440059380
0.00000000000000000000 0.00883121087565571540
0.00000000000000000000 0.00886913195394436332
0.00000000000000000000 0.00887296776965711305
0.00000000000000000000 0.00887854506618491329
0.00000000000000000000 0.00889406519953471822
0.00000000000000000000 0.00891775507385890107
0.00000000000000000000 0.00894836798366481327
0.00000000000000000000 0.00894848842460111392
0.00000000000000000000 0.00895482311971314802
0.00000000000000000000 0.00898229978198625614
0.00000000000000000000 0.00898346600584191274
0.00000000000000000000 0.00898548982906405627
0.00000000000000000000 0.00899131710076197035
0.00000000000000000000 0.00902559707613012283
0.00000000000000000000 0.00904390184023435607
0.00000000000000000000 0.00906900173641625104
0.00000000000000000000 0.00907064438534929685
0.00000000000000000000 0.00908156616835398972
0.00000000000000000000 0.00911333824622609888
0.00000000000000000000 0.00916869207040271576
0.00000000000000000000 0.00918651555357944717
0.00000000000000000000 0.00922406632873748293
0.00000000000000000000 0.00925141717327316974
0.00000000000000000000 0.00926503391846699061
0.00000000000000000000 0.00926644930315675790
0.00000000000000000000 0.00927023642473363829
0.00000000000000000000 0.00932544357306299733
0.00000000000000000000 0.00933878022987900784
0.00000000000000000000 0.00939798128395354093
0.00000000000000000000 0.00943861765332843113
0.00000000000000000000 0.00944046052152158928
0.00000000000000000000 0.00945461230946138993
0.00000000000000000000 0.00945514134127310897
0.00000000000000000000 0.00946858951086930814
0.00000000000000000000 0.00948399992410273694
0.00000000000000000000 0.00952197674092666174
0.00000000000000000000 0.00953609925678991152
0.00000000000000000000 0.00953634813258012227
0.00000000000000000000 0.00956089760973270059
0.00000000000000000000 0.00958875863822869143
0.00000000000000000000 0.00959623860648092276
0.00000000000000000000 0.00960018041250612630
0.00000000000000000000 0.00961152155884218047
0.00000000000000000000 0.00961500137455596759
0.00000000000000000000 0.00961692948575617289
0.00000000000000000000 0.00963836919733775978
0.00000000000000000000 0.00964465282040941237
0.00000000000000000000 0.00965110956775620636
0.00000000000000000000 0.00965568468473997250
0.00000000000000000000 0.00965980946653318025
0.00000000000000000000 0.00968716783848343720
0.00000000000000000000 0.00974067120548527746
0.00000000000000000000 0.00980971879801312285
0.00000000000000000000 0.00983698405163519439
0.00000000000000000000 0.00983910744343914276
0.00000000000000000000 0.00983970892607550184
0.00000000000000000000 0.00986812568892729038
0.00000000000000000000 0.00987812599584416209
0.00000000000000000000 0.00989789747051879332
0.00000000000000000000 0.00994937395390912624
0.00000000000000000000 0.00995053652804042503
0.00000000000000000000 0.00995711311067597714
0.00000000000000000000 0.00996311128564626378
0.00000000000000000000 0.00999728885873115217
0.00000000000000000000 0.00999892332320345689
0.00000000000000000000 0.01005617286181380646
0.00000000000000000000 0.01010682285612508544
0.00000000000000000000 0.01014686666442490490
0.00000000000000000000 0.01017270450748781509
0.00000000000000000000 0.01018761957023238754
0.00000000000000000000 0.01019454214807496983
0.00000000000000000000 0.01024739984955511628
0.00000000000000000000 0.01026585654341650305
0.00000000000000000000 0.01028140077606100496
0.00000000000000000000 0.01028454532970959727
0.00000000000000000000 0.01032068054006666027
0.00000000000000000000 0.01033367227823104445
0.00000000000000000000 0.01042811212515793416
0.00000000000000000000 0.01044775305026181787
0.00000000000000000000 0.01051017637511074757
0.00000000000000000000 0.01051562044130738630
0.00000000000000000000 0.01057203354262379116
0.00000000000000000000 0.01061814847883911679
0.00000000000000000000 0.01062955257523949537
0.00000000000000000000 0.01067394049660022777
0.00000000000000000000 0.01067614513016844173
0.00000000000000000000 0.01069615956699386354
0.00000000000000000000 0.01070202202307953855
0.00000000000000000000 0.01073403717415342788
0.00000000000000000000 0.01075188712150819403
0.00000000000000000000 0.01075512293326374123
0.00000000000000000000 0.01075637010903317779
0.00000000000000000000 0.01075765928464798848
0.00000000000000000000 0.01077991529802634421
0.00000000000000000000 0.01080570615127357179
0.00000000000000000000 0.01081091433637487373
0.00000000000000000000 0.01081215159556320540
0.00000000000000000000 0.01088995661216123761
0.00000000000000000000 0.01089075220479998954
0.00000000000000000000 0.01091666211958120317
0.00000000000000000000 0.01091762581412478172
0.00000000000000000000 0.01092366698184091094
0.00000000000000000000 0.01096525648109468454
0.00000000000000000000 0.01096934187045266185
0.00000000000000000000 0.01097303687965488737
0.00000000000000000000 0.01099047622784858624
0.00000000000000000000 0.01100141290949435170
0.00000000000000000000 0.01102196799750268345
0.00000000000000000000 0.01104009008990613008
0.00000000000000000000 0.01106147039266801822
0.00000000000000000000 0.01106585366611521210
0.00000000000000000000 0.01108770576529323655
0.00000000000000000000 0.01117844834655280263
0.00000000000000000000 0.01119590557119817982
0.00000000000000000000 0.01120105524108421478
0.00000000000000000000 0.01122335390472496176
0.00000000000000000000 0.01123169795203710249
0.00000000000000000000 0.01127594181674486558
0.00000000000000000000 0.01130419145031976574
0.00000000000000000000 0.01131263855809015902
0.00000000000000000000 0.01132709173925064775
0.00000000000000000000 0.01134713839435999919
0.00000000000000000000 0.01134900639818977285
0.00000000000000000000 0.01136044441670438186
0.00000000000000000000 0.01139757820589694208
0.00000000000000000000 0.01140758167136183936
0.00000000000000000000 0.01141883078555471463
0.00000000000000000000 0.01142984037198535412
0.00000000000000000000 0.01148064106557475893
0.00000000000000000000 0.01148275855406026384
0.00000000000000000000 0.01153935898329753323
0.00000000000000000000 0.01156252730679699706
0.00000000000000000000 0.01156408595858511579
0.00000000000000000000 0.01159434877160023074
0.00000000000000000000 0.01160390020375881744
0.00000000000000000000 0.01161130333153154344
0.00000000000000000000 0.01162811697704951505
0.00000000000000000000 0.01173397933880201797
0.00000000000000000000 0.01174327572498050018
0.00000000000000000000 0.01174405948386366902
0.00000000000000000000 0.01178782985834983012
0.00000000000000000000 0.01181379947059674543
0.00000000000000000000 0.01182393870944879744
0.00000000000000000000 0.01187344428397445022
0.00000000000000000000 0.01187609457819747277
0.00000000000000000000 0.01190817217358316853
0.00000000000000000000 0.01191480857814194300
0.00000000000000000000 0.01198292246551065088
0.00000000000000000000 0.01199530913823985620
0.00000000000000000000 0.01202164930618997499
0.00000000000000000000 0.01203835065637597589
0.00000000000000000000 0.01208239564279094472
0.00000000000000000000 0.01209124565835020294
0.00000000000000000000 0.01213122056649541987
0.00000000000000000000 0.01215161224825463300
0.00000000000000000000 0.01215304850277513886
0.00000000000000000000 0.01217005464916706171
0.00000000000000000000 0.01218387449085618982
0.00000000000000000000 0.01220346490033035781
0.00000000000000000000 0.01222817122594814856
0.00000000000000000000 0.01224450271634090238
0.00000000000000000000 0.01242763737591217471
0.00000000000000000000 0.01248763482459025465
0.00000000000000000000 0.01252015448666524318
0.00000000000000000000 0.01260714003583513626
0.00000000000000000000 0.01263418217343067855
0.00000000000000000000 0.01269189856309975439
0.00000000000000000000 0.01277892215080332627
0.00000000000000000000 0.01286268785917838407
0.00000000000000000000 0.01298464274001708343
0.00000000000000000000 0.01300299725920159820
0.00000000000000000000 0.01304398577391653949
0.00000000000000000000 0.01310756364443126966
0.00000000000000000000 0.01311313043750027968
0.00000000000000000000 0.01314051968899386871
0.00000000000000000000 0.01325092235017341288
0.00000000000000000000 0.01331078922965019291
0.00000000000000000000 0.01336420165686315678
0.00000000000000000000 0.01340677568957245568
0.00000000000000000000 0.01342015741092248034
0.00000000000000000000 0.01344164662583817969
0.00000000000000000000 0.01349567600988886389
0.00000000000000000000 0.01350294054494362642
0.00000000000000000000 0.01359646411432818489
0.00000000000000000000 0.01362840542340837055
0.00000000000000000000 0.01363353979538834380
0.00000000000000000000 0.01365019795288023412
0.00000000000000000000 0.01371843980105273350
0.00000000000000000000 0.01377311204521212279
0.00000000000000000000 0.01379196502312420892
0.00000000000000000000 0.01384007419098290219
0.00000000000000000000 0.01389900100602589270
0.00000000000000000000 0.01391046245505460181
0.00000000000000000000 0.01391327743356114699
0.00000000000000000000 0.01396949581878612762
0.00000000000000000000 0.01402878382349486211
0.00000000000000000000 0.01409616624922008059
0.00000000000000000000 0.01412720778061618380
0.00000000000000000000 0.01423893840179185112
0.00000000000000000000 0.01427560463944533078
0.00000000000000000000 0.01428092990039989303
0.00000000000000000000 0.01429918925162022153
0.00000000000000000000 0.01434666629163722229
0.00000000000000000000 0.01446468268638149285
0.00000000000000000000 0.01450987739459816406
0.00000000000000000000 0.01465885735103191617
0.00000000000000000000 0.01466607612577645187
0.00000000000000000000 0.01468924756337915659
0.00000000000000000000 0.01479668699343869055
0.00000000000000000000 0.01481425119812473414
0.00000000000000000000 0.01481463982162329988
0.00000000000000000000 0.01511653079007232829
0.00000000000000000000 0.01513138722148806882
0.00000000000000000000 0.01513168012872025472
0.00000000000000000000 0.01514010025750831510
0.00000000000000000000 0.01517067145479176170
0.00000000000000000000 0.01521637590655507306
0.00000000000000000000 0.01521870554808239448
0.00000000000000000000 0.01523333728340275223
0.00000000000000000000 0.01526822175616863141
0.00000000000000000000 0.01531167953771451519
0.00000000000000000000 0.01532809760134888448
0.00000000000000000000 0.01533498191663288344
0.00000000000000000000 0.01533690456886860169
0.00000000000000000000 0.01533690483074970357
0.00000000000000000000 0.01535954900654917625
0.00000000000000000000 0.01536395027380506491
0.00000000000000000000 0.01536701614494940388
0.00000000000000000000 0.01536725232566271866
0.00000000000000000000 0.01537747983112717695
0.00000000000000000000 0.01548496823376018655
0.00000000000000000000 0.01558245312688156907
0.00000000000000000000 0.01565129681430238451
0.00000000000000000000 0.01575004963443776482
0.00000000000000000000 0.01579042293904368843
0.00000000000000000000 0.01596066792560085421
0.00000000000000000000 0.01598518609251254469
0.00000000000000000000 0.01609802331986371141
0.00000000000000000000 0.01610450897802801623
0.00000000000000000000 0.01619746761728283260
0.00000000000000000000 0.01622180003112789690
0.00000000000000000000 0.01628879101378270799
0.00000000000000000000 0.01632145880917726041
0.00000000000000000000 0.01632949175650908261
0.00000000000000000000 0.01634743086074183158
0.00000000000000000000 0.01642592780263587432
0.00000000000000000000 0.01642633000906296853
0.00000000000000000000 0.01659257812118081210
0.00000000000000000000 0.01661891275993012881
0.00000000000000000000 0.01675107535016357937
0.00000000000000000000 0.01679934446536726980
0.00000000000000000000 0.01679978618524822706
0.00000000000000000000 0.01688510763584929325
0.00000000000000000000 0.01695323218072949251
0.00000000000000000000 0.01704301602847552513
0.00000000000000000000 0.01707330948849154414
0.00000000000000000000 0.01707619805525241105
0.00000000000000000000 0.01715977556729412351
0.00000000000000000000 0.01733368262183277581
0.00000000000000000000 0.01737791723850206499
0.00000000000000000000 0.01739426012486607054
0.00000000000000000000 0.01741493115477578055
0.00000000000000000000 0.01741886167122444484
0.00000000000000000000 0.01757421119579566718
0.00000000000000000000 0.01757523293595721764
0.00000000000000000000 0.01759169809887051877
0.00000000000000000000 0.01764586526379103779
0.00000000000000000000 0.01779585878270050631
0.00000000000000000000 0.01780485274510371432
0.00000000000000000000 0.01782770175592895967
0.00000000000000000000 0.01789541676426078393
0.00000000000000000000 0.01791295569724631054
0.00000000000000000000 0.01823329549736667568
0.00000000000000000000 0.01841944080357076421
0.00000000000000000000 0.01843881872591341883
0.00000000000000000000 0.01845798975227250227
0.00000000000000000000 0.01870855372725754168
0.00000000000000000000 0.01872801545494489836
0.00000000000000000000 0.01884854352201441666
0.00000000000000000000 0.01900683627120109895
0.00000000000000000000 0.01900793755516479167
0.00000000000000000000 0.01911869656471645168
0.00000000000000000000 0.01914625859750061429
0.00000000000000000000 0.01914833741535675732
0.00000000000000000000 0.01926603610436185277
0.00000000000000000000 0.01932645174981417052
0.00000000000000000000 0.01960439616361193266
0.00000000000000000000 0.01962435211631656864
0.00000000000000000000 0.01969069255975656671
0.00000000000000000000 0.01970317436448111581
0.00000000000000000000 0.01983720949452892970
0.00000000000000000000 0.02010343840736886906
0.00000000000000000000 0.02039578738018786586
0.00000000000000000000 0.02048004346413586502
0.00000000000000000000 0.02054097918815356999
0.00000000000000000000 0.02065853326934790832
0.00000000000000000000 0.02069283743188635172
0.00000000000000000000 0.02071283907559885035
0.00000000000000000000 0.02077967604489668399
0.00000000000000000000 0.02086394452656428061
0.00000000000000000000 0.02094692550641279183
0.00000000000000000000 0.02111727016453347761
0.00000000000000000000 0.02122787442785102618
0.00000000000000000000 0.02185353783516601894
0.00000000000000000000 0.02215319045849552249
0.00000000000000000000 0.02229258229502310840
0.00000000000000000000 0.02257089673731057372
0.00000000000000000000 0.02275631302150612351
0.00000000000000000000 0.02290527512817747482
0.00000000000000000000 0.02297721258426570906
0.00000000000000000000 0.02337177764768236590
0.00000000000000000000 0.02343145095639194431
0.00000000000000000000 0.02373904036996961689
0.00000000000000000000 0.02441777715700426191
0.00000000000000000000 0.02506388280561810955
0.00000000000000000000 0.02536638162321095888
0.00000000000000000000 0.02568009406939536152
0.00000000000000000000 0.02587145978471971572
0.00000000000000000000 0.02634246679680989078
0.00000000000000000000 0.02641001172506369024
0.00000000000000000000 0.02814780867371732484
0.00000000000000000000 0.02815401216645977908
0.00000000000000000000 0.02845610384323302156
0.00000000000000000000 0.02936004229086828718
0.00000000000000000000 0.02993122537460853397
0.00000000000000000000 0.03111703860695585674
0.00000000000000000000 0.03162560226966001226
0.00000000000000000000 0.03485394362692672415
0.00000000000000000000 0.03540861300692095537
0.00000000000000000000 0.03568279202472171563
0.00000000000000000000 0.03599678038601947239
0.00000000000000000000 0.03684016024594359562
0.00000000000000000000 0.04469738245818394295
0.00000000000000000000 0.06000492712802951711
0.00000000000000000000 0.07660873001313238395
0.00000000000000000000 0.44268799838938799329
0.00000000000000000000 0.56424613155377434381
0.00000000000000000000 1.73205080756887719318
