0.00000000000000000000 0.00237608036203316780
0.00000000000000000000 0.00243837674380855546
0.00000000000000000000 0.00270671447297884341
0.00000000000000000000 0.00285799069566244771
0.00000000000000000000 0.00308123807340973015
0.00000000000000000000 0.00376123785530320951
0.00000000000000000000 0.00386309473370632624
0.00000000000000000000 0.00508363313033298285
0.00000000000000000000 0.00518010726086888702
0.00000000000000000000 0.00533312766426072282
0.00000000000000000000 0.00562312935955026124
0.00000000000000000000 0.00572613919560507716
0.00000000000000000000 0.00597116772254950058
0.00000000000000000000 0.00609469612623757089
0.00000000000000000000 0.00631048991787130573
0.00000000000000000000 0.00631425429453268908
0.00000000000000000000 0.00641542654763554120
0.00000000000000000000 0.00650125310754946610
0.00000000000000000000 0.00674926947109728403
0.00000000000000000000 0.00685548766157600357
0.00000000000000000000 0.00714249349644357698
0.00000000000000000000 0.00724726984383760198
0.00000000000000000000 0.00728620427418667001
0.00000000000000000000 0.00735099421076036274
0.00000000000000000000 0.00743016811775238598
0.00000000000000000000 0.00766570111146215160
0.00000000000000000000 0.00772951601721020599
0.00000000000000000000 0.00779425504201903402
0.00000000000000000000 0.00790955306301845996
0.00000000000000000000 0.00803584423384852246
0.00000000000000000000 0.00812574901940418641
0.00000000000000000000 0.00819207132246859565
0.00000000000000000000 0.00841208761131474921
0.00000000000000000000 0.00857472711326541515
0.00000000000000000000 0.00879547939071535605
0.00000000000000000000 0.00884352186013021187
0.00000000000000000000 0.00888583695744540533
0.00000000000000000000 0.00890430990050188054
0.00000000000000000000 0.00894655801712003484
0.00000000000000000000 0.00900090737503093236
0.00000000000000000000 0.00904794464560349301
0.00000000000000000000 0.00910876236638620204
0.00000000000000000000 0.00914653361642110176
0.00000000000000000000 0.00916829685573041647
0.00000000000000000000 0.00923451602683447552
0.00000000000000000000 0.00930630179639818471
0.00000000000000000000 0.00937372051388739129
0.00000000000000000000 0.00945869586511388985
0.00000000000000000000 0.00947782427849801733
0.00000000000000000000 0.00950682067630952143
0.00000000000000000000 0.00974959950011097636
0.00000000000000000000 0.00996448058268745336
0.00000000000000000000 0.00999137087396798768
0.00000000000000000000 0.01005456994756007486
0.00000000000000000000 0.01010964064350250609
0.00000000000000000000 0.01046841051033686742
0.00000000000000000000 0.01060118614954798193
0.00000000000000000000 0.01066350249134476874
0.00000000000000000000 0.01074805314934988536
0.00000000000000000000 0.01076095766226979264
0.00000000000000000000 0.01076204299850899021
0.00000000000000000000 0.01077066281075625756
0.00000000000000000000 0.01081575666235932986
0.00000000000000000000 0.01084855337907770882
0.00000000000000000000 0.01085195301730525544
0.00000000000000000000 0.01093120556032033293
0.00000000000000000000 0.01097287515256037405
0.00000000000000000000 0.01098649641831850668
0.00000000000000000000 0.01104427980834885720
0.00000000000000000000 0.01106943077651089888
0.00000000000000000000 0.01107334258960934389
0.00000000000000000000 0.01121084391551734061
0.00000000000000000000 0.01124148948743915882
0.00000000000000000000 0.01141744508710134699
0.00000000000000000000 0.01157298926024249650
0.00000000000000000000 0.01158443242203938649
0.00000000000000000000 0.01164384446182346704
0.00000000000000000000 0.01174738996484070257
0.00000000000000000000 0.01196140144320846817
0.00000000000000000000 0.01216153608057248155
0.00000000000000000000 0.01224977303167871547
0.00000000000000000000 0.01225428524942565739
0.00000000000000000000 0.01227113627131120113
0.00000000000000000000 0.01228080014709209342
0.00000000000000000000 0.01234104277257466568
0.00000000000000000000 0.01243521813569121830
0.00000000000000000000 0.01260085945805578672
0.00000000000000000000 0.01272405823903393317
0.00000000000000000000 0.01273450638718730266
0.00000000000000000000 0.01273837586555078699
0.00000000000000000000 0.01278517851768939083
0.00000000000000000000 0.01285562855168108365
0.00000000000000000000 0.01293019658017096826
0.00000000000000000000 0.01295138968174970075
0.00000000000000000000 0.01298054631845076481
0.00000000000000000000 0.01303183564278905839
0.00000000000000000000 0.01305029000990567956
0.00000000000000000000 0.01305883768158142520
0.00000000000000000000 0.01309495540903646803
0.00000000000000000000 0.01309553548269367339
0.00000000000000000000 0.01310536584446126210
0.00000000000000000000 0.01315934035192372481
0.00000000000000000000 0.01317427921390321166
0.00000000000000000000 0.01321580253148384697
0.00000000000000000000 0.01326994581919604781
0.00000000000000000000 0.01331684132323665386
0.00000000000000000000 0.01333747079798018424
0.00000000000000000000 0.01340721420890025363
0.00000000000000000000 0.01343149008186222786
0.00000000000000000000 0.01345660094545133266
0.00000000000000000000 0.01350145894651970727
0.00000000000000000000 0.01354064813640031006
0.00000000000000000000 0.01354854678442255107
0.00000000000000000000 0.01357813672398274461
0.00000000000000000000 0.01358617353622733510
0.00000000000000000000 0.01363614196647938703
0.00000000000000000000 0.01364824994090105791
0.00000000000000000000 0.01366781769250755875
0.00000000000000000000 0.01372838577889174370
0.00000000000000000000 0.01382281195769805709
0.00000000000000000000 0.01392784077141159295
0.00000000000000000000 0.01400819942518751436
0.00000000000000000000 0.01405356037561090662
0.00000000000000000000 0.01417232575936059648
0.00000000000000000000 0.01418693625309409324
0.00000000000000000000 0.01419051240070759966
0.00000000000000000000 0.01420350982657866794
0.00000000000000000000 0.01424685130603554027
0.00000000000000000000 0.01424909835790595485
0.00000000000000000000 0.01427354048805466735
0.00000000000000000000 0.01427914980764123827
0.00000000000000000000 0.01436305053232053881
0.00000000000000000000 0.01436947376749905282
0.00000000000000000000 0.01439045492850812152
0.00000000000000000000 0.01441475484756950948
0.00000000000000000000 0.01445423861604377622
0.00000000000000000000 0.01447608411945689247
0.00000000000000000000 0.01452559136998667760
0.00000000000000000000 0.01454363050333951426
0.00000000000000000000 0.01458143141734310859
0.00000000000000000000 0.01461277585215831933
0.00000000000000000000 0.01481106546909748134
0.00000000000000000000 0.01483039718755683675
0.00000000000000000000 0.01484167792754205982
0.00000000000000000000 0.01488814087952630531
0.00000000000000000000 0.01490027382597024740
0.00000000000000000000 0.01493186303609411389
0.00000000000000000000 0.01497716522888699678
0.00000000000000000000 0.01503425362950814442
0.00000000000000000000 0.01514343074119306465
0.00000000000000000000 0.01516316192155642978
0.00000000000000000000 0.01518044845232226388
0.00000000000000000000 0.01523920520739374500
0.00000000000000000000 0.01529451802567617993
0.00000000000000000000 0.01533313095177266105
0.00000000000000000000 0.01536789991062765225
0.00000000000000000000 0.01538245619248260719
0.00000000000000000000 0.01543282399760741858
0.00000000000000000000 0.01545619958295134898
0.00000000000000000000 0.01550076527111840519
0.00000000000000000000 0.01550566009504645432
0.00000000000000000000 0.01555896691953991863
0.00000000000000000000 0.01559044564299516891
0.00000000000000000000 0.01563218290253362563
0.00000000000000000000 0.01570938228488701072
0.00000000000000000000 0.01580783764395331942
0.00000000000000000000 0.01587198145819853842
0.00000000000000000000 0.01588074445303772411
0.00000000000000000000 0.01595450170085011693
0.00000000000000000000 0.01601923963565556400
0.00000000000000000000 0.01606011225353653343
0.00000000000000000000 0.01608955174861512877
0.00000000000000000000 0.01610372966289741123
0.00000000000000000000 0.01610807333574408237
0.00000000000000000000 0.01620204129499574694
0.00000000000000000000 0.01622320640166743586
0.00000000000000000000 0.01625589585178993310
0.00000000000000000000 0.01626913502200388537
0.00000000000000000000 0.01630090371867938190
0.00000000000000000000 0.01630838708281221947
0.00000000000000000000 0.01636203683308438267
0.00000000000000000000 0.01649582717997506720
0.00000000000000000000 0.01652051946904630961
0.00000000000000000000 0.01654845307184925340
0.00000000000000000000 0.01655688349850967592
0.00000000000000000000 0.01656280178317569643
0.00000000000000000000 0.01664773342407341317
0.00000000000000000000 0.01665308766041093472
0.00000000000000000000 0.01666520981030061160
0.00000000000000000000 0.01666906751714018059
0.00000000000000000000 0.01679209111588023801
0.00000000000000000000 0.01679945346635746892
0.00000000000000000000 0.01682627211941274681
0.00000000000000000000 0.01695142333472746468
0.00000000000000000000 0.01696547695428128610
0.00000000000000000000 0.01700015512419583361
0.00000000000000000000 0.01700240520605561523
0.00000000000000000000 0.01703323481426030281
0.00000000000000000000 0.01716685469380500872
0.00000000000000000000 0.01717480511082150954
0.00000000000000000000 0.01720935920086131415
0.00000000000000000000 0.01726733160988622520
0.00000000000000000000 0.01728218062788208775
0.00000000000000000000 0.01729718088295873618
0.00000000000000000000 0.01731269815932599473
0.00000000000000000000 0.01733101198125243034
0.00000000000000000000 0.01733590770596954433
0.00000000000000000000 0.01734195884516156680
0.00000000000000000000 0.01735100786748825993
0.00000000000000000000 0.01741151032896255321
0.00000000000000000000 0.01742174080169569747
0.00000000000000000000 0.01749437644441523276
0.00000000000000000000 0.01750071609828002944
0.00000000000000000000 0.01750074086462479611
0.00000000000000000000 0.01751889695246013415
0.00000000000000000000 0.01754437739600954796
0.00000000000000000000 0.01754939118484456773
0.00000000000000000000 0.01758737141723060171
0.00000000000000000000 0.01759567377411783151
0.00000000000000000000 0.01761226998418479253
0.00000000000000000000 0.01761463582259552990
0.00000000000000000000 0.01762374659420119435
0.00000000000000000000 0.01763922087695888805
0.00000000000000000000 0.01766561435998317137
0.00000000000000000000 0.01770273861164513296
0.00000000000000000000 0.01775694291605495190
0.00000000000000000000 0.01788740917998131105
0.00000000000000000000 0.01793167557076727134
0.00000000000000000000 0.01797283597837034952
0.00000000000000000000 0.01798986484731024058
0.00000000000000000000 0.01800769745323612878
0.00000000000000000000 0.01801968682021830304
0.00000000000000000000 0.01802311944725534451
0.00000000000000000000 0.01804162029671682252
0.00000000000000000000 0.01806155139745395030
0.00000000000000000000 0.01817475122336309826
0.00000000000000000000 0.01828667081729557289
0.00000000000000000000 0.01841645635473169659
0.00000000000000000000 0.01843459148378985210
0.00000000000000000000 0.01852636686367211197
0.00000000000000000000 0.01855903216776970746
0.00000000000000000000 0.01858222733341707844
0.00000000000000000000 0.01862270339920026746
0.00000000000000000000 0.01869575078596329848
0.00000000000000000000 0.01873861610804648456
0.00000000000000000000 0.01876786963680610737
0.00000000000000000000 0.01879547001903891790
0.00000000000000000000 0.01884133281696836679
0.00000000000000000000 0.01886395770907285316
0.00000000000000000000 0.01889034818985828659
0.00000000000000000000 0.01889197308886521667
0.00000000000000000000 0.01890887487430818054
0.00000000000000000000 0.01893520336301887305
0.00000000000000000000 0.01897911521016072342
0.00000000000000000000 0.01898987594979778884
0.00000000000000000000 0.01899349415816047743
0.00000000000000000000 0.01902364632562500088
0.00000000000000000000 0.01903340713517241364
0.00000000000000000000 0.01908418536169717919
0.00000000000000000000 0.01914456575720764261
0.00000000000000000000 0.01925053133311977957
0.00000000000000000000 0.01925428995437096155
0.00000000000000000000 0.01926152648700827155
0.00000000000000000000 0.01930539140435397552
0.00000000000000000000 0.01931172931161098325
0.00000000000000000000 0.01934423162637690513
0.00000000000000000000 0.01935517770865095855
0.00000000000000000000 0.01939883914175660404
0.00000000000000000000 0.01941076260811433821
0.00000000000000000000 0.01942115304815586474
0.00000000000000000000 0.01942623560525684467
0.00000000000000000000 0.01943285492850571269
0.00000000000000000000 0.01948143345776731997
0.00000000000000000000 0.01951241499769598708
0.00000000000000000000 0.01977006479315205484
0.00000000000000000000 0.01980989360613463410
0.00000000000000000000 0.01982826367966992673
0.00000000000000000000 0.01987371517358305778
0.00000000000000000000 0.01996308352141677039
0.00000000000000000000 0.01997490710431506014
0.00000000000000000000 0.02003975598267573877
0.00000000000000000000 0.02003989489401579796
0.00000000000000000000 0.02024734965837026238
0.00000000000000000000 0.02029536989950497458
0.00000000000000000000 0.02034060121449269773
0.00000000000000000000 0.02041598297269647116
0.00000000000000000000 0.02041731103382386087
0.00000000000000000000 0.02043269203402396650
0.00000000000000000000 0.02043832912831976614
0.00000000000000000000 0.02059204438007750451
0.00000000000000000000 0.02065423804253025547
0.00000000000000000000 0.02065582397703830467
0.00000000000000000000 0.02073725203011697951
0.00000000000000000000 0.02074220883853097538
0.00000000000000000000 0.02078613651017384434
0.00000000000000000000 0.02081503414021921086
0.00000000000000000000 0.02105997040559899960
0.00000000000000000000 0.02112915379394570900
0.00000000000000000000 0.02114305742348827205
0.00000000000000000000 0.02117565144010727374
0.00000000000000000000 0.02120174560126653757
0.00000000000000000000 0.02126704257258929531
0.00000000000000000000 0.02145212239473288929
0.00000000000000000000 0.02147352049368012050
0.00000000000000000000 0.02154664995948040937
0.00000000000000000000 0.02159479428268535131
0.00000000000000000000 0.02160851453414145557
0.00000000000000000000 0.02167319895430941043
0.00000000000000000000 0.02167580971095395617
0.00000000000000000000 0.02170350338094133996
0.00000000000000000000 0.02175718566610811838
0.00000000000000000000 0.02179821387917383821
0.00000000000000000000 0.02193259125629040338
0.00000000000000000000 0.02196662700065766735
0.00000000000000000000 0.02196695960264587535
0.00000000000000000000 0.02207356782768834375
0.00000000000000000000 0.02211709124801996412
0.00000000000000000000 0.02216457664803084607
0.00000000000000000000 0.02218685613065277118
0.00000000000000000000 0.02228763775072417630
0.00000000000000000000 0.02233784613006868300
0.00000000000000000000 0.02240136122603397090
0.00000000000000000000 0.02248868594492090672
0.00000000000000000000 0.02253415352313686143
0.00000000000000000000 0.02256689548061006217
0.00000000000000000000 0.02261134708535190649
0.00000000000000000000 0.02264913115439895486
0.00000000000000000000 0.02272413302660581183
0.00000000000000000000 0.02279948693328953668
0.00000000000000000000 0.02285090308331345216
0.00000000000000000000 0.02291767409318634652
0.00000000000000000000 0.02295032820007041410
0.00000000000000000000 0.02308042461411843535
0.00000000000000000000 0.02308124241175794206
0.00000000000000000000 0.02310857974602892329
0.00000000000000000000 0.02316053743864911196
0.00000000000000000000 0.02323879080205570186
0.00000000000000000000 0.02328532575146850109
0.00000000000000000000 0.02331824794179611707
0.00000000000000000000 0.02341925373352758341
0.00000000000000000000 0.02343283682114430042
0.00000000000000000000 0.02349895244655028984
0.00000000000000000000 0.02351192316064318680
0.00000000000000000000 0.02355869019559857919
0.00000000000000000000 0.02360540456442327198
0.00000000000000000000 0.02400437372270992561
0.00000000000000000000 0.02416186578901120471
0.00000000000000000000 0.02417520131663456265
0.00000000000000000000 0.02424362552798634343
0.00000000000000000000 0.02425592760690983146
0.00000000000000000000 0.02426085211532033256
0.00000000000000000000 0.02436409814198938276
0.00000000000000000000 0.02437953338529951983
0.00000000000000000000 0.02440278769093317396
0.00000000000000000000 0.02448620673377257390
0.00000000000000000000 0.02452482936090106744
0.00000000000000000000 0.02455681396680958056
0.00000000000000000000 0.02463146075742878027
0.00000000000000000000 0.02469864526628509985
0.00000000000000000000 0.02487711778448198005
0.00000000000000000000 0.02491254989559975319
0.00000000000000000000 0.02539478274493438964
0.00000000000000000000 0.02550560003924462124
0.00000000000000000000 0.02553324882703719365
0.00000000000000000000 0.02553413619522458544
0.00000000000000000000 0.02558239362787387977
0.00000000000000000000 0.02568822080074934303
0.00000000000000000000 0.02570880031013748207
0.00000000000000000000 0.02578484756972351799
0.00000000000000000000 0.02606188475173318655
0.00000000000000000000 0.02622606697440155524
0.00000000000000000000 0.02627595546873750035
0.00000000000000000000 0.02633991803569425000
0.00000000000000000000 0.02638713792823057028
0.00000000000000000000 0.02640808097326850790
0.00000000000000000000 0.02642638405725720313
0.00000000000000000000 0.02650292548419852165
0.00000000000000000000 0.02655374752928678014
0.00000000000000000000 0.02657319105322723807
0.00000000000000000000 0.02664922417943280802
0.00000000000000000000 0.02693779804370494482
0.00000000000000000000 0.02697398456499357569
0.00000000000000000000 0.02700800289774986027
0.00000000000000000000 0.02718068229241118669
0.00000000000000000000 0.02743146978173278613
0.00000000000000000000 0.02744027851402344731
0.00000000000000000000 0.02753822345984474271
0.00000000000000000000 0.02754037832737006586
0.00000000000000000000 0.02758317361804841703
0.00000000000000000000 0.02759990871825537470
0.00000000000000000000 0.02761423471079450451
0.00000000000000000000 0.02811054111511785206
0.00000000000000000000 0.02813328960835481327
0.00000000000000000000 0.02829587939439488775
0.00000000000000000000 0.02838670480347389030
0.00000000000000000000 0.02860572927010945898
0.00000000000000000000 0.02867861445325379025
0.00000000000000000000 0.02869983599183753911
0.00000000000000000000 0.02871260680397692833
0.00000000000000000000 0.02882111416273713464
0.00000000000000000000 0.02889522552596253749
0.00000000000000000000 0.02892599168591865333
0.00000000000000000000 0.02901370336988611659
0.00000000000000000000 0.02947438804799772799
0.00000000000000000000 0.02976035844496101312
0.00000000000000000000 0.02976235126171953432
0.00000000000000000000 0.02988024999708692453
0.00000000000000000000 0.03029075322813173238
0.00000000000000000000 0.03036864773988521768
0.00000000000000000000 0.03040002708745978208
0.00000000000000000000 0.03052195942060671047
0.00000000000000000000 0.03053985429461294338
0.00000000000000000000 0.03064322257163515362
0.00000000000000000000 0.03096159402923806883
0.00000000000000000000 0.03111408781472916468
0.00000000000000000000 0.03115674879946950596
0.00000000000000000000 0.03173192648090295692
0.00000000000000000000 0.03228788233813474629
0.00000000000000000000 0.03233723915400001786
0.00000000000000000000 0.03240478116758419708
0.00000000000000000000 0.03241917921358068028
0.00000000000000000000 0.03242273091608674496
0.00000000000000000000 0.03245665147180568089
0.00000000000000000000 0.03262697391462344304
0.00000000000000000000 0.03274892505053202812
0.00000000000000000000 0.03281766740118315095
0.00000000000000000000 0.03285029065074294985
0.00000000000000000000 0.03287941385538793726
0.00000000000000000000 0.03289917376225515860
0.00000000000000000000 0.03300422942718888447
0.00000000000000000000 0.03319551829718976610
0.00000000000000000000 0.03329213630808575825
0.00000000000000000000 0.03344639358198109313
0.00000000000000000000 0.03368672132727575791
0.00000000000000000000 0.03393327054009157018
0.00000000000000000000 0.03421872619253142622
0.00000000000000000000 0.03437700856431787078
0.00000000000000000000 0.03459188620231254396
0.00000000000000000000 0.03462508202244467953
0.00000000000000000000 0.03465910483104765738
0.00000000000000000000 0.03500753310137175167
0.00000000000000000000 0.03510107383440943390
0.00000000000000000000 0.03521816661222219175
0.00000000000000000000 0.03584886969383914435
0.00000000000000000000 0.03585582884250231028
0.00000000000000000000 0.03632346890856653215
0.00000000000000000000 0.03647291694211834273
0.00000000000000000000 0.03651041959817050153
0.00000000000000000000 0.03710616814462738139
0.00000000000000000000 0.03734735875326191529
0.00000000000000000000 0.03738948990990169363
0.00000000000000000000 0.03765799340909738169
0.00000000000000000000 0.03781453248325444827
0.00000000000000000000 0.03790139088506282172
0.00000000000000000000 0.03818245820755422626
0.00000000000000000000 0.03830385798098806527
0.00000000000000000000 0.03864702668405779751
0.00000000000000000000 0.03883395986582735548
0.00000000000000000000 0.03897295034107053219
0.00000000000000000000 0.03997206021252849156
0.00000000000000000000 0.04033613499829268034
0.00000000000000000000 0.04088409761977447598
0.00000000000000000000 0.04097046869536438013
0.00000000000000000000 0.04138871070403691427
0.00000000000000000000 0.04164464891686325138
0.00000000000000000000 0.04214784752272895257
0.00000000000000000000 0.04387293976821374231
0.00000000000000000000 0.04441734607049374617
0.00000000000000000000 0.04468280239474566734
0.00000000000000000000 0.04518392128342496594
0.00000000000000000000 0.04546022482719785235
0.00000000000000000000 0.04696054729644449921
0.00000000000000000000 0.04882270559469292781
0.00000000000000000000 0.04897781906948860814
0.00000000000000000000 0.04932415578009900076
0.00000000000000000000 0.04948726926040767499
0.00000000000000000000 0.04994034398069385761
0.00000000000000000000 0.05130183886496493539
0.00000000000000000000 0.05164821976351084698
0.00000000000000000000 0.05179998386072652561
0.00000000000000000000 0.05230452965021425288
0.00000000000000000000 0.05235994758729758253
0.00000000000000000000 0.05369697317456806340
0.00000000000000000000 0.05594114913308916720
0.00000000000000000000 0.05611265833454823215
0.00000000000000000000 0.05747428237945018115
0.00000000000000000000 0.05844414390946168353
0.00000000000000000000 0.05867436090529463272
0.00000000000000000000 0.05897125136661331840
0.00000000000000000000 0.05916354356204343162
0.00000000000000000000 0.06033041577696107716
0.00000000000000000000 0.06099499836379038836
0.00000000000000000000 0.06196102255720336432
0.00000000000000000000 0.06252333816910278508
0.00000000000000000000 0.07126326626851130219
0.00000000000000000000 0.07648041967015101195
0.00000000000000000000 0.07935983420621348094
0.00000000000000000000 0.11359373492695866437
0.00000000000000000000 0.36187234804218670892
0.00000000000000000000 1.73205080756887719318
