0.01828140905395651480 0.01849740211604931905
0.01872983631234929197 0.02038929052386264165
0.01913786982454593333 0.02042982525522075987
0.01898406314975394429 0.02044761636926976933
0.01828299119069351150 0.02231599841687424701
0.02100329109714156942 0.02231599841687424701
0.02086097958330630428 0.02242749726515450709
0.02116501147958295762 0.02282301283948760806
0.01885521447814400217 0.02346145899989092801
0.02406222074850791065 0.02406548139509701034
0.02512625449355342100 0.02516827182621602516
0.02485514403294467739 0.02537296538838039114
0.02148617735981289689 0.02546264510205860018
0.02469662070510841856 0.02547663904439420243
0.02366864819501445644 0.02556386431476537560
0.01943451810750431580 0.02571813850265407264
0.02499746616697440943 0.02586988008727015773
0.02122597956920351317 0.02596954112704434603
0.01968296694577236633 0.02607397761216033102
0.02397276261117153168 0.02618138137744368404
0.02341617222636886361 0.02663510234722113110
0.02519791357028446435 0.02676605618395739433
0.02456621001222640543 0.02691640686702407442
0.02576648503813811636 0.02715626207522582602
0.02420063734345209716 0.02716727959154768834
0.02268370580975317616 0.02731289494255621786
0.02654287907997143064 0.02736740333200713554
0.02457640563282474655 0.02739512692844648517
0.02348522315918277412 0.02748358390525753800
0.02682002188295315101 0.02754502919826611745
0.01940294763197037559 0.02756057996601707707
0.02737229968990003218 0.02761295938234371167
0.02765410519042104179 0.02794436229786102441
0.02558759852223630241 0.02808531493867977985
0.02748605412711136592 0.02837767712509994822
0.02779026346409233308 0.02847436401883624707
0.02747705933733610162 0.02860105097950147932
0.02553987455710690635 0.02861399459683051580
0.02471990968365001332 0.02872017706929710229
0.02426822249445537497 0.02874878077288674921
0.02858559900519889660 0.02880927756136679452
0.02787943973065860198 0.02895061907757013470
0.02566908674209833832 0.02903878046923768011
0.02375942611719500039 0.02942010534857865053
0.02691073862431715702 0.02948665189873742737
0.02677886484340546991 0.02949666454143994379
0.02944560721103629819 0.02951794891201587126
0.02637304939689263591 0.02964569050591102026
0.02541802984392088974 0.02993889749988257881
0.02267382469916374640 0.03038104672739315101
0.02609150897524861040 0.03041767018837907358
0.02815501141069312596 0.03054207416828483984
0.02835867611438917107 0.03086996094244529379
0.02880132067356919179 0.03126950649741992716
0.03081529567659861690 0.03156588223136642252
0.02681442198118998491 0.03168173195637586509
0.02759229605721166823 0.03169448941270629899
0.02219253114811394270 0.03171891656711271767
0.03172826887947093749 0.03207204527587036169
0.02740201745635959321 0.03217806871081518166
0.02793531282402572299 0.03226020563022787696
0.03003538550652233227 0.03239196070940350558
0.02494617390288444980 0.03244017268016596151
0.02335678152524209295 0.03252913933074277203
0.02754598131938812769 0.03264672708570431209
0.03080928642571651582 0.03287563457025240166
0.03233158304252482101 0.03299857156723595697
0.02544560636519707306 0.03323144651843872033
0.02694139467830313633 0.03348461382966344546
0.03263132540081139371 0.03357877117746273926
0.02976784473649590410 0.03357943976915134243
0.03153073859309982185 0.03367899492130591727
0.02791463041115884586 0.03377520244206388966
0.02490944957827983391 0.03378736240356391279
0.02771652767510850851 0.03382020354447805993
0.02788966975314742872 0.03391855646734341645
0.03091586274503731191 0.03410003083057901174
0.03129345821265790140 0.03422903751693369412
0.02521727885602158964 0.03492783043270001470
0.03456270095508491569 0.03496329247590739681
0.02265650754443954834 0.03503002011141909816
0.03121799788676160245 0.03513680435680936048
0.02908140311904008901 0.03536144199285082973
0.03540131006268896346 0.03541807315905929482
0.03162444617585762063 0.03553342447197530701
0.03418501922357110312 0.03561436342281665973
0.02136523217043786310 0.03578572342064158252
0.03569105586371641714 0.03582202181196434548
0.02804286650003185583 0.03660913701540984000
0.03069420195791137257 0.03680789944662581775
0.03137018884719646600 0.03697871186594151038
0.03359283688895135789 0.03767629783795056753
0.03712964037718931992 0.03773563230653873002
0.02499697130162216452 0.03798383197051318633
0.03684689566085099649 0.03799608417963257906
0.03874850864376305076 0.03878293116666456375
0.03715497970894281188 0.03902681564490745325
0.03891807858443431523 0.03903811951722202522
0.03736429597090846350 0.03926546160640866090
0.03971039209611221948 0.03991861509665670105
0.03649653333577276143 0.03994782282532519102
0.03462554317685413025 0.04011630397973948992
0.03526215318873791166 0.04013411035544848376
0.03181773135318836238 0.04030646529411534285
0.03025364930784535736 0.04039770702613901254
0.03661030182610308659 0.04063467908308067422
0.03429572921861424872 0.04100977548794524502
0.04031957893420115568 0.04117936767866829662
0.03804363622896429070 0.04120993944247042240
0.02188033906578493865 0.04120993944247042240
0.03614863977404252082 0.04133623661988269221
0.02458113334553064730 0.04179766806601834667
0.03883110489579908592 0.04186714971625614401
0.03491163301479522502 0.04197813089412348597
0.04091344539998763297 0.04289259731196386899
0.02349961329695776299 0.04293021841745973260
0.04258314232847285052 0.04303762800166217872
0.03301200824539292367 0.04308436678606211712
0.04035267945863895561 0.04347310056863010197
0.03917770268398322597 0.04351693266112566932
0.03918390250110978523 0.04428745787162459424
0.04068559107476365372 0.04461345555549206532
0.04202273014561699188 0.04467903970622835730
0.03469651464439069133 0.04487553088280953062
0.03614631750550624523 0.04511542369268630587
0.03543702240274603649 0.04528901137462771481
0.03684133429134443805 0.04530015470525546734
0.03878723465877226967 0.04567771101602649542
0.03677240324166210217 0.04611091153266179410
0.03390489428119044385 0.04612466748395984556
0.03784735327501310975 0.04625176653711129959
0.03797501879482708537 0.04644592314088967500
0.04369104964151179077 0.04701464641062184924
0.03996345991234045297 0.04708837325874285634
0.03515237434534724398 0.04711889956764599846
0.03470892509127015274 0.04714759118278315925
0.04591449960728688495 0.04776272861262072233
0.04808287111018853116 0.05017086502080671945
0.03518133807158127513 0.05019525574898490300
0.03498898653915955698 0.05022943703573178043
0.04913182643718280729 0.05059485458223927923
0.03587927348860203008 0.05083518470585278448
0.04283115847485793881 0.05107400747506086330
0.03873644070325694966 0.05154060460162740442
0.04960610340542487284 0.05160053368474786656
0.04313228214067030969 0.05227997420971623732
0.04700251642640432270 0.05255866864917036613
0.04458540034604351748 0.05349235110448959107
0.05264562414292914966 0.05359946172337446552
0.05208630881609630642 0.05458471813874607448
0.05407464914590888461 0.05461895516987711613
0.04344044267527067543 0.05502794031914216843
0.03509945690202124352 0.05508753209982154841
0.05297335361212879984 0.05589726955630564681
0.05595084485003715830 0.05682956875530816715
0.04724057920375426128 0.05856125225010756080
0.04426728732617438850 0.05886177970013746485
0.04729406889713903134 0.06105492068033521041
0.06002662449391023974 0.06187467351471040433
0.05453288619200958448 0.06222226453259382256
0.05029281097305071668 0.06329041162723814118
0.05731215758592291681 0.06332993651783068445
0.06117413831472100216 0.06688679758032023415
0.05710914397158204509 0.06800075443956332677
0.06140158047009303816 0.06804963307535399908
0.06885126203145432167 0.07136782267593358431
0.05866845047385633310 0.07341851156422890545
0.07273431908096618381 0.07370977987448953939
0.08642093842796186309 0.09354962915154535485
0.06233296456758193049 0.09388471513476832897
0.09096936098291176498 0.09500737730126355973
0.89604674988765964372 0.89803382452864355390
