0.07746004437162146150 0.08633848518261764970
0.09079803929829870224 0.09778464366954373044
0.09827842735011252384 0.09897347367356555681
0.09485137687023112441 0.09974629218266613251
0.09762359118063600183 0.10070072819733646985
0.09555252186815087201 0.10123337118881733931
0.09721781229576417771 0.10404103380661494649
0.10287410057155706167 0.10826162515667893393
0.09275232149111091451 0.11035579313117384326
0.11013281981252184827 0.11064165151437750645
0.09785344536820683725 0.11085153853196375029
0.11549572004130650993 0.11568340187690380472
0.11375245914313709961 0.11619388224312530988
0.11169977903677280606 0.11623694541028108118
0.11488914934778005073 0.11653284867261705371
0.11519122075337197286 0.11654514173666978560
0.10420346517742032355 0.11949104192319195961
0.11547821823235424055 0.11964490742498462561
0.10493673072815369596 0.12022634089649292255
0.11239727121882731042 0.12107262854019686105
0.12044896337245496187 0.12136327221284316791
0.11734078375866609234 0.12142041090159294559
0.10661735831570910704 0.12327944068335087990
0.11859738722570185854 0.12827622304716537749
0.12436455185477016117 0.12832601272484359112
0.12438154595443863537 0.13008809177580127336
0.12560587148152052572 0.13085591825962958334
0.12772280303427596682 0.13097888825011033687
0.11429360184831824365 0.13097888825011033687
0.11705038007941453992 0.13197846214748784610
0.11324523722080444277 0.13202117045201133827
0.12936129455749009742 0.13232879094135277520
0.12316652523224068394 0.13298438958375485841
0.10682461637122218912 0.13360687590898542854
0.12206298307177369800 0.13381829148990131984
0.11223921379917092822 0.13425168664392972406
0.12867484786880933889 0.13457269376791516913
0.12349273618036965550 0.13460509220722097212
0.11056424428740038723 0.13469178731680092609
0.10226588421418036923 0.13530412746553452386
0.10007125518009006571 0.13549061091559733150
0.13339184635119216704 0.13555137703437622476
0.11382951832413049087 0.13556690709873578382
0.12963714798479633594 0.13557017600745205343
0.12419204886159571077 0.13558176610096558945
0.11265647636448559987 0.13587409357268975807
0.13348833262631679131 0.13822557936414156532
0.11593395194578663687 0.13926267889711899106
0.11872700043880063392 0.14051574148563408806
0.14001088468012592991 0.14153156978745107253
0.13270432337877022255 0.14153920523356069983
0.13482747794396163221 0.14225259288112082623
0.14103222743847787513 0.14246547648428981026
0.13432910854642171605 0.14356765451135675149
0.13419187141549840381 0.14376451102715806507
0.13767213271307907063 0.14396906458816405294
0.12881683840105143113 0.14475869859145537588
0.14028428031139564269 0.14491454166791434277
0.10876466693210733172 0.14493684685364327525
0.13267852658774026420 0.14565598150158615143
0.14236595278885091909 0.14643456642998545214
0.12704710857637768751 0.14664316518234266074
0.11570888324122678703 0.14677794880947475642
0.13841514123185807983 0.14680372768374988501
0.14436048129421066855 0.14686740570715051124
0.10661368802059204008 0.14757175511031467297
0.14110649768054073228 0.14766875859488984291
0.13785894522230041082 0.14883738283848388373
0.14064715998283669474 0.14891064128524758581
0.14086700089663944935 0.14897146179245870923
0.15088125114048264730 0.15166557148943929367
0.13823576215784735832 0.15216487735789160918
0.14297198417835893514 0.15286315287115381789
0.14983261903228206613 0.15305950178342028756
0.13895195101737697896 0.15324977539133691207
0.15063440223199209278 0.15336764877073463809
0.14618511384720814239 0.15373368612898782870
0.15034617131447058913 0.15407060894837118492
0.15072093062128524843 0.15431439028860205465
0.13985952218257083346 0.15464295271233427509
0.12108081009983669152 0.15484366071020758127
0.14878446354215449365 0.15486081870598111809
0.13136078198861411703 0.15570771904261959673
0.12398062341699227218 0.15728337070697559485
0.14056790524756457295 0.15733355940247761851
0.12780587579854782443 0.15738623661714412627
0.10760144784073628899 0.15768157902586615871
0.14254344698897591925 0.15775433375941788627
0.15125979063001498970 0.15820732986978947032
0.15381771157110685211 0.15851278233163471065
0.11522074941517619628 0.15935393635505579191
0.14830061233443303514 0.16036248296407251690
0.13515771064884068986 0.16102142967410926211
0.12832984557060275743 0.16130927935966096753
0.13283152358528715897 0.16196224868545788800
0.13410792186807224402 0.16259795780398370035
0.13369119519629896198 0.16295710605560423390
0.14597467782578377182 0.16333752637235784966
0.14891862915466988482 0.16399586584205483319
0.14970540701638507253 0.16432040640281900257
0.16074925696595676605 0.16576440477444506771
0.13916341491200778790 0.16622698580568853743
0.15348606368226561103 0.16757105462558830045
0.13489794746402167247 0.16789657698035137523
0.16856876857958530413 0.16857305429653393625
0.15890753459451747998 0.16919837224658024200
0.15002756012499923743 0.16962880870256136223
0.14600723193217743368 0.16977466531228443958
0.15996824863557956853 0.17008700012837990601
0.16193643207857200128 0.17055145996771289840
0.16580191694829471416 0.17055975826717900690
0.13531331315669195559 0.17211944985723881540
0.15707556937541145015 0.17249000374884426723
0.13020470146355742069 0.17252556021441128875
0.16449779862342037151 0.17376256611248577788
0.15011926058003635664 0.17381941401638897893
0.15597488612861626356 0.17456953914009609719
0.17474656213924763537 0.17608050897075147589
0.14736464804808729889 0.17625254864456754711
0.14451402954539779855 0.17657386750827200328
0.17107962270136092831 0.17667585264401844403
0.14758627612712565957 0.17691197344592682339
0.12369878062013282827 0.17744896965667350530
0.17496546021803868753 0.17827402718047091756
0.13629531593229116115 0.17847037441578234018
0.17637089765084859594 0.17893306050263499407
0.16660236482083995435 0.18282795765485923556
0.12925698955326492268 0.18328744058825560681
0.17968538324178182086 0.18375643963865839758
0.16116747853114854472 0.18508830436088988258
0.15823891921586874521 0.18517929116265244294
0.15319825853959878614 0.18524298935433955449
0.15726533760799990547 0.18545653380772109120
0.13108832220932772894 0.18549764568228674366
0.14102191551202439279 0.18571230818154163544
0.16902038110102274304 0.18605623108853575065
0.16824779188716976197 0.18712784266850376880
0.16174393402578926549 0.18724519994043081761
0.17217676156245539931 0.18732186029773875702
0.17201722189243315309 0.18773696140122717035
0.17644634027930630737 0.18928014251364663756
0.12069501612494691611 0.18928606833402841780
0.14243624387046310842 0.18943536859463375177
0.14304770825543874913 0.18958887490550471733
0.15588593375328863022 0.19003138663161001087
0.13126919933051559020 0.19063988041416149444
0.18897301667926397206 0.19064224365705942366
0.16390219310545356413 0.19075178559099678632
0.18056632375641501476 0.19079805336945990235
0.16898898579912921547 0.19091263553836984590
0.13019751374126006804 0.19139661135986149598
0.19194464139449715634 0.19215275206572954292
0.18378627632514465962 0.19302625080169230620
0.18130479719911965497 0.19315770752036084956
0.16338017979039848315 0.19344658620034568819
0.18203929045895592131 0.19366117185911130294
0.17537396957884579529 0.19373274631316411698
0.16996942653223623410 0.19419370695972254515
0.18612177862396614425 0.19489619550284909000
0.14948981704939051651 0.19505806591262225824
0.15902817641945332650 0.19529421704819918681
0.17091530618437572597 0.19592562277892305866
0.15681915449095804038 0.19736516255428748767
0.18496793923883972366 0.19790918995598918984
0.18913835420034039170 0.19809313656706051265
0.18595864807922879436 0.19831896783798821926
0.19758239516261527635 0.19854714578455107121
0.19789431933923010143 0.19861279359950939627
0.13379767962614638743 0.19937662395864577669
0.14770787363188714325 0.19979855765689877312
0.16836160240385206199 0.20125646214208392504
0.16994941973166846627 0.20139263640584725845
0.17845593284788405231 0.20193096908733412786
0.16274977327688258666 0.20227490131590067368
0.16424435953880775485 0.20334685385515618994
0.19435465908417834391 0.20349817268353523336
0.15533496635877572234 0.20414087363224953098
0.16056870804555994914 0.20459990707694447609
0.15782988836589692538 0.20472418724860250161
0.14947565961948011681 0.20507672150344538609
0.19638956206556862361 0.20523558006316600100
0.12389279358920504692 0.20595030204816727748
0.17458538473909457345 0.20605700698324186382
0.16887950432825801772 0.20628083739413663467
0.16639542226776371514 0.20715955143990563703
0.19849325748863300145 0.20763088213944427829
0.16992889275437639274 0.20814719528574526786
0.15338059389875000060 0.20875116900433179912
0.15109769501019101878 0.20893583414487090777
0.17299664628535404987 0.21531204344339718859
0.14683834984707000437 0.21539492810431790093
0.16923017686266755844 0.21724873878010522721
0.19377035937051256820 0.21873919014963957852
0.21500559890484857717 0.22018573493221679782
0.16180724666409843082 0.22264748623663038751
0.13215807746218416474 0.22326959593604198129
0.21726174979455176173 0.22483134921479819290
0.19272593925483319510 0.22699285338475835849
0.13668724661427875122 0.23020991725018305485
0.18061641353295138090 0.23037063206032479257
0.19246843962240661741 0.23164166409615172260
0.19751704106114598147 0.23164166409615172260
0.13837959939294858236 0.23609952014895793648
0.19443654631301435232 0.23723304517686541470
0.13210646427972591588 0.23735911292797712280
0.12072879691811633229 0.24339160689103547797
0.21104673259116599193 0.24817975526383931340
0.24659926404759499596 0.24984926688754111046
0.21787535866160415154 0.25003937055611730189
0.25120774798988110277 0.26653310045099548597
0.25232954159190373877 0.28106489788901145577
0.23343182052976502172 0.28181065012673234271
0.30228666923765024066 0.33928755334410964917
