0.00000000000000000000 0.00775923248193953301
0.00000000000000000000 0.01082134142501618886
0.00000000000000000000 0.01421452650077965549
0.00000000000000000000 0.01853562907611916791
0.00000000000000000000 0.01860443595044848283
0.00000000000000000000 0.02079552005128220554
0.00000000000000000000 0.02166768168190229965
0.00000000000000000000 0.02317804955997324751
0.00000000000000000000 0.02460570208430392855
0.00000000000000000000 0.02512551495591899137
0.00000000000000000000 0.02534613301746146963
0.00000000000000000000 0.02614015995853865085
0.00000000000000000000 0.02664287254574430885
0.00000000000000000000 0.02674841067751235549
0.00000000000000000000 0.02926409289035080546
0.00000000000000000000 0.03212092635532114854
0.00000000000000000000 0.03287376241554977596
0.00000000000000000000 0.03296754927949125530
0.00000000000000000000 0.03381785360970684939
0.00000000000000000000 0.03460672098879100100
0.00000000000000000000 0.03496929455679602394
0.00000000000000000000 0.03499156941478073074
0.00000000000000000000 0.03562267964922467833
0.00000000000000000000 0.03574264900133729966
0.00000000000000000000 0.03630234828879201625
0.00000000000000000000 0.03715212798505587027
0.00000000000000000000 0.03738525319873218372
0.00000000000000000000 0.03778714916443543653
0.00000000000000000000 0.03896627541256037636
0.00000000000000000000 0.03918147295376073896
0.00000000000000000000 0.03945116673207073321
0.00000000000000000000 0.04062434658873113197
0.00000000000000000000 0.04080414825534116330
0.00000000000000000000 0.04116914099817105266
0.00000000000000000000 0.04203830517878746897
0.00000000000000000000 0.04229246992060421012
0.00000000000000000000 0.04230910021043536584
0.00000000000000000000 0.04329902599861913670
0.00000000000000000000 0.04337536032092428190
0.00000000000000000000 0.04359649118245378929
0.00000000000000000000 0.04440763934915042954
0.00000000000000000000 0.04482188105637296971
0.00000000000000000000 0.04569192418142318385
0.00000000000000000000 0.04576961263199837149
0.00000000000000000000 0.04671186880610320169
0.00000000000000000000 0.04685554906205396247
0.00000000000000000000 0.04695716954249216923
0.00000000000000000000 0.04752492844581244352
0.00000000000000000000 0.04760370561794176336
0.00000000000000000000 0.04842016180659995672
0.00000000000000000000 0.04880395982482762379
0.00000000000000000000 0.04883236230344920048
0.00000000000000000000 0.04893197965052454440
0.00000000000000000000 0.04955744518326403447
0.00000000000000000000 0.04964976712153785360
0.00000000000000000000 0.05006780906825777921
0.00000000000000000000 0.05048370173873772265
0.00000000000000000000 0.05055638245228773892
0.00000000000000000000 0.05109196179817477451
0.00000000000000000000 0.05162640929353388280
0.00000000000000000000 0.05196542973974875579
0.00000000000000000000 0.05216518781029993307
0.00000000000000000000 0.05236116666002735981
0.00000000000000000000 0.05257955934954607058
0.00000000000000000000 0.05284625007577256617
0.00000000000000000000 0.05327822140240157794
0.00000000000000000000 0.05356455107775560248
0.00000000000000000000 0.05380221594277944525
0.00000000000000000000 0.05492564195268549027
0.00000000000000000000 0.05501058701914787741
0.00000000000000000000 0.05526540808896466400
0.00000000000000000000 0.05551963451538455274
0.00000000000000000000 0.05570970297635618323
0.00000000000000000000 0.05646198301707704148
0.00000000000000000000 0.05657746214842292176
0.00000000000000000000 0.05658513481209812013
0.00000000000000000000 0.05660574284218213015
0.00000000000000000000 0.05686880311658858850
0.00000000000000000000 0.05690014136182915822
0.00000000000000000000 0.05715905662022708472
0.00000000000000000000 0.05813494009870222995
0.00000000000000000000 0.05854829381095821156
0.00000000000000000000 0.05855058378417504067
0.00000000000000000000 0.05865561998176443970
0.00000000000000000000 0.05885627622918988139
0.00000000000000000000 0.05931346763063904959
0.00000000000000000000 0.05936193305620003635
0.00000000000000000000 0.05954758430473243436
0.00000000000000000000 0.05975960836712859714
0.00000000000000000000 0.05990718447861531626
0.00000000000000000000 0.05996146289839000137
0.00000000000000000000 0.05999164449138020411
0.00000000000000000000 0.05999180667378242043
0.00000000000000000000 0.06042226811210354986
0.00000000000000000000 0.06060702354937683167
0.00000000000000000000 0.06067560446698610360
0.00000000000000000000 0.06074295809690424819
0.00000000000000000000 0.06098194481680619533
0.00000000000000000000 0.06101821915785486661
0.00000000000000000000 0.06120173132720799908
0.00000000000000000000 0.06153893925212437777
0.00000000000000000000 0.06197687323699369033
0.00000000000000000000 0.06220400600614582609
0.00000000000000000000 0.06278667450203552491
0.00000000000000000000 0.06321232621185067513
0.00000000000000000000 0.06338930138344928134
0.00000000000000000000 0.06345781519032510365
0.00000000000000000000 0.06375162108980488018
0.00000000000000000000 0.06377143566468848612
0.00000000000000000000 0.06407223257813936257
0.00000000000000000000 0.06424020822935262720
0.00000000000000000000 0.06439340366616114197
0.00000000000000000000 0.06439737725751662478
0.00000000000000000000 0.06441585871516986028
0.00000000000000000000 0.06443008099353376983
0.00000000000000000000 0.06452394482887335858
0.00000000000000000000 0.06453017207085018359
0.00000000000000000000 0.06523581974422164309
0.00000000000000000000 0.06527303429323307038
0.00000000000000000000 0.06584890437753419812
0.00000000000000000000 0.06595035710542185292
0.00000000000000000000 0.06606851300872237931
0.00000000000000000000 0.06616892537611927805
0.00000000000000000000 0.06628735730513979352
0.00000000000000000000 0.06634971729509998861
0.00000000000000000000 0.06636490151765639389
0.00000000000000000000 0.06638784331831307228
0.00000000000000000000 0.06640783909751135639
0.00000000000000000000 0.06650694611826653280
0.00000000000000000000 0.06705918435183920445
0.00000000000000000000 0.06706113285990442097
0.00000000000000000000 0.06736211123333209205
0.00000000000000000000 0.06742335702027564548
0.00000000000000000000 0.06776757941998731716
0.00000000000000000000 0.06845396389245536617
0.00000000000000000000 0.06846610479288267603
0.00000000000000000000 0.06878533088334010115
0.00000000000000000000 0.06887732402776743090
0.00000000000000000000 0.06889773055944838076
0.00000000000000000000 0.06923219650279888171
0.00000000000000000000 0.06933601507936255903
0.00000000000000000000 0.06994991945291235969
0.00000000000000000000 0.06996520849655518681
0.00000000000000000000 0.06998742942308303072
0.00000000000000000000 0.07030624253691659942
0.00000000000000000000 0.07065820370380904158
0.00000000000000000000 0.07069833494609804869
0.00000000000000000000 0.07072020800971060006
0.00000000000000000000 0.07093740281264811209
0.00000000000000000000 0.07096489809608691468
0.00000000000000000000 0.07108448478108736479
0.00000000000000000000 0.07127921020107555461
0.00000000000000000000 0.07137874193416106350
0.00000000000000000000 0.07148466900954777992
0.00000000000000000000 0.07172982507895213355
0.00000000000000000000 0.07199608970093315796
0.00000000000000000000 0.07239612443018066112
0.00000000000000000000 0.07243487599950555744
0.00000000000000000000 0.07244807873397829390
0.00000000000000000000 0.07245928087569390719
0.00000000000000000000 0.07281767161811891764
0.00000000000000000000 0.07299644802555661782
0.00000000000000000000 0.07306727009880592538
0.00000000000000000000 0.07318041629110821900
0.00000000000000000000 0.07338937807748392717
0.00000000000000000000 0.07376536194673770364
0.00000000000000000000 0.07392669160376168225
0.00000000000000000000 0.07402184424675031793
0.00000000000000000000 0.07407975337729268139
0.00000000000000000000 0.07410493050656885572
0.00000000000000000000 0.07461480965719410885
0.00000000000000000000 0.07461633913798894346
0.00000000000000000000 0.07478895013652170354
0.00000000000000000000 0.07499057121505042778
0.00000000000000000000 0.07500301455849672783
0.00000000000000000000 0.07510742495318446788
0.00000000000000000000 0.07520582896442308540
0.00000000000000000000 0.07528093009186491436
0.00000000000000000000 0.07579727024139513991
0.00000000000000000000 0.07611458531309518716
0.00000000000000000000 0.07621689854392418861
0.00000000000000000000 0.07659480308094751555
0.00000000000000000000 0.07660701684503125330
0.00000000000000000000 0.07663069330012302338
0.00000000000000000000 0.07676116549144859635
0.00000000000000000000 0.07815915626904000602
0.00000000000000000000 0.07872001661775056280
0.00000000000000000000 0.07881232087642101036
0.00000000000000000000 0.07893926395533118479
0.00000000000000000000 0.07923943294261687198
0.00000000000000000000 0.07933143967489969528
0.00000000000000000000 0.07950840141132418937
0.00000000000000000000 0.07960845926769655190
0.00000000000000000000 0.07972067931820064901
0.00000000000000000000 0.07980500373566294658
0.00000000000000000000 0.07989230290846274785
0.00000000000000000000 0.08001105023920117298
0.00000000000000000000 0.08010518551968810741
0.00000000000000000000 0.08019208520137785512
0.00000000000000000000 0.08019706844086729736
0.00000000000000000000 0.08032575579313817882
0.00000000000000000000 0.08047513262942715406
0.00000000000000000000 0.08049918455757239244
0.00000000000000000000 0.08088489121012927552
0.00000000000000000000 0.08115224500412890341
0.00000000000000000000 0.08116159175089068811
0.00000000000000000000 0.08120739458832745838
0.00000000000000000000 0.08197251145120625082
0.00000000000000000000 0.08200116471465934698
0.00000000000000000000 0.08241269452406878304
0.00000000000000000000 0.08259518980155777790
0.00000000000000000000 0.08279646784681442273
0.00000000000000000000 0.08279949212059235786
0.00000000000000000000 0.08309901925605436834
0.00000000000000000000 0.08325639713685556442
0.00000000000000000000 0.08333159783333138337
0.00000000000000000000 0.08401123822817803399
0.00000000000000000000 0.08409045936286786704
0.00000000000000000000 0.08417340354861158058
0.00000000000000000000 0.08426134966356915723
0.00000000000000000000 0.08458413232040154495
0.00000000000000000000 0.08464631452020750235
0.00000000000000000000 0.08472951534838202292
0.00000000000000000000 0.08510117366853961474
0.00000000000000000000 0.08526890954853079407
0.00000000000000000000 0.08570694109992611776
0.00000000000000000000 0.08571558019458504207
0.00000000000000000000 0.08583212611362656119
0.00000000000000000000 0.08605918823175034982
0.00000000000000000000 0.08617075580091083931
0.00000000000000000000 0.08671853327951986601
0.00000000000000000000 0.08689350315083105292
0.00000000000000000000 0.08740912752014880216
0.00000000000000000000 0.08741370480284679778
0.00000000000000000000 0.08767838888283410737
0.00000000000000000000 0.08769614391802989239
0.00000000000000000000 0.08789475025881972325
0.00000000000000000000 0.08795443335727566592
0.00000000000000000000 0.08828100812247750839
0.00000000000000000000 0.08844399698868556092
0.00000000000000000000 0.08846152269506819821
0.00000000000000000000 0.08881866525019305181
0.00000000000000000000 0.08911535737355597009
0.00000000000000000000 0.08946963945783410754
0.00000000000000000000 0.08952480721300450084
0.00000000000000000000 0.08966916630817789446
0.00000000000000000000 0.08967382254506583994
0.00000000000000000000 0.09004085987647171552
0.00000000000000000000 0.09025611202845865155
0.00000000000000000000 0.09051991761915895163
0.00000000000000000000 0.09052644798397435633
0.00000000000000000000 0.09057240196122962050
0.00000000000000000000 0.09058130395008691382
0.00000000000000000000 0.09075212092538074982
0.00000000000000000000 0.09076021538833453639
0.00000000000000000000 0.09082789787561532102
0.00000000000000000000 0.09113084224697493019
0.00000000000000000000 0.09130154376539124927
0.00000000000000000000 0.09133688501623481171
0.00000000000000000000 0.09134322907980153838
0.00000000000000000000 0.09155336795935704874
0.00000000000000000000 0.09164457425442526506
0.00000000000000000000 0.09170944159973098975
0.00000000000000000000 0.09182497133638002629
0.00000000000000000000 0.09206137382742295150
0.00000000000000000000 0.09214416419878454501
0.00000000000000000000 0.09215324884737596811
0.00000000000000000000 0.09250012000715171490
0.00000000000000000000 0.09291920983521112509
0.00000000000000000000 0.09292970721550336544
0.00000000000000000000 0.09323658734088059730
0.00000000000000000000 0.09326135669697144248
0.00000000000000000000 0.09330725270801173976
0.00000000000000000000 0.09332075661116837062
0.00000000000000000000 0.09338341703836636198
0.00000000000000000000 0.09354963742176670982
0.00000000000000000000 0.09355515951496091998
0.00000000000000000000 0.09369945608206202425
0.00000000000000000000 0.09377372161687178020
0.00000000000000000000 0.09382253948359874085
0.00000000000000000000 0.09415601955812009927
0.00000000000000000000 0.09461501428484918319
0.00000000000000000000 0.09465231779048180472
0.00000000000000000000 0.09488584441126386715
0.00000000000000000000 0.09505191091118669888
0.00000000000000000000 0.09531956497872094702
0.00000000000000000000 0.09533623501978630288
0.00000000000000000000 0.09543980989914245538
0.00000000000000000000 0.09572085677821558225
0.00000000000000000000 0.09592924381224866848
0.00000000000000000000 0.09631361750703976154
0.00000000000000000000 0.09639108714509196651
0.00000000000000000000 0.09647653192883630380
0.00000000000000000000 0.09647715671306764107
0.00000000000000000000 0.09649819498615631874
0.00000000000000000000 0.09671035935543502438
0.00000000000000000000 0.09679939141486730569
0.00000000000000000000 0.09692399233923007507
0.00000000000000000000 0.09707077623985363446
0.00000000000000000000 0.09729506306970098217
0.00000000000000000000 0.09744430894747864447
0.00000000000000000000 0.09770314389995568560
0.00000000000000000000 0.09775141648435056729
0.00000000000000000000 0.09785379484067174838
0.00000000000000000000 0.09809423281178356047
0.00000000000000000000 0.09812954898622963662
0.00000000000000000000 0.09814808337151435802
0.00000000000000000000 0.09822221107374951021
0.00000000000000000000 0.09839303365554603886
0.00000000000000000000 0.09848592135587735941
0.00000000000000000000 0.09880709552949333563
0.00000000000000000000 0.09881752398194695863
0.00000000000000000000 0.09887101666336434169
0.00000000000000000000 0.09897094666364819604
0.00000000000000000000 0.09901498553190379859
0.00000000000000000000 0.09901914122179632238
0.00000000000000000000 0.09926552189180454233
0.00000000000000000000 0.09935228579918395364
0.00000000000000000000 0.09947010595706898273
0.00000000000000000000 0.09955092063678325220
0.00000000000000000000 0.10075418191359115927
0.00000000000000000000 0.10100760574173033024
0.00000000000000000000 0.10128965198589923169
0.00000000000000000000 0.10131380647793220007
0.00000000000000000000 0.10166888977002670746
0.00000000000000000000 0.10177516309879873491
0.00000000000000000000 0.10177593134661230834
0.00000000000000000000 0.10180504502972474723
0.00000000000000000000 0.10201583919177199811
0.00000000000000000000 0.10220363268235577170
0.00000000000000000000 0.10233520766247483635
0.00000000000000000000 0.10277835095450398029
0.00000000000000000000 0.10293102082662303198
0.00000000000000000000 0.10307172863707710075
0.00000000000000000000 0.10310344877459988455
0.00000000000000000000 0.10315044829494743328
0.00000000000000000000 0.10365102668166339961
0.00000000000000000000 0.10368580178303174466
0.00000000000000000000 0.10379440902720106499
0.00000000000000000000 0.10424964175294890167
0.00000000000000000000 0.10428607500443796974
0.00000000000000000000 0.10452639129878944779
0.00000000000000000000 0.10471322262958653038
0.00000000000000000000 0.10497986475009669916
0.00000000000000000000 0.10506860551485737443
0.00000000000000000000 0.10514855133457219616
0.00000000000000000000 0.10520247255141440546
0.00000000000000000000 0.10533603890363846256
0.00000000000000000000 0.10556917089653290731
0.00000000000000000000 0.10559448451624282861
0.00000000000000000000 0.10560238517531174429
0.00000000000000000000 0.10569811005683971139
0.00000000000000000000 0.10607008352507098226
0.00000000000000000000 0.10608032808356090970
0.00000000000000000000 0.10624996744837662821
0.00000000000000000000 0.10646329378511679153
0.00000000000000000000 0.10702041765954728447
0.00000000000000000000 0.10703594111038503001
0.00000000000000000000 0.10719999491756819487
0.00000000000000000000 0.10737901917727221690
0.00000000000000000000 0.10745279246307910814
0.00000000000000000000 0.10752873389911578317
0.00000000000000000000 0.10754282328963545023
0.00000000000000000000 0.10754926958240550172
0.00000000000000000000 0.10769623138104318649
0.00000000000000000000 0.10803949945528008858
0.00000000000000000000 0.10814203732191846052
0.00000000000000000000 0.10825903323194419059
0.00000000000000000000 0.10831391205328351479
0.00000000000000000000 0.10832216188769358545
0.00000000000000000000 0.10861141724325695801
0.00000000000000000000 0.10881930437301617909
0.00000000000000000000 0.10889288628001543568
0.00000000000000000000 0.10890450571095190713
0.00000000000000000000 0.10912061638514393425
0.00000000000000000000 0.10918598714790478388
0.00000000000000000000 0.10947096705192943533
0.00000000000000000000 0.10953619472503751953
0.00000000000000000000 0.10987340744870015274
0.00000000000000000000 0.10996387217919532941
0.00000000000000000000 0.10996691328199462157
0.00000000000000000000 0.11022869037480644006
0.00000000000000000000 0.11056749631353425534
0.00000000000000000000 0.11064172988666259867
0.00000000000000000000 0.11065311198626413824
0.00000000000000000000 0.11077215371975675240
0.00000000000000000000 0.11080501955142059434
0.00000000000000000000 0.11131651719464473460
0.00000000000000000000 0.11191941386891772481
0.00000000000000000000 0.11210155105239240358
0.00000000000000000000 0.11292060872674263006
0.00000000000000000000 0.11308401207847537662
0.00000000000000000000 0.11321050915046894370
0.00000000000000000000 0.11323756797948748842
0.00000000000000000000 0.11346197052313618248
0.00000000000000000000 0.11409216350488743386
0.00000000000000000000 0.11473802151014701745
0.00000000000000000000 0.11477455817516042658
0.00000000000000000000 0.11522839445265502245
0.00000000000000000000 0.11541446113519719663
0.00000000000000000000 0.11549094171721727142
0.00000000000000000000 0.11594209366250303461
0.00000000000000000000 0.11623497286750944513
0.00000000000000000000 0.11648443450158797730
0.00000000000000000000 0.11648800436022312133
0.00000000000000000000 0.11656460916607065681
0.00000000000000000000 0.11689795278829398506
0.00000000000000000000 0.11721070498915193980
0.00000000000000000000 0.11738343135509053672
0.00000000000000000000 0.11763709155774602910
0.00000000000000000000 0.11822518115967883823
0.00000000000000000000 0.11845341228537956124
0.00000000000000000000 0.11849550028828564896
0.00000000000000000000 0.11872523255447488266
0.00000000000000000000 0.11883332462658706408
0.00000000000000000000 0.11900590030738268654
0.00000000000000000000 0.11920163425032827276
0.00000000000000000000 0.11942309251001717585
0.00000000000000000000 0.11968755614017975719
0.00000000000000000000 0.12056350203788560038
0.00000000000000000000 0.12071443765808781423
0.00000000000000000000 0.12113772747481664493
0.00000000000000000000 0.12140649870631432805
0.00000000000000000000 0.12181543078010738379
0.00000000000000000000 0.12233531569769628966
0.00000000000000000000 0.12246551434011779258
0.00000000000000000000 0.12300796562236337994
0.00000000000000000000 0.12311655678865363051
0.00000000000000000000 0.12314139427176049035
0.00000000000000000000 0.12329172814807888570
0.00000000000000000000 0.12338684308866702810
0.00000000000000000000 0.12348766389763553286
0.00000000000000000000 0.12393617006460683205
0.00000000000000000000 0.12420626333783298112
0.00000000000000000000 0.12446116521363485841
0.00000000000000000000 0.12475738823437847180
0.00000000000000000000 0.12481968496551006098
0.00000000000000000000 0.12594195568596014412
0.00000000000000000000 0.12602136908283742556
0.00000000000000000000 0.12616191058127271263
0.00000000000000000000 0.12626002825284712849
0.00000000000000000000 0.12644128846712449077
0.00000000000000000000 0.12654597458093122531
0.00000000000000000000 0.12663722427942156190
0.00000000000000000000 0.12677048436455590208
0.00000000000000000000 0.12682167636248908860
0.00000000000000000000 0.12682870122096689958
0.00000000000000000000 0.12731973976418678451
0.00000000000000000000 0.12772267388771732510
0.00000000000000000000 0.12815697077122670255
0.00000000000000000000 0.12915808312629317722
0.00000000000000000000 0.12945907050619698264
0.00000000000000000000 0.12955848111192180827
0.00000000000000000000 0.12966833903861904598
0.00000000000000000000 0.12985438731357251685
0.00000000000000000000 0.13077154392228046431
0.00000000000000000000 0.13114004170008305983
0.00000000000000000000 0.13148906951202268822
0.00000000000000000000 0.13309275603565762225
0.00000000000000000000 0.13309831819948103604
0.00000000000000000000 0.13317618883870174784
0.00000000000000000000 0.13572712996007291197
0.00000000000000000000 0.13589115721208225307
0.00000000000000000000 0.13856205668753043825
0.00000000000000000000 0.13976114145984044890
0.00000000000000000000 0.14039000780623256404
0.00000000000000000000 0.14184606691328024985
0.00000000000000000000 0.14237382143663096512
0.00000000000000000000 0.14313106000680397845
0.00000000000000000000 0.14315524199245294179
0.00000000000000000000 0.14323404379597060032
0.00000000000000000000 0.14337332506644639984
0.00000000000000000000 0.14353561019656826958
0.00000000000000000000 0.14356162005265948878
0.00000000000000000000 0.14537643084847834407
0.00000000000000000000 0.14582492908987310098
0.00000000000000000000 0.14634843475158845760
0.00000000000000000000 0.15167101061770460468
0.00000000000000000000 0.15270202829159212898
0.00000000000000000000 0.15557095715003205205
0.00000000000000000000 0.15615461915655962089
0.00000000000000000000 0.15756007146278022679
0.00000000000000000000 0.15857317988951524779
0.00000000000000000000 0.15895199291755449100
0.00000000000000000000 0.16052954361006918638
0.00000000000000000000 0.16494802047996068306
0.00000000000000000000 0.16567839257884273141
0.00000000000000000000 0.16589047380500429596
0.00000000000000000000 0.16836844871150602465
0.00000000000000000000 0.17258759867216691419
0.00000000000000000000 0.17436827997717832539
0.00000000000000000000 0.17636202641712761530
0.00000000000000000000 0.18276523085595980378
0.00000000000000000000 0.19508814744888844372
0.00000000000000000000 0.20062752828621568946
0.00000000000000000000 0.20253124979375289327
0.00000000000000000000 0.23031713111046644982
0.00000000000000000000 0.24129166644727251256
0.00000000000000000000 0.28065605254104392108
0.00000000000000000000 1.73205080756887719318
