0.06533610289557824358 0.07654493070574396041
0.09262782582020519240 0.09905284126343912032
0.08833763324141696849 0.10074054615163637039
0.09456521295893834111 0.10264904482315874434
0.09801135244367965849 0.10496894722769915809
0.09714867555779252428 0.10696708548100285208
0.10124251876461885791 0.10756190285632613590
0.10741529425735132919 0.11030576425209770441
0.10911473939357856089 0.11154066353842917447
0.11200616408974720106 0.11348077240967451018
0.11145062601073819908 0.11591497533418129717
0.11598549490293502684 0.11848445574113879164
0.12064494801315109318 0.12108239997580833025
0.12210007414853225882 0.12268379270321835839
0.10653119281085952907 0.12373157042790043636
0.12471372582147854935 0.12667595097106923441
0.08630161857220193522 0.12817964184764904512
0.10928373755439527160 0.13338151988187388342
0.11741220014588073239 0.13357097355249794579
0.10243237767894397550 0.13376367283039430900
0.13678548721503280827 0.14051787793596096088
0.12181304302195175571 0.14071640423986389590
0.12251088484148028868 0.14110762055722972375
0.13897278257369530263 0.14543766509055502945
0.14422269315487720731 0.14546130216035754734
0.13821364444005015959 0.14981841020264691222
0.14966250956330318100 0.15011682884328561571
0.15099912167902140858 0.15278409097381639992
0.14616113080452944328 0.15384031699420455674
0.14219420284633996210 0.15662820870987284594
0.14405169933362543810 0.15881027633643385322
0.14761253318430536674 0.15923456457050960688
0.12500743713963285986 0.16294986336699981977
0.12243428123517487160 0.16577298378084606711
0.16123216829107489545 0.16758170936184108024
0.15698116792578339918 0.16769922440266912811
0.14693564927856311852 0.16792425396411417293
0.12030966774096421568 0.16807038900884313515
0.16770608817105520094 0.17085702432236785087
0.14718491203521968935 0.17298150087328903468
0.17190512271546040668 0.17671968794812467629
0.16203053259323185742 0.17847507591205025168
0.17765454020455606621 0.18092583651498655994
0.17575711439243602019 0.18165721319207486784
0.17406927340072311794 0.18265196471266006983
0.15965691281794053280 0.18283940868498677057
0.16653888473315536789 0.18301654385655249935
0.16701704413416570971 0.18482829564254613097
0.15270362179140936632 0.18579619830405855185
0.16040099488475745293 0.18586897315342065795
0.18645723451195775344 0.18677633474906543687
0.16287911945259689328 0.18864762898786324730
0.17855251270127728280 0.19221134040207288329
0.18757613537155456984 0.19531412004279316563
0.13006348762633601623 0.19544497600616111965
0.15052288030961077925 0.19567240818731296281
0.15782378147147743674 0.19585523432664281307
0.16095589925575246038 0.19637479000972929422
0.14654905529589976054 0.19756747618445041903
0.17612942030408273997 0.19862140261914157380
0.19190460282273022474 0.19983073265290890452
0.19047557132912373845 0.20218986569975994083
0.19873193044170817112 0.20244182757736456368
0.19441436546926885165 0.20303198548426362735
0.18653094761590155448 0.20453672392944213798
0.17814704430537350865 0.20458667640993782877
0.14319006377171136779 0.20569132259746517044
0.18800937877781731533 0.20587112090093573347
0.15360435024302115936 0.20692685261925039542
0.18874447905753194421 0.20816419060223095849
0.20272769833716525190 0.20820359427997528479
0.18973787582487078307 0.20821636594086828653
0.17199684359777855924 0.20975546691777308128
0.17751527508734499250 0.21027651329551172443
0.20244995229252826796 0.21068501005693346384
0.19250477108090721656 0.21088234688659138194
0.20680414121988263676 0.21102423349581700407
0.16152196878240129840 0.21136974858014193068
0.19576928458083250884 0.21138715564189003437
0.20544860204761267175 0.21142620067923836857
0.20167739510287308047 0.21216379628937848123
0.17483592909905593116 0.21226329845265623497
0.21233894170293773906 0.21247959920353484686
0.14930329873626088655 0.21247959920353484686
0.17573616412157294642 0.21263734990834434746
0.14418115229719416504 0.21468497395255992100
0.18476556327487561604 0.21505753294042534440
0.18609893328320264994 0.21698742834524259449
0.16337572105683556556 0.21717432035684897107
0.16097127148495726789 0.21856979577140139837
0.19551379564746088069 0.22081429323352644301
0.21586577975355616954 0.22123002452835646703
0.21893491609072093795 0.22211719336994048546
0.18921244985161439489 0.22242608206463165832
0.15591532778188932351 0.22259007081450607468
0.20184696467556875743 0.22408793271985269491
0.20354833982447528840 0.22714371778030251203
0.20645505195117969111 0.22739497636052274920
0.21892282231240942081 0.22815949227800080834
0.22289571906302732551 0.22941840166328913986
0.18626195577292620209 0.23050234983670017663
0.20887183225265915087 0.23179713668166987417
0.21728190077822412407 0.23471595120861546424
0.21266967131655248324 0.23538516228971662070
0.17935342152421054895 0.23573369652132239449
0.16272910411334443048 0.23647860137950812986
0.22256448963161540311 0.23845387309977095214
0.17677435191531279401 0.23928984248760284959
0.20086714906113645185 0.24005201160121172888
0.19228459223084723440 0.24043290149234894382
0.17173644540739019249 0.24281914535902213159
0.18288347717590644481 0.24316978366130223566
0.23903853706238584187 0.24437532177476942175
0.19083753486337937111 0.24585476793853375255
0.18779668579222644209 0.24701324580714911772
0.23811138568777701074 0.24713285524286046635
0.20567078894144191770 0.24748287255945136676
0.22869711370567588626 0.24778743237103112440
0.22460814800554165793 0.24793439366051728268
0.23831905289701613149 0.24831464262866587145
0.24331821780569215519 0.24918687004660830531
0.17773631600635814154 0.24924241885350192915
0.17670657325935865134 0.24944787068395082863
0.23512268864090679621 0.24946012908401032915
0.22750977930486918077 0.24961375760901990950
0.19076433904979112066 0.25115350333141106542
0.22064446735752285544 0.25180386432271334440
0.17407063309435724663 0.25184355104018285587
0.23104978742586212981 0.25245297857344128900
0.19733854167217054765 0.25378064216539147901
0.20773276786927549753 0.25558060626142997673
0.23951261196029791090 0.25611248675303388556
0.15396489419876330240 0.25756747437591503980
0.24299784251232181553 0.25837345473995193545
0.16186996526975927502 0.25842163464058692801
0.23089330800020818613 0.26080593786638167630
0.24355255916915297121 0.26320906067814647811
0.22301888576160538991 0.26382012349642441906
0.21776904595683096999 0.26472166252165352240
0.24049482514264711175 0.26501449887245726034
0.22317217892363641618 0.26556872555134797276
0.20355668888101510761 0.26768041459230046408
0.24804081326626059578 0.26827793945647265828
0.20001829833654388713 0.26859004688285326168
0.21964695469391115612 0.26984867787892569124
0.22851103823106655444 0.27281145717374427617
0.26811131015449168880 0.27466566465786423912
0.20580423406047132495 0.27518127452216356588
0.24537851200378080208 0.27743973947749717146
0.23524131398521938574 0.27985060514646187269
0.22992450810318232346 0.28125948824363194989
0.27300563681395556559 0.28293010068405571866
0.18679032004122914090 0.28324320222301441197
0.27539226892247664624 0.28838114314611551503
0.27888100145128841278 0.28920511911517371439
0.24030568028202128894 0.29041336298077080613
0.20844368438572719038 0.29044982803506991242
0.27331687349971267587 0.29128878802414004401
0.28349424565765152240 0.29229328755139349916
0.26571788007065016979 0.29235517232720165115
0.25911587198936647525 0.29365719893844338673
0.22486364324560190187 0.29385548867446420473
0.21584385683298118463 0.29385548867446420473
0.23509260650049026986 0.29749402036689875928
0.16508137948977616438 0.29972935242845860637
0.19957004699463509745 0.30033675679745669429
0.28277749512274247268 0.30337981027753241348
0.20557320875807508220 0.30508142946652633265
0.27615767722752970759 0.30959265256913970354
0.23401525531886946396 0.31082441769076185611
0.30669053161641612881 0.31385639742248128137
0.23181676574047271888 0.31558750030519377994
0.28709455618911583485 0.32247416291795460985
0.23155404348708366613 0.32422696167783171539
0.23073737535952365540 0.33369175263575912016
0.33463926376454217193 0.33891122447500082737
0.31192926078829835701 0.34016550603521344964
0.20904755226367019438 0.34242639814034692147
0.13617529894618252140 0.34626328744052875530
0.19948027517744218451 0.34880307419885048237
0.34566948369235483973 0.35224882780908106650
0.13559550969115100050 0.35332276276045060381
0.18533035785140933305 0.35416620551719568688
0.42904692840954067323 0.43881692995312177041
