0.00000000000000000000 0.01098266372099369718
0.00000000000000000000 0.01484261595173444123
0.00000000000000000000 0.02092385121686925892
0.00000000000000000000 0.02140480411742816391
0.00000000000000000000 0.02172224367388775335
0.00000000000000000000 0.02240730060224141104
0.00000000000000000000 0.02323486537185813841
0.00000000000000000000 0.02410237632341646202
0.00000000000000000000 0.02576393722614341020
0.00000000000000000000 0.02866843479806617523
0.00000000000000000000 0.02997314420005320335
0.00000000000000000000 0.03103202789397757622
0.00000000000000000000 0.03230648362986945216
0.00000000000000000000 0.03241311951770953215
0.00000000000000000000 0.03279068671541087582
0.00000000000000000000 0.03352745472330970894
0.00000000000000000000 0.03369473871697799272
0.00000000000000000000 0.03506568241835846672
0.00000000000000000000 0.03511787608157001389
0.00000000000000000000 0.03513905381336018124
0.00000000000000000000 0.03552613910177929851
0.00000000000000000000 0.03622290253475443644
0.00000000000000000000 0.03647091228424438614
0.00000000000000000000 0.03655193474479957738
0.00000000000000000000 0.03673348357205107051
0.00000000000000000000 0.03703493234324838762
0.00000000000000000000 0.03729938239854098392
0.00000000000000000000 0.03742686309253594190
0.00000000000000000000 0.03772243563274887274
0.00000000000000000000 0.03822108457220564637
0.00000000000000000000 0.03842361512497534382
0.00000000000000000000 0.03873782209121256342
0.00000000000000000000 0.03893932301485732855
0.00000000000000000000 0.03903233121978869069
0.00000000000000000000 0.03910529972788912012
0.00000000000000000000 0.03957550686094229303
0.00000000000000000000 0.04010993018173745345
0.00000000000000000000 0.04024976213113138496
0.00000000000000000000 0.04026395795835893687
0.00000000000000000000 0.04061198727081201387
0.00000000000000000000 0.04173887307098005789
0.00000000000000000000 0.04198503031149169312
0.00000000000000000000 0.04224639714641769545
0.00000000000000000000 0.04366264471812254799
0.00000000000000000000 0.04397142475885609109
0.00000000000000000000 0.04420184574199216565
0.00000000000000000000 0.04438654501718281020
0.00000000000000000000 0.04448640661406777497
0.00000000000000000000 0.04510841801810872714
0.00000000000000000000 0.04538153927113390551
0.00000000000000000000 0.04568846363438633373
0.00000000000000000000 0.04581903418205827971
0.00000000000000000000 0.04592315812564012195
0.00000000000000000000 0.04597618905054655369
0.00000000000000000000 0.04619771661438536875
0.00000000000000000000 0.04718403263930950886
0.00000000000000000000 0.04728041361638830875
0.00000000000000000000 0.04729811263014831180
0.00000000000000000000 0.04735315031669625613
0.00000000000000000000 0.04777139867221998071
0.00000000000000000000 0.04842083012455692531
0.00000000000000000000 0.04866292397847449963
0.00000000000000000000 0.04929652483474451785
0.00000000000000000000 0.04976179222124895579
0.00000000000000000000 0.05025720363878509456
0.00000000000000000000 0.05033194486148202806
0.00000000000000000000 0.05069953276279043353
0.00000000000000000000 0.05070189732018009349
0.00000000000000000000 0.05102178609576869805
0.00000000000000000000 0.05105638751021289445
0.00000000000000000000 0.05116912232505205910
0.00000000000000000000 0.05201705633938186885
0.00000000000000000000 0.05270724577594451676
0.00000000000000000000 0.05287198129456825713
0.00000000000000000000 0.05354206709229190203
0.00000000000000000000 0.05356656707467068873
0.00000000000000000000 0.05391761885295769802
0.00000000000000000000 0.05443269596944710909
0.00000000000000000000 0.05449434680112827389
0.00000000000000000000 0.05450441795039160514
0.00000000000000000000 0.05453776873183076995
0.00000000000000000000 0.05460757491010360259
0.00000000000000000000 0.05460851161942834736
0.00000000000000000000 0.05469599313472685992
0.00000000000000000000 0.05487136617435763031
0.00000000000000000000 0.05503451398993763205
0.00000000000000000000 0.05572547393525927040
0.00000000000000000000 0.05574484896345149876
0.00000000000000000000 0.05575880589012997129
0.00000000000000000000 0.05589703179038158637
0.00000000000000000000 0.05597504402705522769
0.00000000000000000000 0.05607249496962867646
0.00000000000000000000 0.05623673658710780232
0.00000000000000000000 0.05669744423307335190
0.00000000000000000000 0.05737252855626819720
0.00000000000000000000 0.05807441703199309191
0.00000000000000000000 0.05836405955329948547
0.00000000000000000000 0.05847857755464119095
0.00000000000000000000 0.05850109208703856839
0.00000000000000000000 0.05851907896046116414
0.00000000000000000000 0.05870437646529748366
0.00000000000000000000 0.05931612404126489213
0.00000000000000000000 0.05978745806079443365
0.00000000000000000000 0.05993195271358921911
0.00000000000000000000 0.06016486792535010591
0.00000000000000000000 0.06022520636205739436
0.00000000000000000000 0.06027397018591155314
0.00000000000000000000 0.06036948312339704414
0.00000000000000000000 0.06059097920327945891
0.00000000000000000000 0.06080552114050418594
0.00000000000000000000 0.06114627217726065211
0.00000000000000000000 0.06117717649872995989
0.00000000000000000000 0.06218403494716462365
0.00000000000000000000 0.06228865239421444572
0.00000000000000000000 0.06239857363147903457
0.00000000000000000000 0.06325420438805171020
0.00000000000000000000 0.06365491432089263879
0.00000000000000000000 0.06367348559411789566
0.00000000000000000000 0.06373499384636532872
0.00000000000000000000 0.06380564618614636974
0.00000000000000000000 0.06401309676953408079
0.00000000000000000000 0.06403384660189147259
0.00000000000000000000 0.06413760146925595595
0.00000000000000000000 0.06416508254234216946
0.00000000000000000000 0.06446680216793104767
0.00000000000000000000 0.06450253115795712144
0.00000000000000000000 0.06467181640086792915
0.00000000000000000000 0.06481409754275271884
0.00000000000000000000 0.06504551935904978599
0.00000000000000000000 0.06508845265151289028
0.00000000000000000000 0.06525118659477922856
0.00000000000000000000 0.06546587935131051306
0.00000000000000000000 0.06551288518092539259
0.00000000000000000000 0.06558741573092051469
0.00000000000000000000 0.06603445037297468734
0.00000000000000000000 0.06614197203973401495
0.00000000000000000000 0.06632288418609280645
0.00000000000000000000 0.06633802060019040880
0.00000000000000000000 0.06633934535284964629
0.00000000000000000000 0.06645382216718560831
0.00000000000000000000 0.06649412910261116860
0.00000000000000000000 0.06652342709674299859
0.00000000000000000000 0.06658397290518658362
0.00000000000000000000 0.06670195451338621628
0.00000000000000000000 0.06688280043226979554
0.00000000000000000000 0.06740846201096140078
0.00000000000000000000 0.06742672748574438102
0.00000000000000000000 0.06752660520581155179
0.00000000000000000000 0.06761455423132797793
0.00000000000000000000 0.06766308216414525234
0.00000000000000000000 0.06781512705127788754
0.00000000000000000000 0.06794965849437180350
0.00000000000000000000 0.06815731635364360996
0.00000000000000000000 0.06841781151359231650
0.00000000000000000000 0.06844052764991986892
0.00000000000000000000 0.06850385320389811017
0.00000000000000000000 0.06851532889422347339
0.00000000000000000000 0.06853842510920094000
0.00000000000000000000 0.06855748920895320120
0.00000000000000000000 0.06861396614607544187
0.00000000000000000000 0.06886294261573529252
0.00000000000000000000 0.06906007549684217706
0.00000000000000000000 0.06916084443091516376
0.00000000000000000000 0.06921694361470522028
0.00000000000000000000 0.06938534651708574974
0.00000000000000000000 0.07007411178998528001
0.00000000000000000000 0.07009671658221561241
0.00000000000000000000 0.07011601284654557509
0.00000000000000000000 0.07038853736759217994
0.00000000000000000000 0.07052480460535691387
0.00000000000000000000 0.07065530874184698662
0.00000000000000000000 0.07069207874969909988
0.00000000000000000000 0.07093484245294472135
0.00000000000000000000 0.07098870374481558443
0.00000000000000000000 0.07139918153102975396
0.00000000000000000000 0.07174341575668559401
0.00000000000000000000 0.07200333552606349996
0.00000000000000000000 0.07212343798837880793
0.00000000000000000000 0.07228586278242905838
0.00000000000000000000 0.07236892079723235283
0.00000000000000000000 0.07258514389082325324
0.00000000000000000000 0.07306058198031709083
0.00000000000000000000 0.07327865297190393201
0.00000000000000000000 0.07347277489037311315
0.00000000000000000000 0.07386464739061504581
0.00000000000000000000 0.07407600163429101103
0.00000000000000000000 0.07410291092885668007
0.00000000000000000000 0.07428199572936845796
0.00000000000000000000 0.07432532225614921217
0.00000000000000000000 0.07444417826133978289
0.00000000000000000000 0.07447767119952514170
0.00000000000000000000 0.07455722493223905512
0.00000000000000000000 0.07472168850788951655
0.00000000000000000000 0.07476492203917195489
0.00000000000000000000 0.07476934482819741490
0.00000000000000000000 0.07478448665786814609
0.00000000000000000000 0.07512270837638992949
0.00000000000000000000 0.07521178126024403998
0.00000000000000000000 0.07576613175791326038
0.00000000000000000000 0.07584360943439004410
0.00000000000000000000 0.07602401688934830315
0.00000000000000000000 0.07615582746386508062
0.00000000000000000000 0.07627122702000567467
0.00000000000000000000 0.07634062159152947558
0.00000000000000000000 0.07646207913285264779
0.00000000000000000000 0.07647188765400579624
0.00000000000000000000 0.07651481505847602949
0.00000000000000000000 0.07657970798735454221
0.00000000000000000000 0.07698723029063912759
0.00000000000000000000 0.07723785753282520761
0.00000000000000000000 0.07746368577801439337
0.00000000000000000000 0.07773283757793171544
0.00000000000000000000 0.07776826501428778238
0.00000000000000000000 0.07795341058011030777
0.00000000000000000000 0.07817140495810293022
0.00000000000000000000 0.07822280886250015941
0.00000000000000000000 0.07830798185634722797
0.00000000000000000000 0.07841880639093594396
0.00000000000000000000 0.07861587916160960032
0.00000000000000000000 0.07862667526879055235
0.00000000000000000000 0.07872755858638824655
0.00000000000000000000 0.07893933057472952985
0.00000000000000000000 0.07933765744704300571
0.00000000000000000000 0.07966911755804205464
0.00000000000000000000 0.07974857902597362602
0.00000000000000000000 0.07981387367281905787
0.00000000000000000000 0.07992174524044595718
0.00000000000000000000 0.08038495406266152332
0.00000000000000000000 0.08043571464968088391
0.00000000000000000000 0.08060992712605985488
0.00000000000000000000 0.08105788880394183826
0.00000000000000000000 0.08111730091102793694
0.00000000000000000000 0.08116578902042488608
0.00000000000000000000 0.08122184650929428762
0.00000000000000000000 0.08132053449113546550
0.00000000000000000000 0.08138748262391803934
0.00000000000000000000 0.08141644265177878925
0.00000000000000000000 0.08144497888193645563
0.00000000000000000000 0.08146491909309219737
0.00000000000000000000 0.08151561852451098822
0.00000000000000000000 0.08166923043714301167
0.00000000000000000000 0.08173883698296209588
0.00000000000000000000 0.08180785090857455033
0.00000000000000000000 0.08211579191613681272
0.00000000000000000000 0.08222911384061962203
0.00000000000000000000 0.08236909648471781031
0.00000000000000000000 0.08237470650654023230
0.00000000000000000000 0.08237578847645858626
0.00000000000000000000 0.08249394720827962768
0.00000000000000000000 0.08258593948060860557
0.00000000000000000000 0.08259011091500674528
0.00000000000000000000 0.08271316448175040914
0.00000000000000000000 0.08280832191141300480
0.00000000000000000000 0.08340621277485182894
0.00000000000000000000 0.08341098468458152393
0.00000000000000000000 0.08360830813030536990
0.00000000000000000000 0.08370694417353201355
0.00000000000000000000 0.08391206540283248361
0.00000000000000000000 0.08396569559980060493
0.00000000000000000000 0.08414045174257718529
0.00000000000000000000 0.08464632219998789731
0.00000000000000000000 0.08507621499431693157
0.00000000000000000000 0.08525484292716797863
0.00000000000000000000 0.08533171140928211273
0.00000000000000000000 0.08557484151740124556
0.00000000000000000000 0.08567596789850633054
0.00000000000000000000 0.08575180032480503312
0.00000000000000000000 0.08597554773551996377
0.00000000000000000000 0.08643302225875183764
0.00000000000000000000 0.08653508054525643756
0.00000000000000000000 0.08653791861949437780
0.00000000000000000000 0.08662479554642746327
0.00000000000000000000 0.08681571881694992443
0.00000000000000000000 0.08704950450213282120
0.00000000000000000000 0.08728717456322952761
0.00000000000000000000 0.08733641352031762395
0.00000000000000000000 0.08763339061758750048
0.00000000000000000000 0.08805942550053698359
0.00000000000000000000 0.08809652489960820287
0.00000000000000000000 0.08826619708905929229
0.00000000000000000000 0.08836067431360009050
0.00000000000000000000 0.08873275949072102764
0.00000000000000000000 0.08875815064050950054
0.00000000000000000000 0.08883835433199684106
0.00000000000000000000 0.08888885105735017111
0.00000000000000000000 0.08890004084783444116
0.00000000000000000000 0.08893806338054208172
0.00000000000000000000 0.08903913446553506084
0.00000000000000000000 0.08933086251693363178
0.00000000000000000000 0.08939183841655673479
0.00000000000000000000 0.09024708238024513329
0.00000000000000000000 0.09032986346819009416
0.00000000000000000000 0.09061660444257670088
0.00000000000000000000 0.09081941129584866768
0.00000000000000000000 0.09096751912787590100
0.00000000000000000000 0.09122538482868865206
0.00000000000000000000 0.09143053828840717878
0.00000000000000000000 0.09151214468084822862
0.00000000000000000000 0.09151421681145839593
0.00000000000000000000 0.09174402632740265295
0.00000000000000000000 0.09245810326287801084
0.00000000000000000000 0.09301792433891079015
0.00000000000000000000 0.09305701764162979672
0.00000000000000000000 0.09310623887116126207
0.00000000000000000000 0.09327114763554424093
0.00000000000000000000 0.09333366487940913947
0.00000000000000000000 0.09357823243730060969
0.00000000000000000000 0.09387876932139881114
0.00000000000000000000 0.09431132660025601244
0.00000000000000000000 0.09475933838423082622
0.00000000000000000000 0.09479486491969420225
0.00000000000000000000 0.09490638727392869400
0.00000000000000000000 0.09500966404147177802
0.00000000000000000000 0.09502647729145911881
0.00000000000000000000 0.09538300765473560483
0.00000000000000000000 0.09552115356363134746
0.00000000000000000000 0.09642511499252713614
0.00000000000000000000 0.09711416135090483737
0.00000000000000000000 0.09734940049434108456
0.00000000000000000000 0.09736898264844723316
0.00000000000000000000 0.09750383082672869905
0.00000000000000000000 0.09751433381592250482
0.00000000000000000000 0.09783542464584576992
0.00000000000000000000 0.09785057893339728363
0.00000000000000000000 0.09811321410637953433
0.00000000000000000000 0.09814193657348695143
0.00000000000000000000 0.09815368194372839361
0.00000000000000000000 0.09819691509766285964
0.00000000000000000000 0.09840712421208164251
0.00000000000000000000 0.09845192224880594534
0.00000000000000000000 0.09860366359112161805
0.00000000000000000000 0.09922550437684993230
0.00000000000000000000 0.09923326151944579510
0.00000000000000000000 0.09934391702532779922
0.00000000000000000000 0.09980924832318641138
0.00000000000000000000 0.10000791676904510763
0.00000000000000000000 0.10031907326121732027
0.00000000000000000000 0.10033022581892846181
0.00000000000000000000 0.10033398680837808670
0.00000000000000000000 0.10048129890431883871
0.00000000000000000000 0.10054655460487997576
0.00000000000000000000 0.10072337242616333230
0.00000000000000000000 0.10094698103089881636
0.00000000000000000000 0.10101519610896819712
0.00000000000000000000 0.10126929357778453877
0.00000000000000000000 0.10128054253856627609
0.00000000000000000000 0.10130418231458489242
0.00000000000000000000 0.10141535709618755556
0.00000000000000000000 0.10149762657714303526
0.00000000000000000000 0.10185767943013578074
0.00000000000000000000 0.10186162869695124245
0.00000000000000000000 0.10201980685852084230
0.00000000000000000000 0.10209565983983452664
0.00000000000000000000 0.10264887608664235996
0.00000000000000000000 0.10302999111532822052
0.00000000000000000000 0.10306503730621566217
0.00000000000000000000 0.10325128685806696238
0.00000000000000000000 0.10338795917919560430
0.00000000000000000000 0.10342511976147515662
0.00000000000000000000 0.10403199835713604349
0.00000000000000000000 0.10428189371263074658
0.00000000000000000000 0.10429974587696876076
0.00000000000000000000 0.10434929258096189986
0.00000000000000000000 0.10441548250630676431
0.00000000000000000000 0.10446746769215688178
0.00000000000000000000 0.10503423769190514681
0.00000000000000000000 0.10517517589386490839
0.00000000000000000000 0.10524730173919041865
0.00000000000000000000 0.10557477485689974184
0.00000000000000000000 0.10563295715581300094
0.00000000000000000000 0.10570538169960007335
0.00000000000000000000 0.10608534879268949336
0.00000000000000000000 0.10622772340603202357
0.00000000000000000000 0.10670570520606417753
0.00000000000000000000 0.10681212926494909610
0.00000000000000000000 0.10711152285654514105
0.00000000000000000000 0.10716069018820160996
0.00000000000000000000 0.10737224003943242334
0.00000000000000000000 0.10747039286734362540
0.00000000000000000000 0.10756994611694095654
0.00000000000000000000 0.10763189802866197919
0.00000000000000000000 0.10784047406468734442
0.00000000000000000000 0.10814839269701652380
0.00000000000000000000 0.10840523296518797536
0.00000000000000000000 0.10849019181494229391
0.00000000000000000000 0.10852759766658601204
0.00000000000000000000 0.10855366335299890257
0.00000000000000000000 0.10861071373787954675
0.00000000000000000000 0.10869569863392136710
0.00000000000000000000 0.10871736960599369393
0.00000000000000000000 0.10876170933515001693
0.00000000000000000000 0.10893653522853440074
0.00000000000000000000 0.10894653349988442370
0.00000000000000000000 0.10945103465044932201
0.00000000000000000000 0.10959355367876244536
0.00000000000000000000 0.10964768273149431976
0.00000000000000000000 0.10973379714347089586
0.00000000000000000000 0.10989451362006327773
0.00000000000000000000 0.11026253290109183647
0.00000000000000000000 0.11038888599948863678
0.00000000000000000000 0.11053910628631131996
0.00000000000000000000 0.11075745351497130742
0.00000000000000000000 0.11081614064725960056
0.00000000000000000000 0.11088110833238830344
0.00000000000000000000 0.11115281770858086163
0.00000000000000000000 0.11118379667330367810
0.00000000000000000000 0.11144272622124816452
0.00000000000000000000 0.11190932813473766783
0.00000000000000000000 0.11192732535722178799
0.00000000000000000000 0.11206419114423211980
0.00000000000000000000 0.11255491912922954700
0.00000000000000000000 0.11297277675344592762
0.00000000000000000000 0.11353952196347298631
0.00000000000000000000 0.11356977230837311810
0.00000000000000000000 0.11367109786731485754
0.00000000000000000000 0.11383341564801170709
0.00000000000000000000 0.11427233710362352803
0.00000000000000000000 0.11432188371256027382
0.00000000000000000000 0.11476365577377292682
0.00000000000000000000 0.11482635571159793830
0.00000000000000000000 0.11491880548211454161
0.00000000000000000000 0.11514533782127142625
0.00000000000000000000 0.11539263424273353553
0.00000000000000000000 0.11556805488647022007
0.00000000000000000000 0.11582277748338827561
0.00000000000000000000 0.11595510738765409109
0.00000000000000000000 0.11607445754856532405
0.00000000000000000000 0.11633731295459028010
0.00000000000000000000 0.11643609096760144939
0.00000000000000000000 0.11647238028902670570
0.00000000000000000000 0.11662802341946734708
0.00000000000000000000 0.11676342045879845033
0.00000000000000000000 0.11695913274288724515
0.00000000000000000000 0.11699538695042896452
0.00000000000000000000 0.11708354916324520412
0.00000000000000000000 0.11740829845014046084
0.00000000000000000000 0.11742806291375033900
0.00000000000000000000 0.11768885001592881145
0.00000000000000000000 0.11771322110938285677
0.00000000000000000000 0.11784541644396749616
0.00000000000000000000 0.11805612143985438900
0.00000000000000000000 0.11823945271380970068
0.00000000000000000000 0.11873995033381876119
0.00000000000000000000 0.11876512869322236599
0.00000000000000000000 0.12018305742883635123
0.00000000000000000000 0.12048384443827367396
0.00000000000000000000 0.12072679527805496580
0.00000000000000000000 0.12079033526118036768
0.00000000000000000000 0.12129794313184498467
0.00000000000000000000 0.12134349885149589565
0.00000000000000000000 0.12143215897732194397
0.00000000000000000000 0.12169331877753911120
0.00000000000000000000 0.12181727588084861891
0.00000000000000000000 0.12190865713884677102
0.00000000000000000000 0.12213635620134657978
0.00000000000000000000 0.12274251425468227228
0.00000000000000000000 0.12281117528233506664
0.00000000000000000000 0.12314942818407846603
0.00000000000000000000 0.12321724498534268599
0.00000000000000000000 0.12335142654176442512
0.00000000000000000000 0.12405423997379906587
0.00000000000000000000 0.12414906127958637294
0.00000000000000000000 0.12427231895833047715
0.00000000000000000000 0.12445809027184463746
0.00000000000000000000 0.12491003490334148807
0.00000000000000000000 0.12496280722772973304
0.00000000000000000000 0.12498730122405053711
0.00000000000000000000 0.12499399530024617178
0.00000000000000000000 0.12567234909681879174
0.00000000000000000000 0.12580225880427556295
0.00000000000000000000 0.12584589386382941112
0.00000000000000000000 0.12589889871109505304
0.00000000000000000000 0.12688247721583428840
0.00000000000000000000 0.12692161114941780120
0.00000000000000000000 0.12729269441536225638
0.00000000000000000000 0.12833305632281397091
0.00000000000000000000 0.12856959154270200529
0.00000000000000000000 0.12885289171306771316
0.00000000000000000000 0.12954181111251283909
0.00000000000000000000 0.12965474084729322612
0.00000000000000000000 0.13011004295197620140
0.00000000000000000000 0.13050977786722978147
0.00000000000000000000 0.13162222272125106981
0.00000000000000000000 0.13221817127415083637
0.00000000000000000000 0.13225414517203828990
0.00000000000000000000 0.13285904287828778636
0.00000000000000000000 0.13482078808427194749
0.00000000000000000000 0.13495244419137447656
0.00000000000000000000 0.13547310467031603576
0.00000000000000000000 0.13894941004307126420
0.00000000000000000000 0.14047387329458788097
0.00000000000000000000 0.14514202408688356427
0.00000000000000000000 0.14752496165776621262
0.00000000000000000000 0.14770164857085077426
0.00000000000000000000 0.14899056059701065724
0.00000000000000000000 0.15173493642810742532
0.00000000000000000000 0.15895343445397114301
0.00000000000000000000 0.16171851018100225073
0.00000000000000000000 0.20434957629480809960
0.00000000000000000000 1.73205080756887719318
