0.08488935964456782723 0.08624354323868475836
0.09127173488774247001 0.09396725423648126518
0.10224963711551622592 0.11107238680124285890
0.10435107133220770936 0.11276741664011537269
0.11930507140242581354 0.12365231851555799625
0.11652704987019187055 0.12683756161486003933
0.10902225865031432706 0.12950368122111607927
0.12578471491439113805 0.13396554277101768715
0.12143298196264359912 0.13420077201055863325
0.12804221128565229648 0.13651648083170142556
0.12346890438217335284 0.13729372491192801120
0.12588935819225241519 0.14050518593430130765
0.13250445558384779665 0.14133934339770062860
0.10101607165770352947 0.14401455026749626631
0.13650891055363748028 0.14693198356981382324
0.13472867750809444654 0.14993853650505861719
0.14299912718646021204 0.15585547786716902330
0.14535188544331967275 0.15771539754293131819
0.12757528119275118872 0.15860899198598857329
0.15274573136973895737 0.15940317585503988029
0.14529093351906974263 0.15944360777315647049
0.15766547275344622303 0.15986661517511549513
0.13806575146604452287 0.16130656345576982469
0.14986920388195348885 0.16201756129689601216
0.13818276921174044158 0.16230375063300647720
0.16336873948630534215 0.16357224713964310658
0.16381634312550097388 0.16640864779377931293
0.15106974788682470123 0.16668452622470267266
0.16581198415906228671 0.16693029762933880855
0.15214132401518853932 0.16750932284486105828
0.15234122688680140634 0.16844389908749715645
0.15239719836715820422 0.16877366848485322870
0.15971120313437422999 0.16961020439095414458
0.16098249372918937983 0.16961020439095414458
0.14494004901638166127 0.17105854360157454752
0.16735004703636796597 0.17299563081148056076
0.16719313952132705547 0.17380863627395817805
0.16966426018231675621 0.17430814664028052019
0.16495604055572177238 0.17456502314085284300
0.15788285292664797077 0.17544430983741582386
0.16795901304992255643 0.17713670993348323845
0.16257637710943406706 0.17718221581957510624
0.16216640890806677255 0.17770922141843473185
0.14200335234023539477 0.17834589024348748709
0.15353303464839429537 0.17843945120997400933
0.16991245886410213939 0.17961989117073426381
0.15684570449006154935 0.18012670961230112243
0.16352126754749976567 0.18175411874740943219
0.14874091119571763997 0.18222281313050087137
0.18268021814492763077 0.18360272843115740815
0.17953858971807262757 0.18360272843115740815
0.16330832304016174028 0.18368722327917472170
0.17713810492714110456 0.18391318775740844726
0.18075320760142615795 0.18395177371131379851
0.17977382509605482896 0.18430155591583938235
0.18299864489411682422 0.18484128231521335106
0.16445413863857941128 0.18534914104368946375
0.15433622455278778185 0.18693226882627533847
0.15200314375145693169 0.18729149032302966349
0.17720878758846939083 0.18785014873326744134
0.17222454997068167848 0.18821661284739157893
0.17923254437999305844 0.18879245667718652646
0.14952490801413989563 0.18936817874981137777
0.16366609595867476212 0.18942838326567382201
0.14041490792197738879 0.19005397348524616374
0.18770574464499226175 0.19107758677885033904
0.18148467521660313628 0.19147148348233045123
0.18252674028346496660 0.19197827684207843801
0.16063849793299750379 0.19201721038943028730
0.18132781297403860465 0.19345272633242163729
0.15606386109704814547 0.19390201273338952825
0.18774307883207055903 0.19521132480830596934
0.19411508194477242184 0.19567382957994017278
0.19530199932117500716 0.19592939898836769785
0.15515024178239744668 0.19594210527406055733
0.15155224192272676031 0.19670121011099667152
0.17803758704233590970 0.19694475746291686957
0.17972599911776482307 0.19726578105098954707
0.19255072951235072121 0.19740252577381015020
0.17473698240612176025 0.19742474462473169616
0.19488830243250687690 0.19806157276955477231
0.16543408974990919669 0.19905078221526587012
0.16553164193837907603 0.19932964974452110907
0.18144437740563273964 0.19978726583052031085
0.18035338035038994686 0.20018605767451574939
0.17957015026788608614 0.20051458581503636691
0.15995475050889770841 0.20259460029182532748
0.17321973902315287996 0.20294235903255897213
0.16299808370609381036 0.20295521691830137323
0.19498887864606206932 0.20312275819425601453
0.17743741783427371961 0.20512640835523066052
0.19178883722309833515 0.20549849197988362404
0.20426757997608802064 0.20785785723852001627
0.20370585296492577099 0.20817015850973860647
0.19212305095039999836 0.20817015850973860647
0.17574983826590476199 0.20833842963715146213
0.17492059361113182492 0.20876066685183275462
0.15788284546535738539 0.21017502732369156004
0.17690655166474392179 0.21033760193549286277
0.15982584195569021768 0.21108978433501640604
0.19202470914327471330 0.21126662714551339151
0.19664439374173506292 0.21134366803142864977
0.19146706883394137844 0.21156946909626830888
0.17123276206665571930 0.21187287089786063787
0.17151272870136696769 0.21282086455921830903
0.21047353502946039572 0.21285077220803241826
0.18976612146148968963 0.21424356563509258655
0.14722708143543061787 0.21477269151275268921
0.20399045644935975830 0.21544523337727511381
0.20521862148348668509 0.21595410736906672788
0.20258834784714702115 0.21605698105899015515
0.18107758710825336279 0.21714288234841519487
0.18783537005494527206 0.21760529560536714944
0.19805767206939967062 0.22134041762441372669
0.21708868737173686592 0.22189387576406272018
0.21480375548155908327 0.22202838848146774775
0.21358206135323942743 0.22223787284594320734
0.18576760979882395164 0.22259739905244149694
0.18946958071248620747 0.22329324945178502526
0.18513600589560455512 0.22501877481210183496
0.17835433640930073440 0.22627229552010788560
0.21785880972751969775 0.22647345950026104289
0.17076823738345173198 0.22668722806193863928
0.20753358331645990753 0.22681819971740826980
0.16905094946985099735 0.22756023085256771310
0.16837142926098108697 0.22772929850889250813
0.22010321474059757474 0.22901028960025832104
0.22432270988078051310 0.22954283717328619052
0.22673244967179953524 0.22964463984362987192
0.17736521936472726679 0.22997954798995237646
0.22101022572576353720 0.23117973877150083117
0.21961608302767940404 0.23169871851582080069
0.20641103523667139741 0.23198494549000175935
0.20182356915714455559 0.23232597235937976765
0.16486042105179088413 0.23246844697364238419
0.18950343593766116879 0.23502695187788497089
0.18475344319914768776 0.23553128998684047524
0.19829022069991622534 0.23634995517769774587
0.23601490332465174804 0.23759917097192737034
0.20993843786710278398 0.23858922047369501840
0.19425160625281498450 0.23866743608936527576
0.23893830960957659904 0.23975507069852497466
0.17886149662534975291 0.23992221975508787324
0.18955451569304038184 0.24090042528352725859
0.23684405792122587009 0.24201035877776144734
0.24228789225044172762 0.24273932985379775840
0.23279532508486697195 0.24303797166186660861
0.24293943190557723555 0.24359654630837920819
0.20287740845438362314 0.24366087462079491499
0.21737120459268557959 0.24441951602167200086
0.21863843398052629219 0.24508414814216827882
0.22611583987240527205 0.24531013025591411059
0.19720446307032063471 0.24651538082893892367
0.17211829712716172902 0.24740298710818997563
0.24046561842908273365 0.24780823348555180985
0.20023597074817245378 0.24789686444183056668
0.19430829608605679204 0.24840192702461066920
0.20708082401996943944 0.24948076755354939293
0.24507243070404799434 0.25044027119489936650
0.23060185269197508440 0.25091477169996101448
0.18579945300437120115 0.25192993000808450166
0.24380495135245161542 0.25198897423939314866
0.24659719371930485798 0.25202068395088428332
0.24918494746379468707 0.25301707280822843815
0.20022310338174698074 0.25392387689776030335
0.23447301643553514205 0.25525521577426485420
0.23695920694793951022 0.25585152447779507812
0.23847906011025205020 0.25588683490821950706
0.24221493221790899031 0.25689333781740131268
0.22257035696078608655 0.25723254806630885261
0.22982020054094054462 0.25772645772855407031
0.25685661873547560585 0.25977917831127700365
0.20022863811326913064 0.25994347429612812972
0.23585111429825075802 0.26049328687589073938
0.24280645954589311075 0.26216194491020544666
0.22401240754574555658 0.26306476470065276452
0.22690821607330668996 0.26539926915116290873
0.21118706883695873011 0.26546384688296981169
0.23486404837488514263 0.26575529083639526373
0.21162189310492973693 0.26632316663868405016
0.22449876876647636981 0.26639729480044399557
0.17967507798560031218 0.26685405308011173053
0.17829955760499258122 0.26806616587994264167
0.16529436670864022796 0.26839284074252534040
0.26074803414867031570 0.26911380628999598263
0.22607603718772664725 0.26915800685591328989
0.16002566042097340904 0.26915800685591328989
0.20485604339166343935 0.27141559071058823926
0.24973162032424359169 0.27191028771060987701
0.17514069030370288393 0.27191028771060987701
0.20164260197743519298 0.27274696267339504363
0.26475506840865248304 0.27275938791079173962
0.19643136862294688361 0.27310044137458189262
0.25040832901861737048 0.27684234053627704286
0.21426158227586664107 0.27885493993929943990
0.26436904429990487619 0.28123064239228184880
0.20338343249620807751 0.28133837993151145085
0.22156572387438469574 0.28270719582066394793
0.22003652291053893419 0.28361740131440849044
0.19358041341956652714 0.28534972012346393466
0.17994977646130294602 0.28564484316648441897
0.28144846784246324578 0.28721342505132441136
0.21662919867617588809 0.28742420318288669501
0.17620411200785637829 0.29085864990989762635
0.18299959698431952915 0.29287273886120690491
0.26268507199987406464 0.29475995159237361465
0.19906644243995350041 0.29480950027727043095
0.24528869988956261694 0.29699920310618438402
0.17651700837431064106 0.29752934629221733376
0.18840447254920833497 0.29761989577991743161
0.25386280574186798065 0.29893069850123243913
0.25159508658224433164 0.30018827766882061336
0.28180704629549047091 0.30360633965578598392
0.28861719399244939455 0.30360633965578598392
0.28161143657673404217 0.30422791024346662603
0.20697228746660373266 0.30542647357286561993
0.17776072016789604135 0.30547436373675890264
0.18047402033126239140 0.30586353272692334837
0.23441635848547304199 0.31180751260057815166
0.18033546509335041108 0.31326276961368748619
0.20724537445846497041 0.32039747323350586949
0.21170382019403585772 0.32673631076503056869
0.27707657621100451051 0.32719642506451124264
0.17096494030331096936 0.33684450890936518119
0.29390474478557687688 0.33766086561720676240
0.26908459008646917754 0.33842950216075645686
0.30314272150416260443 0.34042168587888971265
0.33341412356792327065 0.37136530144731466629
0.29997583564103369458 0.38369897280604625678
0.27760347236556714989 0.38506383056048354430
0.38859470712176807927 0.40753102928354351109
0.41554124239699347099 0.43049848200606871673
