0.01239771481045661219 0.01457923095634851285
0.01536345628193257901 0.01626114878213942572
0.01526897902408358605 0.01688968069267294744
0.01623088717662230299 0.01752455223154249578
0.01739304455869785521 0.01825431052503506679
0.01291231797102536209 0.01845047986073607149
0.01626301070620558148 0.01870078147469961607
0.01759299254113828176 0.02015172050398587530
0.02067204953745969270 0.02131379267327822291
0.01949488065061476955 0.02146268464892559652
0.01961272113360486638 0.02148285771618391182
0.01895592155489933539 0.02149533715182883747
0.02045530908255117561 0.02154082300820942680
0.01874274329137549933 0.02163705491964926925
0.02151807875211826301 0.02224636522819243428
0.01545981580853867353 0.02331152379598014357
0.01573095308127666833 0.02355965672177193562
0.02286462956787252421 0.02390257246264981469
0.01876279121777369580 0.02444600922820440100
0.02331173428474344125 0.02497156989878850791
0.02102323726614890170 0.02533964791403216926
0.02318621433588157962 0.02548372124055428220
0.02377849406316240657 0.02557946413096312543
0.02382068831463859254 0.02563469157401119039
0.02515326682043598702 0.02571857354969847229
0.01784210716163623853 0.02574194211571386587
0.02337211298531853554 0.02594423590073012542
0.02260023632363377874 0.02599265028770849500
0.02364671550134755940 0.02611622013365169637
0.02458642685868970418 0.02618330480341329522
0.02300530915858245082 0.02622781390901555293
0.02361963728038202898 0.02628110193805555453
0.02492105512566389000 0.02636764708716154981
0.02515501699338768340 0.02654637439807941077
0.02425886083883153910 0.02661996397114331156
0.02448410967852377232 0.02675834928732299250
0.01916897441300692215 0.02698231148039012886
0.02205420050916171923 0.02732294799162503229
0.02083889122573669844 0.02735102669312484969
0.02124904379277525041 0.02735827500202095072
0.01641366579162044023 0.02742126497126250520
0.02036232893259199220 0.02746148257167745771
0.02171291438247035382 0.02758546403171135628
0.02300634501742521848 0.02776411921938858746
0.02593703831415290761 0.02780790579088030651
0.02130780419945566689 0.02792288232102490414
0.02138864649993762329 0.02797395048714505089
0.02673131994392481323 0.02810557159613713551
0.02051820614790326666 0.02827412924479079381
0.01991408869158712083 0.02836826368112411664
0.02452458807520923809 0.02852358379392879589
0.02260190380751413847 0.02855479406627297809
0.02112813536678521259 0.02858811240810369206
0.02772339500669565582 0.02895659703389986961
0.02434951914147266000 0.02913171325678069051
0.02509728520067872753 0.02914023463230193747
0.02558885504402833022 0.02915224433900576520
0.02736459922170222242 0.02934984517627818937
0.02665494460219900580 0.02940590783050203369
0.02350697780581403884 0.02953509624220624838
0.02189260856944762884 0.02953604224251775781
0.02833423023430819629 0.02963976103229168033
0.02888727992999204006 0.02965058721961485663
0.02416010787157550979 0.02967304887006278966
0.02921393408317642104 0.02995026242501621500
0.02687998592979414306 0.03034013029997625552
0.03039260344414213000 0.03044733943193210501
0.02811048207875713537 0.03058847168753346668
0.02993178091163635479 0.03080132014884395114
0.02803724524757406425 0.03119538191821017575
0.03129273326262197591 0.03152909582044439302
0.02896853005303344844 0.03158402813977478213
0.02769307758569196018 0.03160089540914235579
0.02770595711367013908 0.03165081071680020397
0.02782015015522714199 0.03243731335383528980
0.03206891550838857075 0.03252213796259588452
0.03131438021427907642 0.03281880807112470821
0.02724827674580122816 0.03292703943171219894
0.03262840322102240204 0.03303545201606523235
0.02768262355146113712 0.03320593517883026896
0.02402575053157252408 0.03321975583330494253
0.03237043935985189913 0.03323697171546993040
0.03087798766392393576 0.03331030348751926745
0.03231666981098228059 0.03359335976866099915
0.02496677345288051547 0.03363880681182251919
0.02923918303491335191 0.03365651466461428570
0.03171528061958424349 0.03381886075054642282
0.02470972705966205038 0.03401925102313126115
0.03313256197604954462 0.03404838594310567040
0.02317306163930952373 0.03414205029319399010
0.03039742693358555431 0.03437813067370617398
0.03380338214360005533 0.03458404461276640141
0.03457625186997864697 0.03482394793358647989
0.03433483237271211380 0.03489381473997734545
0.03046861697757229093 0.03542946450063875347
0.02217936228172148402 0.03559177279340334371
0.03248515343278139678 0.03596444933176379255
0.02681569451540910531 0.03604874757004821600
0.03619368048081501171 0.03642122793952417420
0.03546005641905466271 0.03649379594985695946
0.03081802644519740855 0.03651457964218468577
0.03367435751110234299 0.03656439433263879851
0.02360365187176885135 0.03658964970125906657
0.03454222141558689618 0.03669940327370364158
0.03173694280119899319 0.03709693264847355870
0.03245192384233898386 0.03723934565593386981
0.03338142067700580057 0.03740505536258003499
0.03730278165673237695 0.03799066640601116845
0.03017036442300717256 0.03823069970269051682
0.02987812371375833664 0.03829170514033026357
0.03108000081494528832 0.03865703394341946791
0.03744518240141517240 0.03872307764556701809
0.03424372335573659665 0.03882060065631726814
0.03416737351120491956 0.03887174510480751605
0.03592247626668650801 0.03905938134442615839
0.03086066461479496092 0.03924092443905874417
0.03912700907835080233 0.03998594305037997398
0.02489154724073927225 0.04015298559700954117
0.02854373502963730019 0.04019594760393990773
0.03112357928172978724 0.04061513280185704428
0.03763455514513892181 0.04064274938279502369
0.03700324716879253850 0.04122056866992237362
0.03553159631278585140 0.04149833009139576590
0.03607871634778117564 0.04164332718849277082
0.03635408970389934075 0.04173695296640836383
0.03300444592494539142 0.04190004534247872975
0.03943788633548912792 0.04192404498413238728
0.04160743669913007786 0.04227817204913113941
0.03554441341790830905 0.04233489729808494889
0.03271000381361052756 0.04246996142349508674
0.04274232605831922854 0.04276818097561210091
0.04257980250208189682 0.04279716742994348760
0.03216078431012355660 0.04281756822351238945
0.04106387357921843784 0.04283972046387225091
0.03201491211427052314 0.04298678157992389531
0.03193258113991792602 0.04331154887746803406
0.04094192098131828328 0.04382746555799683225
0.04039378617605589306 0.04407679610368840650
0.04028050142469143113 0.04446592284759014191
0.03912321469627251525 0.04451337647019102534
0.04099841681218548833 0.04456892508852646623
0.03361499167473570859 0.04462036100967420316
0.03728222666602829666 0.04478684363154445541
0.03617973485862990141 0.04569434649780324681
0.04147724780521241245 0.04587035279418472111
0.04255308630167854017 0.04588369523129313954
0.04090596280133931839 0.04588369523129313954
0.04255957158051872080 0.04601332378994749811
0.04580029519233162066 0.04628532702015155514
0.03947339403671676350 0.04725536095434552941
0.04670852415716551798 0.04731872900207371307
0.04243689420958658004 0.04787630708360215981
0.04632255424898151785 0.04889813184258068324
0.04389304619514577260 0.04931252308738386797
0.03641851967794661193 0.04977023112037406299
0.04321665360248901772 0.04981699433853092884
0.04889216145077007747 0.04989841580965667656
0.03829306052459665460 0.04991337395254780845
0.03684922738393280051 0.05016304848165149127
0.04474627629027737308 0.05019154035078599724
0.04464350921531052424 0.05073949933011817626
0.04762845977637424066 0.05082830230668054783
0.04887550186911088917 0.05106237256910667321
0.05039007746859226755 0.05125099864004134531
0.04506642675780308388 0.05164574145721389370
0.04174639071918447020 0.05196550027705827690
0.03956980253913192774 0.05224637430645363845
0.05288584461296194639 0.05322584615362160876
0.04414182606958623467 0.05351544042971393550
0.04204211219087704288 0.05423838706291365247
0.04322631258276132815 0.05444237296847320023
0.04830147945700205558 0.05484104385288977868
0.04630523834332291033 0.05496293147242838767
0.03770852136119239029 0.05542991588847644840
0.05413076465656858210 0.05557594337737756240
0.04740824547491984814 0.05645760921645812808
0.04726743503070023750 0.05645760921645812808
0.05264804630135517388 0.05671408066329479414
0.05552115849734940572 0.05671444957761442168
0.05504093696590515311 0.05711187799024984579
0.05232759995790302321 0.05843217916660740918
0.05697351126151364853 0.05869171442465390132
0.05599640169041843196 0.05872739614354806348
0.04208690441580982544 0.05952237343441828948
0.04580753386591276261 0.05956036926210801080
0.05982556687601467416 0.06063683796063187859
0.05592309891741010369 0.06166589341017494202
0.05437803818560617980 0.06234751127495460205
0.05096262486889054782 0.06303027807377120650
0.06194942445291229394 0.06565833640057835985
0.05427951700501872090 0.06594313894147429966
0.05440083005761187779 0.06743777377200360634
0.05754117153685198854 0.06861830324295703498
0.06533714120684425142 0.06914592933225663374
0.05221995724105155112 0.06936109116297856092
0.05387884569065236329 0.06961973371397509047
0.04575834367987662021 0.07182668989411168659
0.07769984093033070749 0.07786651462846638783
0.07927594291191450426 0.08445944328869614548
