0.00570056197457922530 0.00612926925117448368
0.00744650863469916748 0.00835609030851406503
0.01005562836067440576 0.01028929058595482240
0.01131777297069990092 0.01134919676713094273
0.01282189518810347012 0.01283012376669524085
0.01255957735206738105 0.01283693594408900907
0.01216902914931930306 0.01288877229023914842
0.01259599416751643747 0.01309853009976527129
0.01266513187880238638 0.01324330608111448301
0.01093774913822215429 0.01329741313577641540
0.01207047070086585475 0.01333515926059791745
0.01230289280361455094 0.01360441599199598180
0.01249370150652497763 0.01423186355934245167
0.01335950728742477805 0.01455280007466390642
0.01356317598430404996 0.01468194967054319358
0.01319987074571724560 0.01477024794605704197
0.01131726785275891274 0.01513481304821398012
0.01281580458398765519 0.01514107675311513086
0.01464391676195216097 0.01540721265063194068
0.01395219062427799361 0.01545421507975450366
0.01218222488350647996 0.01548666594401261129
0.01182495153243215240 0.01553714898501415941
0.01487894115075879056 0.01558382210979273805
0.01539908705510286378 0.01580567325241828691
0.01427277868751765204 0.01608650576739433999
0.01358372149137930009 0.01610531001294682879
0.01450191318016862477 0.01611205462355546833
0.01311383238355916421 0.01612514087886043890
0.01615774497653950370 0.01629810009528925158
0.01614266760428662018 0.01671732067830158930
0.01450985001705189410 0.01686271929586951462
0.01627089730533332404 0.01693224883048329021
0.01352232685015259013 0.01694050998626388943
0.01321907305137337563 0.01694610042823620211
0.01661324091059644681 0.01699970518619275256
0.01679392458299269753 0.01705941756378605983
0.01690213248471512594 0.01707754586628107071
0.01437187960680712598 0.01743685222360097722
0.01420431514574926023 0.01754460751542101168
0.01636225321507188760 0.01767004297860410786
0.01642069459080444313 0.01769419812401479622
0.01421376612257100117 0.01770662028194513668
0.01746808776708288005 0.01783401942410644050
0.01558151603718689431 0.01798849354975054146
0.01708052872533279837 0.01810263829778902683
0.01472990147735690411 0.01826238353428663586
0.01719246463445088524 0.01836734658216523236
0.01835762475778652050 0.01838390976470310328
0.01606272736601730214 0.01841517041729645934
0.01793925796021223970 0.01862469829838681382
0.01821700960989909926 0.01862469829838681382
0.01720115732088705815 0.01871810202492543360
0.01857385719081607392 0.01881170877461744648
0.01812520307573818254 0.01889782723813050389
0.01625219647493891806 0.01900178592175696263
0.01740641390138712372 0.01901564673699542365
0.01513936319287813650 0.01902789078770061523
0.01716984021261735646 0.01904698724199056434
0.01792179127591129323 0.01909794623228212168
0.01442487886347962496 0.01914853844318914478
0.01642058749533261905 0.01917576122028556707
0.01753794990239523205 0.01922130055439920382
0.01844170661169499195 0.01930312124874519752
0.01859173029949602596 0.01946293059989282273
0.01573388394006880811 0.01952337145064938703
0.01940675865684180629 0.01955536797972980828
0.01709278245273250160 0.01968438648161996776
0.01557880140865378071 0.01972470843439378188
0.01705989464381836573 0.01972761451972847302
0.01602580659801170967 0.01983093359305968320
0.01753381216227442585 0.01985092230044168196
0.01648008850031611530 0.01988079743354824111
0.01942496494705907989 0.01991743509513493188
0.01450308246313525284 0.01997982132109574899
0.01883579224123277732 0.01999887239629572627
0.01989112072060133379 0.02022623156638013800
0.01544818130383005146 0.02084695887488663413
0.01798675204641108152 0.02093885287663265621
0.01356311616444492475 0.02100881236669091198
0.01988708428956459731 0.02148260337224385669
0.01723519887375667137 0.02158941165895188544
0.01830326047438086273 0.02165205287402516277
0.01988769323869524208 0.02175018912326364892
0.01146452821825278377 0.02176880530364543390
0.01818979615757393073 0.02183627656392034613
0.01966261705718313352 0.02188447275131056788
0.01993012403653595874 0.02199251681385430007
0.02011429820908207378 0.02202867334105687927
0.02203882049663161494 0.02213438447377862051
0.02140874756995835709 0.02233098695321420954
0.01698787296426904070 0.02295419388446243159
0.01799517600216701124 0.02316219864676988607
0.01661466604666530719 0.02331389639856714865
0.01864869557458262786 0.02354864551066823686
0.02244831980448166661 0.02404297175341963896
0.02314299542422931441 0.02415949884680144294
0.02319405576812734807 0.02465162238540029999
0.02266466713577293055 0.02487386908564919244
0.02418062339819992967 0.02505602719596801767
0.02494156868765989854 0.02512753682660151533
0.02178360316225583931 0.02523486323983003404
0.02089859949482810592 0.02530968585877221844
0.02238184085137222626 0.02531373052326382073
0.02384328902935892169 0.02583556351141872223
0.02369419985748977622 0.02603712509843937595
0.02326855233017787253 0.02611552682880155518
0.02475426763733725929 0.02669300019822249542
0.02591904931051201150 0.02673986884905445865
0.02675050987718390408 0.02681346614544915727
0.02528911444504416267 0.02711061324336676293
0.02184645242622907865 0.02744944665349371635
0.02394082522735554303 0.02758065435380707350
0.02738478436126500631 0.02761949813145530425
0.02707527258196535183 0.02768475110063313080
0.02179615663081397453 0.02814677874355754963
0.02569095347837024867 0.02818665338177617913
0.02248952695280379346 0.02830076603944713803
0.02529279965211482170 0.02831176052439592430
0.02349917991712049958 0.02871836407738753358
0.02175180272000385232 0.02880501635163593144
0.02452049266253637089 0.02884552147522912238
0.02601003927454759515 0.02913663981759124708
0.02803935394902386594 0.02918570858971783477
0.02637214437349125543 0.03003807179766628324
0.02612882491513504948 0.03034780440140398897
0.02034934963843773245 0.03058632228017197849
0.03057587104830101349 0.03081006999793177437
0.03062689591879112772 0.03105100908279062946
0.02810464522390986736 0.03138799170497574842
0.03154592674747569436 0.03223112950174983338
0.03085453066137824538 0.03231405453113786463
0.03249830179596548824 0.03268252122626751077
0.02937431903680466985 0.03271952758086604796
0.02829510950913094458 0.03344508458322181799
0.03250843337945220207 0.03345013205781576654
0.02821329796011753932 0.03366495405824694587
0.03281991607606526279 0.03451227163849044516
0.02374296504131275659 0.03490031706763639663
0.03193534872113794332 0.03524283534092544079
0.03393700075735487515 0.03580888761178051272
0.03386817126270451339 0.03638986817495092063
0.03408188710406273580 0.03677127355890830868
0.03387888015018199195 0.03734063558429226437
0.03364651352642266530 0.03736349837776135885
0.03204259831252645463 0.03980902731202388967
0.03057632419370412066 0.04027788205359442153
0.03935866027958515034 0.04149342947957540551
0.04039264882910923588 0.04182436482394900207
0.03154491554980281415 0.04242502137436676007
0.03209280253478054984 0.04262058271108282170
0.04069555451346636155 0.04270853527538361061
0.04247386332696057032 0.04620356425528136801
