0.07222669737142979607 0.07343294902622879428
0.07822433647751389496 0.08970987392735273180
0.08062691863700921502 0.08994962321057045629
0.09140601280804717954 0.09745890612542847109
0.09652550132702472641 0.09783277930858012839
0.09569557243878994146 0.10165196963152212106
0.10331151318627246338 0.10845636462787767995
0.10792352748934549989 0.10863754205856733515
0.09867945750582333975 0.10949493319206531072
0.10522839234805884956 0.11002259203034862878
0.10907866000535786088 0.11057967594855303006
0.10989287399399992606 0.11244325945514802023
0.10131333000310674408 0.11473719356774994549
0.10395747769912458414 0.11690518065222312016
0.11618253562781752364 0.11723449624381655776
0.10594554650815753150 0.11798079474527949084
0.11017302097209513700 0.11833162466326582751
0.10838193412891557188 0.12011601394864848680
0.11312147808093842016 0.12035290079602083135
0.12006539457213152855 0.12283152106763876865
0.11298427585478656998 0.12355303039576913393
0.10602481301374250267 0.12407998604710021584
0.12273172591518316521 0.12569677149838331953
0.11758151811109159024 0.12584086480577097444
0.11860304418679791516 0.12678091361214380295
0.11815344323076099053 0.12807679665271387570
0.11738029568962515814 0.12864160183368922308
0.12356198414670536978 0.12971771153845079727
0.09888080123236314689 0.13008672236836762992
0.12960522365971596792 0.13108833491755803036
0.12522855882420827478 0.13152107558635250939
0.11705677490242732963 0.13156774279341973410
0.11923985129054022469 0.13237874678169411768
0.11454486383804581007 0.13245858084040446068
0.11110826961061655294 0.13255782980471106369
0.12213778130099332830 0.13293731282326487486
0.13410315937085395821 0.13545827443297614456
0.10321440649289688463 0.13550490458964614682
0.11402820851427378224 0.13588699102290130449
0.12938219690356067559 0.13598727923228540182
0.09886631173097225334 0.13600057262215020648
0.12311727124065134642 0.13621957917734600629
0.12117325481535780318 0.13760599583558869030
0.12500630749149491128 0.13800135683482095406
0.13050306713874293418 0.13856589225184290370
0.13915029843745349569 0.13943899081394692252
0.13534148637396170578 0.13988329961615184049
0.13648778548013326684 0.14046090197119356913
0.13542410205843177784 0.14131578943584005570
0.11569252880109195947 0.14170012567338116649
0.13977228615000389378 0.14188920391558251799
0.13305358006817644134 0.14197327950087573756
0.11257841114329718291 0.14259377554852462056
0.11604678991169127544 0.14297704292733232068
0.13648308419572116601 0.14423001636302656969
0.13481513688446974952 0.14432167598328840552
0.14293124395012310468 0.14440118718756450589
0.11735015889927678800 0.14571108402502630508
0.12915696967552992014 0.14577960931239547504
0.12393286324313342039 0.14619699018242351962
0.14224902458859983723 0.14630845737289882580
0.14237745608754651117 0.14703511370420566107
0.14323372195132783036 0.14746890825717487439
0.14572436104675198787 0.14829273500228995486
0.11991420344163540579 0.14837934591006257667
0.14905099441266064786 0.14936759837595961486
0.14465362306081525068 0.14964910898058600419
0.15001098243619900852 0.15009415896385050471
0.14213420042556396128 0.15055610368735303228
0.14477923164913308884 0.15078684147038967645
0.14859379399759367613 0.15091726856911427679
0.12748199850610544837 0.15215758180490265850
0.12318224768952028281 0.15245482877900679020
0.13109325105217989327 0.15254737639220952716
0.13798932720713488753 0.15293882826554808241
0.12975923268274716649 0.15456649096166447110
0.13089814284964457203 0.15465353665963191276
0.14710101035096104227 0.15491417426738615659
0.14580940402655956367 0.15496685853449754244
0.13229169961107964393 0.15500772970368531523
0.11446905405349239171 0.15501083190717568350
0.11010659245608127310 0.15580596349842190662
0.12323866102278932533 0.15612280109624718238
0.13383898771567526165 0.15648471851148479383
0.14072537771183274424 0.15775686954347722946
0.15709744480615744910 0.15793935230452543772
0.15327279493063328264 0.15866847382061316507
0.14447626802501267740 0.15895360680264766784
0.15785430274156930786 0.15914628705854544366
0.12517731286595712437 0.15935646795719460300
0.13723259752334454609 0.15939456109953792362
0.14331695423533286071 0.15945605897830913977
0.15163630933210009433 0.15949432660597051559
0.14120138307419138890 0.15964779530721651124
0.15423169605442502150 0.15995285077532259144
0.14063661276882549744 0.16001625385816201086
0.14521280015861048884 0.16015291461670028150
0.15888400051733597707 0.16027395925023329992
0.09078634112899629238 0.16032895626234630604
0.15625240743520751874 0.16053225796045136886
0.14399492611003344988 0.16120259212936177695
0.14269269867854689204 0.16201547687863540603
0.15295252667624528731 0.16261140349147135131
0.14286751787386239854 0.16327613858209133468
0.15307577760310880910 0.16328724454405477151
0.14514696684679920247 0.16386732064456122071
0.14028012363173622545 0.16419221387802315770
0.15250410492270158325 0.16443708406078827444
0.15791291115604286222 0.16444107486565079368
0.13052457023035587969 0.16460095671935984218
0.13966330001399315797 0.16519262417893193495
0.13813359953664780533 0.16608084350136403939
0.14588957868806376461 0.16650104383742497793
0.11373032111726096016 0.16652329753814676394
0.14227451961319806384 0.16661654032151609894
0.16198181619710538826 0.16661654032151609894
0.13276633932751133460 0.16717299584082184749
0.12664787296830268271 0.16842166271955230639
0.13904269840787544799 0.16848447151129378185
0.14906574413313869454 0.16875484294662895790
0.16776929732864634404 0.16900436744616417761
0.14878962523867608758 0.16926330884972362600
0.16634580968055945327 0.16938650246021028090
0.15766461061257414089 0.16957397492032572073
0.12168759681928575933 0.17010212069326799411
0.13367965664571221374 0.17017329649463133756
0.14538299158344392126 0.17078274200132703697
0.12695747910506519074 0.17092738363192161444
0.12919585968120983477 0.17168504060482850382
0.14005277147497832702 0.17312994161908223933
0.16247481451199899394 0.17339669548994618431
0.12657832231275378820 0.17362360411753513523
0.13865317663790985292 0.17380568584305541857
0.16567992858357230568 0.17469161450513709388
0.16003223838735561313 0.17476435157639691464
0.14064179760192846436 0.17523354050167933016
0.13288954086808912880 0.17528742312150163984
0.16101337148891819995 0.17529444448596992467
0.16810971035822011577 0.17552388132079330130
0.15805566413072388854 0.17562984509588261406
0.12994270436657032186 0.17642481188733361019
0.16501488011762782682 0.17746175463618951706
0.14310181390459711381 0.17802109451516873184
0.12194231571712117745 0.17802708919169382695
0.15376356353169795543 0.17839855422660597095
0.17874558202893894854 0.17890718556548085294
0.13919709951111697288 0.17934109951034105102
0.13325425891406297851 0.17965171513465907904
0.12670047672473369604 0.17971343460976865747
0.17188092489000447727 0.17974979673483340581
0.17659511370294778132 0.18019432904170673559
0.16640301644182683982 0.18046399790936087926
0.15647873353336674840 0.18187304615971369715
0.14867132331042567928 0.18218524649433837093
0.16788445658669293170 0.18250553944801325978
0.17520940240845683800 0.18281204334327894045
0.13675576772832195860 0.18338547480595901451
0.11740196073538834709 0.18351052434688019943
0.16833398845007446765 0.18361209611778597783
0.16062427608521517852 0.18400907688073137036
0.11562447152165335196 0.18430217373593188457
0.17471906291555747148 0.18454881981450535489
0.12888259420109876574 0.18466654872210333527
0.13202647410307538633 0.18470936092197168255
0.12656513922307308095 0.18501950936165820205
0.14129215250806187454 0.18629575531617720285
0.12840344247652360488 0.18629575531617720285
0.17478390824350245603 0.18749867141774154145
0.15732919862805472278 0.18819641858205635176
0.11887618984496631236 0.18832580853173561120
0.16563747343501086795 0.18906815951149305577
0.18038529973073910706 0.18922198009719548573
0.17498529529943546157 0.18930785419050763507
0.18459610452717481466 0.18999101786881550380
0.14936255696155373296 0.19014124248900027281
0.14091220504421675397 0.19021259762278869276
0.10888897228215253798 0.19026701329688103237
0.16523698202318209960 0.19039639479789768894
0.18979818758128608192 0.19184026285957778146
0.13092465506588601976 0.19225833900523581210
0.15842352134388051899 0.19353735049634332444
0.13791119426141504323 0.19479405999763171886
0.18047737592600465728 0.19487583908129713084
0.17100106565883432808 0.19509103389549767305
0.18058383118815732327 0.19770874012164180167
0.16020457553362968395 0.19830793538390331654
0.11504275652665416074 0.19854448869729057758
0.18643150517442780290 0.19904834195436479916
0.12901572757253881862 0.20013905263972442405
0.11898960520878358593 0.20034316907120469642
0.17547398459881061172 0.20137247918154901893
0.18245107875494231964 0.20233209902070142805
0.15688127859111639095 0.20245481722920594114
0.14399112626072846366 0.20302524640261798705
0.15627224832527647491 0.20362706708012603962
0.19789755304796560753 0.20451942256525132424
0.17912693785149841341 0.20518363962918417798
0.11985840044327779330 0.20556967646313140108
0.13739098542515096324 0.20577882435782388071
0.17347716006247751452 0.20589109781553521783
0.20544325093967583107 0.20592491462403950120
0.16876344768959056220 0.20593442747216630928
0.12804219501745411902 0.20802717764460668115
0.11041571707059689988 0.20844879985657430166
0.18042951029216666714 0.20846693178256692214
0.12319287336168327496 0.20853062673857311604
0.19981090055399006178 0.21003384376456771254
0.17635980931660955040 0.21011807030990520273
0.13160282737359277339 0.21041121843061552643
0.13562671442029081148 0.21184532177284021159
0.12410186375233374367 0.21193738284281821160
0.18150440826475489065 0.21329303874512983707
0.15210298405299346736 0.21345294319013677353
0.17327446586551639718 0.21391575287007713602
0.15020920554829442217 0.21434924869361307587
0.18113106825472835570 0.21590807139351345101
0.21508497178606628131 0.21694812947349773058
0.19635264914554428906 0.21820297169410551863
0.15954792921015276130 0.21860772969700109636
0.11008830177627662583 0.21895845177792191971
0.20905825121479582052 0.22269439809610647174
0.21275146721181192877 0.22331312578580503336
0.15319511500317342656 0.22715982952348520718
0.22690611768691923422 0.22756351861081280941
0.17494962248818640704 0.23551351898495831438
0.22170561066096589053 0.24767318660867113089
0.16404599822231405448 0.26440729742789848000
0.25003537843519868522 0.27216267980221608980
