0.00000000000000000000 0.00108904857044768650
0.00000000000000000000 0.00181908842760139348
0.00000000000000000000 0.00194613919952936780
0.00000000000000000000 0.00198464896287963181
0.00000000000000000000 0.00243188414134416948
0.00000000000000000000 0.00262905645708898066
0.00000000000000000000 0.00288731214248588155
0.00000000000000000000 0.00291852973707428616
0.00000000000000000000 0.00299885167289558720
0.00000000000000000000 0.00303676030194091487
0.00000000000000000000 0.00307419875585440965
0.00000000000000000000 0.00307817071993621945
0.00000000000000000000 0.00318992908754122187
0.00000000000000000000 0.00321175642715516982
0.00000000000000000000 0.00340979040399608680
0.00000000000000000000 0.00343074177618172974
0.00000000000000000000 0.00378701480695810624
0.00000000000000000000 0.00409249965549456692
0.00000000000000000000 0.00431646862606582978
0.00000000000000000000 0.00441287221164011600
0.00000000000000000000 0.00460127487109900177
0.00000000000000000000 0.00480930348403501347
0.00000000000000000000 0.00510118135156624204
0.00000000000000000000 0.00517232924963972451
0.00000000000000000000 0.00552736005849446734
0.00000000000000000000 0.00556019207938444199
0.00000000000000000000 0.00569828743861271452
0.00000000000000000000 0.00582022229276975625
0.00000000000000000000 0.00584863132878035187
0.00000000000000000000 0.00609720884578318807
0.00000000000000000000 0.00625215523814230852
0.00000000000000000000 0.00645560626293580162
0.00000000000000000000 0.00690932736156450733
0.00000000000000000000 0.00698411343995367778
0.00000000000000000000 0.00712303129652226783
0.00000000000000000000 0.00714776121938534830
0.00000000000000000000 0.00757327442715180921
0.00000000000000000000 0.00760548903526565845
0.00000000000000000000 0.00765612789989199641
0.00000000000000000000 0.00767756963023455679
0.00000000000000000000 0.00772993690417813316
0.00000000000000000000 0.00805298032804772738
0.00000000000000000000 0.00807904691446341937
0.00000000000000000000 0.00808579139311540671
0.00000000000000000000 0.00817873672949150261
0.00000000000000000000 0.00822481800189885787
0.00000000000000000000 0.00853118523927218382
0.00000000000000000000 0.00853919322183694339
0.00000000000000000000 0.00864731125857045799
0.00000000000000000000 0.00864918958608091627
0.00000000000000000000 0.00886922157455585780
0.00000000000000000000 0.00892214614539417993
0.00000000000000000000 0.00919949872990948048
0.00000000000000000000 0.00921549587629846845
0.00000000000000000000 0.00922897774473398907
0.00000000000000000000 0.00922945252635105559
0.00000000000000000000 0.00953732967522323213
0.00000000000000000000 0.00973167965480306596
0.00000000000000000000 0.00974489580895767163
0.00000000000000000000 0.00975592886345333712
0.00000000000000000000 0.00979966311354808078
0.00000000000000000000 0.01006324955798991276
0.00000000000000000000 0.01023000156413812409
0.00000000000000000000 0.01023876701810694755
0.00000000000000000000 0.01065013343667293826
0.00000000000000000000 0.01080551507603035553
0.00000000000000000000 0.01083161980948333346
0.00000000000000000000 0.01086134484505934736
0.00000000000000000000 0.01115326156156688960
0.00000000000000000000 0.01121446450784716921
0.00000000000000000000 0.01127362383950078657
0.00000000000000000000 0.01140117305168164216
0.00000000000000000000 0.01165779153172992813
0.00000000000000000000 0.01213347270021032133
0.00000000000000000000 0.01226691635972711192
0.00000000000000000000 0.01234344349484650487
0.00000000000000000000 0.01236901663971186859
0.00000000000000000000 0.01237113732752848777
0.00000000000000000000 0.01246270176216953199
0.00000000000000000000 0.01246422939299266473
0.00000000000000000000 0.01253495347208731514
0.00000000000000000000 0.01267396472678558247
0.00000000000000000000 0.01273641005870067115
0.00000000000000000000 0.01287937856194867545
0.00000000000000000000 0.01294575399023028053
0.00000000000000000000 0.01304593817412689517
0.00000000000000000000 0.01314825062334617871
0.00000000000000000000 0.01323556366415179313
0.00000000000000000000 0.01326654319502925360
0.00000000000000000000 0.01332652571787602477
0.00000000000000000000 0.01336393039395868988
0.00000000000000000000 0.01342098480006799315
0.00000000000000000000 0.01350529476860499144
0.00000000000000000000 0.01351693854639808914
0.00000000000000000000 0.01351893246026689144
0.00000000000000000000 0.01355434621688795561
0.00000000000000000000 0.01358822032162987706
0.00000000000000000000 0.01361401034537444883
0.00000000000000000000 0.01368001456680542453
0.00000000000000000000 0.01395781648327608544
0.00000000000000000000 0.01400375562636047878
0.00000000000000000000 0.01408641645344088471
0.00000000000000000000 0.01409149171153475238
0.00000000000000000000 0.01411630650598599997
0.00000000000000000000 0.01445567021370112656
0.00000000000000000000 0.01453542547773291858
0.00000000000000000000 0.01457649449837679356
0.00000000000000000000 0.01458700041939732517
0.00000000000000000000 0.01463193832089158646
0.00000000000000000000 0.01463405233411864750
0.00000000000000000000 0.01464773263047218325
0.00000000000000000000 0.01465065336793901739
0.00000000000000000000 0.01473815225804840125
0.00000000000000000000 0.01477111546277803597
0.00000000000000000000 0.01480183742071226015
0.00000000000000000000 0.01487993860062412389
0.00000000000000000000 0.01493770420809634354
0.00000000000000000000 0.01495460506910055443
0.00000000000000000000 0.01500198849342973192
0.00000000000000000000 0.01502079431964113872
0.00000000000000000000 0.01509082972566185878
0.00000000000000000000 0.01523450188012621248
0.00000000000000000000 0.01526238285773645099
0.00000000000000000000 0.01533178634737010493
0.00000000000000000000 0.01538229485355280604
0.00000000000000000000 0.01544827322911876064
0.00000000000000000000 0.01551526273776619030
0.00000000000000000000 0.01555362823896072610
0.00000000000000000000 0.01586164424630085237
0.00000000000000000000 0.01586221611816476112
0.00000000000000000000 0.01586379279167379058
0.00000000000000000000 0.01598696194389566394
0.00000000000000000000 0.01603050234919691994
0.00000000000000000000 0.01612462572871604244
0.00000000000000000000 0.01618001012086407037
0.00000000000000000000 0.01629812555359899315
0.00000000000000000000 0.01639004975453921611
0.00000000000000000000 0.01639173259600964355
0.00000000000000000000 0.01639804755581859841
0.00000000000000000000 0.01654662562324527714
0.00000000000000000000 0.01655735244408226489
0.00000000000000000000 0.01680355225072403119
0.00000000000000000000 0.01686915713754240029
0.00000000000000000000 0.01694580758438733736
0.00000000000000000000 0.01694803710350117551
0.00000000000000000000 0.01696421943455846820
0.00000000000000000000 0.01696480219042120416
0.00000000000000000000 0.01699380593772894382
0.00000000000000000000 0.01705088790345822558
0.00000000000000000000 0.01706523970236963408
0.00000000000000000000 0.01717820120278137561
0.00000000000000000000 0.01731683850658862628
0.00000000000000000000 0.01734942000060541931
0.00000000000000000000 0.01737874139677455382
0.00000000000000000000 0.01741306060522215468
0.00000000000000000000 0.01743352542296022073
0.00000000000000000000 0.01752848351962829621
0.00000000000000000000 0.01754086081899928345
0.00000000000000000000 0.01755089103506126541
0.00000000000000000000 0.01770434251542389592
0.00000000000000000000 0.01777416620796958349
0.00000000000000000000 0.01787584792138689760
0.00000000000000000000 0.01800183805973484125
0.00000000000000000000 0.01808840842368754365
0.00000000000000000000 0.01812394262430516712
0.00000000000000000000 0.01820695172114136090
0.00000000000000000000 0.01825800111478186744
0.00000000000000000000 0.01831613251719824143
0.00000000000000000000 0.01841057446713247406
0.00000000000000000000 0.01855301236878714385
0.00000000000000000000 0.01856117069408246348
0.00000000000000000000 0.01859803892771600894
0.00000000000000000000 0.01860250537488957259
0.00000000000000000000 0.01862297223103036997
0.00000000000000000000 0.01865053403206767130
0.00000000000000000000 0.01865521549211517083
0.00000000000000000000 0.01865850391983522177
0.00000000000000000000 0.01873611395919369191
0.00000000000000000000 0.01873879548389874652
0.00000000000000000000 0.01890640834802014003
0.00000000000000000000 0.01904531380132621146
0.00000000000000000000 0.01916052126770224559
0.00000000000000000000 0.01917512312186596402
0.00000000000000000000 0.01922101951108318510
0.00000000000000000000 0.01924241003952301826
0.00000000000000000000 0.01924302294163845670
0.00000000000000000000 0.01937568329157405081
0.00000000000000000000 0.01942016445417952750
0.00000000000000000000 0.01948147520098335653
0.00000000000000000000 0.01948832271074620037
0.00000000000000000000 0.01950741740327180049
0.00000000000000000000 0.01954278544266539047
0.00000000000000000000 0.01954476996506944106
0.00000000000000000000 0.01956467554942655646
0.00000000000000000000 0.01960169520033367557
0.00000000000000000000 0.01987654219874951042
0.00000000000000000000 0.02003458453262873043
0.00000000000000000000 0.02007134778304868125
0.00000000000000000000 0.02017173620761222169
0.00000000000000000000 0.02017587880203374970
0.00000000000000000000 0.02030224966954552804
0.00000000000000000000 0.02041124371733849321
0.00000000000000000000 0.02047428229024371785
0.00000000000000000000 0.02052798878678762859
0.00000000000000000000 0.02060098581158607139
0.00000000000000000000 0.02062929299833764565
0.00000000000000000000 0.02071055056033453690
0.00000000000000000000 0.02071516925879987939
0.00000000000000000000 0.02078521176335198020
0.00000000000000000000 0.02080080522658827452
0.00000000000000000000 0.02081089248129408542
0.00000000000000000000 0.02081796191173563085
0.00000000000000000000 0.02084252152352801882
0.00000000000000000000 0.02084709526946957811
0.00000000000000000000 0.02088474571789072226
0.00000000000000000000 0.02099680207753159070
0.00000000000000000000 0.02100695171683020224
0.00000000000000000000 0.02100878955069065621
0.00000000000000000000 0.02104076874140215977
0.00000000000000000000 0.02105727327254034581
0.00000000000000000000 0.02112637490996680315
0.00000000000000000000 0.02113136866249545193
0.00000000000000000000 0.02114661435078103724
0.00000000000000000000 0.02114986775268818189
0.00000000000000000000 0.02117171711177905785
0.00000000000000000000 0.02120152395304786275
0.00000000000000000000 0.02120428985841811553
0.00000000000000000000 0.02124247251509694956
0.00000000000000000000 0.02138210760812488120
0.00000000000000000000 0.02146254181057450847
0.00000000000000000000 0.02149214353884072726
0.00000000000000000000 0.02174021018283089565
0.00000000000000000000 0.02180290444411705011
0.00000000000000000000 0.02182646124603355650
0.00000000000000000000 0.02184086789073240095
0.00000000000000000000 0.02187711009261871647
0.00000000000000000000 0.02197140649294860443
0.00000000000000000000 0.02199856346432105259
0.00000000000000000000 0.02205180387814820869
0.00000000000000000000 0.02209258166288070868
0.00000000000000000000 0.02210093759150534576
0.00000000000000000000 0.02211936035185084123
0.00000000000000000000 0.02212879967834652586
0.00000000000000000000 0.02215648635116671678
0.00000000000000000000 0.02220553858921872972
0.00000000000000000000 0.02238307241272154136
0.00000000000000000000 0.02258911849644734682
0.00000000000000000000 0.02258931669099919701
0.00000000000000000000 0.02263434091696392772
0.00000000000000000000 0.02265169705559469046
0.00000000000000000000 0.02268214900992921931
0.00000000000000000000 0.02268752332740279001
0.00000000000000000000 0.02269550835671686057
0.00000000000000000000 0.02273049095151470633
0.00000000000000000000 0.02278051481594694019
0.00000000000000000000 0.02291648012377144397
0.00000000000000000000 0.02297791180998909680
0.00000000000000000000 0.02304810079849054297
0.00000000000000000000 0.02315519921003316925
0.00000000000000000000 0.02325018347272944999
0.00000000000000000000 0.02329695923321801337
0.00000000000000000000 0.02336451113690960271
0.00000000000000000000 0.02356078679923248945
0.00000000000000000000 0.02367873117912314140
0.00000000000000000000 0.02376334556282426458
0.00000000000000000000 0.02380346411917722005
0.00000000000000000000 0.02381508034943963584
0.00000000000000000000 0.02382054148596250351
0.00000000000000000000 0.02383987474896155298
0.00000000000000000000 0.02386289900613620951
0.00000000000000000000 0.02396199073700103557
0.00000000000000000000 0.02406934359662980458
0.00000000000000000000 0.02407703762071123840
0.00000000000000000000 0.02412228985910971207
0.00000000000000000000 0.02424070655788957904
0.00000000000000000000 0.02426953634839491489
0.00000000000000000000 0.02431891182850510688
0.00000000000000000000 0.02441896679451007954
0.00000000000000000000 0.02449075095493527185
0.00000000000000000000 0.02451449539249419413
0.00000000000000000000 0.02458065136613942284
0.00000000000000000000 0.02464534309087916542
0.00000000000000000000 0.02472857811812874743
0.00000000000000000000 0.02473373181393094186
0.00000000000000000000 0.02476643603906544464
0.00000000000000000000 0.02479734491066791155
0.00000000000000000000 0.02500017413633855851
0.00000000000000000000 0.02503478822042552385
0.00000000000000000000 0.02516594950356430826
0.00000000000000000000 0.02519078746523258430
0.00000000000000000000 0.02523395429273585233
0.00000000000000000000 0.02526866959670206331
0.00000000000000000000 0.02528580943652718876
0.00000000000000000000 0.02528755463750647151
0.00000000000000000000 0.02539623644928484109
0.00000000000000000000 0.02540768836399461342
0.00000000000000000000 0.02541955700268589552
0.00000000000000000000 0.02543598078765172549
0.00000000000000000000 0.02551771475602312989
0.00000000000000000000 0.02557671956171094635
0.00000000000000000000 0.02576359170350711256
0.00000000000000000000 0.02579859256846733090
0.00000000000000000000 0.02588197856797184657
0.00000000000000000000 0.02593610291710949506
0.00000000000000000000 0.02600543368091201915
0.00000000000000000000 0.02606932631329971287
0.00000000000000000000 0.02609012582391451174
0.00000000000000000000 0.02611138432967647499
0.00000000000000000000 0.02629724561511748854
0.00000000000000000000 0.02637618788206014253
0.00000000000000000000 0.02640191241198364472
0.00000000000000000000 0.02647484453617962238
0.00000000000000000000 0.02648840462800103324
0.00000000000000000000 0.02655891507947901256
0.00000000000000000000 0.02660652829028001265
0.00000000000000000000 0.02668409814480002945
0.00000000000000000000 0.02671993069856625630
0.00000000000000000000 0.02678792125149872388
0.00000000000000000000 0.02681325047757611435
0.00000000000000000000 0.02682776123291785025
0.00000000000000000000 0.02695322010879176028
0.00000000000000000000 0.02716474466056497880
0.00000000000000000000 0.02717601076322323853
0.00000000000000000000 0.02743557709277410009
0.00000000000000000000 0.02745254839227189228
0.00000000000000000000 0.02746329296779603801
0.00000000000000000000 0.02752794566346421917
0.00000000000000000000 0.02754754711978735573
0.00000000000000000000 0.02762854158738390839
0.00000000000000000000 0.02776865674556290228
0.00000000000000000000 0.02778274145333444259
0.00000000000000000000 0.02788583543759511757
0.00000000000000000000 0.02800576939069645416
0.00000000000000000000 0.02819938798896161683
0.00000000000000000000 0.02822747288249771724
0.00000000000000000000 0.02837276517799690659
0.00000000000000000000 0.02850896218415267455
0.00000000000000000000 0.02860362498842022524
0.00000000000000000000 0.02865954058410448771
0.00000000000000000000 0.02868940707429720738
0.00000000000000000000 0.02871246330864911031
0.00000000000000000000 0.02871917841657763495
0.00000000000000000000 0.02896673476437268066
0.00000000000000000000 0.02900731376878483078
0.00000000000000000000 0.02903437164939351445
0.00000000000000000000 0.02920903108324897010
0.00000000000000000000 0.02921615487683793672
0.00000000000000000000 0.02925088264363807922
0.00000000000000000000 0.02935555324828646381
0.00000000000000000000 0.02935632289383547852
0.00000000000000000000 0.02949092614301521489
0.00000000000000000000 0.02953931119877965458
0.00000000000000000000 0.02965230996925290186
0.00000000000000000000 0.02965842461544487482
0.00000000000000000000 0.02970031032713407390
0.00000000000000000000 0.02979331280504004045
0.00000000000000000000 0.02982831266705754034
0.00000000000000000000 0.02984492741822168324
0.00000000000000000000 0.03015918189294056542
0.00000000000000000000 0.03016145993238647516
0.00000000000000000000 0.03018139447434967787
0.00000000000000000000 0.03036737354956159374
0.00000000000000000000 0.03054120012530197464
0.00000000000000000000 0.03069493576851657288
0.00000000000000000000 0.03087240770401381701
0.00000000000000000000 0.03099211860915157893
0.00000000000000000000 0.03106195906383070818
0.00000000000000000000 0.03109173402905273872
0.00000000000000000000 0.03109314332045774731
0.00000000000000000000 0.03117684012147044562
0.00000000000000000000 0.03126953115278321982
0.00000000000000000000 0.03129352488331069854
0.00000000000000000000 0.03143191963132319078
0.00000000000000000000 0.03145991557673613603
0.00000000000000000000 0.03158404681120860480
0.00000000000000000000 0.03159392440600245627
0.00000000000000000000 0.03165796848476566672
0.00000000000000000000 0.03168069039271593362
0.00000000000000000000 0.03180614579657490421
0.00000000000000000000 0.03183312624226889570
0.00000000000000000000 0.03187150020384084403
0.00000000000000000000 0.03187602867492205644
0.00000000000000000000 0.03227337257735471421
0.00000000000000000000 0.03237518376835380601
0.00000000000000000000 0.03243197826536949741
0.00000000000000000000 0.03276196977853047809
0.00000000000000000000 0.03278449325731314090
0.00000000000000000000 0.03297485881483456366
0.00000000000000000000 0.03304667671559248510
0.00000000000000000000 0.03306902640584455377
0.00000000000000000000 0.03312586606275237655
0.00000000000000000000 0.03320702026383458294
0.00000000000000000000 0.03320814890397263269
0.00000000000000000000 0.03323589296501574392
0.00000000000000000000 0.03351980063991966130
0.00000000000000000000 0.03352355311526614839
0.00000000000000000000 0.03356419717433054006
0.00000000000000000000 0.03363955119892484552
0.00000000000000000000 0.03386482904598719229
0.00000000000000000000 0.03389624656908629685
0.00000000000000000000 0.03393275675505983552
0.00000000000000000000 0.03397408414678857597
0.00000000000000000000 0.03428166961713320637
0.00000000000000000000 0.03433936400538686873
0.00000000000000000000 0.03445235253408712034
0.00000000000000000000 0.03445915179555410213
0.00000000000000000000 0.03447447868951102751
0.00000000000000000000 0.03464826489552437494
0.00000000000000000000 0.03467492599406092613
0.00000000000000000000 0.03467815218455055221
0.00000000000000000000 0.03482362437079027095
0.00000000000000000000 0.03485415095402775304
0.00000000000000000000 0.03490422770013183740
0.00000000000000000000 0.03503769539125100446
0.00000000000000000000 0.03512597508779481681
0.00000000000000000000 0.03518695197001461827
0.00000000000000000000 0.03521324560322164343
0.00000000000000000000 0.03528096394769299898
0.00000000000000000000 0.03554865947424552114
0.00000000000000000000 0.03555270567755523109
0.00000000000000000000 0.03577501417052671856
0.00000000000000000000 0.03583166602832800474
0.00000000000000000000 0.03600145904673612840
0.00000000000000000000 0.03609891826249206348
0.00000000000000000000 0.03613035851744057780
0.00000000000000000000 0.03628102719610788035
0.00000000000000000000 0.03633443292892950954
0.00000000000000000000 0.03638528167272728209
0.00000000000000000000 0.03695682327396295624
0.00000000000000000000 0.03700911216305535767
0.00000000000000000000 0.03725047170035817451
0.00000000000000000000 0.03741197966066907299
0.00000000000000000000 0.03746255297242667703
0.00000000000000000000 0.03759302845528544879
0.00000000000000000000 0.03762275701660689614
0.00000000000000000000 0.03780143485302787931
0.00000000000000000000 0.03803605372596820938
0.00000000000000000000 0.03818399939836760598
0.00000000000000000000 0.03830700358094128039
0.00000000000000000000 0.03856879148423815462
0.00000000000000000000 0.03869350252181617128
0.00000000000000000000 0.03870594098462495219
0.00000000000000000000 0.03875147629869053062
0.00000000000000000000 0.03889495388019324762
0.00000000000000000000 0.03898904779563764494
0.00000000000000000000 0.03905038625033559196
0.00000000000000000000 0.03918331990745252402
0.00000000000000000000 0.03920298786083137310
0.00000000000000000000 0.03923591255609129580
0.00000000000000000000 0.03932139074161430242
0.00000000000000000000 0.03936006027582750894
0.00000000000000000000 0.03961030474003308238
0.00000000000000000000 0.03967208727816495806
0.00000000000000000000 0.03999790123297806282
0.00000000000000000000 0.04038789893227232031
0.00000000000000000000 0.04069242448835862919
0.00000000000000000000 0.04083591291180465460
0.00000000000000000000 0.04084135007863216871
0.00000000000000000000 0.04132168341632429936
0.00000000000000000000 0.04154543853144675170
0.00000000000000000000 0.04182720209593829286
0.00000000000000000000 0.04269999221041245741
0.00000000000000000000 0.04281016663870123445
0.00000000000000000000 0.04288024442421634747
0.00000000000000000000 0.04289812758720847052
0.00000000000000000000 0.04333371534685912657
0.00000000000000000000 0.04350797979678231592
0.00000000000000000000 0.04373961047789402812
0.00000000000000000000 0.04444599547882505108
0.00000000000000000000 0.04504758187568710937
0.00000000000000000000 0.04507852900813208441
0.00000000000000000000 0.04548014577565007155
0.00000000000000000000 0.04558987694123337042
0.00000000000000000000 0.04578251113848307019
0.00000000000000000000 0.04599705876083919759
0.00000000000000000000 0.04609363991903853847
0.00000000000000000000 0.04632684860774857055
0.00000000000000000000 0.04641019248649757428
0.00000000000000000000 0.04656526104886504758
0.00000000000000000000 0.04656618681654485503
0.00000000000000000000 0.04742750519793462877
0.00000000000000000000 0.04746570286125890298
0.00000000000000000000 0.04768069496184008244
0.00000000000000000000 0.04881239179858831712
0.00000000000000000000 0.05014209786460992191
0.00000000000000000000 0.05130339218297545745
0.00000000000000000000 0.05144226989173465714
0.00000000000000000000 0.05149042271655567687
0.00000000000000000000 0.05168642491553344931
0.00000000000000000000 0.05219112066983874754
0.00000000000000000000 0.05513430597586470999
0.00000000000000000000 0.05524942746188745563
0.00000000000000000000 0.05584277195583284281
0.00000000000000000000 0.05675665875353119033
0.00000000000000000000 0.05754502141676173799
0.00000000000000000000 0.05881796947301434070
0.00000000000000000000 0.07321602061855111976
0.00000000000000000000 0.07966312749368244239
0.00000000000000000000 0.11333734400425128641
0.00000000000000000000 1.73205080756887719318
