0.06876144848031011392 0.07009782578842116418
0.08752484807681107370 0.08961288085439972351
0.08961508447083056661 0.08985333707878342957
0.08851094331586245589 0.09129591218637579664
0.08201356446872762329 0.09392474686884917656
0.07995669661309925957 0.09470928326331762293
0.09204942380476426045 0.09719184179864276407
0.10027383151679165885 0.10060126816382300441
0.10210996565706566275 0.10298622384924890905
0.10277930623134855226 0.10439911476523822120
0.07993031610966992717 0.10601366309183997416
0.09210647492337734055 0.10867329143750323328
0.10451030182022828796 0.10990509244816788759
0.10749656517882293094 0.11128536332953326005
0.10741621541158649644 0.11191711932655935835
0.09650909827176540334 0.11606010558729130955
0.11540591638884860337 0.11643194546458587868
0.11506493869851026901 0.11735316573574119947
0.11741928421837452556 0.11825905896945665408
0.10928032985004314248 0.12175885671375821784
0.12058564925752916774 0.12301995364589728144
0.11867356164908332561 0.12333688949776527854
0.11146529439624193458 0.12412972525525756140
0.11902825099817593291 0.12535213215037316337
0.11326141177365264823 0.12561662870311793294
0.11481866007303076493 0.12905432006126926758
0.11319485549198464447 0.13041966708312163759
0.11013906362744209366 0.13106669511826951613
0.12914115550475832594 0.13168401768333118373
0.12253991318391134480 0.13183616942497033975
0.11979241478280663880 0.13210371769076806325
0.12669304631923669624 0.13222169045113249530
0.11829666031796144676 0.13238999879208704358
0.10506393740844575946 0.13258206487421622666
0.10850736723946818874 0.13272457688179040147
0.12230056244843988400 0.13272457688179040147
0.11583898554324573160 0.13388524845005020381
0.10292660923765420411 0.13390207848516288980
0.12947411899180591432 0.13431335084750484210
0.11732097220739627630 0.13464346835666726743
0.12304876024042379901 0.13535972063004617083
0.13607162027994726405 0.13802007176329400551
0.13627323696915852325 0.13815808198287263253
0.13163675511682498831 0.13915057175811654244
0.10640561221447256135 0.13963822896921432304
0.13291272720135244301 0.13971988852028327521
0.13512264771431467536 0.13977299122422237598
0.12263082711209946640 0.14133563010198502141
0.12896638364575369051 0.14166434290784785111
0.13281189113347416364 0.14230348806135606488
0.12618668987890208077 0.14252950586565335533
0.13947148361217601154 0.14263788486163703206
0.13221434268769419185 0.14354007585127531721
0.13124538925053388927 0.14462542860609972628
0.14182929586243450681 0.14482399159526587740
0.12446749860087188977 0.14500437347309205749
0.13224800483693316400 0.14505573439854063666
0.11458694162942205386 0.14561172013809725589
0.14055775195986230930 0.14608301167842338564
0.12235117597810420131 0.14642718574426852318
0.14354184876673936611 0.14662250131466630920
0.14225211407892274229 0.14669608048790108712
0.11973754582889109543 0.14686071603618588988
0.13758929672008857192 0.14751337585684881626
0.13142109821051881080 0.14756596762830706537
0.14565685669494510268 0.14804832490350564034
0.12185250811174203056 0.14817197321196740045
0.12856323474540490293 0.14819261535514896555
0.11096021305885273023 0.14822978396365069087
0.12260569823854129690 0.14880481941768447518
0.14360797769395960977 0.14885039539205807690
0.13194148918144724125 0.14891570290233627216
0.11947110657646101139 0.14894926132598634849
0.13258644584796550059 0.14907176539588384845
0.13234953757707396127 0.14925406792110287868
0.13892369090112721697 0.14994134637770645258
0.11682306951232736270 0.15017051577166673493
0.14644949066379880920 0.15177157051322562320
0.14633682760808436329 0.15221305359405298829
0.13052450984555727387 0.15357425254304324369
0.12532687755883806235 0.15371152504913843106
0.11950182470509566890 0.15417618115730649664
0.14034951107750157084 0.15480555744524029937
0.15105516497847804036 0.15528259186538478920
0.14854645264186500109 0.15549646621420809556
0.12061815038181787629 0.15577320885632348069
0.14862584067722109382 0.15608149225471781851
0.12528175943137029313 0.15610691091693934540
0.12324400707448192327 0.15642475775420972006
0.13812362292925595142 0.15653401408251746418
0.12688302420013836125 0.15671708765043257383
0.14722268379369923830 0.15675503139997601365
0.13132058863553749961 0.15708659631778287835
0.14691562478193909147 0.15759800183674149698
0.14652650805640940468 0.15792143139963060738
0.14217662324655408468 0.15798222161366673455
0.12383310107240315390 0.15914028033815963425
0.14585212538055594700 0.15950583820478655972
0.14619263817462097022 0.16001409964761609261
0.13209609353179282976 0.16017901947101784166
0.13596933075226511067 0.16017901947101784166
0.12077456733780368714 0.16112399294873852584
0.15694343645077130089 0.16266821424743446722
0.15815198399599458834 0.16281099030632970037
0.11348202105988119959 0.16330825376451185704
0.15309326196641512285 0.16336391397518082447
0.14117434745252108175 0.16362665540897328165
0.15830349566733478706 0.16489892565877908859
0.15298977345356609692 0.16511653525106156915
0.11013896327012077936 0.16650255219373200077
0.16633278283076627369 0.16872320152367370483
0.13146363017376058724 0.16939283124999102159
0.13884774408083208619 0.17013143589802970368
0.15996744667370765836 0.17063114328278417009
0.14301796147947454241 0.17070243495831571856
0.15624648244324970681 0.17097099145998173597
0.17202107168973329587 0.17242695337328126093
0.15749722975950719572 0.17264820484915194276
0.14268188421786673348 0.17278657767665031586
0.16420262468257512678 0.17285641079821986721
0.16991711252944033395 0.17298074733630738886
0.11655384698241740005 0.17347463237934601654
0.13307550718870614359 0.17369863445175456884
0.12248428004423612958 0.17370631503253503025
0.15610702496859035771 0.17572224739263844762
0.16744080033848682265 0.17604682347741021364
0.12844832689429805384 0.17624964782566276966
0.14200015786490774450 0.17628776522644598601
0.13299899131631748306 0.17653614415660306980
0.15477408438793449630 0.17701881275758465928
0.16654404749255893869 0.17725210317829870332
0.13592585442184360045 0.17764903568328432870
0.13634771252616020853 0.17770209978047032950
0.11921026711211762938 0.17854204141622315172
0.12006580002865073487 0.17873812432354552193
0.15717995982543520039 0.17886107710822604644
0.15402011841286455951 0.17892069040439403937
0.12771457794903320893 0.17921898747446746158
0.13473521588754527878 0.17921898747446746158
0.16347919442428943126 0.17924318106212300261
0.13509498268801911625 0.17987386440140551436
0.12293516730870784892 0.18106479600506808492
0.11748074158807420009 0.18159150850935926180
0.15538205035871588411 0.18305056831313651355
0.11331698005190816991 0.18305429310780696461
0.16952007047388356620 0.18368992528404501363
0.15588804052878865725 0.18436197654830235870
0.18399036255638651083 0.18508586025394352381
0.14030473161328227416 0.18539019829165592768
0.16332399119645937824 0.18546165754211532684
0.14146089566830827300 0.18585301721250921392
0.18602683731200983508 0.18629927338616075749
0.14703864400098390353 0.18679143137861112245
0.15388111267884463373 0.18755396863050291523
0.16988428088005316785 0.18829104229060383835
0.18602563971646801644 0.18945412059523905612
0.12318347416786602777 0.18979380131118414599
0.18328148415431827489 0.18990907435136508696
0.13895928099957011170 0.19005508398692380623
0.11110107861426053721 0.19158410487099669650
0.13166441857128363679 0.19237347197069129545
0.14373435683966076515 0.19283481817149317195
0.17870718252414288796 0.19294558472232770097
0.18427278219222051336 0.19309194175563820783
0.16330964424938729240 0.19318024276157200192
0.17590523962449969297 0.19369629180954123226
0.18398759022156616072 0.19382535344042847725
0.18010106944550272057 0.19385856707317636327
0.17679921270782122944 0.19487555294094710545
0.17954674019949645736 0.19508817050991689168
0.13274377325776828829 0.19586047696922084804
0.16083175292650253585 0.19651116426066686516
0.18059145480189192634 0.19709299840774763268
0.15674592206965201613 0.19717238164091382968
0.18582114529734097830 0.19755486152365320240
0.12234458267818505706 0.19916441747037041954
0.12035697116193699863 0.19973617479935429353
0.11072303588101449490 0.20026603214133800734
0.17490496584945014469 0.20057226189521579207
0.16546877331146228607 0.20135781646343062223
0.15107530867983445799 0.20185552156133695911
0.15215724529611032723 0.20237576321141587110
0.16017077841042021147 0.20248519507132611839
0.19311890798231493016 0.20314622289035882963
0.18627301087454525841 0.20354118758291966929
0.15017702107760458330 0.20391895745331556355
0.18535424319737228704 0.20455572155859547134
0.14115614807616522208 0.20482066766962322979
0.11292288498981097045 0.20528801345990349558
0.15200621881066123109 0.20578916287245915817
0.19205296869831878226 0.20580321868564399601
0.19780395817628995681 0.20610687410055203439
0.15687380581951021474 0.20758291478902263227
0.18285988832688820915 0.20865609074666230383
0.14125656950209350415 0.20961830668794306787
0.20163395865170025134 0.21096135480535649354
0.15968363343324815107 0.21181730628604528155
0.17803440517247595687 0.21314172366503419953
0.12757949551859432136 0.21357352247766786535
0.20614913872507625858 0.21367807977875769021
0.13637336192184626449 0.21393979462502454858
0.21339473531342004198 0.21499635804242805959
0.14828333742478791435 0.21528842627100192031
0.15383341624637628109 0.21544951996101494029
0.17059491884050292931 0.21648133608867628497
0.15522997913447142415 0.21821667353583584781
0.15078312206206373469 0.22090291556400831752
0.19700036009996466091 0.22090291556400831752
0.12255146357100710208 0.22170681557062768552
0.21935848691746995254 0.22266713688071027022
0.12007154958369656295 0.22335440234378584057
0.17748731183298094294 0.22367879850450106405
0.14041369678241225061 0.22562327526745229456
0.17526510493780819711 0.22603742523988692992
0.13309680970671097788 0.22621969514285075742
0.13986140442087577340 0.22789742181789920950
0.18075005182007755633 0.22884426792631390457
0.11757222144676598985 0.22900702378045179053
0.22669541238338919431 0.23257554545019476500
0.20744818944485918233 0.25317876171034386923
