0.00000000000000000000 0.00493961690399043283
0.00000000000000000000 0.01242759758505108600
0.00000000000000000000 0.01559809273291508196
0.00000000000000000000 0.01869552689413398611
0.00000000000000000000 0.02027092433083695772
0.00000000000000000000 0.02251925370732098947
0.00000000000000000000 0.02441259502313864252
0.00000000000000000000 0.02473603837535662958
0.00000000000000000000 0.02479520184536128033
0.00000000000000000000 0.02496652862581828780
0.00000000000000000000 0.02603444526476829043
0.00000000000000000000 0.02703718183316898907
0.00000000000000000000 0.02785233342640029697
0.00000000000000000000 0.02830749741094469585
0.00000000000000000000 0.02881729984872153510
0.00000000000000000000 0.02930954102839641862
0.00000000000000000000 0.03060307010969177954
0.00000000000000000000 0.03065908485268296901
0.00000000000000000000 0.03233426418596083152
0.00000000000000000000 0.03309556737362197298
0.00000000000000000000 0.03379438287262025165
0.00000000000000000000 0.03408992887234409130
0.00000000000000000000 0.03425039279061391911
0.00000000000000000000 0.03446759751632071100
0.00000000000000000000 0.03456813443598093921
0.00000000000000000000 0.03459430392542432731
0.00000000000000000000 0.03480547005833480728
0.00000000000000000000 0.03499571988602673961
0.00000000000000000000 0.03537209095417503252
0.00000000000000000000 0.03593544665300916346
0.00000000000000000000 0.03614673216713471665
0.00000000000000000000 0.03619396167422497812
0.00000000000000000000 0.03632153668454161932
0.00000000000000000000 0.03665052677849998247
0.00000000000000000000 0.03673338232259034525
0.00000000000000000000 0.03764189215171097336
0.00000000000000000000 0.03777548878535089832
0.00000000000000000000 0.03818338564938791174
0.00000000000000000000 0.03850365006169678694
0.00000000000000000000 0.03910620838450183656
0.00000000000000000000 0.03913068412425690229
0.00000000000000000000 0.04061526362730138312
0.00000000000000000000 0.04099914608335111094
0.00000000000000000000 0.04223473157459115002
0.00000000000000000000 0.04384515200642929295
0.00000000000000000000 0.04421420835517489434
0.00000000000000000000 0.04547051810104332792
0.00000000000000000000 0.04573759639901027463
0.00000000000000000000 0.04580550115873492645
0.00000000000000000000 0.04650997730170548100
0.00000000000000000000 0.04714399668843528152
0.00000000000000000000 0.04771667897691106441
0.00000000000000000000 0.04785204339481079899
0.00000000000000000000 0.04838310605566045058
0.00000000000000000000 0.04873533147438584290
0.00000000000000000000 0.04902198004693070210
0.00000000000000000000 0.04920340039035940582
0.00000000000000000000 0.04920889464999100849
0.00000000000000000000 0.04993055738117278125
0.00000000000000000000 0.05031858515920187985
0.00000000000000000000 0.05036313656047532172
0.00000000000000000000 0.05096385477795493946
0.00000000000000000000 0.05136664863357267435
0.00000000000000000000 0.05137997479542837781
0.00000000000000000000 0.05170134077532807793
0.00000000000000000000 0.05225971448252312440
0.00000000000000000000 0.05260664695724652506
0.00000000000000000000 0.05279491988645861056
0.00000000000000000000 0.05330246094679081531
0.00000000000000000000 0.05331463643590530349
0.00000000000000000000 0.05362412565238106055
0.00000000000000000000 0.05371286153310413092
0.00000000000000000000 0.05391040902664276380
0.00000000000000000000 0.05411650007687156261
0.00000000000000000000 0.05453681295623259706
0.00000000000000000000 0.05461500594781534129
0.00000000000000000000 0.05484618744880517816
0.00000000000000000000 0.05503731652003701624
0.00000000000000000000 0.05519450908468366557
0.00000000000000000000 0.05531583921658150133
0.00000000000000000000 0.05543198283200694715
0.00000000000000000000 0.05549259974604381362
0.00000000000000000000 0.05565206298467249152
0.00000000000000000000 0.05609843117762303849
0.00000000000000000000 0.05648919420659194446
0.00000000000000000000 0.05650768545858866204
0.00000000000000000000 0.05668348049453286047
0.00000000000000000000 0.05673966647091211596
0.00000000000000000000 0.05867573887181851133
0.00000000000000000000 0.05920292083128307625
0.00000000000000000000 0.05942247621538025021
0.00000000000000000000 0.05953811102041670772
0.00000000000000000000 0.05960784463881645817
0.00000000000000000000 0.05993085709224087870
0.00000000000000000000 0.06029582345120237941
0.00000000000000000000 0.06037140258556379646
0.00000000000000000000 0.06037545945371578654
0.00000000000000000000 0.06049085506584771926
0.00000000000000000000 0.06070999075462894107
0.00000000000000000000 0.06098548890366631975
0.00000000000000000000 0.06108549010020738329
0.00000000000000000000 0.06200638569823194168
0.00000000000000000000 0.06229614502398987674
0.00000000000000000000 0.06315975203108920022
0.00000000000000000000 0.06343600767072568591
0.00000000000000000000 0.06373903387325563497
0.00000000000000000000 0.06451205299987895769
0.00000000000000000000 0.06478410558865135838
0.00000000000000000000 0.06516560573667612433
0.00000000000000000000 0.06519306091543383697
0.00000000000000000000 0.06537955232693198893
0.00000000000000000000 0.06555777997911790833
0.00000000000000000000 0.06560009909960275165
0.00000000000000000000 0.06578720370057247746
0.00000000000000000000 0.06590057262489357193
0.00000000000000000000 0.06614613114107782688
0.00000000000000000000 0.06616087122214797667
0.00000000000000000000 0.06661903118992865136
0.00000000000000000000 0.06663949506608185525
0.00000000000000000000 0.06712536750854643242
0.00000000000000000000 0.06720178247124636295
0.00000000000000000000 0.06753266433360363696
0.00000000000000000000 0.06771316324072096382
0.00000000000000000000 0.06799267892759459919
0.00000000000000000000 0.06810727955245352017
0.00000000000000000000 0.06812204218455393534
0.00000000000000000000 0.06859841842414690638
0.00000000000000000000 0.06901062383690780011
0.00000000000000000000 0.06918109891375583131
0.00000000000000000000 0.06937194542950586573
0.00000000000000000000 0.06946672849595855737
0.00000000000000000000 0.06959147925445345606
0.00000000000000000000 0.06962077423621559902
0.00000000000000000000 0.06971474763242950512
0.00000000000000000000 0.06987528115752271451
0.00000000000000000000 0.06997370451750532794
0.00000000000000000000 0.07001772984169993275
0.00000000000000000000 0.07014031838295727017
0.00000000000000000000 0.07051281104220354090
0.00000000000000000000 0.07058468645979561196
0.00000000000000000000 0.07063309354982595656
0.00000000000000000000 0.07080214598276483862
0.00000000000000000000 0.07094897868800371932
0.00000000000000000000 0.07121888573152181101
0.00000000000000000000 0.07173645058158492627
0.00000000000000000000 0.07184901571421378752
0.00000000000000000000 0.07185876752912252752
0.00000000000000000000 0.07201029961747412722
0.00000000000000000000 0.07224062938704016446
0.00000000000000000000 0.07270089906451723816
0.00000000000000000000 0.07271676221307073196
0.00000000000000000000 0.07285065242241516026
0.00000000000000000000 0.07327747777734798518
0.00000000000000000000 0.07340864356570604710
0.00000000000000000000 0.07369135782564371906
0.00000000000000000000 0.07375858814217900461
0.00000000000000000000 0.07402804976574614559
0.00000000000000000000 0.07408838599133253655
0.00000000000000000000 0.07445738757349057435
0.00000000000000000000 0.07470960661012095161
0.00000000000000000000 0.07477073184167283559
0.00000000000000000000 0.07483170069886557751
0.00000000000000000000 0.07532079932146122647
0.00000000000000000000 0.07543455218289486786
0.00000000000000000000 0.07617827538872253001
0.00000000000000000000 0.07623501768633506037
0.00000000000000000000 0.07640038883320293683
0.00000000000000000000 0.07642802031391132678
0.00000000000000000000 0.07643464115791248625
0.00000000000000000000 0.07678760910518628302
0.00000000000000000000 0.07710297073499514098
0.00000000000000000000 0.07734380837537115083
0.00000000000000000000 0.07739573255619404402
0.00000000000000000000 0.07742860892674283124
0.00000000000000000000 0.07748390261718571259
0.00000000000000000000 0.07764945309779280880
0.00000000000000000000 0.07801873616399256084
0.00000000000000000000 0.07830777445564603145
0.00000000000000000000 0.07851079913589982529
0.00000000000000000000 0.07879584328718000630
0.00000000000000000000 0.07895959075904021573
0.00000000000000000000 0.07909906601145939853
0.00000000000000000000 0.07919079388583896706
0.00000000000000000000 0.07959417144983056691
0.00000000000000000000 0.07966286905161275300
0.00000000000000000000 0.07967132268056086042
0.00000000000000000000 0.07993300041674070155
0.00000000000000000000 0.08031371525709607440
0.00000000000000000000 0.08050628332813929144
0.00000000000000000000 0.08103327962785837613
0.00000000000000000000 0.08115448468201443000
0.00000000000000000000 0.08149943547322989479
0.00000000000000000000 0.08158534671433166630
0.00000000000000000000 0.08171552129356758620
0.00000000000000000000 0.08201556413188083872
0.00000000000000000000 0.08206734896343646779
0.00000000000000000000 0.08237336967671812782
0.00000000000000000000 0.08243188170295372152
0.00000000000000000000 0.08249847895792777885
0.00000000000000000000 0.08298053157177417982
0.00000000000000000000 0.08314053786097923282
0.00000000000000000000 0.08318932859762546983
0.00000000000000000000 0.08334637475548398178
0.00000000000000000000 0.08337042261853359892
0.00000000000000000000 0.08361989592328716858
0.00000000000000000000 0.08362351474725411571
0.00000000000000000000 0.08393790886012855723
0.00000000000000000000 0.08412638572701983120
0.00000000000000000000 0.08447922222231656064
0.00000000000000000000 0.08461116869484616720
0.00000000000000000000 0.08463239651088777515
0.00000000000000000000 0.08467058685419860675
0.00000000000000000000 0.08496719323319849859
0.00000000000000000000 0.08545687010288290086
0.00000000000000000000 0.08559274396525055895
0.00000000000000000000 0.08581010152747338415
0.00000000000000000000 0.08582731017083659875
0.00000000000000000000 0.08589437929421990525
0.00000000000000000000 0.08636265432309962742
0.00000000000000000000 0.08646512346519984182
0.00000000000000000000 0.08652967869316534333
0.00000000000000000000 0.08661551959716026761
0.00000000000000000000 0.08684387051069236696
0.00000000000000000000 0.08711610343102857423
0.00000000000000000000 0.08726360445492417628
0.00000000000000000000 0.08744587040223823771
0.00000000000000000000 0.08766953055301869580
0.00000000000000000000 0.08767368018437513011
0.00000000000000000000 0.08778897078490274786
0.00000000000000000000 0.08780858367424813904
0.00000000000000000000 0.08785861803751776611
0.00000000000000000000 0.08788675878199232738
0.00000000000000000000 0.08798075198029275956
0.00000000000000000000 0.08807906854494990112
0.00000000000000000000 0.08809742175924228924
0.00000000000000000000 0.08822075931078848798
0.00000000000000000000 0.08843940442370661070
0.00000000000000000000 0.08871701799528682042
0.00000000000000000000 0.08903835798212648978
0.00000000000000000000 0.08922449326975047390
0.00000000000000000000 0.08928234614165657390
0.00000000000000000000 0.08928978481060872996
0.00000000000000000000 0.08954390572700912654
0.00000000000000000000 0.08955420906260441738
0.00000000000000000000 0.08969456678847244346
0.00000000000000000000 0.09009995680456438227
0.00000000000000000000 0.09025717609851537093
0.00000000000000000000 0.09065827106675480862
0.00000000000000000000 0.09071716331491054552
0.00000000000000000000 0.09102715111935875958
0.00000000000000000000 0.09103494892588458176
0.00000000000000000000 0.09103737780456834516
0.00000000000000000000 0.09170293721122955988
0.00000000000000000000 0.09185802401171598575
0.00000000000000000000 0.09186603438099928687
0.00000000000000000000 0.09186875039514856567
0.00000000000000000000 0.09245993976514803314
0.00000000000000000000 0.09262158030074812975
0.00000000000000000000 0.09264073117169067950
0.00000000000000000000 0.09279623524458584238
0.00000000000000000000 0.09295172171773215253
0.00000000000000000000 0.09299535894444936612
0.00000000000000000000 0.09327631830772400989
0.00000000000000000000 0.09329366296701717409
0.00000000000000000000 0.09343470275337067976
0.00000000000000000000 0.09349767308404180466
0.00000000000000000000 0.09386581207592983866
0.00000000000000000000 0.09400319566105924673
0.00000000000000000000 0.09408696203035227246
0.00000000000000000000 0.09424773753516951791
0.00000000000000000000 0.09428691206995375163
0.00000000000000000000 0.09451799082876176372
0.00000000000000000000 0.09460684297930284370
0.00000000000000000000 0.09472395015568922660
0.00000000000000000000 0.09478998738546581815
0.00000000000000000000 0.09482909904590003380
0.00000000000000000000 0.09485576408017581951
0.00000000000000000000 0.09511578067124916436
0.00000000000000000000 0.09511979524089794746
0.00000000000000000000 0.09531685846851145616
0.00000000000000000000 0.09568372028123652007
0.00000000000000000000 0.09573561186017394420
0.00000000000000000000 0.09595326822800591404
0.00000000000000000000 0.09624998538518550473
0.00000000000000000000 0.09631318410315661827
0.00000000000000000000 0.09635420797210644817
0.00000000000000000000 0.09637310356810153966
0.00000000000000000000 0.09637690961094094733
0.00000000000000000000 0.09646994870309887060
0.00000000000000000000 0.09666645197261852784
0.00000000000000000000 0.09696371358655568595
0.00000000000000000000 0.09699510410154621454
0.00000000000000000000 0.09709576327077154567
0.00000000000000000000 0.09739508094274017258
0.00000000000000000000 0.09752242214765635686
0.00000000000000000000 0.09783691553564075050
0.00000000000000000000 0.09786035918306090764
0.00000000000000000000 0.09794095026859164776
0.00000000000000000000 0.09794802559464628466
0.00000000000000000000 0.09810287503000197917
0.00000000000000000000 0.09816526268467269667
0.00000000000000000000 0.09823523949477791506
0.00000000000000000000 0.09829526943536892603
0.00000000000000000000 0.09844443662691920727
0.00000000000000000000 0.09860598098110200105
0.00000000000000000000 0.09910466346317564623
0.00000000000000000000 0.09914970549489517115
0.00000000000000000000 0.09928924199179109400
0.00000000000000000000 0.09953518507977313079
0.00000000000000000000 0.09957835108299421811
0.00000000000000000000 0.09972280975609647269
0.00000000000000000000 0.10032939344101446388
0.00000000000000000000 0.10045966099705661012
0.00000000000000000000 0.10056187577068216588
0.00000000000000000000 0.10060629081575224453
0.00000000000000000000 0.10072177990302370876
0.00000000000000000000 0.10092895312258196028
0.00000000000000000000 0.10107948685034140457
0.00000000000000000000 0.10110449892059746035
0.00000000000000000000 0.10121088482165062350
0.00000000000000000000 0.10134517857039337940
0.00000000000000000000 0.10155481761472572033
0.00000000000000000000 0.10163844038026272065
0.00000000000000000000 0.10174656526517611432
0.00000000000000000000 0.10185190547176033171
0.00000000000000000000 0.10205552176494307737
0.00000000000000000000 0.10206631990938087873
0.00000000000000000000 0.10230433255374105084
0.00000000000000000000 0.10240223830335647148
0.00000000000000000000 0.10245337606758039839
0.00000000000000000000 0.10282282038866376317
0.00000000000000000000 0.10283321777144946441
0.00000000000000000000 0.10298615310492181818
0.00000000000000000000 0.10310431104102114885
0.00000000000000000000 0.10327609902449792767
0.00000000000000000000 0.10330143318483304971
0.00000000000000000000 0.10333698513570277466
0.00000000000000000000 0.10342007421112953125
0.00000000000000000000 0.10381929654855825973
0.00000000000000000000 0.10388907799584691516
0.00000000000000000000 0.10470914704117811889
0.00000000000000000000 0.10476771372615653610
0.00000000000000000000 0.10491098851683414162
0.00000000000000000000 0.10499124350516374216
0.00000000000000000000 0.10539699526743730174
0.00000000000000000000 0.10545523104230312972
0.00000000000000000000 0.10610046823973062757
0.00000000000000000000 0.10622018688249901253
0.00000000000000000000 0.10625707495790556734
0.00000000000000000000 0.10627889654056695001
0.00000000000000000000 0.10629993706684326416
0.00000000000000000000 0.10644365287161704214
0.00000000000000000000 0.10661251997608442443
0.00000000000000000000 0.10666527892152107004
0.00000000000000000000 0.10708283513892663530
0.00000000000000000000 0.10708310397059074559
0.00000000000000000000 0.10723206191268613852
0.00000000000000000000 0.10728418825508741208
0.00000000000000000000 0.10746103734179447697
0.00000000000000000000 0.10759231958672219043
0.00000000000000000000 0.10811131128444591287
0.00000000000000000000 0.10813425387391378818
0.00000000000000000000 0.10826325595481728348
0.00000000000000000000 0.10845516615443188957
0.00000000000000000000 0.10851362236683584350
0.00000000000000000000 0.10852188818487226718
0.00000000000000000000 0.10852974024343529924
0.00000000000000000000 0.10889096544570307790
0.00000000000000000000 0.10922936471854328977
0.00000000000000000000 0.10969099377594929146
0.00000000000000000000 0.11004852053620482744
0.00000000000000000000 0.11015854830263981101
0.00000000000000000000 0.11033343681586733898
0.00000000000000000000 0.11060449674387592967
0.00000000000000000000 0.11078588911684250640
0.00000000000000000000 0.11097165812209253133
0.00000000000000000000 0.11124920229937552973
0.00000000000000000000 0.11202940747370944419
0.00000000000000000000 0.11214212876247187101
0.00000000000000000000 0.11215813119009435117
0.00000000000000000000 0.11227564647139516574
0.00000000000000000000 0.11241987215803719846
0.00000000000000000000 0.11246407308359925026
0.00000000000000000000 0.11248673652432363002
0.00000000000000000000 0.11248801959157705976
0.00000000000000000000 0.11249618447300405166
0.00000000000000000000 0.11266126274075920211
0.00000000000000000000 0.11337742679897189202
0.00000000000000000000 0.11344265570741554616
0.00000000000000000000 0.11347994852310117064
0.00000000000000000000 0.11354822414325098368
0.00000000000000000000 0.11358408602342119631
0.00000000000000000000 0.11361995190255667898
0.00000000000000000000 0.11373747122484829941
0.00000000000000000000 0.11378100694364855217
0.00000000000000000000 0.11387501624040659298
0.00000000000000000000 0.11419049782787191183
0.00000000000000000000 0.11430243955740966577
0.00000000000000000000 0.11455011301710049665
0.00000000000000000000 0.11458217325761907435
0.00000000000000000000 0.11471002352504552912
0.00000000000000000000 0.11471499101386450903
0.00000000000000000000 0.11478602732697802680
0.00000000000000000000 0.11494467889754948764
0.00000000000000000000 0.11497975090587272962
0.00000000000000000000 0.11536027183414070130
0.00000000000000000000 0.11543259199014659078
0.00000000000000000000 0.11547563492795434592
0.00000000000000000000 0.11554045544757646224
0.00000000000000000000 0.11555163091183580371
0.00000000000000000000 0.11568626312976530712
0.00000000000000000000 0.11589336073497204238
0.00000000000000000000 0.11614596820376912878
0.00000000000000000000 0.11637939547342146529
0.00000000000000000000 0.11647194751541899149
0.00000000000000000000 0.11653105255372564475
0.00000000000000000000 0.11692696320928065712
0.00000000000000000000 0.11807608075678564796
0.00000000000000000000 0.11810238095324558649
0.00000000000000000000 0.11831579210693958515
0.00000000000000000000 0.11846961129873864738
0.00000000000000000000 0.11904695726257652488
0.00000000000000000000 0.11921961421239139767
0.00000000000000000000 0.11938305645009639200
0.00000000000000000000 0.11989596621242878949
0.00000000000000000000 0.12088603511546162916
0.00000000000000000000 0.12096658935750449759
0.00000000000000000000 0.12141417246687917497
0.00000000000000000000 0.12156167440837020721
0.00000000000000000000 0.12161243472429675294
0.00000000000000000000 0.12166108535892808384
0.00000000000000000000 0.12167244018642421610
0.00000000000000000000 0.12190996560175297592
0.00000000000000000000 0.12217782113343748918
0.00000000000000000000 0.12265623416984716698
0.00000000000000000000 0.12283545003991652722
0.00000000000000000000 0.12319894000322070826
0.00000000000000000000 0.12336363355689275445
0.00000000000000000000 0.12350708738985700930
0.00000000000000000000 0.12436697551567722775
0.00000000000000000000 0.12436867111978849865
0.00000000000000000000 0.12442291735525343177
0.00000000000000000000 0.12542551661051093426
0.00000000000000000000 0.12697623403214089444
0.00000000000000000000 0.12763605974545369492
0.00000000000000000000 0.12792044836147262177
0.00000000000000000000 0.12792541170885923796
0.00000000000000000000 0.12947054532087254319
0.00000000000000000000 0.12957449159541509220
0.00000000000000000000 0.12973000840141221679
0.00000000000000000000 0.13013756405427606699
0.00000000000000000000 0.13070472540580921339
0.00000000000000000000 0.13090642495458670869
0.00000000000000000000 0.13093944752860220415
0.00000000000000000000 0.13197248675120673567
0.00000000000000000000 0.13200637843213794409
0.00000000000000000000 0.13203920163444218816
0.00000000000000000000 0.13204952215821910699
0.00000000000000000000 0.13235028504611959232
0.00000000000000000000 0.13272015323700547818
0.00000000000000000000 0.13330844434447483571
0.00000000000000000000 0.13339043200538849843
0.00000000000000000000 0.13345442761761638906
0.00000000000000000000 0.13362691058293152402
0.00000000000000000000 0.13434942702421723282
0.00000000000000000000 0.13482272774820944217
0.00000000000000000000 0.13511967389887136193
0.00000000000000000000 0.13538404469914133710
0.00000000000000000000 0.13597322311529513872
0.00000000000000000000 0.13638294887215854367
0.00000000000000000000 0.13687674322944395899
0.00000000000000000000 0.13712432079879827151
0.00000000000000000000 0.13814183482526465330
0.00000000000000000000 0.13911807300753151195
0.00000000000000000000 0.13957295340893965951
0.00000000000000000000 0.14027583657661624184
0.00000000000000000000 0.14074742969398626458
0.00000000000000000000 0.14099002709351335372
0.00000000000000000000 0.14136496890419314454
0.00000000000000000000 0.14144582435095318096
0.00000000000000000000 0.14224962665597118416
0.00000000000000000000 0.14251596587080297973
0.00000000000000000000 0.14299485112738924419
0.00000000000000000000 0.14436452448469275223
0.00000000000000000000 0.14466571382156878656
0.00000000000000000000 0.14574755349795437409
0.00000000000000000000 0.14661538137388757663
0.00000000000000000000 0.14974551313276046605
0.00000000000000000000 0.15601724055973315020
0.00000000000000000000 0.16026836364799645906
0.00000000000000000000 0.16341989809071907902
0.00000000000000000000 0.16785384034436728884
0.00000000000000000000 0.16938897074323314151
0.00000000000000000000 0.18363931099845920425
0.00000000000000000000 0.18685466906622658079
0.00000000000000000000 0.18904647395532114817
0.00000000000000000000 0.21270222622419551750
0.00000000000000000000 0.21549028735238917598
0.00000000000000000000 0.21654946802079411139
0.00000000000000000000 1.73205080756887719318
