0.00000000000000000000 0.00112122623249768399
0.00000000000000000000 0.00153941977401861395
0.00000000000000000000 0.00170617151808963178
0.00000000000000000000 0.00229078177088655596
0.00000000000000000000 0.00240329325233590123
0.00000000000000000000 0.00271706005167004876
0.00000000000000000000 0.00273782448103796405
0.00000000000000000000 0.00279328694525128769
0.00000000000000000000 0.00298801813604076226
0.00000000000000000000 0.00309076825967727776
0.00000000000000000000 0.00311951280858608054
0.00000000000000000000 0.00323680631227273724
0.00000000000000000000 0.00350216585887619782
0.00000000000000000000 0.00354778659643777356
0.00000000000000000000 0.00368214909635871963
0.00000000000000000000 0.00391583292067003777
0.00000000000000000000 0.00393304000346678118
0.00000000000000000000 0.00394901036022302868
0.00000000000000000000 0.00409627324592883642
0.00000000000000000000 0.00440525162877328149
0.00000000000000000000 0.00441124790213293441
0.00000000000000000000 0.00444461114885267693
0.00000000000000000000 0.00445836462165289868
0.00000000000000000000 0.00446723705070992908
0.00000000000000000000 0.00453811976915121425
0.00000000000000000000 0.00463518278560322121
0.00000000000000000000 0.00464908008113909532
0.00000000000000000000 0.00470613266853392876
0.00000000000000000000 0.00475309335392970923
0.00000000000000000000 0.00477453775771327377
0.00000000000000000000 0.00490560126857454270
0.00000000000000000000 0.00493507888383914930
0.00000000000000000000 0.00500413826860343462
0.00000000000000000000 0.00501638264299015483
0.00000000000000000000 0.00504965586502719669
0.00000000000000000000 0.00505242344871218840
0.00000000000000000000 0.00505765756952954431
0.00000000000000000000 0.00525869517126247629
0.00000000000000000000 0.00528428801774708488
0.00000000000000000000 0.00536365819075679262
0.00000000000000000000 0.00556484619362732427
0.00000000000000000000 0.00562303549055269847
0.00000000000000000000 0.00566544294132734997
0.00000000000000000000 0.00571404411057808721
0.00000000000000000000 0.00572767831809626107
0.00000000000000000000 0.00572962232703713541
0.00000000000000000000 0.00573239981573003821
0.00000000000000000000 0.00574353480253585701
0.00000000000000000000 0.00579049809727379648
0.00000000000000000000 0.00579755549988423755
0.00000000000000000000 0.00580320953513732089
0.00000000000000000000 0.00584622149908034603
0.00000000000000000000 0.00587105252645353948
0.00000000000000000000 0.00588869610934948922
0.00000000000000000000 0.00592134774927981222
0.00000000000000000000 0.00607004560094828987
0.00000000000000000000 0.00610016062105743755
0.00000000000000000000 0.00614319877060575704
0.00000000000000000000 0.00614826127389064316
0.00000000000000000000 0.00615468830981576003
0.00000000000000000000 0.00616518092045052063
0.00000000000000000000 0.00618242219808932437
0.00000000000000000000 0.00621367909787286146
0.00000000000000000000 0.00623260099409913160
0.00000000000000000000 0.00625882504214002235
0.00000000000000000000 0.00646481496739608787
0.00000000000000000000 0.00648792830958881770
0.00000000000000000000 0.00658946007701254402
0.00000000000000000000 0.00664945985470584942
0.00000000000000000000 0.00668482721879257776
0.00000000000000000000 0.00669314118382115329
0.00000000000000000000 0.00669934689432200893
0.00000000000000000000 0.00671852249477518024
0.00000000000000000000 0.00673322176567908801
0.00000000000000000000 0.00673610359243197350
0.00000000000000000000 0.00678466297568816861
0.00000000000000000000 0.00679804714686006294
0.00000000000000000000 0.00688218692613692951
0.00000000000000000000 0.00689015906460528540
0.00000000000000000000 0.00689505959709929388
0.00000000000000000000 0.00692377060408881119
0.00000000000000000000 0.00693289348350318354
0.00000000000000000000 0.00694381123019495450
0.00000000000000000000 0.00694672694806277181
0.00000000000000000000 0.00697526099243898998
0.00000000000000000000 0.00699604899046528395
0.00000000000000000000 0.00701608234338964212
0.00000000000000000000 0.00706200005390434770
0.00000000000000000000 0.00708644271887815674
0.00000000000000000000 0.00709754985258767481
0.00000000000000000000 0.00709834920765770473
0.00000000000000000000 0.00710542462541457771
0.00000000000000000000 0.00715460649847839397
0.00000000000000000000 0.00722820537920004173
0.00000000000000000000 0.00723678853015239775
0.00000000000000000000 0.00723853142148586821
0.00000000000000000000 0.00725246359788250979
0.00000000000000000000 0.00726486513682367014
0.00000000000000000000 0.00733565825277042016
0.00000000000000000000 0.00734539019805073232
0.00000000000000000000 0.00736125343960837650
0.00000000000000000000 0.00743754200031220350
0.00000000000000000000 0.00750970648985445008
0.00000000000000000000 0.00752025912749391089
0.00000000000000000000 0.00756988569105337700
0.00000000000000000000 0.00762626852738101588
0.00000000000000000000 0.00767663830371852901
0.00000000000000000000 0.00772653623760347335
0.00000000000000000000 0.00780281176132662825
0.00000000000000000000 0.00780886330005593071
0.00000000000000000000 0.00783294783940776708
0.00000000000000000000 0.00784942242779633828
0.00000000000000000000 0.00787772911183848290
0.00000000000000000000 0.00798191050047693945
0.00000000000000000000 0.00803140014539919372
0.00000000000000000000 0.00804685788729537534
0.00000000000000000000 0.00806199120578405225
0.00000000000000000000 0.00807376857040422759
0.00000000000000000000 0.00811515756831308020
0.00000000000000000000 0.00813728659306662584
0.00000000000000000000 0.00814245098303601270
0.00000000000000000000 0.00814611481331655590
0.00000000000000000000 0.00821546831004150817
0.00000000000000000000 0.00831261952933983611
0.00000000000000000000 0.00832590936276172977
0.00000000000000000000 0.00833410602733735371
0.00000000000000000000 0.00834438993006381136
0.00000000000000000000 0.00836210588996427577
0.00000000000000000000 0.00848817804051004744
0.00000000000000000000 0.00851269607295839989
0.00000000000000000000 0.00853948435326819764
0.00000000000000000000 0.00854904122121233345
0.00000000000000000000 0.00855101720259887101
0.00000000000000000000 0.00857147047690226191
0.00000000000000000000 0.00858899375751742342
0.00000000000000000000 0.00862768197686044659
0.00000000000000000000 0.00865576825761224869
0.00000000000000000000 0.00865843893824349252
0.00000000000000000000 0.00867090396492441531
0.00000000000000000000 0.00867733603787990311
0.00000000000000000000 0.00868002974635436603
0.00000000000000000000 0.00869260593651766979
0.00000000000000000000 0.00877307594056577801
0.00000000000000000000 0.00881265676547295096
0.00000000000000000000 0.00882576347516412368
0.00000000000000000000 0.00886256359653047644
0.00000000000000000000 0.00887732135079609928
0.00000000000000000000 0.00893550267855302768
0.00000000000000000000 0.00901722463334289452
0.00000000000000000000 0.00902106481362923394
0.00000000000000000000 0.00903690344277386509
0.00000000000000000000 0.00905058064499951291
0.00000000000000000000 0.00905849991234539652
0.00000000000000000000 0.00908012321454184160
0.00000000000000000000 0.00908242809436452490
0.00000000000000000000 0.00910144775957263084
0.00000000000000000000 0.00914614256448205258
0.00000000000000000000 0.00915325008131429897
0.00000000000000000000 0.00915409804681130770
0.00000000000000000000 0.00922218452012389667
0.00000000000000000000 0.00922345066410792599
0.00000000000000000000 0.00927676657702192209
0.00000000000000000000 0.00928186963101529719
0.00000000000000000000 0.00929954528478780379
0.00000000000000000000 0.00933422055705417954
0.00000000000000000000 0.00937551063104489699
0.00000000000000000000 0.00942826361593899001
0.00000000000000000000 0.00945799938920388779
0.00000000000000000000 0.00946627269529212723
0.00000000000000000000 0.00953075582434827553
0.00000000000000000000 0.00953365325643678631
0.00000000000000000000 0.00955936535248748907
0.00000000000000000000 0.00956337958709297699
0.00000000000000000000 0.00959752780847532294
0.00000000000000000000 0.00961086925234413622
0.00000000000000000000 0.00962360040188606734
0.00000000000000000000 0.00963124866963698673
0.00000000000000000000 0.00966377891346434717
0.00000000000000000000 0.00969781479569491005
0.00000000000000000000 0.00971412923761768611
0.00000000000000000000 0.00974724637240916535
0.00000000000000000000 0.00974914320618814299
0.00000000000000000000 0.00975124338953857993
0.00000000000000000000 0.00981762232598948695
0.00000000000000000000 0.00982421022902149263
0.00000000000000000000 0.00983615749721222267
0.00000000000000000000 0.00988992502553423178
0.00000000000000000000 0.00989590165204772519
0.00000000000000000000 0.00992598532850322637
0.00000000000000000000 0.00994608000048135925
0.00000000000000000000 0.01002187226604214776
0.00000000000000000000 0.01002471082717399688
0.00000000000000000000 0.01003063992703191916
0.00000000000000000000 0.01004791227126778687
0.00000000000000000000 0.01005040476899093579
0.00000000000000000000 0.01007562325074857525
0.00000000000000000000 0.01011727330274077644
0.00000000000000000000 0.01016230189842639783
0.00000000000000000000 0.01018981029840873402
0.00000000000000000000 0.01021895814580473134
0.00000000000000000000 0.01025103743063188882
0.00000000000000000000 0.01025466460608383604
0.00000000000000000000 0.01025901194999652953
0.00000000000000000000 0.01026804309712097373
0.00000000000000000000 0.01027553977633991963
0.00000000000000000000 0.01033096212963929318
0.00000000000000000000 0.01035566091926112646
0.00000000000000000000 0.01036884742355562335
0.00000000000000000000 0.01042526915672256638
0.00000000000000000000 0.01043374187369322872
0.00000000000000000000 0.01049396673652063482
0.00000000000000000000 0.01052832871565610902
0.00000000000000000000 0.01056193936014750145
0.00000000000000000000 0.01058326311757720739
0.00000000000000000000 0.01061822189526643971
0.00000000000000000000 0.01064222348269356667
0.00000000000000000000 0.01064271918275340977
0.00000000000000000000 0.01068826263885402916
0.00000000000000000000 0.01069530724977785924
0.00000000000000000000 0.01081696518423814861
0.00000000000000000000 0.01092762166175961086
0.00000000000000000000 0.01097562764174234325
0.00000000000000000000 0.01104017089573350145
0.00000000000000000000 0.01107771731165697014
0.00000000000000000000 0.01111108714758816604
0.00000000000000000000 0.01112909624989135045
0.00000000000000000000 0.01114350418260599482
0.00000000000000000000 0.01120912125289581264
0.00000000000000000000 0.01122471335441624883
0.00000000000000000000 0.01122625334862620804
0.00000000000000000000 0.01122981282239707800
0.00000000000000000000 0.01123628754935942879
0.00000000000000000000 0.01127060139519800441
0.00000000000000000000 0.01128177948032413162
0.00000000000000000000 0.01134184154072666317
0.00000000000000000000 0.01134647748388535604
0.00000000000000000000 0.01137559855730358241
0.00000000000000000000 0.01138102721638571679
0.00000000000000000000 0.01143037978090395874
0.00000000000000000000 0.01147006583973808960
0.00000000000000000000 0.01148410637983523705
0.00000000000000000000 0.01148498113321339172
0.00000000000000000000 0.01148517310640647174
0.00000000000000000000 0.01150980570541003389
0.00000000000000000000 0.01152881088410632332
0.00000000000000000000 0.01154518524648068603
0.00000000000000000000 0.01159874231579855440
0.00000000000000000000 0.01162310452959850957
0.00000000000000000000 0.01162712761251629215
0.00000000000000000000 0.01167124117579372566
0.00000000000000000000 0.01174186052248694066
0.00000000000000000000 0.01175339610291021263
0.00000000000000000000 0.01177209295061506546
0.00000000000000000000 0.01177811254992919623
0.00000000000000000000 0.01186177624970885698
0.00000000000000000000 0.01190076695636281198
0.00000000000000000000 0.01191117499757571828
0.00000000000000000000 0.01192421255623563915
0.00000000000000000000 0.01193681899254108239
0.00000000000000000000 0.01194895324535941855
0.00000000000000000000 0.01196463978387270546
0.00000000000000000000 0.01196696462981053886
0.00000000000000000000 0.01200020925472648249
0.00000000000000000000 0.01205806899749153373
0.00000000000000000000 0.01205832148914105784
0.00000000000000000000 0.01206748213184619979
0.00000000000000000000 0.01211948522553841709
0.00000000000000000000 0.01217019068280570694
0.00000000000000000000 0.01218075155896473916
0.00000000000000000000 0.01218078888665527319
0.00000000000000000000 0.01220326847153356715
0.00000000000000000000 0.01220887524545831958
0.00000000000000000000 0.01221934069259784927
0.00000000000000000000 0.01223747989621945878
0.00000000000000000000 0.01225129952546699652
0.00000000000000000000 0.01226259742712854268
0.00000000000000000000 0.01227681816457423629
0.00000000000000000000 0.01227997404466285927
0.00000000000000000000 0.01231827720505185124
0.00000000000000000000 0.01232602140611484091
0.00000000000000000000 0.01234771349968977541
0.00000000000000000000 0.01240028733371024289
0.00000000000000000000 0.01245696405964616220
0.00000000000000000000 0.01247055556047670447
0.00000000000000000000 0.01248919466129511623
0.00000000000000000000 0.01249783973100041315
0.00000000000000000000 0.01252944075662176457
0.00000000000000000000 0.01254045176059174690
0.00000000000000000000 0.01255085205284352592
0.00000000000000000000 0.01255470749679280483
0.00000000000000000000 0.01257874317924613690
0.00000000000000000000 0.01258929075595104259
0.00000000000000000000 0.01260096894629020130
0.00000000000000000000 0.01262743511560280446
0.00000000000000000000 0.01264867588533871365
0.00000000000000000000 0.01272888034100736789
0.00000000000000000000 0.01274293242540278093
0.00000000000000000000 0.01277056268228438964
0.00000000000000000000 0.01278553640015145897
0.00000000000000000000 0.01284410390390106245
0.00000000000000000000 0.01289810128081210656
0.00000000000000000000 0.01290070425459889820
0.00000000000000000000 0.01291686465146292366
0.00000000000000000000 0.01299037255179394390
0.00000000000000000000 0.01299457227809274265
0.00000000000000000000 0.01299973489080206469
0.00000000000000000000 0.01301195269879313297
0.00000000000000000000 0.01303558457678261409
0.00000000000000000000 0.01308831353587340714
0.00000000000000000000 0.01309919602209988140
0.00000000000000000000 0.01313428324607802435
0.00000000000000000000 0.01314198232127713507
0.00000000000000000000 0.01333743895925292543
0.00000000000000000000 0.01334106244979525562
0.00000000000000000000 0.01334206743715868511
0.00000000000000000000 0.01334588275815364392
0.00000000000000000000 0.01345320711144018175
0.00000000000000000000 0.01349023816446092219
0.00000000000000000000 0.01359557139018730335
0.00000000000000000000 0.01360427106675630472
0.00000000000000000000 0.01367822424830483774
0.00000000000000000000 0.01376681660882997371
0.00000000000000000000 0.01386514762442008115
0.00000000000000000000 0.01387073408350020243
0.00000000000000000000 0.01393246490255411335
0.00000000000000000000 0.01393543528855135070
0.00000000000000000000 0.01396835663806831294
0.00000000000000000000 0.01402654358363541499
0.00000000000000000000 0.01407028719827664587
0.00000000000000000000 0.01407158622868617467
0.00000000000000000000 0.01408913389887086684
0.00000000000000000000 0.01409095322234804777
0.00000000000000000000 0.01409625377580612203
0.00000000000000000000 0.01412151004320208458
0.00000000000000000000 0.01427395728756129106
0.00000000000000000000 0.01439004602449985015
0.00000000000000000000 0.01442051460853782663
0.00000000000000000000 0.01443278462424691169
0.00000000000000000000 0.01449903364114324064
0.00000000000000000000 0.01453885305753643137
0.00000000000000000000 0.01469085793536463805
0.00000000000000000000 0.01472752901384541749
0.00000000000000000000 0.01475119625569637494
0.00000000000000000000 0.01480500825051810770
0.00000000000000000000 0.01481947881846648087
0.00000000000000000000 0.01482298613989613961
0.00000000000000000000 0.01484248781391166346
0.00000000000000000000 0.01485375795567896000
0.00000000000000000000 0.01490156862208402884
0.00000000000000000000 0.01495354382593801386
0.00000000000000000000 0.01506663360751258306
0.00000000000000000000 0.01511693897564371156
0.00000000000000000000 0.01512185090994517221
0.00000000000000000000 0.01513309805750315436
0.00000000000000000000 0.01514792708198597904
0.00000000000000000000 0.01519150835731852486
0.00000000000000000000 0.01520165934177061286
0.00000000000000000000 0.01525957388855918480
0.00000000000000000000 0.01526656140382721960
0.00000000000000000000 0.01534970488404418902
0.00000000000000000000 0.01537217267828751809
0.00000000000000000000 0.01563454211696317306
0.00000000000000000000 0.01564249338107916165
0.00000000000000000000 0.01571376194707371429
0.00000000000000000000 0.01576771389651917404
0.00000000000000000000 0.01582908005366693779
0.00000000000000000000 0.01585229000421177828
0.00000000000000000000 0.01586319408799371361
0.00000000000000000000 0.01586481733463472946
0.00000000000000000000 0.01586960921469677405
0.00000000000000000000 0.01590882220673411895
0.00000000000000000000 0.01604407467656758859
0.00000000000000000000 0.01606132142289851822
0.00000000000000000000 0.01609253367515977792
0.00000000000000000000 0.01609397094056312996
0.00000000000000000000 0.01617256511992637077
0.00000000000000000000 0.01620406594026822800
0.00000000000000000000 0.01630371181868830663
0.00000000000000000000 0.01631997226343006452
0.00000000000000000000 0.01632348215419041765
0.00000000000000000000 0.01637782984285906032
0.00000000000000000000 0.01640728199302572687
0.00000000000000000000 0.01647439993398260027
0.00000000000000000000 0.01649460267839347738
0.00000000000000000000 0.01650041228821077025
0.00000000000000000000 0.01652724800339927524
0.00000000000000000000 0.01666239559886197735
0.00000000000000000000 0.01673107878860906686
0.00000000000000000000 0.01674856631316834488
0.00000000000000000000 0.01685313074224979377
0.00000000000000000000 0.01686402592447557025
0.00000000000000000000 0.01704645635600105652
0.00000000000000000000 0.01704680222870464182
0.00000000000000000000 0.01704714389848001332
0.00000000000000000000 0.01706109354906288830
0.00000000000000000000 0.01711684079582272838
0.00000000000000000000 0.01717333961661155969
0.00000000000000000000 0.01719814677768303698
0.00000000000000000000 0.01721929328028304687
0.00000000000000000000 0.01724706044710199934
0.00000000000000000000 0.01727471521241210825
0.00000000000000000000 0.01728945866128972150
0.00000000000000000000 0.01731897675665704933
0.00000000000000000000 0.01737054522798964912
0.00000000000000000000 0.01749102269123024855
0.00000000000000000000 0.01755114386521638981
0.00000000000000000000 0.01758228817867174207
0.00000000000000000000 0.01766893525224905517
0.00000000000000000000 0.01767311737449051706
0.00000000000000000000 0.01768269029222116831
0.00000000000000000000 0.01771884093983110489
0.00000000000000000000 0.01778250984438427273
0.00000000000000000000 0.01794106079174516769
0.00000000000000000000 0.01794772959044410587
0.00000000000000000000 0.01797844487902078292
0.00000000000000000000 0.01808200447866319463
0.00000000000000000000 0.01820584956588349249
0.00000000000000000000 0.01833361008772365144
0.00000000000000000000 0.01834753088761167591
0.00000000000000000000 0.01837753259522685936
0.00000000000000000000 0.01841961125906995192
0.00000000000000000000 0.01847759629367786219
0.00000000000000000000 0.01848172967973325809
0.00000000000000000000 0.01856057787040280363
0.00000000000000000000 0.01874399670333001811
0.00000000000000000000 0.01881962976761103815
0.00000000000000000000 0.01883153204358848504
0.00000000000000000000 0.01886736404562502911
0.00000000000000000000 0.01891810863761023837
0.00000000000000000000 0.01894380433687758991
0.00000000000000000000 0.01899660568910541136
0.00000000000000000000 0.01903448392063967348
0.00000000000000000000 0.01910590608604667562
0.00000000000000000000 0.01917030939281029467
0.00000000000000000000 0.01944407825306964516
0.00000000000000000000 0.01997205355042134395
0.00000000000000000000 0.02006045183033732318
0.00000000000000000000 0.02017239101432576412
0.00000000000000000000 0.02019176675335739718
0.00000000000000000000 0.02021599330716365717
0.00000000000000000000 0.02028667813196887576
0.00000000000000000000 0.02029281236733417038
0.00000000000000000000 0.02032255328116287438
0.00000000000000000000 0.02049216653060445190
0.00000000000000000000 0.02067915140291322687
0.00000000000000000000 0.02072959471135945794
0.00000000000000000000 0.02104724358005047313
0.00000000000000000000 0.02107309325480515028
0.00000000000000000000 0.02108474512413540530
0.00000000000000000000 0.02119186805117456718
0.00000000000000000000 0.02136714176045567681
0.00000000000000000000 0.02137426920095022997
0.00000000000000000000 0.02154263116391747640
0.00000000000000000000 0.02157191669200739931
0.00000000000000000000 0.02206032642581043715
0.00000000000000000000 0.02220968325272410990
0.00000000000000000000 0.02224936702443282635
0.00000000000000000000 0.02286175560968559811
0.00000000000000000000 0.02288738012519786827
0.00000000000000000000 0.02310237514079258037
0.00000000000000000000 0.02329326890258577240
0.00000000000000000000 0.02358290913446104559
0.00000000000000000000 0.02439222504388369184
0.00000000000000000000 0.02442763028127170610
0.00000000000000000000 0.02447637296079747601
0.00000000000000000000 0.02470630582077434217
0.00000000000000000000 0.02502324959067655716
0.00000000000000000000 0.02510589664644839736
0.00000000000000000000 0.02539986662243064880
0.00000000000000000000 0.02547831479669864993
0.00000000000000000000 0.02572755102563799995
0.00000000000000000000 0.02583910555911611909
0.00000000000000000000 0.02628757710018288229
0.00000000000000000000 0.02692377272733082957
0.00000000000000000000 0.02736418975415762581
0.00000000000000000000 0.02780958246037871021
0.00000000000000000000 0.02828614979918536027
0.00000000000000000000 0.02923190240259925660
0.00000000000000000000 0.02975453590705036400
0.00000000000000000000 0.03000317137130145695
0.00000000000000000000 0.03045015175889359896
0.00000000000000000000 0.03048551119716836136
0.00000000000000000000 0.03074290397206326519
0.00000000000000000000 0.03113669097831970808
0.00000000000000000000 0.03121605251501471251
0.00000000000000000000 0.03126367307402457690
0.00000000000000000000 0.03357168996156430218
0.00000000000000000000 0.03404551805741486831
0.00000000000000000000 0.03418011035699858313
0.00000000000000000000 0.03512962230129638291
0.00000000000000000000 0.03552364398815480162
0.00000000000000000000 0.03570367327831362042
0.00000000000000000000 0.03596487306228299957
0.00000000000000000000 0.03758679234730263191
0.00000000000000000000 0.03860495872072675777
0.00000000000000000000 0.04621834832242642521
0.00000000000000000000 0.06051024654819103787
0.00000000000000000000 0.47236340241859209321
0.00000000000000000000 0.78673821135038046748
0.00000000000000000000 1.73205080756887719318
