0.08234351254902559647 0.08452437907759723090
0.08526479663276520515 0.08621525148258342430
0.08020492793329550563 0.09042272069596188344
0.10866223797843727050 0.11129921620259443371
0.11454918477033815272 0.11552918583804917818
0.11692594735114328341 0.11956963330819594948
0.11511710560499807676 0.12289427244544910700
0.11506530408965424950 0.12391913968646994793
0.12152893168179773609 0.12582029649648840408
0.12298981321325992699 0.12860670032261212192
0.12855883468393514146 0.13269830676958366267
0.11409886326601029194 0.13531816831369666843
0.13504934742739316267 0.13789305796558817829
0.12922346389282601820 0.13867465609840487484
0.13615899174031059760 0.14038130488238476090
0.13747919280478271276 0.14177745797324267651
0.13916815291373907382 0.14201862677258217382
0.13834380194452597368 0.14276838764009516791
0.13661821996424111658 0.14487469143252365567
0.13031980733121450999 0.14619045096485164259
0.14913240020244464268 0.14969267570142061330
0.13036186297219420904 0.15313216615754782213
0.13688812594382199217 0.15347759807319286129
0.15488074891034270264 0.15499271899772651406
0.12664277926122483042 0.15739260819624703580
0.15076742971668594118 0.15980016571353086730
0.14119615185786121847 0.16051370496777087049
0.15147080340537313892 0.16135478782551621046
0.14311067928098217261 0.16161097404685026424
0.13947500950268709730 0.16193766399280898338
0.14297256964262117229 0.16210629423505559799
0.15206788663563822195 0.16285151293289587549
0.16058370980443756326 0.16291795279154069886
0.15910844069139534751 0.16356966226434815903
0.14982379672972342965 0.16525087559539008986
0.15856402587421658534 0.16637345892221175325
0.14369312585678092886 0.16691889992054345648
0.12312851557847449835 0.16788453074016879141
0.16756121530273515585 0.16805200127344185890
0.15730478512167409000 0.16829033826569295140
0.14290632711257644782 0.16844689050198291547
0.16473098402380650929 0.16892571493724989340
0.15837391620018700933 0.17050846739023459153
0.15776723085592683771 0.17218581607680200074
0.14463448562489564231 0.17236885514434158173
0.16901087160766262163 0.17254802567764074284
0.16715161479303528025 0.17374260333090560393
0.15898614756226331357 0.17424247837137005201
0.14983695909083660780 0.17441682949184950102
0.13254938220622727862 0.17894821434180277486
0.13619908793272639258 0.18061908769136270081
0.17443034629862566587 0.18071074121967367621
0.17495622353684558981 0.18071074121967367621
0.14716889117328751935 0.18203922473037223440
0.17624143786804569167 0.18332252202167140243
0.17200560604458656200 0.18339350819491859190
0.15971359221697856157 0.18396654778319734835
0.17711319666201311152 0.18489887457128836856
0.11981812648724063375 0.18605932710060091306
0.13111423298231986156 0.18775137124115864884
0.17739809572565110041 0.18826023248158740842
0.17383799601967528381 0.18947726155268965198
0.14123619862027014804 0.19182698538023962298
0.17016963232785933813 0.19207236187854809240
0.15993935587083202288 0.19329227210960100991
0.18616107338570525576 0.19336958039385618302
0.13952515643894553010 0.19407671976429316518
0.19607662918562954180 0.19628120806136781229
0.18565377651807812853 0.19765059460822800852
0.16821220243136744688 0.19793908106885210740
0.17125178864168477677 0.19832156560123931355
0.19053553009651169603 0.19989315002368560070
0.19405587133860560667 0.20149784599242739902
0.13904344508153709814 0.20175380416997329425
0.19406874401923557283 0.20207246729972305754
0.19671115543472328380 0.20224621519409230475
0.18504097331618143962 0.20362017489367301160
0.17742574072494829429 0.20383716164961443451
0.19361609005321064880 0.20724439372309508278
0.16909646948997672511 0.20797413423634156238
0.20144808885345705241 0.20834798365809276133
0.20124548746319442794 0.20975845879915241965
0.19005523296269694056 0.21375287082106092518
0.17454637046204868334 0.21411064504174115442
0.18823994974319940843 0.21431779920286386787
0.18507457079534542221 0.21461075651969754863
0.18609064547525980271 0.21502614639025760535
0.21223668817224189409 0.21590790417142327606
0.18997996103376166288 0.21604714343307523938
0.20371838509110759552 0.21621674091738393719
0.20357746328289430537 0.21634197247530070896
0.16665889905021874506 0.21639247974688177734
0.20225730066722197309 0.21646844162987186055
0.20696330982082461469 0.21779862384470582981
0.20710471846349662317 0.22127440710105872324
0.20087355844746890288 0.22235088695547342019
0.20409868539994627246 0.22354789965906227134
0.18695082444711741410 0.22461769777349702149
0.20868276942982263988 0.22688276635697451900
0.21387301988594614732 0.22688276635697451900
0.21431602572148031327 0.22792010502175946707
0.20537142537444458279 0.22815807719758049443
0.19547069244462808579 0.22830251343453797364
0.22061333871637103798 0.22866539353364970233
0.17589662142401646383 0.23102624432645285646
0.21260074887359567408 0.23439082397612701070
0.16273503098627270513 0.23453681345674520786
0.22375521416799554197 0.23725118119728083599
0.21136838348316808189 0.23941258636679194072
0.22283518249732045535 0.23969580965833142683
0.22611898728545615223 0.24098333152470866048
0.21431609085154321170 0.24152430337168900865
0.23732851501008825346 0.24369080408309048980
0.24099588875668390142 0.24437097741744029378
0.24132880465094166955 0.24448666797474039036
0.16374923241025557408 0.24529339746433723168
0.20501941201445419982 0.24588817397866258307
0.24007479883574611712 0.24592537433557759563
0.17340749178984271595 0.24700886702681792984
0.18375777045839716828 0.24996618267104192546
0.20858229741548764413 0.25094718400797588753
0.24822091492289441450 0.25205266959215494316
0.17637990243541576407 0.25220907099227202197
0.23261883514064776723 0.25347714339495314162
0.23322242056095873752 0.25524596447414515943
0.23888224760207726893 0.26033404742607119120
0.25596082768981626154 0.26068617201246435666
0.21879099761236933674 0.26091305142744175560
0.25815047951887154509 0.26154850903470200363
0.23169917784457128018 0.26273072983771134092
0.24507774317223088301 0.26415269028916221750
0.21269402619146526856 0.26627836374473207171
0.19696114954951227105 0.26643586154571191615
0.25703046991434452817 0.26725786714038246572
0.22922616490676561707 0.26861515882517411624
0.26354362002487324856 0.26902982257935603716
0.18762877589149851154 0.27081040793369348663
0.27172803135228057458 0.27198484911906567474
0.20837520168795864439 0.27204012888347844923
0.21332524126999130587 0.27572621251456830294
0.26595853074711972575 0.27633470239957763637
0.24156122222828546597 0.27659760358511165101
0.26622059955604676640 0.27900471622393324678
0.22602436955574423116 0.27919230367600689213
0.21783379361938942642 0.28012991653487279153
0.23495199141553921307 0.28096363429478543594
0.20250056299563529150 0.28106217219336177005
0.26947662152592566365 0.28130269901500482010
0.26459699842503375811 0.28265900312522174165
0.22935805991688884564 0.28364419485169661828
0.22014758738025252960 0.28479073463896747986
0.27011922305852059667 0.28550434149226383562
0.22593977215019755977 0.28558751794506020971
0.28080923243272060130 0.28881038916255230564
0.27298901584134727116 0.28928945521179083578
0.28128025977136206226 0.29014568301365056824
0.27413997650663579631 0.29087442973503474519
0.25831717346909927047 0.29219031245538240604
0.19824556603068457794 0.29363707874014866039
0.21611551688097432877 0.29405258146812823794
0.25494313111184180309 0.29531882212489690698
0.20420827847723299620 0.29712122226393189450
0.19208155950582403437 0.29785816682517668452
0.19408251165577999897 0.29796438184951584693
0.27747182339611969892 0.29918641362229470015
0.18694228472420684750 0.29933078378528960029
0.23260719256722192649 0.29933344220712670980
0.28210576579651769347 0.30037077782379723034
0.20356246117418899666 0.30134988641309468083
0.26939587937504982929 0.30186982670368056603
0.19507582124041000782 0.30560300764014941555
0.25136418833368673331 0.30615090922471066559
0.22587266013397638842 0.30648524019258494011
0.23240584462177144021 0.30720208913013780094
0.30503148845168448489 0.30722016241859306795
0.30455352846510802545 0.30743005639960824249
0.23750244992550401113 0.30753614505396442702
0.17923241942932252591 0.31258590284918169599
0.18310826531849996868 0.31407526048287298659
0.26171029973882881103 0.31500139870337579007
0.28595085730029839999 0.31649564098469418205
0.20629968296993719812 0.31718010085694842148
0.22189175122565441001 0.31955473166758219250
0.22538156657218666457 0.31959997685140056900
0.30363285582298243925 0.32111828594418112548
0.23176898357204939183 0.32986827801634166502
0.24446445757791113174 0.33190996184994570051
0.20906448777422206864 0.33560148587290672406
0.16274693178127316862 0.34434390383742286001
0.32235806343787065664 0.36008702175203960438
0.18779209468002155958 0.37327611758574302803
0.23269376711502801069 0.39424822583110197272
0.40219378831142893471 0.40582802014820151815
