0.06299095021640835346 0.06981213223199300710
0.06836048337955988319 0.07065033420875393988
0.07430364897909551292 0.07950292799578451142
0.07745635449804473549 0.08337948701133776619
0.06975544285947224421 0.08534178525498868628
0.07712099076303176315 0.09199737713569888786
0.09235087142768129420 0.09318836180048978290
0.08667459355487218409 0.09389365006996894247
0.09114341075431825479 0.09589923803414655834
0.08921883756807422183 0.09794581087181584989
0.09015984738493942885 0.09884655315694124145
0.08232467153820920147 0.09936599769970792806
0.09208518018324347854 0.09941953132480926825
0.09149059331497574887 0.09947217587568132902
0.09692346314005360897 0.09990665336187358470
0.09934563647721755819 0.09994714710924228196
0.09353299647442010756 0.10102589088594991773
0.08779819229758850652 0.10170255287883807338
0.09917098881500895080 0.10216521203455607159
0.10028318300852839817 0.10267174242731502698
0.10313999437320925390 0.10357191991793900099
0.10053569828752249860 0.10490810085151018594
0.09585816722856478622 0.10503364732732488329
0.09646184604322599609 0.10503551447755218873
0.09688904445362239715 0.10517036290962065992
0.10006519429321197867 0.10532443162110302626
0.08468434407096750438 0.10561784401821237844
0.10644498293286396018 0.10718259008576333513
0.09573814435503802400 0.10738309188848017828
0.09344954409739984758 0.10771304998177018419
0.09433806469825326002 0.10824026939934514036
0.09713737914519428307 0.10885346417518936002
0.09688724041982145485 0.10990328872383385572
0.10361269010030971227 0.11211288408345515544
0.10428726432646817646 0.11375101771616796809
0.10848024172813952593 0.11376865309243551494
0.11268507903058092023 0.11377603029120354761
0.09401687299238320472 0.11402737706783518112
0.07700405470710686151 0.11438395512574738022
0.10155617346378469079 0.11449186562223877262
0.09298363823568726871 0.11477389106027940935
0.11113970159123975900 0.11528576881214780414
0.10478154346869239522 0.11546954984323735960
0.10919390506305522159 0.11644778180666366663
0.10566033697450048778 0.11698433257763039828
0.11148288177797259502 0.11824561400496558239
0.11163894154326332864 0.11837262133632062144
0.10685703950704136811 0.11868355303232140663
0.10567850991487041934 0.11906307141702414387
0.11307291354277278217 0.11939066618805883879
0.10919174159656737377 0.12157036907451465590
0.11851478192428331615 0.12158957067570788646
0.12087200984826372563 0.12179809601132511598
0.08885355224902279081 0.12223445392111409458
0.10292504999445067915 0.12261826297052477730
0.11402845101588673926 0.12274655852536857370
0.12045635833406419246 0.12327031579020102103
0.11966663827035990686 0.12343326295227236011
0.10811852679631825391 0.12512453844779933276
0.10172363812279844320 0.12573034913924271971
0.12358491579758931755 0.12586701822546131346
0.12258711269676898781 0.12639727246446044728
0.12635810167312849783 0.12710426101773097951
0.12334204030069347013 0.12725620895802322585
0.09983041872757826563 0.12762045808975616690
0.11427097538346035754 0.12772491573030902989
0.11328016513052822922 0.12805541686783208921
0.12341064690814913807 0.12870285713567353181
0.12037187209096804341 0.12875798466647250806
0.11976673718170499638 0.12913590490190249294
0.11991306249001495998 0.12950435701598134175
0.10570681177273016926 0.13067388057343395924
0.12209336157297646930 0.13070854677751467254
0.12284413385550542464 0.13198612475895210583
0.11065001503285493145 0.13242417131976896849
0.12285217652743923855 0.13358178159434175303
0.11454195424849288043 0.13382608411440480300
0.13337587666371975015 0.13428935743340464359
0.12345736754827538184 0.13552405446893830976
0.13004597548564583720 0.13613316754131096764
0.12930237674715830409 0.13779364388857262558
0.13271416726419624221 0.13792650541121559415
0.10235244272531068832 0.13792858486022233078
0.12485277216733667305 0.13794700594955430772
0.12752485617966163867 0.13808765246933368820
0.12908476306129110234 0.13911260122797519667
0.12381635856821233965 0.13938976431576854953
0.09739948412959349711 0.13990209889879506866
0.10312942365422664293 0.14126685826701712578
0.10514035369652362240 0.14145556894955063632
0.12417708032533897322 0.14181007014843316494
0.14081311233641596870 0.14254608117710493298
0.12835927613562631011 0.14323563407147760218
0.11627789537904914541 0.14332746950810976161
0.13403778571449975754 0.14420463978977107744
0.13148557248288442190 0.14452208473415956158
0.12710586117608438372 0.14471589109716506694
0.13446320401406233747 0.14508674385825731656
0.10531747534262735078 0.14534987085296721676
0.13323082217613224643 0.14614523451744351745
0.12742248708350284447 0.14732161561253950821
0.12425479383193656358 0.14741852576620698145
0.10591677885196984499 0.14743881397722430338
0.11823263878065512489 0.14759574734103217408
0.12905795657143012689 0.14794777715641732607
0.13374880318318185801 0.14880243804535472907
0.14069503921818016234 0.14886484452201756423
0.12901524689732307705 0.14969538603740564775
0.12598939421689100970 0.15065025826844613555
0.12184540847357218374 0.15082664443186741265
0.13997788225034274445 0.15104687379524553426
0.12178272160655102818 0.15123941328066797807
0.14286479541028582196 0.15142167419468488543
0.14230247680225277529 0.15204670504554734789
0.13000368455153038516 0.15234820706846805005
0.14154867026987405509 0.15245651324019870998
0.10263285761437952737 0.15350688935922598977
0.13294304618666843987 0.15450493146930210919
0.10499217815095733541 0.15526424060338389621
0.15227137178285282682 0.15528145882531657618
0.11400404244387973840 0.15560785284672318252
0.15329550100895172893 0.15782023007661760694
0.09821946265477855820 0.16096465955255401248
0.16169535329786682842 0.16172536266311890452
0.11334955614211547625 0.16418855791093470153
0.14652644574485060303 0.16433138281756348720
0.13857374676845607420 0.16566622361258367957
0.12601850707859607592 0.16599496523959478278
0.14229929987223838284 0.17044757401306825928
0.16677772509004734625 0.17103112011873894405
0.15443263018333905356 0.17187841915578300211
0.11292346887312018633 0.17214027889019548057
0.15525406544443753898 0.17436421073261537673
0.12282793036197386938 0.17643538768100086589
0.09196476127711647464 0.17704584499010850296
0.14770679564505051484 0.17707161307039864795
0.12869035677961529474 0.17827416798137502019
0.12193792017846258324 0.17890454817173770397
0.16420884202409818942 0.18078287628000450082
0.13385512307878377758 0.18355939358087849933
0.14454858229437922423 0.18362698547840353158
0.10982440583257116473 0.18365132832220543158
0.14427055945133329673 0.18390930727598595040
0.12956723585297810764 0.18395783732801257448
0.15360308891386423302 0.18461555267421203563
0.14694827952539127325 0.18466044769093181710
0.11577271277378184400 0.18493833810288351494
0.12687621791724848497 0.18507014788622144774
0.17456292365427247826 0.18585380704419540709
0.14546023064113039469 0.18589135772569828631
0.17188983315397893259 0.18753577864396947517
0.11899886612788433682 0.18887722793446062863
0.17762324187673736442 0.18898522761150224336
0.12628417653470000448 0.19086241791185232231
0.10946722703604520877 0.19190912046751609776
0.14933372690071558542 0.19358118495322973462
0.12482862262168241407 0.19507435467796371831
0.16638785087504784355 0.19646644144694944134
0.11510181596189245079 0.19709897183346938854
0.19104300567857931958 0.19884442657296835799
0.13183448307855241688 0.20009862163169161997
0.18788701074135857882 0.20330371236938041268
0.11254402374303663914 0.20389598969933875328
0.13612294332431745802 0.20596924812728609200
0.12542981167863548331 0.21401714624497270023
0.12516798096931155970 0.21673375908919684241
0.21526172007096353034 0.21890167136691179861
0.21369220872337094108 0.21949509284972795742
0.14953855922876232998 0.22109928728292130296
0.20470744089261427856 0.22145472222390891193
0.16441801890208690429 0.23246246545885215773
0.13107162340625913566 0.24102236520638600781
0.10783087440752869846 0.24269222924076985781
