0.07683354503422945569 0.07986991661223370731
0.10351005511284705474 0.10531824320138324924
0.08994080258260513105 0.10705974517914781940
0.10111384284098427766 0.10970190214989117283
0.09974639662829323794 0.11071713709767638800
0.10950819105324000047 0.11173207593177759966
0.11288279393911003490 0.11387996857278417928
0.10610279550872790677 0.11646596736888210899
0.09853907209806495038 0.11947549879519504812
0.12034810918704234861 0.12036628327925366633
0.11604177790896914868 0.12082729994490359893
0.11585618693882332453 0.12200319166931242187
0.11665465875500334592 0.12219995631154702276
0.10885992803174419918 0.12524001507769566555
0.12153195443801895204 0.12559329803078406185
0.11976742932826918431 0.12601666311431114487
0.10992450806117115558 0.12801462496524823598
0.12601481391623994832 0.12846452032917093922
0.12814897689169990613 0.12959823318152305371
0.12202683830502482343 0.12994730821210673244
0.11736903672733987880 0.12994730821210673244
0.12862041445308824983 0.13045833510508519915
0.12844725859820635416 0.13182362761924812378
0.12105263728788988320 0.13189042949757351364
0.10044993476366027851 0.13210482906560691574
0.12692911860655203826 0.13258334509214136920
0.11504276632235424516 0.13314965914191753682
0.11273860840641888870 0.13369993488798412318
0.12941530129727324416 0.13557182993555969008
0.13034235598383273058 0.13687718158333575524
0.12905525795578837167 0.13694968022621553660
0.13367139057068500030 0.13707116862761201115
0.11835738378106658297 0.13719616020186395366
0.10879728076460944142 0.13724339858724096675
0.12497232565247751168 0.13748257418501000360
0.13209588962919069366 0.13800258047615726609
0.12280285146320621403 0.13863104502840728482
0.10940722977765193757 0.13972357791455947140
0.10211852617777973651 0.13990366496628620085
0.13953782471713216395 0.14101970803559152334
0.13478814155509166728 0.14179480630016069731
0.14108785840678589318 0.14267707990828795706
0.11422539352573174432 0.14295727563996121767
0.14094478558829107162 0.14352596586120902611
0.14066235205195301572 0.14355962261318169770
0.14376105009255241152 0.14390981313487011262
0.13310456074095261547 0.14417451984659351849
0.14237926891423285936 0.14526167829120681385
0.14457140742414778534 0.14579033033470967240
0.12498776140229009290 0.14612905295555042584
0.13619035611356447579 0.14702617102437340324
0.12214093708943365990 0.14703544983806154933
0.11376843045363306539 0.14703567918654394941
0.13557191416995159616 0.14785334831862240179
0.13409504716652231870 0.14828743506708111366
0.12671471398274719578 0.14894763079098874425
0.13048282081100931462 0.15058111961993145278
0.12924486094717285711 0.15122105723434800528
0.11887483505612370105 0.15128866437186361260
0.14146683224101819221 0.15188010067398194369
0.12906134854633061204 0.15229343886165147559
0.13232042727188209064 0.15393947586436071417
0.13815000532554774781 0.15403911562752919950
0.15445632954770208145 0.15469325334682587636
0.12084868777852965371 0.15526078086209427198
0.14548716367313252462 0.15552622093773649237
0.09749712671086137317 0.15556868802330273138
0.15416965712249214304 0.15593613994292632174
0.14708277871714414697 0.15621892062630990394
0.12882909942343392928 0.15653842256091127227
0.13965846254000061077 0.15668709268849448368
0.14408604995191293119 0.15693267267263599773
0.15009779273812684508 0.15693267267263599773
0.15737779911400795463 0.15760977571080148074
0.15314831768836098536 0.15775898563146792397
0.15014326764014579441 0.15885369929494386199
0.14849296624147123591 0.15899555832187151072
0.13356210644131619181 0.15925964986641169552
0.14077461917692593585 0.15964054970061597460
0.14216827281678895423 0.15989367564439216363
0.14024048545690492862 0.16000436595446135279
0.15611603568342882764 0.16035991734064805603
0.15220696927503013507 0.16097504994517072840
0.15056149192615667087 0.16120845572548675451
0.13333281633487870099 0.16145279077129132128
0.14880916809598959683 0.16165586993608432875
0.14812909654811706739 0.16209207674589723447
0.15275342629069585398 0.16209207674589723447
0.11594209855583273439 0.16287571844326964587
0.15941272271882633849 0.16290453771273438743
0.16346423007634303115 0.16384692550543392131
0.14489003690221149978 0.16443057216373690999
0.14669256947334441410 0.16446490345914968612
0.13369221536729131161 0.16486865948914769531
0.13325116512956616810 0.16543534718789326687
0.13366534776767596826 0.16611083660681888463
0.13807903805055968260 0.16621064456569412116
0.15740292836043970337 0.16624446328391834227
0.16046837136648314792 0.16626342542803321245
0.15604731891183690196 0.16655672509007987681
0.13367343453609903392 0.16667045838244667899
0.15262114970106835377 0.16702416438234454765
0.12973010742173399223 0.16713275745891842394
0.16336080523452631286 0.16736135529444037817
0.13584063840624968633 0.16791171091895032430
0.13530793497515292145 0.16808286716030107488
0.15700770977734881950 0.16856349704996545502
0.14740234474056396197 0.16891960325111010643
0.12822835676836411012 0.16911580829333033860
0.13941007621868850563 0.16928752284213408053
0.14567451536026021497 0.17041850620253137794
0.15933752036798437546 0.17092021144337779526
0.15877774119227897054 0.17140091013875580206
0.12848676118236354582 0.17149913859762372370
0.13541729693874610119 0.17196539442769614991
0.14079428062120397103 0.17254353568088653947
0.13467049533506764147 0.17277948759423172875
0.16507863130143310415 0.17287354978829830299
0.16075189922473132054 0.17425157519022491104
0.12907341500920152533 0.17456835710124521399
0.13053666485836776245 0.17472591893130759444
0.13958262470386773035 0.17487452985934065497
0.15188496943264845340 0.17488710223274672728
0.16022226496371658189 0.17539120004837968625
0.15995080807613951124 0.17543757194730064120
0.16171971019734709962 0.17554900318511190704
0.16693873052924537714 0.17573759841167974072
0.14884972600877566240 0.17588660602953401502
0.13628186017864049595 0.17595084710680328199
0.16962101542569577028 0.17674899907226057638
0.16231748634912024354 0.17778323691918940241
0.17080266260656315480 0.17791965068320397814
0.15290714928778947890 0.17807265299967756089
0.16174077428459499028 0.17841858462746876257
0.14923949521724075296 0.18010047358468112000
0.15452361016682292227 0.18051938151396043630
0.13569531264919557079 0.18062562540638885111
0.15730299681069995210 0.18066195278018803982
0.16021724898076813992 0.18212252634318970568
0.14461267553213935644 0.18217558204070324890
0.17668534825564180535 0.18242196262407656127
0.14880348437307810983 0.18266209167980002048
0.13311335508331487154 0.18272090368352808532
0.17730604774117797451 0.18286620617043944370
0.18005192540137091028 0.18438198634653571450
0.14758373488466847157 0.18497823410766825458
0.14771341745918131760 0.18526948500185422275
0.12192311565409429119 0.18542102374862948211
0.13342526206796270771 0.18563583901461638836
0.12662273181278135836 0.18676508664132859816
0.17866435973623509548 0.18687173444068830297
0.16527576160935705807 0.18761187278780988574
0.14869030440793229442 0.18791224309231280287
0.14291127495181907281 0.18825735871615631445
0.18441305958287718125 0.18894653608059380767
0.15985163558192222455 0.18930193449663820782
0.13816661633086843586 0.18938120318556989075
0.15897378009842000335 0.18947095774276509483
0.15169302521266173067 0.19103804585088196566
0.18755375551166458825 0.19103950510398243212
0.15458713311084903985 0.19128888842019475813
0.12253232617409356986 0.19138155259731801094
0.18540966516653681340 0.19154417666521941777
0.16937921379320500237 0.19161545375700203553
0.12841171808419404865 0.19179886062341960917
0.13210577275456961144 0.19213342357961701867
0.18685517279727403839 0.19270331238899138238
0.16889395038815394057 0.19273562322549617210
0.17062669457235316028 0.19362787994604427344
0.18827825728253544391 0.19396507330094955868
0.18770095477043172161 0.19399355066442763862
0.18015400195377007098 0.19411008050821307314
0.15267581537268870573 0.19411008050821307314
0.18400424841240684004 0.19422718760804871807
0.18897562392751610094 0.19450112405607342114
0.13232103931265218333 0.19475378144966240535
0.17294992662125902028 0.19484906087490413973
0.13183831947655033634 0.19572423113698061981
0.14576516072599510210 0.19643238602604878862
0.13445274603788834322 0.19655898077060959817
0.19100221698200176013 0.19663528200537769286
0.17960640908422237372 0.19672949808252579440
0.12445007012562805948 0.19836916959281949979
0.17639951895252906078 0.19902089974813630402
0.15982699133805311487 0.19955050705440960379
0.12238674181801936780 0.19993249725204098599
0.19272101787890921765 0.20017275576795276470
0.13057322331788118186 0.20050548292625364200
0.16959323821420763112 0.20108459295550873414
0.18233018050877686234 0.20144312972835151654
0.12209655485790389673 0.20191611675293866246
0.13161303031420476528 0.20210445366092205655
0.16388131774501218940 0.20228911178678340987
0.15598489215394381602 0.20287721224303445489
0.13050340944093694051 0.20453805546534789550
0.13414371267690991529 0.20664907418054562216
0.14224592708146011066 0.20684466510857310584
0.17016283812043478396 0.20690982744666522319
0.12544261570508119519 0.20691288395504928155
0.18966991989259546214 0.20734968826476318782
0.14188016833827110652 0.20812334223182002435
0.16212774639678040334 0.20838885611918753216
0.18660164854433836101 0.20927026979053231504
0.14885641155485029863 0.20973128598023987879
0.12853290947592393989 0.21207038615329129594
0.11996975917023966485 0.21225095299955898387
0.20824610083714642506 0.21240678857665157286
0.14532821015533106679 0.21494702729739648128
0.15018677039377001381 0.21585417177284085821
0.13171833152053347149 0.21626889891057043958
0.18506692500203322793 0.21663167350090062335
0.19581986386455124682 0.21716507615131067088
0.21792191556198678426 0.22151566978596873292
0.21945972529864277156 0.22172925289031727991
0.19567444743585346578 0.22249406342977479101
0.21414843668808433708 0.22271729705601520100
0.19527228251968184458 0.22300218909014976609
0.15356068687088961222 0.22553915594272588852
0.14465753033895112356 0.22567588626139470365
0.17090307274880620070 0.22758023433693647108
0.12540528023550862047 0.22907196077113697874
0.17715598799450593681 0.22953140212286163302
0.15736274743456318825 0.23161108164541277521
0.21830569459684168176 0.23288027295291485741
0.22242272782063401970 0.23934814459764516825
0.21896685408318028454 0.23947069501737969222
0.20820768527666685954 0.24378519186286476406
