0.01466541460721570295 0.01669852385741246031
0.01625575568337164767 0.01808227547387381354
0.01794008464650215240 0.01910937226124637817
0.01877609348451654905 0.01938695434051321276
0.01872561136756892980 0.01975935726010985896
0.01991102227849055051 0.02036245198190329495
0.02014346249596922836 0.02064738653932916140
0.01952726935003269715 0.02077839667844403465
0.01918817987449703000 0.02096178014813967344
0.01605223702826027998 0.02103636559692866406
0.02143907009411260417 0.02197739338811206117
0.02025762917196134716 0.02202828429868289306
0.02239513267336384547 0.02250012357672482796
0.01972708694702920984 0.02284928016159921624
0.02346702413457935066 0.02352485931214595705
0.02205818862442043837 0.02357539125924063353
0.02352348867548271355 0.02368778393990219125
0.02136658128694351663 0.02405820214966669299
0.02019103249873292760 0.02419635368388386304
0.02398616572888644452 0.02427688869636257518
0.02446028790658471078 0.02452623072446983438
0.02437299627636669089 0.02464338043561122710
0.02156483069037829631 0.02471353127987729881
0.02178394881231722480 0.02487859888303848091
0.02271275426057582994 0.02497117553661110795
0.02136190745975580924 0.02538917116141623659
0.02020813563726891332 0.02561864733286551774
0.02302186792207693358 0.02567595467710906756
0.02209293945439778917 0.02568006307642371408
0.02248617946931641756 0.02622946301794666299
0.02237345698311099182 0.02630659922345008478
0.02578704783916921026 0.02643944437746550621
0.02217104705544923129 0.02665555796727140520
0.02515822809808401089 0.02700030018147551655
0.02699046345689062876 0.02700499429341162924
0.02591916209340614299 0.02709141455429948595
0.02673573036293863323 0.02716414283974819682
0.02586576562698891801 0.02718583333081595402
0.02696221321634158577 0.02727834791533675918
0.01993636064413696271 0.02729451211714012393
0.02637041340748795884 0.02736122395074381056
0.02589455075423260921 0.02743397240626741646
0.02647002649450895875 0.02753247650127833498
0.02745092577130649539 0.02753247650127833498
0.02375545884051386350 0.02789420712690305823
0.02138385830144592589 0.02793413857658266775
0.02538966222017973243 0.02807720408910125212
0.02198583945438590051 0.02814648110074280743
0.02246916654269685149 0.02854247121924384858
0.02277010821678063582 0.02856413020192640623
0.02619445534770521028 0.02876781235245142246
0.02862581137014218180 0.02898205260050054285
0.02589339931578601983 0.02910926856128961959
0.02808869470734787557 0.03015960704504733192
0.02081409657717415984 0.03032734346720488555
0.02408676154953494700 0.03042194211846225432
0.02920214050704423095 0.03069068486738522894
0.02626188615692149481 0.03090595997347527629
0.02373426896978206302 0.03092734344774378252
0.02752417682853358638 0.03170446982097772232
0.02337439490100380254 0.03170576384438549000
0.02492971585470782347 0.03183232985633183132
0.03206385316960096155 0.03209882788308745377
0.02791795209608907702 0.03210706050821823115
0.03055555855785333300 0.03214742342333856001
0.02826436190630068901 0.03227135870960231440
0.03214916517618071623 0.03270868167228596635
0.02464116015607208110 0.03285226481663040127
0.02616884459986806161 0.03285780182088584439
0.03014077054527902061 0.03297464483068041768
0.02896533709533529594 0.03300151582039131948
0.02396231924551425752 0.03321803426674996979
0.03204620073653232509 0.03322727537085791438
0.03088121392597541551 0.03331260334625454900
0.02953234137010966529 0.03336777692870531581
0.02725221192700714654 0.03378283180673903596
0.03197357992201355081 0.03378283180673903596
0.03300812156375566853 0.03396505190257780027
0.03346885097390858016 0.03422575251763997073
0.02994374600178965895 0.03432813381177610146
0.02369733481220761759 0.03435359310476696765
0.03210192244983649940 0.03459236220962823294
0.03279781799386852909 0.03462089297403871807
0.03385083587307360226 0.03478164235099837770
0.03283736959956033014 0.03479125759913780092
0.03479631731976658843 0.03484410433682413877
0.03468153243867910102 0.03493043622295299161
0.02906578774666833051 0.03497382433104358895
0.03483497833079059192 0.03526997137627968515
0.03472463535802288587 0.03530163829437642925
0.02391301116728502402 0.03540867912561068004
0.03380564200552087922 0.03555218022782419968
0.02944274593581251709 0.03626693226479766469
0.02486319920544607931 0.03666744878829289456
0.03506989928067827389 0.03669555093119625244
0.03086260312388880434 0.03671789397682303363
0.03402915851545019327 0.03685901747587769922
0.03667418769219751851 0.03687400382988720998
0.02625090930918050694 0.03734337353396694620
0.03602716219807085285 0.03740483369187161400
0.03661551984809871541 0.03741183057807586504
0.03766956878854686025 0.03772794288297169618
0.03657773853336724473 0.03773497792069430146
0.02880382621919308148 0.03796891360976552970
0.02760827950411710169 0.03802564418871311885
0.03308265682959939807 0.03843433800316436305
0.03839952498296431843 0.03871257374935423851
0.03621963222029572771 0.03874463031283716108
0.03168619184369312475 0.03879367644888730843
0.03578949687829965226 0.03896303343861717144
0.03652240702547969453 0.03912066776958445652
0.02912742992343227838 0.03931593539508308061
0.02903879876313180883 0.03931593539508308061
0.03217828391025823187 0.03939342705346837031
0.03882864835062034559 0.03944248354291215314
0.03145754406864073593 0.03963094734339304981
0.03013334301066281085 0.03973602491217059773
0.03882654219223524716 0.03975363677367622223
0.03809509018425408233 0.03987025759420504550
0.03512065682003302769 0.03991023179829328998
0.03520975825998763631 0.04015228015434747083
0.03719629502673680449 0.04026284207038489937
0.03416209763584471260 0.04061994914730438638
0.03342215010691503702 0.04084643865638167004
0.03205660399678780803 0.04135866282932013777
0.02569769838657404160 0.04157288855615458995
0.03845604354937829511 0.04184968994009397036
0.04110137856029649761 0.04190538654758228093
0.04083770140291104883 0.04193453748382399565
0.03730531737878334253 0.04197542112939867814
0.03038907036679521292 0.04198309791429649662
0.03801220022021396805 0.04202240682358230478
0.04132290503667511439 0.04266128826369235821
0.03621895138296180039 0.04284196862400084516
0.03670214088785584555 0.04310610017131117494
0.04051277979513404764 0.04310610017131117494
0.04055936380449560313 0.04319188136071195477
0.03832690393306113774 0.04335643993707597593
0.03138492865103642560 0.04375068554901186124
0.03469067441553436160 0.04384668776036272642
0.03435973944472399400 0.04400237989895831175
0.03922129369424243867 0.04408126315201345985
0.04241063109556023059 0.04413327146285091901
0.02985830906280878203 0.04428395954858127537
0.04115286359419677992 0.04447699534134340327
0.04371210108913418241 0.04448864359172600980
0.04317450525280496637 0.04482991134119805599
0.03729141065970192903 0.04489985458994102951
0.03045599092278635303 0.04518845660979910195
0.04221040102205789873 0.04526628208405195780
0.04517052125354591857 0.04543958162754226093
0.04032673136775976469 0.04551566157055973727
0.04158974123538290713 0.04588925652154270118
0.03917952354584838814 0.04591655023293216009
0.04129600471256936189 0.04595294749581256555
0.04217161885012508937 0.04642547832556794679
0.04284032058601450199 0.04701998723125994789
0.04417601035165371476 0.04711506477153678402
0.03840378477756335035 0.04771139847548860197
0.03075036702280866882 0.04793799784712542145
0.03901028110919294717 0.04804908465869412587
0.04168929270193429126 0.04825565281134133744
0.04307079359555067433 0.04853871209393077757
0.04175843674643559683 0.04856434132419578525
0.03861712533064663722 0.04873064722518880704
0.04071529325600401622 0.04895771594825030354
0.04538545720309046516 0.04915632704810422859
0.04743400405189415747 0.04942356180228820589
0.04713614490088207515 0.04953292409268703761
0.02915388488972828207 0.04953292409268703761
0.04565350423629944976 0.04953384987299472297
0.03429974797197131442 0.04971595458363185782
0.04883151676170779248 0.04978507013060549241
0.04114342326350244744 0.04986893551003574593
0.04478682142582668391 0.05001962394831905440
0.04387918756003677395 0.05011268081160773213
0.04387537051635562180 0.05013799487240168384
0.04937467748668575296 0.05063143398987374894
0.03634411982951039205 0.05066240161454585444
0.04756683037985428436 0.05068359410031507417
0.05086040439390115270 0.05121999945642478902
0.04768278211767341956 0.05141191942996065078
0.04235548960549851555 0.05207870997398156288
0.02959604723842884644 0.05285483982504154271
0.04818633388624684460 0.05357303754459948053
0.04925367616410279009 0.05384248286499541958
0.04359404693101046752 0.05391049607032587232
0.05390880780586540522 0.05400276132023557052
0.04589909307843612063 0.05532670572663144631
0.04731211217366775718 0.05556479999585901830
0.05570431910511511320 0.05731636554864236177
0.04657860648353868288 0.05748096506129256322
0.05492975390226195742 0.05759859428119305791
0.04545051750617649933 0.05785117634990322860
0.05719132205325985069 0.05803736080061796393
0.04730307595333692328 0.05875031953251594330
0.05521063772402959313 0.05903823432631644802
0.04541855128722568913 0.05959368913144379165
0.05345573256803803908 0.05981800753759215078
0.05185331736517561491 0.06119975525331809718
0.05881813211051256651 0.06157826785784616813
0.06096694045194106515 0.06225999374835090860
0.04713399033880526223 0.06318573942227176388
0.05747553640438238937 0.06518679907026135589
0.05779704218819441824 0.06586683817991112466
0.06215833094041377932 0.06615746074903855467
0.06414081239487544328 0.06755346271145873382
0.06077585874754212747 0.06764001654757556548
0.06597779638491993448 0.06872826094372189165
0.06771671977485312077 0.06880094816432009985
0.07360909411191603191 0.07459742280423545258
0.07450447649570846043 0.07459742280423545258
0.07591394023508905853 0.07605641019279196779
0.05909912351266842501 0.07744315601588931675
0.07332233342533145404 0.08088357738557432064
