0.10320576268886304250 0.10670539614504175041
0.09940945196377186377 0.11422385230145057355
0.11159454077434258212 0.11423325745182037749
0.11371175415376071072 0.11535302868150347499
0.10882995536088867217 0.11637642683825606682
0.10902211282564992778 0.11703332607515801178
0.10013419596044713378 0.11720147640794044419
0.10807699665144433754 0.11772634334901035946
0.11793120520117103545 0.11884723330073450331
0.10616204738440823685 0.12244981340873070663
0.10671017470786001158 0.13013689350135615452
0.12290983891615384072 0.13032899260302777122
0.12722874503606587671 0.13057037255051040514
0.12489755616698675067 0.13393821923284976450
0.10754895311324991214 0.13586740849388287411
0.12911235321366909545 0.13620843641724547646
0.13191142686426632347 0.13673467678067785513
0.12378137467245192704 0.13723051307105599284
0.12645744392721916527 0.13806356281334747349
0.12846897924393993473 0.13869908419326390514
0.11338477459939941272 0.13926321723037754508
0.13873046042335343553 0.14111566273354164691
0.12446449508654133798 0.14209655731816850377
0.13966416483404808790 0.14328030894236104542
0.14132891575425102215 0.14419024275906930366
0.12660561236393280682 0.14656154252310713004
0.12790570577066212588 0.14988140486885151437
0.13216344934940466027 0.15089644542343561007
0.14834581069990510072 0.15228388439212450778
0.14177561306072999914 0.15270835849177935573
0.10966404064501079907 0.15437295583262339305
0.15243266645984451801 0.15543519288969143144
0.14895435252321720387 0.15983974495624128642
0.13664589029765614181 0.16050472477199517751
0.16040626389665824103 0.16267619817997375220
0.14484336548454149196 0.16406088441286123536
0.14834596934582711114 0.16504685770223215258
0.14531327535650306881 0.16530371513504577008
0.15599925848213161417 0.16908937087287967405
0.15115165020766127557 0.16970518603319126316
0.16300557844839075328 0.17601970798632818327
0.14763628369443557165 0.17620375121909867544
0.14282141309006579633 0.17686985385947412430
0.16637816118243017871 0.17688941185971179815
0.14789713428802944706 0.17697921250935053084
0.12258913422694438233 0.17827326693634465427
0.14625387065858366786 0.17902444818746407473
0.17817774574486075490 0.17930577607525724493
0.16738315890123833807 0.18108453083921974280
0.14112552798924637987 0.18123862235044893576
0.15501082475667640748 0.18123862235044893576
0.17721203401570048697 0.18174110055045444856
0.17257029701835058244 0.18181352332436490071
0.16026486935278944079 0.18325820329350991922
0.17896027252635526850 0.18478498625901493280
0.15673441891914302593 0.18547723056429721300
0.18350499143194620721 0.18598781357564264649
0.13576109058666702145 0.18736220606814640854
0.16634718504002460326 0.18773215525400688275
0.16977241231041867442 0.18784899103583618807
0.17997734503154275143 0.18834746746346361923
0.16515908071675064472 0.18834746746346361923
0.11715286354150425407 0.18897032508685870922
0.18870092497445040136 0.19195879018578052011
0.18525746934173645264 0.19255882310216240749
0.19236597083930156993 0.19270015381882496519
0.12872292806979065971 0.19435178524793214616
0.16864700131440044095 0.19507502045671015756
0.19585468472009207042 0.19590733057009926399
0.17364878515195433795 0.19748893598568389995
0.18992567189216078005 0.19817655555101609810
0.19491506934897986913 0.19843578252720694977
0.18063001950786225502 0.19924394758383953685
0.16196681611582869342 0.20011210321300057502
0.13854742724954202671 0.20083474467580911260
0.16381494740815419342 0.20102545412553476933
0.15520489838302239938 0.20131689415914741370
0.16871110476689196722 0.20168855632397489352
0.19071686986793770502 0.20239481498227232525
0.19401104385084838588 0.20276354717403588523
0.19041006258297651921 0.20290691507225733226
0.17781762864722353013 0.20376140594361233371
0.15316127760335215835 0.20581853538029062922
0.19417352725597572527 0.20608765609697540788
0.15794806339716668808 0.20635596775496886646
0.17977981757426472753 0.20671771094582166994
0.14758122671237525192 0.20720081948285662410
0.17721775440078965658 0.21102535052459492348
0.18127360831155750476 0.21175921016633161842
0.19413420608485440488 0.21398077867349199477
0.19850926154462505968 0.21406196929868018253
0.18688671795916558804 0.21406196929868018253
0.20290233547204652997 0.21454091530069882565
0.19904388013706750260 0.21501590094604683401
0.19688364166703276048 0.21569672954900209749
0.21194333180053945287 0.21815635015438575306
0.21441693783907675441 0.21841797420210729008
0.21591993609890011707 0.21897878838179887784
0.18245492175322425288 0.21897878838179887784
0.19797827310016530289 0.22149423722313266172
0.22096769900285728738 0.22179313856737936650
0.20114255996841881591 0.22267938080979693405
0.17542392903124504056 0.22293617126308065690
0.16727561856266640050 0.22318860063139808747
0.21390212079655468447 0.22339748294411002072
0.22243724583591567567 0.22384174348055593806
0.17885062265763931877 0.22527004237539127729
0.17115794441135748216 0.22613338045751060768
0.22332625966924671279 0.22655812112453732610
0.20580654443956661326 0.22752975044072654143
0.15097912573980709627 0.22867848361933604262
0.15408545362317838112 0.22967766971979297619
0.19749917856549642492 0.23094398045776801109
0.18813472056795516041 0.23308911770969614752
0.20537707770338689550 0.23379637721890331181
0.21818491334713555063 0.23426857184141317014
0.18161531569424971266 0.23609276799336287311
0.18030437817542172008 0.23683652875604699339
0.21279049552244833077 0.23769602491969910041
0.21515119787936778928 0.23822371727215055359
0.22608450843175220690 0.23872193348211462327
0.23968428076186568121 0.24128047219995088501
0.20760683939011087551 0.24209330796802458474
0.20678975714810374220 0.24380294487469716946
0.21812945161594587962 0.24389497390639089391
0.18069912154137765525 0.24495655078192543619
0.22173018647371758871 0.24655305812369823770
0.23899679702993448238 0.24704128662503715974
0.19659499475729652618 0.24919178190975369014
0.24833792152018319133 0.25009212842277328548
0.24535463435152651823 0.25020741878962771132
0.17171867641557150841 0.25070029265025728371
0.18977282330745520733 0.25078208668106016788
0.21999262339941455524 0.25080790741417785528
0.22912872434374612074 0.25144556038931759057
0.20437590094487639858 0.25205683798858741218
0.22871736197238518029 0.25288137531533649849
0.24447302929544265093 0.25319686073734121168
0.19390915997520830061 0.25378949650279142292
0.21946084191579204314 0.25421406158220555271
0.24772216201176630590 0.25796605912025188934
0.24294558579160158152 0.25815085922736030755
0.17481113409532347824 0.25829260693036260044
0.24327719546383252958 0.26083282376317767914
0.20733008259345389601 0.26288212400669208613
0.18409752724797839862 0.26642184281061265239
0.20504164255908577386 0.26718487608317481596
0.26078156741883995462 0.26809272875396406022
0.24509900112962024199 0.26926732420912485866
0.16236493312838534697 0.26951673738974818439
0.26632413637525281791 0.26997522213401592417
0.24272211415743283336 0.27107397460051713134
0.14717932482543744088 0.27127636053435033592
0.21904752088702539314 0.27239271516409019336
0.27436498070327058896 0.27795955240464048641
0.26084562377040843018 0.27923584851526617179
0.27256827819578133276 0.27942594211310217700
0.27187020615041557203 0.27994948730548097071
0.23720376324286499004 0.28233601656255691292
0.26326176014838603701 0.28280642142447814935
0.22794781042640768765 0.28296539588848035329
0.24062416984632936656 0.28508297852079544921
0.18200853356090496149 0.28529816764725662859
0.24471838565512410435 0.28610868350430251894
0.25845212350169100013 0.28815149766804237785
0.25857393087920887975 0.29023522304068505306
0.26526468224172328192 0.29083883761434792259
0.19433962559564951778 0.29099407195070531307
0.21291045055192406310 0.29285093458503430597
0.23733799755846274326 0.29496614019917499760
0.22448212195568464922 0.29643413431367648947
0.26037530069352504691 0.29829350089172568250
0.25218883937297326137 0.29843871298411089876
0.17353129648999934820 0.29892210018104570235
0.28412638338081069866 0.30093825375013422141
0.24391987317840685412 0.30181310433189101339
0.21837671486513540731 0.30370841673041243380
0.28000356754297089923 0.30418545416798636882
0.29424625027887030271 0.30463509334462357536
0.21050619532573650039 0.30499345049390719220
0.23338846966847109909 0.30501752132016235475
0.27851205735585965462 0.30999808424736124968
0.21770679815083920916 0.31094556672666068264
0.20336661585854551304 0.31600143599983548937
0.26862108549452545780 0.32003584892488701197
0.25674173711687203747 0.32144091933894819446
0.26047698688411180523 0.32148267946924707905
0.18608198907494588603 0.32659822788345044264
0.31690000747584867735 0.32953838871171403646
0.19467412625395574821 0.33240901847170029049
0.28150414467336981605 0.33688749484202684670
0.28200773216783558972 0.33815854750645912841
0.29187676822881974958 0.34414295801636635153
0.23254257791790799992 0.34725605746725851652
0.16406180476573509197 0.35424315103660031223
0.31305886926593429198 0.35484467876811165432
0.30691893449217072520 0.35492689040021369040
0.35901863507448000812 0.36425810923540380415
0.30185436197803511282 0.36769411051609857122
0.35160304790447033385 0.37559180124847968418
0.24228726092171398721 0.37607507667133288631
0.33993047076779853155 0.37858804618063168768
0.20695039455918864957 0.40179140359762260948
