0.09347530941754569889 0.09509715544575239599
0.08764823020577862389 0.09529880977269812592
0.08026213183994948541 0.09532188544817217501
0.08931608588126553616 0.09550939064775013088
0.09431910205778581968 0.09787394622593682814
0.09997155786777930930 0.10526794296884084412
0.09265819324640044152 0.10665903935064523222
0.12681769665741438047 0.12880705916633639063
0.12310674939522611715 0.13156145128519539100
0.11660873368367206948 0.13269051361714223614
0.13006176126457011377 0.13518107582225932783
0.11794603617170118515 0.13666422097898167642
0.13841747745060706265 0.14042102292070532399
0.13324023643024485164 0.14047890808603183399
0.13608596467706890465 0.14937033988329131984
0.14662529295634160742 0.15350859895263202493
0.15264312808987134940 0.15437543071130840899
0.12459214490390652097 0.15725581724047540955
0.14586628163013257153 0.15740861060322539067
0.15692079868368691287 0.15782308832532357390
0.15575541037681420176 0.15820915016318273794
0.15524476980279905414 0.15830916013600185299
0.15446281823155832980 0.15859102469226205034
0.13301575794900688532 0.15872994661462661026
0.15554657781994363219 0.15985129940180228814
0.14651815129826945006 0.16256208120197207512
0.15258623963448575411 0.16321790063250946057
0.16302554432293298037 0.16449073050588230993
0.13783903312593168144 0.16663204360026842576
0.14072389140433172461 0.16846486681280239961
0.16044002862244574614 0.16872060135116812019
0.16909331599017443648 0.16918153288561066372
0.16667453983369243109 0.16980305371966702976
0.15676890091219103374 0.17142615320242718391
0.16597835484328196665 0.17152492905282978874
0.13401095196766929507 0.17310736904149434667
0.14189117725383673663 0.17363410084958422197
0.13202787058826320754 0.17404656740131588255
0.12182576028353329922 0.17458529057556351760
0.15981130395799536537 0.17542609770373956968
0.16995716532649202124 0.17619904407240741251
0.17429951517013250739 0.17699362236035820484
0.15437558691210989670 0.17708835432732120130
0.16710283149598229024 0.17788518011831305765
0.16022429382416972232 0.17928992777904159683
0.15776923468762876768 0.17999614351691894942
0.16455665508267738883 0.18111593689356206283
0.17913236201946836079 0.18149134159154703405
0.14030643919556351484 0.18189509055755515021
0.16496638939843888405 0.18194982893337430241
0.18039626165186536944 0.18448242365069975057
0.14592595376407871410 0.18500962745650068042
0.18392636054257635592 0.18820820253241374309
0.18490587540477904094 0.18876032272582790594
0.16793819477642438209 0.18896224090351063096
0.17821102696789434261 0.19202231650414872122
0.17242788027156277786 0.19354504926390792008
0.15959214010076780421 0.19450975955288299368
0.18929388554800294364 0.19533550287000253642
0.15382949276932050831 0.19538963901665137857
0.15245917741630488074 0.19587785839263513465
0.16079067533811605695 0.19630699455281983012
0.16127792428244369649 0.19734676775489162770
0.14602046059440099146 0.19753384792249331636
0.16918733674662475575 0.19886600535534842971
0.19419870890816959275 0.19890039996661876276
0.18885832899822915798 0.19891295315567875113
0.16898917701274709935 0.19960406852908385567
0.19576222689694516843 0.19987802991788117257
0.15496976863764003185 0.20000381483270340821
0.17939867190924230211 0.20082922503475406084
0.19561151671669502194 0.20093845308592811483
0.18272421029829633010 0.20339510195477483734
0.14018177262112260784 0.20457553109803591762
0.20217689890554704779 0.20468356810345081365
0.19859896247758779264 0.20558697221901761631
0.18035147088182881814 0.20587273526026886317
0.19145474733480388752 0.20631096715852731416
0.19445371031906935611 0.20663679707343632352
0.20628781344366639572 0.20671657545946278689
0.19104256274374475932 0.20743085498990787574
0.15518329648988368752 0.20782950922063836430
0.18640933439521659154 0.20858842090185367169
0.20722848049269623760 0.20955999322966756271
0.18730103095972669425 0.21008178575692348922
0.20847877377310419789 0.21105622602157370071
0.19863762969151249616 0.21199042864406661413
0.15587039400423843838 0.21204308701841775853
0.20466423866517463592 0.21240726244895472008
0.15422974483724222194 0.21267444004025423676
0.20154025671668074349 0.21335475729441963355
0.20782885135075526706 0.21417656928444300801
0.20200101239098611217 0.21437021568710307173
0.20021025361495375927 0.21496931898490040380
0.21199005975956197734 0.21538015187187495303
0.19030651688955729783 0.22008302956795028349
0.16531757367261548652 0.22182236034901942068
0.16303917587632629771 0.22284026106956614233
0.19952610120616323663 0.22376504362719992769
0.21680199466790150975 0.22401055379510526055
0.16604725923190272185 0.22490183817357639606
0.21642949568219851941 0.22604550819988580845
0.20984861325474191140 0.22975470792751798155
0.21867658564136921440 0.23048424282159915566
0.19452011690334802818 0.23224924934365578921
0.19712837691852092004 0.23232335599591372177
0.21738407532729542293 0.23239061526094451082
0.22576695593651563421 0.23395466932538017124
0.17201645638791082660 0.23396175933216734055
0.16684584304295474455 0.23433087711772021544
0.23423982126529627190 0.23638842603756010652
0.19390185727847666919 0.23672868762743676241
0.16504556495902347746 0.23746578533593121207
0.17892758458493701612 0.23808035114002221166
0.22451164469724776973 0.23848768415715623781
0.22592176705041161489 0.23865063222448842928
0.22016943617270459677 0.23869304197032892301
0.21577783937764952182 0.24015252416890559006
0.21832689239050478980 0.24063910636348456729
0.20421990398286327117 0.24285363999665929291
0.23796472871866006238 0.24307786716349066847
0.23392233418215138685 0.24349693558902135715
0.22750503755258674743 0.24476105485275234663
0.21494619086500013627 0.24519664785943040552
0.24555857184553506189 0.24584142340431286433
0.23186887847271084317 0.24641533576130070227
0.19462440964302163415 0.24699239427322949858
0.22400024099121823573 0.24724603520904192555
0.18928746603808915827 0.24736938539256217440
0.18599979311269929094 0.24788465306051701842
0.20726556023595352207 0.24800413304178645091
0.20370903732177975121 0.24958531767511368815
0.23938429364124927390 0.25089483103611365244
0.19133113994242764710 0.25104352820594527662
0.24664262295576819262 0.25236509021905856320
0.21658293077979581809 0.25392094922083813247
0.23522281637364161888 0.25552878800468153964
0.23808318131216160696 0.25578285742028566974
0.19339319830282461488 0.25642552977447341522
0.22000722867286962026 0.25673307571197395704
0.20900567376318235358 0.25686268264568767883
0.25287487445824641252 0.25814242623553962375
0.25069175600684645566 0.25875017492993673818
0.25062196460208169269 0.26328506688027958349
0.23514002003317260869 0.26504987099406424056
0.24011804889798052387 0.26504987099406424056
0.20736907472497898008 0.26664349163214706717
0.24791617888814773685 0.26674874461452513508
0.24793099804608237369 0.26726415182198509646
0.18486102181733451988 0.26831595934808083470
0.26152369183238810546 0.26967734213769084528
0.21817468669300205120 0.26972610620980819185
0.23550631224571316746 0.26984868188365884745
0.16735889301577863697 0.26996656576478017531
0.20768520750837665689 0.27147455546893839440
0.18408625389705080000 0.27148657323713637490
0.26337435853403423636 0.27213489803879692408
0.27305276478999523926 0.27402305161505674524
0.20166603424800746969 0.27434603811059482537
0.26521117373679103935 0.27470153307837041901
0.26899622217773855315 0.27532388924236506078
0.24172649815809216234 0.27642247131775815605
0.21643110801107187657 0.27648175134312069634
0.27572675639052046659 0.27664272811746992708
0.25846573290392371725 0.27689425526722422077
0.25220142924790167616 0.27746420740270061334
0.26290202861499573084 0.27770629414458780637
0.27260076806370492353 0.28117383121323652473
0.23187716444766284796 0.28385893281060642357
0.21673751667311622060 0.28499444596840123323
0.18240300315094290506 0.28799670982192593360
0.21333670586909025957 0.28805348236648692373
0.19280393103113388498 0.28819606158591526412
0.20971016665467395734 0.28862051212949202394
0.20555739212862109144 0.29298498176092435674
0.23091814189434978211 0.29309663456361206846
0.20703591591158634899 0.29314912784983204741
0.27391272150510165284 0.29348318099982162455
0.25903659002909285025 0.29408549972681385931
0.22444917117760709857 0.29415159207658492235
0.28728331990022154541 0.29592666898465341818
0.15490023981940190256 0.29911564041498389654
0.25292691136618822290 0.30205975393998307776
0.29242378620671566347 0.30230922241837310249
0.19522802949261050531 0.30304510900695902365
0.19685850102173510501 0.30595644467107024900
0.28829395274278873940 0.30611433208134980477
0.23885093702918722136 0.30662637169836065576
0.19821611068929620436 0.30818714535930130660
0.26266569383399890336 0.30903840122406539548
0.23377399372076862472 0.30942647137969053750
0.28289141449977905918 0.31460951154407040820
0.17340036412565906776 0.31512847655344305986
0.16203705300488874252 0.31546510416168660473
0.24391986849565444606 0.31643288194104746136
0.23997446812686462625 0.31646391129137402265
0.29176660452271113710 0.31720174785576277232
0.21280397536495343491 0.31743287109177831251
0.31436670305095576472 0.32259931310643497060
0.32155004257773500687 0.32470251606540495581
0.20411458904104148870 0.32750542271528659821
0.21773755522583099209 0.32762285298215620966
0.23004338539810695319 0.32961105993825351446
0.26929716782610874093 0.33175353534475782169
0.22995994503582226076 0.33267182431615172078
0.19859736245866652093 0.33675631182055565382
0.31938693722486266591 0.33720766813502750514
0.32591519703431587329 0.33734254632381488470
0.26129988139673682168 0.33737459468861163980
0.27449672080833087406 0.33837161705011886692
0.23875588331346425663 0.37208211166658533564
0.30692206265358262796 0.38282873862539379406
