0.01259137017800256685 0.01276704433282362279
0.01566291402525984977 0.01622843781342659178
0.02064541693655048277 0.02110653022223830944
0.01891127990918299931 0.02111124277871731167
0.01627774404768215361 0.02112603486538248976
0.02031285183240569628 0.02209949540088251146
0.02096369860332637086 0.02257158054809478911
0.01827930284733853689 0.02257990129192598283
0.02244359653998782497 0.02280073808296401508
0.02167394751101373029 0.02293076218425804322
0.02304988036047997402 0.02326662012718218667
0.02284100680064406197 0.02342440594792050829
0.02080469862010285789 0.02355517659799008859
0.02309903896113820257 0.02361517406887315637
0.02307212511593628723 0.02382718703472971530
0.02355910287120512731 0.02396161787176768684
0.02202983298101938991 0.02396313845404982046
0.02164354065093579069 0.02400413142518743881
0.02382785201021615090 0.02406170208516797762
0.02271320306528926830 0.02414223295611111000
0.02393752540975561602 0.02432115219381103532
0.02294738403334520629 0.02443455729743553365
0.02450079065009800813 0.02467565604691667261
0.01985112227230532642 0.02472399166438566873
0.02428157093026776792 0.02474472798657917708
0.02064121660025862448 0.02474769516115615450
0.02277445860775659942 0.02480874540799989786
0.02286351973390547340 0.02526947871093198489
0.02140526652869573568 0.02533580758141493541
0.02312526878332319888 0.02549006293435638823
0.02319631599032154906 0.02549285552875719604
0.02476423343158347043 0.02558873468383893526
0.02496899156198720965 0.02574784833521889457
0.02150117790829494252 0.02608073792458490137
0.02116113038079414296 0.02616244266539174274
0.02339207811135373891 0.02628122838673950870
0.02270924552693199747 0.02651623380940923771
0.02286798015976026013 0.02661828986759565141
0.02406805185617962722 0.02667741606631418572
0.02259848118527573932 0.02687216972521560762
0.02349861269191022214 0.02693439856112061700
0.02185537044583492697 0.02695817935582011521
0.02670228683580475049 0.02695817935582011521
0.01998952203836935893 0.02698429875573499226
0.02511104383492454920 0.02708080053578408586
0.02592253474753100986 0.02713888206870818456
0.02069205427779671064 0.02716968991753001411
0.02378501488665643246 0.02730161563568655331
0.02549286919233563486 0.02730686839496459725
0.02644574633635529692 0.02737662461387626450
0.02730512192538649824 0.02741588447092353081
0.02232425656786985943 0.02749114870431713931
0.02084396060519531566 0.02750616630841744639
0.02685040370961318951 0.02777289283057535196
0.02770473701750510512 0.02800219266905999357
0.02145714359697128634 0.02800254766239633486
0.02447810446844981419 0.02806098285660881680
0.02726213228554174098 0.02811847026469559488
0.02304475690892322792 0.02822464310510180985
0.02150656207719638113 0.02839183812466290410
0.02582211283184315115 0.02844743663529930230
0.02133849678055355081 0.02855465296871622857
0.02137488995101696765 0.02883838626834160992
0.02051748010716314408 0.02909137732205063429
0.02910517920858037358 0.02917046761033483676
0.02858938676010734994 0.02933648209579434174
0.02618635032930357806 0.02963739385430216172
0.02928318882894653460 0.02975859727345116570
0.02753831488739645617 0.02987007265336400971
0.02895413463338386562 0.02990772958961186723
0.02922561306825956912 0.03000119819901515827
0.02296785616751246747 0.03001847468727586107
0.02818871915779605150 0.03035819742222522349
0.02880107232675247625 0.03050889044014176363
0.02917247974837049521 0.03052403660213267450
0.02238895057495902952 0.03062213531868912889
0.02766105458707043482 0.03069547997363642269
0.03069099465963685130 0.03113686771556678501
0.02838634572155507643 0.03126395272896626693
0.02597176631587416393 0.03139130581711670892
0.02236409001963553245 0.03140406369195561376
0.02899572478999445230 0.03157412619328412579
0.03116611946777309711 0.03161797681761355228
0.02442567774859148722 0.03192535472594205948
0.02396536330082827890 0.03192770903840344565
0.03035801744875382679 0.03210286366666233182
0.03039355465327532244 0.03256114719336981878
0.03286632219970875984 0.03300734044915932391
0.02660385221865811320 0.03348033441620584805
0.03263118324871126102 0.03407780223967999539
0.02905175245409403334 0.03454549047106403314
0.02877842757553898331 0.03471043918361525066
0.03174190629367628497 0.03475071552792716179
0.03293401347017195502 0.03501579651487996686
0.03402752034324692254 0.03510809444353020503
0.03198690717747914442 0.03514044001768393266
0.03260652920457884907 0.03519356344240869017
0.03172465452943494524 0.03536556943523574970
0.03516208124696387077 0.03538385179092826821
0.03434541874916712673 0.03558720439167233074
0.03000151859668451562 0.03578864837042123465
0.03530864807700342944 0.03584958842139204793
0.03279058587626801358 0.03612399421820396139
0.03532824729715469680 0.03617923905238811660
0.03307881407361606962 0.03620726073658490918
0.03083633913079519492 0.03628229593523567970
0.02722470352391417880 0.03630227011654082320
0.03047964221068422477 0.03678447214943204868
0.03490512857874986108 0.03678447214943204868
0.02795556943452690013 0.03691688902027648322
0.03344044132606440595 0.03692416095205162951
0.03047523980646834815 0.03700562073533464336
0.03727454834750565382 0.03728821467244954752
0.03192551668037393181 0.03741059110303611435
0.03411143192642871608 0.03748529891843749989
0.03426506467005613343 0.03773252185548103821
0.03526916577366714239 0.03818489554902362165
0.03078795251088505339 0.03821228291686173950
0.02462809932125945359 0.03827764865844656555
0.03131921074058372639 0.03835284936773140918
0.03852343729083232415 0.03865147585748351933
0.03766583703031830405 0.03915619315199965478
0.02970155776384787033 0.03919490715505365153
0.03410563068823214972 0.03926184293512359480
0.03062793809484656848 0.03932717653798609853
0.03587399179930399196 0.03949827915846818027
0.03713615895087069019 0.03965544088580053028
0.03100219460687946710 0.03968466774838798339
0.03456616231124239741 0.03979421926646568852
0.03104350122892478997 0.03996913428283831865
0.03592124917267008888 0.04010181418234173151
0.03011509034765358014 0.04095388323349210408
0.03166728505462581417 0.04118663070361522349
0.03374065210041652524 0.04204098430260558988
0.03236695790974783438 0.04214800328630224913
0.03048063300475974124 0.04222070750532034428
0.03142182596326174859 0.04232128223240990555
0.03887211088965120132 0.04237674474455609130
0.03338375005823267933 0.04240398184729683717
0.04133219252490231976 0.04243690215209147687
0.04213701674014725534 0.04245564034890864091
0.04217475818455466291 0.04254786655876947876
0.04281409175189347660 0.04286278238020398146
0.03025905864558046596 0.04287250887532751548
0.04190283369614367093 0.04330168778484336928
0.03851981295287516122 0.04373277263370060203
0.04028497568274175961 0.04385322672731475913
0.03265555990589803781 0.04401923687516507561
0.03899016826678571024 0.04412330654699484628
0.03643559975345848218 0.04422697148815300794
0.03675139880338778448 0.04478658959904253251
0.03489325559011601657 0.04499998158380820457
0.04237411958525694189 0.04507858311424031705
0.04357299665046957676 0.04516273527941542382
0.03574274901194145898 0.04517845523294803517
0.04405373867368002350 0.04585557535213873742
0.04250952930767192689 0.04604342381955978114
0.03987721612072822608 0.04642264700884610185
0.04264842018038909194 0.04664489447035780750
0.03803793485526561768 0.04664635210047281960
0.03412299657292656302 0.04675285581860558204
0.04796801581495584860 0.04889206983655514094
0.04138896647031904685 0.04915455607734520171
0.04215712171293341942 0.04935772120011594488
0.03551325151700369248 0.04992074246032353335
0.04686952729984820987 0.05012528522680968768
0.04142260965722074917 0.05084951462382201332
0.04838616642868892592 0.05087949291255625117
0.03724061522147496112 0.05099225022330652196
0.03642573762697785822 0.05119860885304278880
0.04927203226965265470 0.05160822817570234061
0.04667023453652623111 0.05220619380153242867
0.04818376644108023771 0.05239433733981129632
0.04514523304959947025 0.05251669442354506279
0.04479757286220441281 0.05269051201497881864
0.04684945828619566099 0.05281260675383880193
0.03554564927045843203 0.05315240672985740294
0.04223433875068025034 0.05326053896049286196
0.04273786550244444010 0.05387765891153466907
0.04543504762726562063 0.05413005828592205859
0.04486786443411631270 0.05413005828592205859
0.05073217151352876764 0.05442998165905343910
0.04169527029780249749 0.05657438960194233896
0.04147166319328442208 0.05665544263033335526
0.05037361020192431676 0.05782605114036510480
0.05947449165532549265 0.05982884584835528041
0.05970818037306635517 0.06016638107766376226
0.04482595718666923523 0.06037182704389115750
0.05426795091664721876 0.06052975170983219966
0.05126802991161273637 0.06177763114145742862
0.04516525730025700708 0.06186880651722438673
0.06131550931032318796 0.06232083991037309229
0.04571359059627089216 0.06258227520882379824
0.05697889895230177915 0.06299468275848187082
0.04365313307423426131 0.06406622132340265841
0.05388525156357180934 0.06477657091720440130
0.05649923455081577728 0.06482306945610817606
0.06287911661798119278 0.06589319750123338870
0.06511339677867407361 0.06596249700292199092
0.06002773042261751180 0.06736363880161212736
0.04762660154635560417 0.06752165584023725464
0.06035009678709139097 0.06752861792456700540
0.06551599145976080840 0.06840107842233716928
0.06113581811822652035 0.07639094705495103055
0.05984686041924282968 0.08056127180814376398
0.06958366135391265417 0.08066076154071630255
0.07624689981952390005 0.08091432876242010686
0.07201003522109018784 0.08201328954014085182
0.06721137770606391837 0.08290740710311446382
0.08625533822346717616 0.08857973766586671460
0.08125444690213813603 0.08929403944637089030
0.32939295404421159441 0.33672245026482872099
