0.08554289533142864221 0.08968940289088553341
0.08510734608591555284 0.08976250292377097040
0.08225436404204829188 0.09556282205849525591
0.09387182234327610952 0.09730366072704267622
0.09758113392404203779 0.09865833823828630555
0.09990769966193645268 0.10173519074573579568
0.09596075024764141870 0.10189041033052365082
0.09884837290349639261 0.10368111031241716846
0.09545506002005176016 0.10739115241993617278
0.10545427526873961399 0.10943928932728788639
0.09852257387897045415 0.11595138686100563141
0.11608579510528541090 0.11867197851672950382
0.10187417671915377504 0.12071738111712194963
0.10311811124635898718 0.12138206678646080994
0.11886269787420029875 0.12201435866927683171
0.09589492697477428051 0.12265626474857280193
0.11476409663546500994 0.12332486590249434888
0.11048063832212490221 0.12369441746374265634
0.10955543830232539193 0.12381849681188905610
0.11780067864811157030 0.12422725761421618551
0.11108690639821167112 0.12594609612400187171
0.12560109025390861492 0.12794421971307942676
0.11287021724914331200 0.12800652194176467824
0.12818697388083089006 0.12873159272797374264
0.12683173011619464088 0.12922070047132280801
0.12888761047453947683 0.12938628886910297222
0.12645091682483836082 0.13200424962779533367
0.11003218462716803094 0.13276331149652598196
0.11098909760026315352 0.13342617139827334105
0.11406291131211006296 0.13556498233758515481
0.12735196271381810096 0.13629525684827015208
0.12573270828459848225 0.13714404619965017695
0.12443692860926766630 0.13808317241339748693
0.13835225784261453996 0.13862162331317312569
0.12598902078755278011 0.13969206842926024104
0.11728519568069444012 0.13996711717650345275
0.13665290408039140746 0.14011107460312727246
0.13774702866419147318 0.14084674448011860748
0.12801932455294376401 0.14092420684468393022
0.13371947805903705575 0.14267923825679121319
0.13827624679997246870 0.14303047558630424541
0.13118239582684732003 0.14320301567358881267
0.13772798149309681270 0.14329677445701199945
0.13778939491874198087 0.14364743719225228635
0.14006828714041541506 0.14384216778235625611
0.14132218053884215703 0.14435049582277431623
0.14083814250114976008 0.14454140151258626501
0.14038223823317214078 0.14531741377470910881
0.13567981312410343220 0.14548641641179438366
0.14115138271995730790 0.14554577279725838812
0.13907740713242253139 0.14612671472317173560
0.13624187658356159969 0.14630194784678263176
0.14635906444151378092 0.14647468999200630169
0.13549247751166679232 0.14650055364614369968
0.13451522989519662521 0.14656901121905460683
0.12461008001611773022 0.14661337038310928715
0.14369435608413708150 0.14730559203902399146
0.14711907681110897306 0.14770161570477607915
0.14594570837861267631 0.14771669255522282271
0.14703795832336546967 0.14779996226286978844
0.14592942320960244906 0.14816561886705950646
0.14290248088583260011 0.14928975879488165512
0.11868346878116661780 0.14960122975156528446
0.13269307189972201488 0.15094753500365418186
0.14065835479254268359 0.15099255033205283283
0.12943651583340939903 0.15196628055230790300
0.14365687883233296818 0.15284767512402097633
0.11437598921383540507 0.15350263445719303235
0.14899203400009553011 0.15352988512193727066
0.14271581930501794910 0.15364349500062082776
0.14199820647149757891 0.15380003354139515359
0.14909085218954401530 0.15389405799999991697
0.13702663886824856254 0.15417119711627852441
0.11331356472113569833 0.15524001932110534363
0.14404948896054584062 0.15666773225670035941
0.14199356001051818832 0.15715990845267036047
0.14633069126943534788 0.15748505953514305156
0.14730035967359406124 0.15789624518189340763
0.14877842956492279280 0.15799866476628321443
0.12332123581536771906 0.15833840446083977116
0.13738337273777698200 0.15845758769490972395
0.15491381769274220614 0.15869693569316042914
0.14002692195724378288 0.15882782375883844339
0.12162362193941110566 0.15933616261850330753
0.10666986426467060800 0.15955519648842916847
0.14075322273544191298 0.16021434901790926331
0.13517388024653684275 0.16036471174521230165
0.15037079305639589055 0.16046807487164943540
0.14044576229052072036 0.16056140955865716435
0.13654891838812299731 0.16061205600614791855
0.14245725074810944299 0.16072240820005692652
0.12462108410948510850 0.16072240820005692652
0.15837845689880264421 0.16127894682893403888
0.15350858075412779358 0.16127894682893403888
0.14438975416517124684 0.16167507402540004513
0.13612837049287018765 0.16178933946423021406
0.14283967924510476699 0.16289919226633173266
0.14730136583357822389 0.16331529749036383103
0.11837707240293253441 0.16355188604202053337
0.16300432688014032667 0.16361509292715467612
0.13016900389379801317 0.16365899049726689851
0.15785852557029694809 0.16450860364688624227
0.13375410506825105572 0.16476143979782026383
0.16079254379727184188 0.16500168623417904579
0.13809472804971478777 0.16521685186785026178
0.15831127849014126063 0.16541067719131774538
0.14971270704643047100 0.16598308178297271898
0.15616546188179761256 0.16621238402609209150
0.10353873298359712873 0.16623721026680043922
0.13583675197169381432 0.16651906690954823564
0.16289221214890417522 0.16692864375830299140
0.15610153456898248625 0.16743672463809855522
0.16133865090842630652 0.16779626301007424805
0.16695516310499589063 0.16877589576872692456
0.15538961686774274695 0.16896720581149354823
0.14962473161706893454 0.16910253961873872308
0.16212309454455345326 0.16931090963436556951
0.16197534958936210536 0.16934045168816552751
0.13568373759191307282 0.16935107180413819239
0.16342410158075801330 0.16972025831270251550
0.13342558060123990704 0.17028596556578262655
0.13152343821882755970 0.17081912687671316209
0.16198902998078415494 0.17094426814588237207
0.16240639067863418821 0.17162101565548582016
0.14440030109226464905 0.17165917705031652485
0.17085008184651220842 0.17380604930452900336
0.16983908846424231043 0.17454579730670266580
0.14982578918331945772 0.17454579730670266580
0.16527068926377561087 0.17495903548576025033
0.16481622617268068542 0.17505347377252120089
0.17399063297120140326 0.17532087642248583848
0.16710390442893685581 0.17535325290343470317
0.15589944799733804204 0.17556979022645990973
0.17131023773721867909 0.17750475886405528425
0.17215150477632767956 0.17782633499910718844
0.12369473589042491446 0.17788581913029091752
0.11868598320792286827 0.17816297348377899135
0.11941874818833940475 0.17822824193447880936
0.16355232989085186079 0.17892699994880342795
0.16779491134938839814 0.17893830652611922294
0.13521664340469108367 0.17971471039492298294
0.16907565054232340240 0.17976647647891361159
0.17292534510526411107 0.18038236556740488981
0.15130673983274700589 0.18074744521807337150
0.17669310983298538997 0.18093226561379260886
0.16303330581096495133 0.18118977936083188740
0.15793659844598276210 0.18137146464850611993
0.16569693961314255204 0.18195478859788816184
0.16810102551731556653 0.18223566699836829530
0.12126074306404144298 0.18238689290902021511
0.16687380544615773581 0.18250731513907278436
0.18360382790877458059 0.18374614490525401078
0.16087216452649810705 0.18507016128603748228
0.18243889562852891317 0.18512132369904973905
0.13230022408327893335 0.18564903347521460875
0.14995820432069095762 0.18567767805139825943
0.16039174720528368012 0.18651924277954798348
0.14834392078555885819 0.18656933735397465690
0.15055902201158322118 0.18850844006473665981
0.17879178844008553062 0.18874524071796711100
0.17435267739611268190 0.18894179437757221973
0.13624477831581155440 0.18898125538780183308
0.13941098318234676490 0.18907667153922494419
0.15534126836930006732 0.18937618673960732174
0.14866121482059638237 0.19070410212524813165
0.13322826604814252960 0.19098139252330340043
0.15720458418567939685 0.19122950311880240748
0.18851347488756595161 0.19132476067682369081
0.12933467798556047557 0.19156616406695073374
0.16184955972085690590 0.19160745633426931600
0.15230569660487769390 0.19201458355786324428
0.12790114470498922805 0.19234628239266995942
0.17732952443569666157 0.19243768035913300096
0.15855793875870896614 0.19297896639249312312
0.14222853792084785840 0.19395707812220006061
0.13502354783289297058 0.19466632075556622450
0.12712667560047430371 0.19469550088069098592
0.19001119256626480825 0.19489856478829431508
0.13008461209338714748 0.19512436986787015658
0.13294173528123737205 0.19531359875155179795
0.19442175619974244594 0.19558810976404084059
0.13809865870423479461 0.19616561654771583201
0.16994280605316822164 0.19638841222372391271
0.12973669776232360507 0.19653487844628095282
0.15035829875134582023 0.19686083279319796513
0.13982893467950535671 0.19691353190126079098
0.12937111400815468065 0.19755501916974088639
0.19450224186401715576 0.19763546579748164644
0.14932416118353097900 0.19816377379088429000
0.14827131451520275673 0.19817534347942480921
0.13775920117572848511 0.19851434426871755745
0.17278678448034262560 0.19908796995222596826
0.18603711679169582238 0.19950875344737292738
0.14264984017316070797 0.20025032359396424675
0.14093809058350467711 0.20099860061517813015
0.18035560030676286991 0.20114139527007834918
0.13935741158331185763 0.20117886003121626670
0.18772559689585036069 0.20125547962179365924
0.17619518456127927775 0.20141584027778536292
0.12662913469874501060 0.20186528124742655899
0.15198965570173397777 0.20229492665849899136
0.15153714503040716099 0.20229492665849899136
0.12585794839866820682 0.20252405207491605554
0.18874305388312909160 0.20275374746241844881
0.13288518260337936483 0.20276667555144259336
0.12719843096491686985 0.20286571163141386975
0.16778922887914185513 0.20289456863288740651
0.17473140187407051882 0.20341332388834726386
0.12979638480771965581 0.20421346607155865804
0.16415736565821867354 0.20428330410280823304
0.15521754055852171605 0.20453405202387231476
0.12762464594833050624 0.20591322016943147677
0.17062977747035429354 0.20640023586314742987
0.17704610855608957087 0.20646386373457828456
0.19282651366601694098 0.20749895212692470725
0.17105119089509787655 0.20760883177126929211
0.12791022353088213337 0.20899432296010486687
0.11893885535815088006 0.21113592387930793515
0.13222928911182690870 0.21169908903547091095
0.13340377358573934918 0.21169988050781551880
0.12781706420928040657 0.21205412808282278481
0.14474389672780141325 0.21708469929152432454
0.15796434483389196202 0.21785601631547993340
0.20439095044150404346 0.21984808457564303241
0.18116283499449806205 0.22027702453769110180
0.12410639209241508540 0.22045395106359949589
0.21357900376799421327 0.22094645007485036459
0.12730583218023464043 0.22231775823382543544
0.20145097787400437217 0.22805780279459475501
0.20848224973795639881 0.22851149340075485594
0.13547196953085235971 0.23538508570646024531
0.19955273016408056619 0.24730442855748172026
0.29573269053989853505 0.30197143233033257870
