0.00000000000000000000 0.00126842882810069375
0.00000000000000000000 0.00193649263826053768
0.00000000000000000000 0.00419939796792168779
0.00000000000000000000 0.00435018717989590735
0.00000000000000000000 0.00529135090106865567
0.00000000000000000000 0.00538546528216022474
0.00000000000000000000 0.00563624871688145866
0.00000000000000000000 0.00590762739748383787
0.00000000000000000000 0.00607383837908717378
0.00000000000000000000 0.00619590015759995984
0.00000000000000000000 0.00620467934896217366
0.00000000000000000000 0.00633201824962445915
0.00000000000000000000 0.00634469504646933014
0.00000000000000000000 0.00686856472629880470
0.00000000000000000000 0.00722447163395572439
0.00000000000000000000 0.00760406079149716745
0.00000000000000000000 0.00782838556818211267
0.00000000000000000000 0.00784795302244370788
0.00000000000000000000 0.00785656598956347048
0.00000000000000000000 0.00809444121008438128
0.00000000000000000000 0.00838839829319523896
0.00000000000000000000 0.00852158390040543522
0.00000000000000000000 0.00862668735650608254
0.00000000000000000000 0.00899623595655128956
0.00000000000000000000 0.00916444310494188459
0.00000000000000000000 0.00917873231469129407
0.00000000000000000000 0.00934772143451633244
0.00000000000000000000 0.00949097327051730104
0.00000000000000000000 0.00950181664162230190
0.00000000000000000000 0.00981557202898956579
0.00000000000000000000 0.00983574612528949170
0.00000000000000000000 0.01006895476133278476
0.00000000000000000000 0.01013053389406331529
0.00000000000000000000 0.01018834474540026083
0.00000000000000000000 0.01022237474304957955
0.00000000000000000000 0.01028658033732859391
0.00000000000000000000 0.01029934454213726758
0.00000000000000000000 0.01039849588309810745
0.00000000000000000000 0.01043053746849150615
0.00000000000000000000 0.01050712336544891087
0.00000000000000000000 0.01052025831238091041
0.00000000000000000000 0.01078105796654307835
0.00000000000000000000 0.01079258024485405844
0.00000000000000000000 0.01079686116146198055
0.00000000000000000000 0.01094767804145774584
0.00000000000000000000 0.01108554365132456698
0.00000000000000000000 0.01124683369338970625
0.00000000000000000000 0.01132922100158197283
0.00000000000000000000 0.01157547685428790551
0.00000000000000000000 0.01160014087699232088
0.00000000000000000000 0.01160220777414163427
0.00000000000000000000 0.01160345981477679637
0.00000000000000000000 0.01162625567013575098
0.00000000000000000000 0.01174291891001519837
0.00000000000000000000 0.01177734676584023775
0.00000000000000000000 0.01178848938965465672
0.00000000000000000000 0.01188396061396246664
0.00000000000000000000 0.01191441979447596319
0.00000000000000000000 0.01216318196231449753
0.00000000000000000000 0.01227629800020992729
0.00000000000000000000 0.01228538570549525706
0.00000000000000000000 0.01244902431236944926
0.00000000000000000000 0.01247218377643351944
0.00000000000000000000 0.01247725173370083963
0.00000000000000000000 0.01249532969584167715
0.00000000000000000000 0.01253843435736064216
0.00000000000000000000 0.01258862314990397656
0.00000000000000000000 0.01264485564495354715
0.00000000000000000000 0.01273822090021667873
0.00000000000000000000 0.01280124279432524707
0.00000000000000000000 0.01292685979869402993
0.00000000000000000000 0.01305143308643422033
0.00000000000000000000 0.01307419773266933587
0.00000000000000000000 0.01317897927572121881
0.00000000000000000000 0.01318606495977795064
0.00000000000000000000 0.01323551286593760944
0.00000000000000000000 0.01325285676264744035
0.00000000000000000000 0.01336180802259739550
0.00000000000000000000 0.01338395324631865176
0.00000000000000000000 0.01345926252712398470
0.00000000000000000000 0.01365027421058563964
0.00000000000000000000 0.01369759758132694898
0.00000000000000000000 0.01378389439455382504
0.00000000000000000000 0.01397409049838160659
0.00000000000000000000 0.01405100814593158130
0.00000000000000000000 0.01410587494356061421
0.00000000000000000000 0.01411570747831675070
0.00000000000000000000 0.01415778383781279848
0.00000000000000000000 0.01424395580268841138
0.00000000000000000000 0.01427160969065872226
0.00000000000000000000 0.01432304762628760358
0.00000000000000000000 0.01434785180075897303
0.00000000000000000000 0.01436531213050920922
0.00000000000000000000 0.01447198876677230524
0.00000000000000000000 0.01454375086008918155
0.00000000000000000000 0.01454961218713676438
0.00000000000000000000 0.01461949168050507945
0.00000000000000000000 0.01464318971602600675
0.00000000000000000000 0.01466940981020960731
0.00000000000000000000 0.01468480435240060444
0.00000000000000000000 0.01468569959086855024
0.00000000000000000000 0.01478451572285329439
0.00000000000000000000 0.01479854094039792858
0.00000000000000000000 0.01481404291908967712
0.00000000000000000000 0.01482314193273855801
0.00000000000000000000 0.01483995854593860714
0.00000000000000000000 0.01486303626680471335
0.00000000000000000000 0.01498572041737885295
0.00000000000000000000 0.01501274648445170834
0.00000000000000000000 0.01509792737855548093
0.00000000000000000000 0.01511999821344861897
0.00000000000000000000 0.01514085912266788757
0.00000000000000000000 0.01516862685223545511
0.00000000000000000000 0.01534847359847449876
0.00000000000000000000 0.01537418046041117391
0.00000000000000000000 0.01538245005480721669
0.00000000000000000000 0.01541272803187114862
0.00000000000000000000 0.01550520161862371619
0.00000000000000000000 0.01556772024501953088
0.00000000000000000000 0.01560457577608789434
0.00000000000000000000 0.01566715535324695457
0.00000000000000000000 0.01568005458660056903
0.00000000000000000000 0.01568040279219353600
0.00000000000000000000 0.01569104427388458289
0.00000000000000000000 0.01579448956805953180
0.00000000000000000000 0.01585467261837215577
0.00000000000000000000 0.01595644992647532109
0.00000000000000000000 0.01602705876855722855
0.00000000000000000000 0.01610493559031099531
0.00000000000000000000 0.01615637639754066018
0.00000000000000000000 0.01619324073699752314
0.00000000000000000000 0.01625125862448252578
0.00000000000000000000 0.01625715795717883744
0.00000000000000000000 0.01626600455304413537
0.00000000000000000000 0.01633260483102064523
0.00000000000000000000 0.01635144745999608795
0.00000000000000000000 0.01640492762149967088
0.00000000000000000000 0.01641108391298029545
0.00000000000000000000 0.01643062290963298588
0.00000000000000000000 0.01649911368710548984
0.00000000000000000000 0.01654938669377825286
0.00000000000000000000 0.01656315389347379208
0.00000000000000000000 0.01659703384487381736
0.00000000000000000000 0.01662155268416674533
0.00000000000000000000 0.01662314562504204479
0.00000000000000000000 0.01664531578612031895
0.00000000000000000000 0.01675593764558053200
0.00000000000000000000 0.01676187787186852671
0.00000000000000000000 0.01701480456151789611
0.00000000000000000000 0.01715599546965651187
0.00000000000000000000 0.01725958063550227933
0.00000000000000000000 0.01731456077228746282
0.00000000000000000000 0.01732514842854165557
0.00000000000000000000 0.01737064082321683120
0.00000000000000000000 0.01739399018528271432
0.00000000000000000000 0.01755275647076330603
0.00000000000000000000 0.01756702221130055155
0.00000000000000000000 0.01758879421824256772
0.00000000000000000000 0.01764925545466597412
0.00000000000000000000 0.01772323559898964646
0.00000000000000000000 0.01794703124236531055
0.00000000000000000000 0.01796456096146916911
0.00000000000000000000 0.01798687729122430343
0.00000000000000000000 0.01813948527524468501
0.00000000000000000000 0.01830705005066299990
0.00000000000000000000 0.01833988537189843587
0.00000000000000000000 0.01849919206521272175
0.00000000000000000000 0.01855060542589210409
0.00000000000000000000 0.01867515107719606646
0.00000000000000000000 0.01877904917198360349
0.00000000000000000000 0.01880861294449992505
0.00000000000000000000 0.01882729138315469494
0.00000000000000000000 0.01890405263197342603
0.00000000000000000000 0.01891870402068427173
0.00000000000000000000 0.01892784307349877626
0.00000000000000000000 0.01896060088209640740
0.00000000000000000000 0.01899005048878163113
0.00000000000000000000 0.01901326131398942826
0.00000000000000000000 0.01902348874214557575
0.00000000000000000000 0.01906409884585247294
0.00000000000000000000 0.01917604064155863097
0.00000000000000000000 0.01921887641471454675
0.00000000000000000000 0.01922742307912595622
0.00000000000000000000 0.01924738114531145128
0.00000000000000000000 0.01925923188473252154
0.00000000000000000000 0.01938995424677417839
0.00000000000000000000 0.01939182341800206599
0.00000000000000000000 0.01939904216694152486
0.00000000000000000000 0.01942076983737470869
0.00000000000000000000 0.01950606738525436507
0.00000000000000000000 0.01951046663416466584
0.00000000000000000000 0.01958445478150337010
0.00000000000000000000 0.01959394374665361996
0.00000000000000000000 0.01960415840390025352
0.00000000000000000000 0.01961298832569715114
0.00000000000000000000 0.01975269221162724229
0.00000000000000000000 0.01976157259139076777
0.00000000000000000000 0.01977816356895142208
0.00000000000000000000 0.01979613205126469835
0.00000000000000000000 0.01983588836677517911
0.00000000000000000000 0.01984233129311352428
0.00000000000000000000 0.01985119965368654579
0.00000000000000000000 0.01985604595985602377
0.00000000000000000000 0.01988167080179737214
0.00000000000000000000 0.01990719732093202896
0.00000000000000000000 0.01991794456903647759
0.00000000000000000000 0.01996438031995009105
0.00000000000000000000 0.02009447235371215196
0.00000000000000000000 0.02010761010801620854
0.00000000000000000000 0.02012378059278919704
0.00000000000000000000 0.02018519194482413029
0.00000000000000000000 0.02022175077517281497
0.00000000000000000000 0.02024968614530226266
0.00000000000000000000 0.02029601360112558150
0.00000000000000000000 0.02029838044346089429
0.00000000000000000000 0.02032314752046507009
0.00000000000000000000 0.02032830673068291433
0.00000000000000000000 0.02045721153364373282
0.00000000000000000000 0.02055611994248726648
0.00000000000000000000 0.02073150387356203356
0.00000000000000000000 0.02077242911056244312
0.00000000000000000000 0.02079437439843170518
0.00000000000000000000 0.02085439713738799009
0.00000000000000000000 0.02088653764390717427
0.00000000000000000000 0.02108413824364315306
0.00000000000000000000 0.02113681760351532324
0.00000000000000000000 0.02114608495875403699
0.00000000000000000000 0.02121496840676777643
0.00000000000000000000 0.02125209185117391680
0.00000000000000000000 0.02125772901141006685
0.00000000000000000000 0.02129891888539520162
0.00000000000000000000 0.02130621450291465130
0.00000000000000000000 0.02134185974886211243
0.00000000000000000000 0.02135205215803715612
0.00000000000000000000 0.02139581280196890811
0.00000000000000000000 0.02142617030708922343
0.00000000000000000000 0.02143885670369441443
0.00000000000000000000 0.02146126532855266097
0.00000000000000000000 0.02157702311836883283
0.00000000000000000000 0.02160411168803525947
0.00000000000000000000 0.02161655371871760295
0.00000000000000000000 0.02168623368344276339
0.00000000000000000000 0.02187680519856423367
0.00000000000000000000 0.02191727970394987540
0.00000000000000000000 0.02192308797060125297
0.00000000000000000000 0.02192394220529181315
0.00000000000000000000 0.02192763746625519053
0.00000000000000000000 0.02194303969835040627
0.00000000000000000000 0.02198163206327380728
0.00000000000000000000 0.02201094888888447190
0.00000000000000000000 0.02207546479950838261
0.00000000000000000000 0.02214047540663385480
0.00000000000000000000 0.02229255908961419105
0.00000000000000000000 0.02248490421946833934
0.00000000000000000000 0.02249876626599373736
0.00000000000000000000 0.02256006170676824740
0.00000000000000000000 0.02263078793373716341
0.00000000000000000000 0.02269211730180371520
0.00000000000000000000 0.02272488339330254806
0.00000000000000000000 0.02273512576242575287
0.00000000000000000000 0.02273517167365376318
0.00000000000000000000 0.02286579092501268839
0.00000000000000000000 0.02292796104451085351
0.00000000000000000000 0.02315066574991744494
0.00000000000000000000 0.02315128029935747955
0.00000000000000000000 0.02315401748357773237
0.00000000000000000000 0.02320672779236332764
0.00000000000000000000 0.02320821092479585096
0.00000000000000000000 0.02330396703131282221
0.00000000000000000000 0.02335315105665227570
0.00000000000000000000 0.02344466107558926260
0.00000000000000000000 0.02350855108792796258
0.00000000000000000000 0.02351240102754530506
0.00000000000000000000 0.02353890724940587223
0.00000000000000000000 0.02361717892578949277
0.00000000000000000000 0.02363398171609148654
0.00000000000000000000 0.02363838437083322364
0.00000000000000000000 0.02370875470817693925
0.00000000000000000000 0.02373596835967479307
0.00000000000000000000 0.02380877890981720688
0.00000000000000000000 0.02381430695689174676
0.00000000000000000000 0.02381711361610913680
0.00000000000000000000 0.02386506339255642373
0.00000000000000000000 0.02406012749030538023
0.00000000000000000000 0.02408076488619025068
0.00000000000000000000 0.02408714472031507972
0.00000000000000000000 0.02410790497750111075
0.00000000000000000000 0.02431363857211380972
0.00000000000000000000 0.02446741947598407574
0.00000000000000000000 0.02449934379304378324
0.00000000000000000000 0.02452306869473014350
0.00000000000000000000 0.02454654726765929593
0.00000000000000000000 0.02466766624775015501
0.00000000000000000000 0.02467410596620961752
0.00000000000000000000 0.02467760933260183462
0.00000000000000000000 0.02471492147159512140
0.00000000000000000000 0.02486685131172731988
0.00000000000000000000 0.02500679143085050848
0.00000000000000000000 0.02507388824521528115
0.00000000000000000000 0.02511391110843628344
0.00000000000000000000 0.02518075275433977189
0.00000000000000000000 0.02529714976679773783
0.00000000000000000000 0.02531281107368846608
0.00000000000000000000 0.02534017094886014190
0.00000000000000000000 0.02543739524309553829
0.00000000000000000000 0.02550102218333809290
0.00000000000000000000 0.02559302194006974479
0.00000000000000000000 0.02561724428418282046
0.00000000000000000000 0.02561820512205619654
0.00000000000000000000 0.02562634672168448771
0.00000000000000000000 0.02569756765440074295
0.00000000000000000000 0.02572460954251082343
0.00000000000000000000 0.02579186877901545188
0.00000000000000000000 0.02582871846181889267
0.00000000000000000000 0.02595487325035437595
0.00000000000000000000 0.02598413068219765712
0.00000000000000000000 0.02608286363735570768
0.00000000000000000000 0.02611264137042561620
0.00000000000000000000 0.02612308266596116701
0.00000000000000000000 0.02613669427763330028
0.00000000000000000000 0.02620342930027773701
0.00000000000000000000 0.02621238133945370113
0.00000000000000000000 0.02629086982539862588
0.00000000000000000000 0.02633287224184344827
0.00000000000000000000 0.02638529798321526468
0.00000000000000000000 0.02649200287398731715
0.00000000000000000000 0.02665165533559415989
0.00000000000000000000 0.02665446512721781833
0.00000000000000000000 0.02679589149731366818
0.00000000000000000000 0.02685348557090906987
0.00000000000000000000 0.02689078651958898974
0.00000000000000000000 0.02696501917176187535
0.00000000000000000000 0.02697272117878295530
0.00000000000000000000 0.02705756787011885656
0.00000000000000000000 0.02709973932329214075
0.00000000000000000000 0.02710063974471726631
0.00000000000000000000 0.02718972925228351975
0.00000000000000000000 0.02724273521009979229
0.00000000000000000000 0.02729810010549585039
0.00000000000000000000 0.02731823466538159731
0.00000000000000000000 0.02732770046547833287
0.00000000000000000000 0.02734393929584387137
0.00000000000000000000 0.02735373085744571137
0.00000000000000000000 0.02756295907168237677
0.00000000000000000000 0.02758908169395102652
0.00000000000000000000 0.02759209913644287970
0.00000000000000000000 0.02761467025615188531
0.00000000000000000000 0.02767423158201438513
0.00000000000000000000 0.02775308922623832483
0.00000000000000000000 0.02779251983622687758
0.00000000000000000000 0.02780032742987073591
0.00000000000000000000 0.02784132935844706169
0.00000000000000000000 0.02788006219097364721
0.00000000000000000000 0.02791111292367185609
0.00000000000000000000 0.02793694442723730978
0.00000000000000000000 0.02807002164076596862
0.00000000000000000000 0.02830647759609675185
0.00000000000000000000 0.02838034491754398703
0.00000000000000000000 0.02841161176760556573
0.00000000000000000000 0.02846554317940752296
0.00000000000000000000 0.02866916227079042284
0.00000000000000000000 0.02876331839864945325
0.00000000000000000000 0.02879853138954294525
0.00000000000000000000 0.02881828762183291995
0.00000000000000000000 0.02891187186325782851
0.00000000000000000000 0.02897183566503579513
0.00000000000000000000 0.02934219741173843890
0.00000000000000000000 0.02937203862963209261
0.00000000000000000000 0.02939111134467880040
0.00000000000000000000 0.02939660821874900271
0.00000000000000000000 0.02947118614369687722
0.00000000000000000000 0.02948435624785013948
0.00000000000000000000 0.02957534358746301273
0.00000000000000000000 0.02965553496271950903
0.00000000000000000000 0.02979716264997256739
0.00000000000000000000 0.03003885378167758455
0.00000000000000000000 0.03008778908747130471
0.00000000000000000000 0.03014599544611768281
0.00000000000000000000 0.03034323613693517066
0.00000000000000000000 0.03035347282538356298
0.00000000000000000000 0.03046634111325829952
0.00000000000000000000 0.03048596176105692127
0.00000000000000000000 0.03062231668590167238
0.00000000000000000000 0.03065470535713285538
0.00000000000000000000 0.03067968233836276468
0.00000000000000000000 0.03080896064063418441
0.00000000000000000000 0.03098842362106944692
0.00000000000000000000 0.03100147422052849933
0.00000000000000000000 0.03102153815210414653
0.00000000000000000000 0.03108395067759785538
0.00000000000000000000 0.03111540237183626698
0.00000000000000000000 0.03116898922639435923
0.00000000000000000000 0.03122074567424840824
0.00000000000000000000 0.03140826765210117527
0.00000000000000000000 0.03148172883376292724
0.00000000000000000000 0.03156002121954476491
0.00000000000000000000 0.03157825633823731909
0.00000000000000000000 0.03157899362794776982
0.00000000000000000000 0.03162480806182585424
0.00000000000000000000 0.03169093156202116429
0.00000000000000000000 0.03172102702524433326
0.00000000000000000000 0.03176331810196156985
0.00000000000000000000 0.03186789855628095053
0.00000000000000000000 0.03189321440931231627
0.00000000000000000000 0.03209622370733364316
0.00000000000000000000 0.03212039931737412091
0.00000000000000000000 0.03217903876716337458
0.00000000000000000000 0.03229065471058505110
0.00000000000000000000 0.03232836474336846927
0.00000000000000000000 0.03234414194716873220
0.00000000000000000000 0.03246374282671057182
0.00000000000000000000 0.03252294047267309529
0.00000000000000000000 0.03277451981376133805
0.00000000000000000000 0.03287847069293585445
0.00000000000000000000 0.03288273767055686220
0.00000000000000000000 0.03297748212290685377
0.00000000000000000000 0.03308302031324761999
0.00000000000000000000 0.03311983914213097180
0.00000000000000000000 0.03357152723504199660
0.00000000000000000000 0.03379008649726545493
0.00000000000000000000 0.03385380341935985415
0.00000000000000000000 0.03411796182984457027
0.00000000000000000000 0.03435912564131163999
0.00000000000000000000 0.03454683086260840891
0.00000000000000000000 0.03483407838944536927
0.00000000000000000000 0.03493871219320104221
0.00000000000000000000 0.03506693902394842494
0.00000000000000000000 0.03521029885452053865
0.00000000000000000000 0.03530757774276121336
0.00000000000000000000 0.03564252985582019168
0.00000000000000000000 0.03587800159326715727
0.00000000000000000000 0.03591219834416580631
0.00000000000000000000 0.03671894685885745968
0.00000000000000000000 0.03722581382208128148
0.00000000000000000000 0.03732495709307389470
0.00000000000000000000 0.03743915954883776653
0.00000000000000000000 0.03768792308757287768
0.00000000000000000000 0.03801029243804547597
0.00000000000000000000 0.03832170340529322816
0.00000000000000000000 0.03864098560510710600
0.00000000000000000000 0.03864466441345917186
0.00000000000000000000 0.03899330186899384321
0.00000000000000000000 0.03901023720321091653
0.00000000000000000000 0.03919536435870615843
0.00000000000000000000 0.03959898995291578905
0.00000000000000000000 0.03985470145372753403
0.00000000000000000000 0.04005669627302876207
0.00000000000000000000 0.04018831894699407409
0.00000000000000000000 0.04036371964248916533
0.00000000000000000000 0.04054241886337574957
0.00000000000000000000 0.04095228743016063322
0.00000000000000000000 0.04118085558660807693
0.00000000000000000000 0.04118512074877139079
0.00000000000000000000 0.04126937098303357782
0.00000000000000000000 0.04172054043738149948
0.00000000000000000000 0.04213108615795960188
0.00000000000000000000 0.04225406436604238480
0.00000000000000000000 0.04253915333807803401
0.00000000000000000000 0.04255710626812125863
0.00000000000000000000 0.04264149991580121202
0.00000000000000000000 0.04265726458807875959
0.00000000000000000000 0.04270997704723725891
0.00000000000000000000 0.04328936355243397788
0.00000000000000000000 0.04388551659990877485
0.00000000000000000000 0.04423131641802646036
0.00000000000000000000 0.04470109008791271071
0.00000000000000000000 0.04474030637624230172
0.00000000000000000000 0.04535118617445811628
0.00000000000000000000 0.04572927037506614723
0.00000000000000000000 0.04705877439239144339
0.00000000000000000000 0.04739173539782728234
0.00000000000000000000 0.04811488608091653990
0.00000000000000000000 0.04886343873958145373
0.00000000000000000000 0.04914465767235557531
0.00000000000000000000 0.04963052105449271972
0.00000000000000000000 0.04999180097875606521
0.00000000000000000000 0.05051610919881147771
0.00000000000000000000 0.05087137863143569722
0.00000000000000000000 0.05108785173331369805
0.00000000000000000000 0.05273297046587373943
0.00000000000000000000 0.05325424134750679495
0.00000000000000000000 0.05393421715358989038
0.00000000000000000000 0.05417969521604747846
0.00000000000000000000 0.05424961337245753912
0.00000000000000000000 0.05440998506852760819
0.00000000000000000000 0.05616565107551588221
0.00000000000000000000 0.05866266385104173392
0.00000000000000000000 0.06103751321684643127
0.00000000000000000000 0.06366868316833182440
0.00000000000000000000 0.06377455683978260070
0.00000000000000000000 0.06456607041930284563
0.00000000000000000000 0.06663695799483265736
0.00000000000000000000 0.06967228627255953044
0.00000000000000000000 0.07020260668381977931
0.00000000000000000000 0.08210546953831293626
0.00000000000000000000 0.09698793091076386708
0.00000000000000000000 0.10528839840887646573
0.00000000000000000000 0.43712730886978551359
0.00000000000000000000 0.60486298531810578361
0.00000000000000000000 1.73205080756887719318
