0.00844418727921066037 0.00910765413540472711
0.00821474541460283196 0.00929070370952679060
0.00817337231298898709 0.00969193898511721413
0.00964634195765353558 0.00997910787979896727
0.00905316063341219876 0.01071104730145944900
0.00945324602958090739 0.01088826415007868725
0.00903152584614320790 0.01098622995555388962
0.00960853839692884897 0.01107763529568746644
0.01112578396506264632 0.01125427631302748817
0.01128065702216321867 0.01132357544466518207
0.01147433841208600307 0.01153043071985837206
0.00948890969058905145 0.01157917398541255354
0.01067871671761194512 0.01161203085659754872
0.01164580503648803868 0.01169961557707744661
0.01032589382696348125 0.01185606197240811691
0.00835400337779525562 0.01195987545522415180
0.01163413117324409683 0.01199456012869394399
0.01180493730661263778 0.01232591586083347200
0.01164264145284369528 0.01256095328867455965
0.01237091626165308551 0.01257897485463025170
0.01111874638181148921 0.01261699237918583252
0.01073881125268678384 0.01264085496339563408
0.01082735824189240761 0.01264743630809869734
0.01234338760726533778 0.01273339821256362116
0.00932071666755579162 0.01275883688929956364
0.01191583116373910560 0.01285048874301160729
0.01247169851920117319 0.01286022780253343566
0.01093216518001320810 0.01286412242250454391
0.01255814809939183145 0.01344076480706530088
0.00996823991185703459 0.01362659295237786394
0.01313238390192356629 0.01380803810994875487
0.01349422143126172841 0.01382849562088816174
0.01318992618149291904 0.01397291470677234498
0.01359578873362755555 0.01414374253528370880
0.01346999019989439730 0.01418701303990933978
0.01380607495592352935 0.01423334748072542164
0.01012118187942205941 0.01440942526990384408
0.01265496783479130513 0.01442540838582162706
0.01314859774801280766 0.01448860240704816747
0.01282175429939690948 0.01468577040749193506
0.01386764501279711542 0.01486616822768260793
0.01417610066048029249 0.01490729964202069241
0.01521232874115605385 0.01526559094170593621
0.01323633948862831811 0.01554671942203951322
0.01100851548026647413 0.01567783275358701142
0.01408461663543356460 0.01577221650911363529
0.01566351737255623766 0.01598633180489883107
0.01389439083681913954 0.01601119568403669424
0.01581918670498579441 0.01601467936700807365
0.01480120172535189828 0.01617768253011932569
0.01565508801914291745 0.01634502747036822509
0.01416134900761785095 0.01640476536064072038
0.01330189027532983903 0.01642538138826139804
0.01636757178251429037 0.01645177689578906574
0.01486483274317568735 0.01647400870800485792
0.01336329189962764952 0.01647466767996758064
0.01254393740706439588 0.01676801932133156064
0.01364360567902287401 0.01684710551834857351
0.01526272347567474499 0.01695254343986375700
0.01023602016034677251 0.01719046976518877681
0.01590521397610624235 0.01730404872045548242
0.01281471935830819781 0.01732619310605380825
0.01729401398303842541 0.01748154844783303408
0.01118416675604615683 0.01766033368820404265
0.01546767514833125717 0.01766697117432177236
0.01642920186115428074 0.01767292341589700444
0.01617424804615022818 0.01767292341589700444
0.01331233931558597171 0.01771815197988496626
0.01654083102787166915 0.01786493021790681868
0.01544761205052630655 0.01801434537441347003
0.01638247454840804224 0.01802472203945217066
0.01758573292289115908 0.01807358387548409911
0.01811002881660451341 0.01836029717093507624
0.01465763340407667294 0.01842318146072917384
0.01441057244952657392 0.01842662335522582753
0.01681129023743755183 0.01853070174710188048
0.01454006214035432829 0.01869211960098946315
0.01829324614309767519 0.01871571812329965098
0.01862923601444803692 0.01873106036169662134
0.01330628245822844564 0.01875232784309656398
0.01817472979410496639 0.01876939224405223261
0.01782692149112206567 0.01892884640205129074
0.01780648321364695225 0.01895189313308904069
0.01734780540976269339 0.01896598451727464843
0.01670373844387364887 0.01897677144093360899
0.01643338171255918218 0.01917514483305494608
0.01642994547850631232 0.01933240677580699840
0.01907455850520501164 0.01935305876474813225
0.01676732057447472696 0.01942054240611469987
0.01935654303542480581 0.01949860809644456128
0.01587692492677672193 0.01949979052175051381
0.01912591929004457680 0.01955904616877627081
0.01923122860578148005 0.01967148641284681768
0.01728148533401414541 0.01976805529749448356
0.01770893317848150697 0.01977315312458037891
0.01466941102222161022 0.01979877814526728036
0.01985396332437788444 0.01988631812480113475
0.01441960373799600070 0.02054070505273229014
0.01614910690940830548 0.02066091417910761660
0.01168907757303162126 0.02070395948581308168
0.01886024419269170110 0.02090443638909291607
0.01704618132323957452 0.02124443081324199276
0.01902599961213434845 0.02135307085703163840
0.01681547773545522678 0.02148035166070394464
0.02034056156674002649 0.02232931332600707891
0.02167945507058877813 0.02241517287386381868
0.01863485265650778946 0.02243840887968831868
0.01862807317865471796 0.02253158384891299632
0.01827700299772316156 0.02257329999092992298
0.02106467492011875400 0.02275763834306999620
0.02098976908815257045 0.02278087710656371764
0.02016837807075169339 0.02295851286730674415
0.02206915301881053754 0.02322389877174059480
0.02247510495261941660 0.02342205371574533276
0.01515579273896760365 0.02363296021129078148
0.02394177380816242193 0.02433420037755602491
0.02406665873243948178 0.02468033707045633879
0.02067496973405829816 0.02495452682582575618
0.02310480649478553750 0.02533352072154703219
0.02331288808871304075 0.02542024303483169517
0.02501643009313162316 0.02561248164373947783
0.02398517255726165601 0.02599671175116572211
0.02384711019345923597 0.02603294041707533701
0.02450339556997326723 0.02660813472003713959
0.02554242024034748815 0.02664907801145961416
0.02145209797075879263 0.02687235526388438364
0.02321115563748753566 0.02706843915817559731
0.02264614071790263181 0.02721543619703913064
0.02745923638508716499 0.02784028522445454110
0.02294142571930340296 0.02805042426981889381
0.02631606172438981026 0.02813301573430234542
0.02402583596769830576 0.02837322665856686216
0.02665328928230828801 0.02848600790267268729
0.02873464092408137271 0.02882141837196886686
0.02792983752281477661 0.02911609525066555237
0.02821995658081470626 0.02956117455047521311
0.02798461868597702101 0.03005265197140003994
0.02980743149605328060 0.03018765978142633546
0.02606288977045590621 0.03025861602479462675
0.03007205264286213348 0.03027786823446387485
0.03027583684179793386 0.03095428940703455131
0.02879666598673682326 0.03142980164872902216
0.02659905735131251961 0.03159912354576850657
0.02467664332198997793 0.03205998588630890739
0.03214679592459768892 0.03225540335467953074
0.02396487107586392148 0.03290118473084230333
0.02841857088731239434 0.03437099083594823828
0.03350147495468933784 0.03628301998305914766
0.03869075470844931391 0.03884406210172987317
0.03121812989674269817 0.03892354960341182918
0.03654933733026969472 0.04130260941027603244
0.04930985001680351226 0.05067684586419216042
0.07349169343234597529 0.07581932418810465035
