0.01541478667316572605 0.01816210203891878081
0.02186923915827098525 0.02276621092067410493
0.02969372178200695503 0.02981259494675860336
0.02703091021802939489 0.03207147734828401375
0.02739646293852163877 0.03233935712916530258
0.02740368640138520287 0.03280496757067177110
0.03202915960257313871 0.03345603181108284391
0.02864497124510134371 0.03366314062561698295
0.03256887762706923289 0.03668483912225888044
0.03986705366251797056 0.04189706893236150309
0.03942993083263329757 0.04230672678784355711
0.03919176539722422220 0.04531389046637570445
0.03986779915933994639 0.04592875564210228967
0.04276962194484133090 0.04671910167973735567
0.04543350306368169889 0.04701288518497218766
0.04118354326992405834 0.05027617537678265303
0.04202391378552534917 0.05112844002779299429
0.04695365373611062876 0.05169869173917245042
0.04676821994259305199 0.05229732307883449421
0.05215204146518147288 0.05332512560835236948
0.04739585016498774894 0.05412777472800497924
0.05355044294339351973 0.05490610949777258165
0.04858097862670636424 0.05669974010529281461
0.04802433587460162856 0.05718049979633952479
0.05119160356493848013 0.05757858363685730563
0.03306877905325190242 0.05762082544108943633
0.05789015198292728204 0.05792612863625775516
0.05241336946929229385 0.05796104800795565115
0.05574197455880133822 0.05818775051697461925
0.04862294932412880577 0.06024843719412010384
0.04973827694270657046 0.06044686381110097456
0.05837630744643093617 0.06297638817129183608
0.05432159429694358860 0.06451411182635467811
0.05525517735635354644 0.06539895245246231392
0.05933056956348269767 0.06549165296701824068
0.06201879283553803079 0.06651438949013120661
0.05120216933207808602 0.06700553045125756668
0.05646962436992760542 0.06766050758389564879
0.05914574813620862570 0.06915757758934409916
0.06704936974408561012 0.07010007560454821485
0.06964497556311850801 0.07010907389496226494
0.07098020574993735288 0.07114412002745991448
0.06496625938742237039 0.07231025618461892068
0.05864305710965204282 0.07254234907042945990
0.05718553792257213830 0.07459357062931866456
0.05997385421548538653 0.07469494069656767987
0.06829565063432531391 0.07482218208947868932
0.07423225162871699423 0.07539101315960004823
0.05767787376771252306 0.07589953660568170279
0.04784869935742189911 0.07612089091569815280
0.06906823094930196472 0.07669321430892729607
0.05103777372621671332 0.07708738916766641469
0.06707941977730359773 0.07718930941696554304
0.07713498578077643275 0.07777447864443662318
0.07708884797879794748 0.07786485513649639423
0.06411185211274293694 0.07841106520638053967
0.07833051195728044092 0.07863832023001607330
0.07379681769150324422 0.07866896784264930387
0.07799385838151316752 0.07893341490955782525
0.05117714764141730044 0.07956051135932498686
0.07493942368479777905 0.07975387233057582015
0.06850475122053630017 0.07986853895514949009
0.06289441331987370709 0.08171946083777827108
0.08228100463177705215 0.08289326984559372558
0.07290648852239944855 0.08446059128224821244
0.08267373086191683040 0.08469047069940062455
0.08329562956022841524 0.08508418122788896643
0.07479592493961284561 0.08769222281399098595
0.07727380178639776942 0.08791437818107090962
0.07161323982178995073 0.08805292193522487598
0.06205119843936608703 0.08870667150357550157
0.07965402767302708076 0.08922413025074261983
0.06253163065313703528 0.08934095566421985934
0.05991409820910077039 0.08972478513894698027
0.08514008371940609554 0.09220091000968561046
0.09058133067178406050 0.09221287207828761379
0.06098373083753494406 0.09289810979305003491
0.06522115131241291996 0.09297222027656894261
0.07451380396025611419 0.09572175768945194452
0.08154927775447583238 0.09601795790343883863
0.09523789976989054107 0.09607398166563557718
0.09029840585277650045 0.09658401306257786978
0.09722613881957807569 0.09822428115886217004
0.08327040543882642532 0.09838505107683909179
0.08273258972499490660 0.09980502137631498683
0.07750551037861215520 0.10083496637265972062
0.08701622922759663648 0.10135805983204240754
0.08180116224866225416 0.10535618439160185367
0.07550782506496794833 0.10744533655415616780
0.07734180218969136100 0.10835273917642643249
0.09931192687936316044 0.10839767588265100673
0.06288178296481847229 0.11141262356001062350
0.10126006691867595055 0.11332368135130124753
0.06044634210980350669 0.11347670765397896431
0.11071945091676910211 0.11377077501013789507
0.10675477471518014794 0.11424070960823391740
0.06121421245809872957 0.11469117435277575989
0.07175601576859987063 0.11910035342364742872
0.07359138959619571096 0.12509941677897318257
0.11609598254745365220 0.12563086470260742544
0.07814903164563313798 0.12827874144864534478
0.08612609936478847483 0.12836662567882325958
0.12242649794202148383 0.13348471217546875600
0.10032850778202763442 0.13396608911739441017
0.13332051817786483294 0.13689157257430373260
0.11519540116809126595 0.14274467007498381488
0.14065973697776407159 0.14807958756515318677
0.09388630423791077817 0.15064190369413957282
0.15236359260274900951 0.15850704266691556521
0.07274704725824567009 0.40846194601604962626
