0.01431372823698807452 0.01640215122767510469
0.01693844960570983771 0.01731882094563692506
0.01781845823634947354 0.01910342333238481891
0.02044949162609361118 0.02238471117637061761
0.02109203862845172514 0.02517795268862179844
0.02595201756122926529 0.02649591093275129386
0.02545456870172298561 0.02985835389011903124
0.03052188539619476657 0.03136753363532984035
0.03089667373118032065 0.03147251951798669956
0.02897610320864315095 0.03250083219014770347
0.03250056975084565647 0.03409279275423155592
0.03489521490224815198 0.03589731447689562677
0.03628880007389215928 0.03649936357916166996
0.02518411237351559501 0.03741795627457768919
0.03478809876175516236 0.03795485112699246294
0.03662312372572663205 0.03802308999259376709
0.03404836637777121366 0.03817821587885819601
0.03557224704756531408 0.03821313353255154088
0.02869785552342163371 0.03863016556391980078
0.03250645135758031823 0.03892687373139434165
0.03511883831458346289 0.03975272470594611723
0.03871956642968651940 0.03993211790453410348
0.02995816602094288419 0.03997081871877887493
0.03224139999236428494 0.04054760237870928125
0.03976499615625355560 0.04192174688604018151
0.04058593998781816203 0.04204358868149671996
0.03911059642048120982 0.04254436433645197857
0.04012559985611734853 0.04316851419574802007
0.04139606866867796831 0.04400372574193109343
0.04380261786873144297 0.04454862237109875889
0.04376036971874475157 0.04482271283029091308
0.04343134749960561591 0.04490569623556375789
0.03797185101666349094 0.04540719514512340377
0.04118496379224312332 0.04576346908878504288
0.04007484554911208002 0.04592507091763634031
0.04386528773917263563 0.04639246307611754466
0.04012736030541629029 0.04694490902347823319
0.04541077556338996707 0.04703835466572634655
0.03417717949175219649 0.04706849719864910492
0.04742439720947320969 0.04820792509959725275
0.03341299052857665819 0.04953792553431632384
0.04204479077526001446 0.05033501211519109120
0.04598724572956076895 0.05046713007152393848
0.04606396923743932836 0.05117893872790967719
0.03638777781587755611 0.05209065303348825449
0.05027579922204734181 0.05309780867550459305
0.04287628230131607099 0.05335468639515720396
0.04427039217831287704 0.05360429670259374973
0.04097223090886111668 0.05390900279943266343
0.03964084392208885171 0.05401681429255473371
0.03950180380225425808 0.05467744855889851430
0.04670628589933558533 0.05481307225142439260
0.04092101677519992958 0.05581585607896617091
0.05131657869866852045 0.05825684563946773031
0.05766387241485819437 0.05889576726171905779
0.04916454102141937232 0.05891792603135102141
0.04146066394779157616 0.05899760367773494024
0.05736306358214286749 0.05988032412742382016
0.04083828378829335720 0.06011145842005079926
0.04355753487334782653 0.06044463223867251739
0.05667496345432609939 0.06108855159845293092
0.06030075279844872294 0.06131087243468752446
0.06151840555628550200 0.06238411765660396846
0.04765982856529521472 0.06265866423083932268
0.06157960210108338883 0.06277347738143744527
0.04309799043483664854 0.06352715064893441066
0.06347386286407404044 0.06353594374377229126
0.05944713830832273893 0.06360733839455190441
0.06005207824724203419 0.06391839235426870214
0.06257818517982752238 0.06405742587001858612
0.04726294979754209341 0.06479985697036109993
0.05428731687545786805 0.06505724220032901850
0.06339589650258195541 0.06656271760274358462
0.06578934674767308866 0.06689264956663551476
0.04343918966740728527 0.06698222271188107591
0.05491422508755763876 0.06779213026396166408
0.06026003611273392235 0.06788866418117665835
0.05715312464977117396 0.06833271034029278490
0.06394073840470913817 0.07091332927974272615
0.06207296815860368494 0.07503191730823739747
0.07016674025286967487 0.07931645766243648754
0.06762769730921944222 0.08144556793779109127
0.07827527343594400944 0.08223024365797011737
0.06227978140485064540 0.08231775289499310144
0.08219857079790880705 0.08423214584173957520
0.05507871928499823155 0.08425700541089083118
0.07070214175506642218 0.08626862946452376613
0.06531446081250517899 0.08637917872546610476
0.06468534814962828561 0.10392065983635964677
0.11669108347192223840 0.11677790243929089820
0.06031820602413557469 0.68142262128396458021
