0.00000000000000000000 0.00101593062213585494
0.00000000000000000000 0.00119542452520159147
0.00000000000000000000 0.00167481695128350832
0.00000000000000000000 0.00172260876004503454
0.00000000000000000000 0.00174393361805080371
0.00000000000000000000 0.00216526524845154708
0.00000000000000000000 0.00230300176547199595
0.00000000000000000000 0.00232776220487536812
0.00000000000000000000 0.00233125670650522572
0.00000000000000000000 0.00235984417652604491
0.00000000000000000000 0.00244145791752215522
0.00000000000000000000 0.00249392410971748619
0.00000000000000000000 0.00254785120856327024
0.00000000000000000000 0.00265231991047708282
0.00000000000000000000 0.00299807607091463020
0.00000000000000000000 0.00307443458019160008
0.00000000000000000000 0.00323061120544270233
0.00000000000000000000 0.00325682062214731685
0.00000000000000000000 0.00328460858811812110
0.00000000000000000000 0.00342598937765090398
0.00000000000000000000 0.00345339904698142896
0.00000000000000000000 0.00345439414771541798
0.00000000000000000000 0.00347116306569192866
0.00000000000000000000 0.00355546007459706407
0.00000000000000000000 0.00361212731447327394
0.00000000000000000000 0.00362188910604232042
0.00000000000000000000 0.00368155099314471839
0.00000000000000000000 0.00371719310631981898
0.00000000000000000000 0.00374049965251166579
0.00000000000000000000 0.00374794083801406998
0.00000000000000000000 0.00379922234705854000
0.00000000000000000000 0.00380485966450680923
0.00000000000000000000 0.00385943606209652578
0.00000000000000000000 0.00386675017694995161
0.00000000000000000000 0.00394644369284020361
0.00000000000000000000 0.00395571457311356695
0.00000000000000000000 0.00396788233620190122
0.00000000000000000000 0.00397111365603371961
0.00000000000000000000 0.00398409923562918246
0.00000000000000000000 0.00405575616117725187
0.00000000000000000000 0.00413377104470154938
0.00000000000000000000 0.00420330129955127224
0.00000000000000000000 0.00420411784654965964
0.00000000000000000000 0.00429890983186638140
0.00000000000000000000 0.00433314387517118142
0.00000000000000000000 0.00436742535936833227
0.00000000000000000000 0.00438413915066510149
0.00000000000000000000 0.00441463867720888817
0.00000000000000000000 0.00441778522220808486
0.00000000000000000000 0.00444160481487004127
0.00000000000000000000 0.00452681024903820763
0.00000000000000000000 0.00461536583105831826
0.00000000000000000000 0.00469145865397070216
0.00000000000000000000 0.00475605273001728727
0.00000000000000000000 0.00475683000737766540
0.00000000000000000000 0.00486432667215243569
0.00000000000000000000 0.00490832008481379561
0.00000000000000000000 0.00491021771495718604
0.00000000000000000000 0.00492792035534732678
0.00000000000000000000 0.00493111530406429091
0.00000000000000000000 0.00496272445319024917
0.00000000000000000000 0.00500758528276192341
0.00000000000000000000 0.00508450887382730192
0.00000000000000000000 0.00510282564969631071
0.00000000000000000000 0.00512059463322459777
0.00000000000000000000 0.00516983494290291622
0.00000000000000000000 0.00518991910109027361
0.00000000000000000000 0.00520905047268242251
0.00000000000000000000 0.00524961820946357859
0.00000000000000000000 0.00527907429983706915
0.00000000000000000000 0.00529732401021462251
0.00000000000000000000 0.00531722112021567467
0.00000000000000000000 0.00537774480481673436
0.00000000000000000000 0.00540797384484449552
0.00000000000000000000 0.00544816074075369413
0.00000000000000000000 0.00546844253688746288
0.00000000000000000000 0.00547342906292620345
0.00000000000000000000 0.00557479952242598102
0.00000000000000000000 0.00558577433920664102
0.00000000000000000000 0.00558745472635257309
0.00000000000000000000 0.00560364765236004165
0.00000000000000000000 0.00562228053108303465
0.00000000000000000000 0.00567638390953026113
0.00000000000000000000 0.00570288164612878842
0.00000000000000000000 0.00571138390844213705
0.00000000000000000000 0.00571197844498758274
0.00000000000000000000 0.00572036735682265873
0.00000000000000000000 0.00576952451037362254
0.00000000000000000000 0.00577922907312416242
0.00000000000000000000 0.00583748671963089504
0.00000000000000000000 0.00583830522348461559
0.00000000000000000000 0.00585379187656407101
0.00000000000000000000 0.00586215318291919210
0.00000000000000000000 0.00587345717914376873
0.00000000000000000000 0.00587985549705218047
0.00000000000000000000 0.00592690087498641983
0.00000000000000000000 0.00602935300586310806
0.00000000000000000000 0.00606154236723076192
0.00000000000000000000 0.00607640347368536109
0.00000000000000000000 0.00608279617680046805
0.00000000000000000000 0.00611258648252871115
0.00000000000000000000 0.00611499688485894841
0.00000000000000000000 0.00613871134250735216
0.00000000000000000000 0.00616152107470025346
0.00000000000000000000 0.00622541289733837683
0.00000000000000000000 0.00623381144372069790
0.00000000000000000000 0.00624694538221624591
0.00000000000000000000 0.00634740889691546521
0.00000000000000000000 0.00646571641463348449
0.00000000000000000000 0.00648503065186587131
0.00000000000000000000 0.00651895463379081191
0.00000000000000000000 0.00653650568866439782
0.00000000000000000000 0.00653788487275005874
0.00000000000000000000 0.00654278688999002708
0.00000000000000000000 0.00656472776427410865
0.00000000000000000000 0.00656473014663618622
0.00000000000000000000 0.00660238237834369270
0.00000000000000000000 0.00660965384091260263
0.00000000000000000000 0.00664781805410829402
0.00000000000000000000 0.00679836672391830651
0.00000000000000000000 0.00681170068669470323
0.00000000000000000000 0.00683000615640451305
0.00000000000000000000 0.00687944438937998677
0.00000000000000000000 0.00688303009049646801
0.00000000000000000000 0.00695265082102282037
0.00000000000000000000 0.00695639954921639398
0.00000000000000000000 0.00696046951070142771
0.00000000000000000000 0.00700890305267931005
0.00000000000000000000 0.00701623285579808329
0.00000000000000000000 0.00705680926156094981
0.00000000000000000000 0.00707047093979260195
0.00000000000000000000 0.00709683534671526339
0.00000000000000000000 0.00711070338015288867
0.00000000000000000000 0.00712461663704740643
0.00000000000000000000 0.00713634792918604963
0.00000000000000000000 0.00715104015870977189
0.00000000000000000000 0.00717611732557866221
0.00000000000000000000 0.00719791941017120917
0.00000000000000000000 0.00723778166361236427
0.00000000000000000000 0.00723892475543643117
0.00000000000000000000 0.00727332746773654438
0.00000000000000000000 0.00727377758020000473
0.00000000000000000000 0.00732325770712026307
0.00000000000000000000 0.00732471822633039456
0.00000000000000000000 0.00732734677402936251
0.00000000000000000000 0.00733559818034693577
0.00000000000000000000 0.00736805202761277832
0.00000000000000000000 0.00747067510920945005
0.00000000000000000000 0.00747205937219048467
0.00000000000000000000 0.00748003857812381927
0.00000000000000000000 0.00750560026749928604
0.00000000000000000000 0.00750642329588594327
0.00000000000000000000 0.00751630191101166495
0.00000000000000000000 0.00755038102858688904
0.00000000000000000000 0.00756913013674045173
0.00000000000000000000 0.00757958795903679230
0.00000000000000000000 0.00759828928866098947
0.00000000000000000000 0.00760194685775323481
0.00000000000000000000 0.00763943210927438884
0.00000000000000000000 0.00764155733547557895
0.00000000000000000000 0.00767832053444998056
0.00000000000000000000 0.00786474114232067582
0.00000000000000000000 0.00787217168566406271
0.00000000000000000000 0.00788851503882033976
0.00000000000000000000 0.00790111120214886942
0.00000000000000000000 0.00790292092115853564
0.00000000000000000000 0.00793125857385593679
0.00000000000000000000 0.00794213317951565981
0.00000000000000000000 0.00794552232238932878
0.00000000000000000000 0.00794880134746844130
0.00000000000000000000 0.00797209143253775621
0.00000000000000000000 0.00798588029573932441
0.00000000000000000000 0.00801110021818801296
0.00000000000000000000 0.00806141357468678418
0.00000000000000000000 0.00810578065073563891
0.00000000000000000000 0.00812860016037270268
0.00000000000000000000 0.00814761073462625697
0.00000000000000000000 0.00814986877344940630
0.00000000000000000000 0.00822374974613533129
0.00000000000000000000 0.00825502580919105708
0.00000000000000000000 0.00828099500429147622
0.00000000000000000000 0.00828888707771635591
0.00000000000000000000 0.00828964380024925160
0.00000000000000000000 0.00834801508316920619
0.00000000000000000000 0.00844223075918615513
0.00000000000000000000 0.00844739789840818524
0.00000000000000000000 0.00845355075916483581
0.00000000000000000000 0.00854540099190789076
0.00000000000000000000 0.00856129913026498421
0.00000000000000000000 0.00857607855888765751
0.00000000000000000000 0.00857641196221129061
0.00000000000000000000 0.00859100483209511608
0.00000000000000000000 0.00863869335998730496
0.00000000000000000000 0.00865037691978521456
0.00000000000000000000 0.00867361107685079950
0.00000000000000000000 0.00867763740932567945
0.00000000000000000000 0.00868789125565216577
0.00000000000000000000 0.00869286635471513101
0.00000000000000000000 0.00870446274002098334
0.00000000000000000000 0.00870568537387672765
0.00000000000000000000 0.00870584498457991837
0.00000000000000000000 0.00872111333698875543
0.00000000000000000000 0.00872451180996275215
0.00000000000000000000 0.00873305006156111299
0.00000000000000000000 0.00874855904272716159
0.00000000000000000000 0.00878286732951007176
0.00000000000000000000 0.00885371723494062304
0.00000000000000000000 0.00888716417410964285
0.00000000000000000000 0.00891743867565047456
0.00000000000000000000 0.00895993928748474444
0.00000000000000000000 0.00902651156120091655
0.00000000000000000000 0.00902783753073849692
0.00000000000000000000 0.00903171892595391705
0.00000000000000000000 0.00903343123090418094
0.00000000000000000000 0.00903933619223710842
0.00000000000000000000 0.00911442304062248104
0.00000000000000000000 0.00911610535860249427
0.00000000000000000000 0.00912108991865525839
0.00000000000000000000 0.00912855973536387186
0.00000000000000000000 0.00913040621814497667
0.00000000000000000000 0.00913349911457139729
0.00000000000000000000 0.00915194389950082371
0.00000000000000000000 0.00920436664687113854
0.00000000000000000000 0.00922778047713962088
0.00000000000000000000 0.00922858443034081308
0.00000000000000000000 0.00923083666134156232
0.00000000000000000000 0.00925318558334459196
0.00000000000000000000 0.00925811411667855008
0.00000000000000000000 0.00926729543834194439
0.00000000000000000000 0.00926894145006641745
0.00000000000000000000 0.00929275797612027013
0.00000000000000000000 0.00930981368510286865
0.00000000000000000000 0.00936272579115931744
0.00000000000000000000 0.00936633048771763795
0.00000000000000000000 0.00938222384780161393
0.00000000000000000000 0.00938334278643051904
0.00000000000000000000 0.00938599168443771635
0.00000000000000000000 0.00940491905776435870
0.00000000000000000000 0.00941557321358968413
0.00000000000000000000 0.00944115157026217088
0.00000000000000000000 0.00944535894091794170
0.00000000000000000000 0.00954142795425690256
0.00000000000000000000 0.00958949942473870734
0.00000000000000000000 0.00960538561643004690
0.00000000000000000000 0.00961463741270022869
0.00000000000000000000 0.00962042802101447520
0.00000000000000000000 0.00966240351943206850
0.00000000000000000000 0.00966345539720764660
0.00000000000000000000 0.00973886463382506867
0.00000000000000000000 0.00975605999515944886
0.00000000000000000000 0.00977795284408985305
0.00000000000000000000 0.00978691799230459181
0.00000000000000000000 0.00979700573634192939
0.00000000000000000000 0.00987494594519253491
0.00000000000000000000 0.00988648340087718014
0.00000000000000000000 0.00990172517182823751
0.00000000000000000000 0.00995005438579128244
0.00000000000000000000 0.00997267087985861250
0.00000000000000000000 0.01004322280858887390
0.00000000000000000000 0.01004351678393315510
0.00000000000000000000 0.01004416572077349024
0.00000000000000000000 0.01009529801488568031
0.00000000000000000000 0.01010740343092202641
0.00000000000000000000 0.01011940990367203065
0.00000000000000000000 0.01014468388529992347
0.00000000000000000000 0.01015008358074858362
0.00000000000000000000 0.01021941274446034643
0.00000000000000000000 0.01022965478295904083
0.00000000000000000000 0.01024599751100300181
0.00000000000000000000 0.01030934842156929973
0.00000000000000000000 0.01031796638382719532
0.00000000000000000000 0.01032386479687302100
0.00000000000000000000 0.01043348694003979824
0.00000000000000000000 0.01044293056546830023
0.00000000000000000000 0.01051873857705725931
0.00000000000000000000 0.01058115780231399204
0.00000000000000000000 0.01058860613746876074
0.00000000000000000000 0.01061141050806630771
0.00000000000000000000 0.01061748048767001580
0.00000000000000000000 0.01064228351354801205
0.00000000000000000000 0.01069924043881954022
0.00000000000000000000 0.01071612322006235303
0.00000000000000000000 0.01075950816014031169
0.00000000000000000000 0.01078361942369769448
0.00000000000000000000 0.01078490700211978161
0.00000000000000000000 0.01080366806609199884
0.00000000000000000000 0.01081676145648781916
0.00000000000000000000 0.01085787850675952633
0.00000000000000000000 0.01091734567722773240
0.00000000000000000000 0.01094849476865999115
0.00000000000000000000 0.01096791823799662252
0.00000000000000000000 0.01098808138283366952
0.00000000000000000000 0.01100709109330184551
0.00000000000000000000 0.01106228550437924132
0.00000000000000000000 0.01112505084437668754
0.00000000000000000000 0.01113266709489360400
0.00000000000000000000 0.01114080203023558487
0.00000000000000000000 0.01114207859423046836
0.00000000000000000000 0.01119457326412632257
0.00000000000000000000 0.01123189135843333936
0.00000000000000000000 0.01133708303024841095
0.00000000000000000000 0.01137744064974024333
0.00000000000000000000 0.01138043934863055585
0.00000000000000000000 0.01138981096707475209
0.00000000000000000000 0.01139104162443542977
0.00000000000000000000 0.01140124504655042927
0.00000000000000000000 0.01142395349152741657
0.00000000000000000000 0.01144257744240753313
0.00000000000000000000 0.01146619167453723741
0.00000000000000000000 0.01147978069950287595
0.00000000000000000000 0.01152717513834752676
0.00000000000000000000 0.01154596554424693750
0.00000000000000000000 0.01154783738059293567
0.00000000000000000000 0.01157094417881804338
0.00000000000000000000 0.01158031612273758421
0.00000000000000000000 0.01161061599592247938
0.00000000000000000000 0.01166762760619547215
0.00000000000000000000 0.01167204881778741501
0.00000000000000000000 0.01172330639704950717
0.00000000000000000000 0.01179238882485324214
0.00000000000000000000 0.01179830556446692311
0.00000000000000000000 0.01184253754435221108
0.00000000000000000000 0.01192958649008796744
0.00000000000000000000 0.01193076624313047819
0.00000000000000000000 0.01193434192200830413
0.00000000000000000000 0.01197158994368573495
0.00000000000000000000 0.01197709781029104512
0.00000000000000000000 0.01198200885913126151
0.00000000000000000000 0.01209122489120145055
0.00000000000000000000 0.01212622387223666505
0.00000000000000000000 0.01215019870594974925
0.00000000000000000000 0.01225566822209477220
0.00000000000000000000 0.01236358372506305564
0.00000000000000000000 0.01236412939384892544
0.00000000000000000000 0.01240273509178955319
0.00000000000000000000 0.01248318672548866422
0.00000000000000000000 0.01254452677276290430
0.00000000000000000000 0.01255345293386863487
0.00000000000000000000 0.01260136941753412822
0.00000000000000000000 0.01262434295394459366
0.00000000000000000000 0.01265893309147647465
0.00000000000000000000 0.01276964426794609427
0.00000000000000000000 0.01279392087160428557
0.00000000000000000000 0.01280805525385832547
0.00000000000000000000 0.01285541401184662515
0.00000000000000000000 0.01295712551397218935
0.00000000000000000000 0.01300901279684252287
0.00000000000000000000 0.01305290892357589654
0.00000000000000000000 0.01314117498083603071
0.00000000000000000000 0.01316975081997425780
0.00000000000000000000 0.01317970962089291646
0.00000000000000000000 0.01325157765146159350
0.00000000000000000000 0.01327839519090626315
0.00000000000000000000 0.01328293487662610475
0.00000000000000000000 0.01331243834762433319
0.00000000000000000000 0.01332400140571196427
0.00000000000000000000 0.01333973533913097691
0.00000000000000000000 0.01335814812506651468
0.00000000000000000000 0.01343402272235328342
0.00000000000000000000 0.01345766230055495637
0.00000000000000000000 0.01350455281925623009
0.00000000000000000000 0.01362085142411499292
0.00000000000000000000 0.01365586373092028509
0.00000000000000000000 0.01379119264669282155
0.00000000000000000000 0.01388392005033305988
0.00000000000000000000 0.01394821341416955553
0.00000000000000000000 0.01398346919396057687
0.00000000000000000000 0.01406094661801539011
0.00000000000000000000 0.01418103737733140968
0.00000000000000000000 0.01423916208326209999
0.00000000000000000000 0.01424696367140137684
0.00000000000000000000 0.01426960643452112633
0.00000000000000000000 0.01430868344270549812
0.00000000000000000000 0.01449528437417175498
0.00000000000000000000 0.01449677960470618227
0.00000000000000000000 0.01455222053471808864
0.00000000000000000000 0.01455852038817968298
0.00000000000000000000 0.01470213084876052616
0.00000000000000000000 0.01474457342046958316
0.00000000000000000000 0.01475673518826952843
0.00000000000000000000 0.01480933757004555297
0.00000000000000000000 0.01481995150102051635
0.00000000000000000000 0.01486052809749865110
0.00000000000000000000 0.01492077957111474437
0.00000000000000000000 0.01515571159921127488
0.00000000000000000000 0.01523946685255720031
0.00000000000000000000 0.01534961735328353900
0.00000000000000000000 0.01535871349816415182
0.00000000000000000000 0.01541832249411863830
0.00000000000000000000 0.01550371688942813082
0.00000000000000000000 0.01558744934685755805
0.00000000000000000000 0.01576199229265494092
0.00000000000000000000 0.01576957133046860693
0.00000000000000000000 0.01583632176340091582
0.00000000000000000000 0.01584512129770339686
0.00000000000000000000 0.01587452963333427919
0.00000000000000000000 0.01591835950439273936
0.00000000000000000000 0.01593526892981535908
0.00000000000000000000 0.01601786390261289439
0.00000000000000000000 0.01619759179507394148
0.00000000000000000000 0.01620874836546613157
0.00000000000000000000 0.01624001962436054380
0.00000000000000000000 0.01625948136166871158
0.00000000000000000000 0.01626920817233760974
0.00000000000000000000 0.01627383197635398626
0.00000000000000000000 0.01644389399714805966
0.00000000000000000000 0.01647756501639597790
0.00000000000000000000 0.01648047834215364202
0.00000000000000000000 0.01652528746782847696
0.00000000000000000000 0.01659896741496905484
0.00000000000000000000 0.01668704405257160142
0.00000000000000000000 0.01675826080135000076
0.00000000000000000000 0.01679018702583936692
0.00000000000000000000 0.01679310162267989154
0.00000000000000000000 0.01710348519547754201
0.00000000000000000000 0.01713573940913664870
0.00000000000000000000 0.01721376713513919979
0.00000000000000000000 0.01727091290288997050
0.00000000000000000000 0.01732156671400667328
0.00000000000000000000 0.01773421797399087410
0.00000000000000000000 0.01778376206134767504
0.00000000000000000000 0.01783778639386249948
0.00000000000000000000 0.01805433907857788636
0.00000000000000000000 0.01806822709893936632
0.00000000000000000000 0.01817518962386390630
0.00000000000000000000 0.01824719968816223420
0.00000000000000000000 0.01825763540631171467
0.00000000000000000000 0.01842597622139682464
0.00000000000000000000 0.01842626546618107361
0.00000000000000000000 0.01846790932671873997
0.00000000000000000000 0.01857177110369893913
0.00000000000000000000 0.01861783797994945311
0.00000000000000000000 0.01873399212330745592
0.00000000000000000000 0.01874141849213474889
0.00000000000000000000 0.01895531825099977877
0.00000000000000000000 0.01905513471470137235
0.00000000000000000000 0.01923767103069391055
0.00000000000000000000 0.01932210119806764340
0.00000000000000000000 0.01934418500609184563
0.00000000000000000000 0.01944189855397746719
0.00000000000000000000 0.01945161416519337882
0.00000000000000000000 0.01962962457013642248
0.00000000000000000000 0.01994482756820781591
0.00000000000000000000 0.02005881497737805816
0.00000000000000000000 0.02008717021287784871
0.00000000000000000000 0.02027386875733796362
0.00000000000000000000 0.02031638114232500042
0.00000000000000000000 0.02041145341143328629
0.00000000000000000000 0.02067430148734641579
0.00000000000000000000 0.02070815610884125385
0.00000000000000000000 0.02074676223313974902
0.00000000000000000000 0.02111632196192704883
0.00000000000000000000 0.02113829224904658494
0.00000000000000000000 0.02121587663733576906
0.00000000000000000000 0.02135230470025288249
0.00000000000000000000 0.02141495119421131521
0.00000000000000000000 0.02192663788885696949
0.00000000000000000000 0.02198145247823984905
0.00000000000000000000 0.02203356592654977936
0.00000000000000000000 0.02244617163050579428
0.00000000000000000000 0.02257299286944325356
0.00000000000000000000 0.02263309334092312997
0.00000000000000000000 0.02288480050527287937
0.00000000000000000000 0.02291747154093284194
0.00000000000000000000 0.02295618768712049534
0.00000000000000000000 0.02305690719641871958
0.00000000000000000000 0.02335630029181875317
0.00000000000000000000 0.02353729291966855097
0.00000000000000000000 0.02355184327779473105
0.00000000000000000000 0.02396852429691075440
0.00000000000000000000 0.02401083150269218286
0.00000000000000000000 0.02404201935678819402
0.00000000000000000000 0.02471780342324409949
0.00000000000000000000 0.02610442258650931199
0.00000000000000000000 0.02620622123523919794
0.00000000000000000000 0.02686971853493554108
0.00000000000000000000 0.02695712933785206558
0.00000000000000000000 0.02742177686554310434
0.00000000000000000000 0.02878476193625249466
0.00000000000000000000 0.02911342801514691173
0.00000000000000000000 0.02934458222475670383
0.00000000000000000000 0.03098714446877565837
0.00000000000000000000 0.03109829702365083520
0.00000000000000000000 0.03284837787437375201
0.00000000000000000000 0.03359564164622962090
0.00000000000000000000 0.03427522581903405530
0.00000000000000000000 0.03459745569445547148
0.00000000000000000000 0.03540550751296486082
0.00000000000000000000 0.03708289480580734959
0.00000000000000000000 0.03974480357198433012
0.00000000000000000000 0.04026073582146647012
0.00000000000000000000 0.04039969180751046274
0.00000000000000000000 0.04415409563013480282
0.00000000000000000000 0.04610610649611802253
0.00000000000000000000 0.04835454129254976308
0.00000000000000000000 0.09079448993537446444
0.00000000000000000000 0.10206054300583289329
0.00000000000000000000 0.23051962095902125971
0.00000000000000000000 0.42542353535399174413
0.00000000000000000000 1.73205080756887719318
