0.00000000000000000000 0.00923829935528891998
0.00000000000000000000 0.01797488346292368949
0.00000000000000000000 0.02028512866835625525
0.00000000000000000000 0.02126906537342529782
0.00000000000000000000 0.02216274533544440942
0.00000000000000000000 0.02352947909703944143
0.00000000000000000000 0.02374459649796423558
0.00000000000000000000 0.02491039432911796442
0.00000000000000000000 0.02558899235647418141
0.00000000000000000000 0.02613944499095078103
0.00000000000000000000 0.02879445195568025584
0.00000000000000000000 0.02889901446298675028
0.00000000000000000000 0.02928532929004130231
0.00000000000000000000 0.02983250416495379642
0.00000000000000000000 0.03158867795340141588
0.00000000000000000000 0.03289259982453254794
0.00000000000000000000 0.03290242509367877904
0.00000000000000000000 0.03302391970218668954
0.00000000000000000000 0.03346573899793288398
0.00000000000000000000 0.03378435909752308675
0.00000000000000000000 0.03405205824587029251
0.00000000000000000000 0.03409568546377243076
0.00000000000000000000 0.03527154429686728265
0.00000000000000000000 0.03644476542296259947
0.00000000000000000000 0.03664172710407396366
0.00000000000000000000 0.03753074838016461773
0.00000000000000000000 0.03772844476236104222
0.00000000000000000000 0.03868328237619043236
0.00000000000000000000 0.03877222946350088878
0.00000000000000000000 0.03906258913190088083
0.00000000000000000000 0.03923586900634505603
0.00000000000000000000 0.03936818637654448255
0.00000000000000000000 0.03976729138613204623
0.00000000000000000000 0.03998843490725311617
0.00000000000000000000 0.04072660620248606811
0.00000000000000000000 0.04127817679732936201
0.00000000000000000000 0.04132585073168317663
0.00000000000000000000 0.04149393100178604132
0.00000000000000000000 0.04168418030532678592
0.00000000000000000000 0.04186483384956633108
0.00000000000000000000 0.04222388957668642834
0.00000000000000000000 0.04233567755893547641
0.00000000000000000000 0.04320638373996314729
0.00000000000000000000 0.04379843669071274703
0.00000000000000000000 0.04392355739339588033
0.00000000000000000000 0.04392621308344459019
0.00000000000000000000 0.04438852198646497244
0.00000000000000000000 0.04461634762051502889
0.00000000000000000000 0.04507317932475788519
0.00000000000000000000 0.04547023830421665497
0.00000000000000000000 0.04606043986664459106
0.00000000000000000000 0.04627989850931985699
0.00000000000000000000 0.04645692013618257787
0.00000000000000000000 0.04710882278532953216
0.00000000000000000000 0.04720899062838588428
0.00000000000000000000 0.04740347109044481394
0.00000000000000000000 0.04759146168620956990
0.00000000000000000000 0.04815972578959438338
0.00000000000000000000 0.04880160818007857337
0.00000000000000000000 0.04924459195251051219
0.00000000000000000000 0.04940488841016003885
0.00000000000000000000 0.04945894973993000127
0.00000000000000000000 0.04988863524045796666
0.00000000000000000000 0.05003330928911450814
0.00000000000000000000 0.05017390482927819306
0.00000000000000000000 0.05057109336515169112
0.00000000000000000000 0.05070784000799476859
0.00000000000000000000 0.05086758891403725391
0.00000000000000000000 0.05166450593759906729
0.00000000000000000000 0.05178613778127298672
0.00000000000000000000 0.05194706794587364285
0.00000000000000000000 0.05224570436433504522
0.00000000000000000000 0.05257061761347917028
0.00000000000000000000 0.05271023859938067657
0.00000000000000000000 0.05279562946732031803
0.00000000000000000000 0.05298856930274992161
0.00000000000000000000 0.05305678481502993510
0.00000000000000000000 0.05312253866333593172
0.00000000000000000000 0.05330794726722769966
0.00000000000000000000 0.05358015023827206180
0.00000000000000000000 0.05366807146186021449
0.00000000000000000000 0.05379993169943658726
0.00000000000000000000 0.05434226669790423458
0.00000000000000000000 0.05465917417635487996
0.00000000000000000000 0.05470567063371289257
0.00000000000000000000 0.05499627366572448078
0.00000000000000000000 0.05577605038028414508
0.00000000000000000000 0.05593049306017628536
0.00000000000000000000 0.05628832203815606339
0.00000000000000000000 0.05677784510387463845
0.00000000000000000000 0.05703301300101869947
0.00000000000000000000 0.05720026103313662069
0.00000000000000000000 0.05725844208910441796
0.00000000000000000000 0.05740621513316170738
0.00000000000000000000 0.05755027372312381678
0.00000000000000000000 0.05756205539088777440
0.00000000000000000000 0.05764265046776922974
0.00000000000000000000 0.05774077101971202691
0.00000000000000000000 0.05806998925035006948
0.00000000000000000000 0.05813458964667842649
0.00000000000000000000 0.05814241515503054680
0.00000000000000000000 0.05838769083945413718
0.00000000000000000000 0.05871053266500331907
0.00000000000000000000 0.05887711497950552653
0.00000000000000000000 0.05890385412100748036
0.00000000000000000000 0.05902286318283788552
0.00000000000000000000 0.05908188988409665554
0.00000000000000000000 0.05943790532426015266
0.00000000000000000000 0.05952144161531026240
0.00000000000000000000 0.05992897968108640977
0.00000000000000000000 0.06054121233170520200
0.00000000000000000000 0.06065507723982800636
0.00000000000000000000 0.06129116873544375454
0.00000000000000000000 0.06140545550267836883
0.00000000000000000000 0.06152297046776158268
0.00000000000000000000 0.06201618180207586067
0.00000000000000000000 0.06251340193536616963
0.00000000000000000000 0.06255274539854044358
0.00000000000000000000 0.06259716711434891445
0.00000000000000000000 0.06314144118112609283
0.00000000000000000000 0.06315396549129602410
0.00000000000000000000 0.06320691041527785881
0.00000000000000000000 0.06344742321565736975
0.00000000000000000000 0.06416136594594662457
0.00000000000000000000 0.06449651893515170875
0.00000000000000000000 0.06464652036776159794
0.00000000000000000000 0.06512406456553233858
0.00000000000000000000 0.06538455327597970934
0.00000000000000000000 0.06561148950163622762
0.00000000000000000000 0.06562589262395600309
0.00000000000000000000 0.06605291946348043619
0.00000000000000000000 0.06652397929704149948
0.00000000000000000000 0.06664630661846611404
0.00000000000000000000 0.06687524182125351158
0.00000000000000000000 0.06700243168444872111
0.00000000000000000000 0.06711130571282598878
0.00000000000000000000 0.06724276070555100515
0.00000000000000000000 0.06731340324078341486
0.00000000000000000000 0.06731434360972851638
0.00000000000000000000 0.06743702509916491006
0.00000000000000000000 0.06745374922447769372
0.00000000000000000000 0.06752945690747808039
0.00000000000000000000 0.06756588523459598761
0.00000000000000000000 0.06759683447288056257
0.00000000000000000000 0.06782504295319190246
0.00000000000000000000 0.06787198498360971777
0.00000000000000000000 0.06797237427774427410
0.00000000000000000000 0.06812785052746538061
0.00000000000000000000 0.06823355358383474678
0.00000000000000000000 0.06856752156727745351
0.00000000000000000000 0.06861921120153877118
0.00000000000000000000 0.06879669505118335415
0.00000000000000000000 0.06896547485602039229
0.00000000000000000000 0.06896766161135559070
0.00000000000000000000 0.06911759849267086475
0.00000000000000000000 0.06912472044667075655
0.00000000000000000000 0.06924000084935848232
0.00000000000000000000 0.06932951874373440015
0.00000000000000000000 0.06973663217251040158
0.00000000000000000000 0.07023055959280292970
0.00000000000000000000 0.07029808232618041386
0.00000000000000000000 0.07044298599457306242
0.00000000000000000000 0.07046266587100334655
0.00000000000000000000 0.07048897520539533501
0.00000000000000000000 0.07070400289268828631
0.00000000000000000000 0.07094277111880829823
0.00000000000000000000 0.07123359781936096369
0.00000000000000000000 0.07127845109399931489
0.00000000000000000000 0.07131005646794741359
0.00000000000000000000 0.07151395823663019014
0.00000000000000000000 0.07167389066330544234
0.00000000000000000000 0.07178870490934466386
0.00000000000000000000 0.07189826858628847739
0.00000000000000000000 0.07193061521157483040
0.00000000000000000000 0.07199684937252863459
0.00000000000000000000 0.07230395572420843242
0.00000000000000000000 0.07271838842082968546
0.00000000000000000000 0.07290264932692584743
0.00000000000000000000 0.07301264858480774333
0.00000000000000000000 0.07313513779985818253
0.00000000000000000000 0.07349213920504962805
0.00000000000000000000 0.07350912944617407629
0.00000000000000000000 0.07362547731476909441
0.00000000000000000000 0.07367369549109500926
0.00000000000000000000 0.07370583188791600404
0.00000000000000000000 0.07430223234787726450
0.00000000000000000000 0.07456410772815023902
0.00000000000000000000 0.07467804504802591503
0.00000000000000000000 0.07479994516539735516
0.00000000000000000000 0.07493621893868226969
0.00000000000000000000 0.07528526166629914695
0.00000000000000000000 0.07540248628241513762
0.00000000000000000000 0.07574226635021180654
0.00000000000000000000 0.07580161596855326811
0.00000000000000000000 0.07712630170834613996
0.00000000000000000000 0.07732392882808132584
0.00000000000000000000 0.07765601150797554753
0.00000000000000000000 0.07772644746565463003
0.00000000000000000000 0.07790539682829443480
0.00000000000000000000 0.07828835394210612031
0.00000000000000000000 0.07838172506700018249
0.00000000000000000000 0.07852139812547871689
0.00000000000000000000 0.07857887770494637047
0.00000000000000000000 0.07863737238164078547
0.00000000000000000000 0.07905559502785609871
0.00000000000000000000 0.07907123419718291302
0.00000000000000000000 0.07911787679026117959
0.00000000000000000000 0.07957992294582051651
0.00000000000000000000 0.07999447039090087919
0.00000000000000000000 0.08048329193498011958
0.00000000000000000000 0.08056109421146188942
0.00000000000000000000 0.08058898706699173242
0.00000000000000000000 0.08077350545309010255
0.00000000000000000000 0.08085232949582535356
0.00000000000000000000 0.08094889186811100867
0.00000000000000000000 0.08104661743563168486
0.00000000000000000000 0.08114188026733494541
0.00000000000000000000 0.08116104370914485611
0.00000000000000000000 0.08127743054364039432
0.00000000000000000000 0.08153997316588439126
0.00000000000000000000 0.08159619330939961446
0.00000000000000000000 0.08206830273555791588
0.00000000000000000000 0.08207363237832451808
0.00000000000000000000 0.08230867478704879947
0.00000000000000000000 0.08266838141954181707
0.00000000000000000000 0.08288395409023412153
0.00000000000000000000 0.08349684395962315986
0.00000000000000000000 0.08351418824558209941
0.00000000000000000000 0.08364955146921970730
0.00000000000000000000 0.08368891147456834767
0.00000000000000000000 0.08375649332354408172
0.00000000000000000000 0.08382903344665824930
0.00000000000000000000 0.08406185697647775013
0.00000000000000000000 0.08420417196945204075
0.00000000000000000000 0.08426764118759480504
0.00000000000000000000 0.08433749504823956356
0.00000000000000000000 0.08441270007751237869
0.00000000000000000000 0.08445868693692730467
0.00000000000000000000 0.08447866938933001890
0.00000000000000000000 0.08473670246198837519
0.00000000000000000000 0.08503302862958687924
0.00000000000000000000 0.08506138223518446007
0.00000000000000000000 0.08605002184097937379
0.00000000000000000000 0.08629658896522701683
0.00000000000000000000 0.08642241075037034037
0.00000000000000000000 0.08645326217264835689
0.00000000000000000000 0.08652822286133998730
0.00000000000000000000 0.08661346061034737309
0.00000000000000000000 0.08673117238754611547
0.00000000000000000000 0.08673718740926970872
0.00000000000000000000 0.08675033389767647374
0.00000000000000000000 0.08691511044876736036
0.00000000000000000000 0.08748646516869630629
0.00000000000000000000 0.08793743048020906394
0.00000000000000000000 0.08832222272671871877
0.00000000000000000000 0.08849827647249519647
0.00000000000000000000 0.08871961970497935224
0.00000000000000000000 0.08882499442496125108
0.00000000000000000000 0.08893144905388979116
0.00000000000000000000 0.08927335597251084831
0.00000000000000000000 0.08954330932422054079
0.00000000000000000000 0.08959918374462813584
0.00000000000000000000 0.08965940771307003010
0.00000000000000000000 0.08967725663216603860
0.00000000000000000000 0.08968469566585564323
0.00000000000000000000 0.08972839419411869633
0.00000000000000000000 0.08992337829979767105
0.00000000000000000000 0.08999809810035053204
0.00000000000000000000 0.09006627926196200673
0.00000000000000000000 0.09006716104725868977
0.00000000000000000000 0.09036471133013618262
0.00000000000000000000 0.09044846145584746477
0.00000000000000000000 0.09047400718698626887
0.00000000000000000000 0.09067777815186199575
0.00000000000000000000 0.09092636437806030092
0.00000000000000000000 0.09100478155189287155
0.00000000000000000000 0.09116154062664426350
0.00000000000000000000 0.09124834908321396987
0.00000000000000000000 0.09150862921270677686
0.00000000000000000000 0.09171392162637999335
0.00000000000000000000 0.09172964386623053135
0.00000000000000000000 0.09175530717392714475
0.00000000000000000000 0.09179632997876133182
0.00000000000000000000 0.09180758047711218284
0.00000000000000000000 0.09187364995887141450
0.00000000000000000000 0.09192343430744606692
0.00000000000000000000 0.09212299083140364220
0.00000000000000000000 0.09234348193850479281
0.00000000000000000000 0.09234414952017594436
0.00000000000000000000 0.09235841857125663690
0.00000000000000000000 0.09240366523286236422
0.00000000000000000000 0.09272796786144538173
0.00000000000000000000 0.09327935981669001342
0.00000000000000000000 0.09347937456383871579
0.00000000000000000000 0.09417329461933937607
0.00000000000000000000 0.09429915164243966863
0.00000000000000000000 0.09449562419707059624
0.00000000000000000000 0.09458456270147766465
0.00000000000000000000 0.09500521711615939058
0.00000000000000000000 0.09504837233280613584
0.00000000000000000000 0.09517069024611625461
0.00000000000000000000 0.09526433581042698107
0.00000000000000000000 0.09528327024833009584
0.00000000000000000000 0.09540078662294036727
0.00000000000000000000 0.09561578604044211616
0.00000000000000000000 0.09619545891233563517
0.00000000000000000000 0.09625017605464972203
0.00000000000000000000 0.09628142944636208789
0.00000000000000000000 0.09656261297631703322
0.00000000000000000000 0.09664305767265850278
0.00000000000000000000 0.09682048025009284964
0.00000000000000000000 0.09682327245847881236
0.00000000000000000000 0.09689991948582725445
0.00000000000000000000 0.09700361250794405088
0.00000000000000000000 0.09700856767222015842
0.00000000000000000000 0.09715776729192179828
0.00000000000000000000 0.09723628263193655197
0.00000000000000000000 0.09729358974016147354
0.00000000000000000000 0.09805683222741666538
0.00000000000000000000 0.09829116034507265343
0.00000000000000000000 0.09832581813895321932
0.00000000000000000000 0.09838706138663225187
0.00000000000000000000 0.09862467538787178523
0.00000000000000000000 0.09878118533243944455
0.00000000000000000000 0.09904242977492618005
0.00000000000000000000 0.09904929568983782129
0.00000000000000000000 0.09908568654330753012
0.00000000000000000000 0.09951431128146949467
0.00000000000000000000 0.09989511720549827667
0.00000000000000000000 0.10002327456706099074
0.00000000000000000000 0.10058469040308923304
0.00000000000000000000 0.10063096136114536849
0.00000000000000000000 0.10068745630003871072
0.00000000000000000000 0.10097368863172659359
0.00000000000000000000 0.10098418958133029144
0.00000000000000000000 0.10101089470760689359
0.00000000000000000000 0.10102639294677923099
0.00000000000000000000 0.10139581814239266577
0.00000000000000000000 0.10143830159703369487
0.00000000000000000000 0.10151065467009291743
0.00000000000000000000 0.10158388694427426813
0.00000000000000000000 0.10170225440297786523
0.00000000000000000000 0.10204048267640132563
0.00000000000000000000 0.10223093430017302086
0.00000000000000000000 0.10241138595957807733
0.00000000000000000000 0.10246534075085653170
0.00000000000000000000 0.10272816379669054421
0.00000000000000000000 0.10293819628987570247
0.00000000000000000000 0.10294748748642471026
0.00000000000000000000 0.10305106571244176950
0.00000000000000000000 0.10307494676602778350
0.00000000000000000000 0.10308656065581293937
0.00000000000000000000 0.10316642617468695098
0.00000000000000000000 0.10321384769532217229
0.00000000000000000000 0.10325882930169591467
0.00000000000000000000 0.10327802013089149025
0.00000000000000000000 0.10363955616548727046
0.00000000000000000000 0.10395165452753479807
0.00000000000000000000 0.10408240317861679192
0.00000000000000000000 0.10408627035291201368
0.00000000000000000000 0.10430865089782630217
0.00000000000000000000 0.10434343627275281807
0.00000000000000000000 0.10495928277827126784
0.00000000000000000000 0.10517548435935494822
0.00000000000000000000 0.10525851048632084428
0.00000000000000000000 0.10542949652589816978
0.00000000000000000000 0.10552242002061724968
0.00000000000000000000 0.10557816352119088477
0.00000000000000000000 0.10560638563640287191
0.00000000000000000000 0.10578045429173139891
0.00000000000000000000 0.10611074713229702582
0.00000000000000000000 0.10671883189971255457
0.00000000000000000000 0.10674643337218589489
0.00000000000000000000 0.10675954737331963540
0.00000000000000000000 0.10681967863514686690
0.00000000000000000000 0.10684926219602970676
0.00000000000000000000 0.10693875396759749963
0.00000000000000000000 0.10714186627246469197
0.00000000000000000000 0.10723044312789456467
0.00000000000000000000 0.10762341166559574734
0.00000000000000000000 0.10772285574204669423
0.00000000000000000000 0.10773930788022609284
0.00000000000000000000 0.10792817936611916185
0.00000000000000000000 0.10799198981831711897
0.00000000000000000000 0.10834694417091582375
0.00000000000000000000 0.10865511986382213327
0.00000000000000000000 0.10896512850231748759
0.00000000000000000000 0.10906014718667798868
0.00000000000000000000 0.10944823722868912697
0.00000000000000000000 0.10955094389392242005
0.00000000000000000000 0.10980753947948027061
0.00000000000000000000 0.10982722522482445127
0.00000000000000000000 0.11008504824228160235
0.00000000000000000000 0.11017814733427479246
0.00000000000000000000 0.11026505615214526879
0.00000000000000000000 0.11045981349946096262
0.00000000000000000000 0.11077784561184511603
0.00000000000000000000 0.11086430755348974930
0.00000000000000000000 0.11100056119159674994
0.00000000000000000000 0.11125324732885734369
0.00000000000000000000 0.11126507230480403576
0.00000000000000000000 0.11151008879989660061
0.00000000000000000000 0.11154426999935389275
0.00000000000000000000 0.11163031012947327580
0.00000000000000000000 0.11171885087730679120
0.00000000000000000000 0.11220554711692207195
0.00000000000000000000 0.11237143531302869193
0.00000000000000000000 0.11242898133092124602
0.00000000000000000000 0.11259501420952580664
0.00000000000000000000 0.11261348393313840022
0.00000000000000000000 0.11268615512596050210
0.00000000000000000000 0.11309617250276932099
0.00000000000000000000 0.11337538801805106814
0.00000000000000000000 0.11349888266421875871
0.00000000000000000000 0.11357816923162131206
0.00000000000000000000 0.11372812560882045174
0.00000000000000000000 0.11388038349741501365
0.00000000000000000000 0.11395820808247024425
0.00000000000000000000 0.11412255060747075741
0.00000000000000000000 0.11415977870489590895
0.00000000000000000000 0.11416963424982416730
0.00000000000000000000 0.11424584632232340220
0.00000000000000000000 0.11424645411312295273
0.00000000000000000000 0.11457456729401624407
0.00000000000000000000 0.11495808733366809362
0.00000000000000000000 0.11499105165391294847
0.00000000000000000000 0.11567586588565341443
0.00000000000000000000 0.11579416758940803966
0.00000000000000000000 0.11691756597545942264
0.00000000000000000000 0.11691870658711804587
0.00000000000000000000 0.11697322289507929016
0.00000000000000000000 0.11725045852198541507
0.00000000000000000000 0.11726562253597201668
0.00000000000000000000 0.11728346501805504698
0.00000000000000000000 0.11736457635284200385
0.00000000000000000000 0.11748279453505613978
0.00000000000000000000 0.11787974825517645583
0.00000000000000000000 0.11863786963334355118
0.00000000000000000000 0.11882096135853476015
0.00000000000000000000 0.11911550762040556961
0.00000000000000000000 0.11920121563446327284
0.00000000000000000000 0.11933127022431630482
0.00000000000000000000 0.11947226829988161212
0.00000000000000000000 0.11990982145406989257
0.00000000000000000000 0.12004115773022386304
0.00000000000000000000 0.12010899823942502995
0.00000000000000000000 0.12019197882784311837
0.00000000000000000000 0.12034669275464562888
0.00000000000000000000 0.12045751195253258381
0.00000000000000000000 0.12059901415201232378
0.00000000000000000000 0.12101481650758194597
0.00000000000000000000 0.12169622183310224717
0.00000000000000000000 0.12204348356817398824
0.00000000000000000000 0.12260147838063854830
0.00000000000000000000 0.12299481669036076148
0.00000000000000000000 0.12346197850562237730
0.00000000000000000000 0.12360757335262438639
0.00000000000000000000 0.12388029176016160382
0.00000000000000000000 0.12461458462091172528
0.00000000000000000000 0.12535666559499411554
0.00000000000000000000 0.12543940410949219744
0.00000000000000000000 0.12566497269011145388
0.00000000000000000000 0.12595429454267775826
0.00000000000000000000 0.12596802945392843176
0.00000000000000000000 0.12624018260214653342
0.00000000000000000000 0.12721035986255646577
0.00000000000000000000 0.12737696777251014679
0.00000000000000000000 0.12771844474038673845
0.00000000000000000000 0.12787309726592646641
0.00000000000000000000 0.12851399995397519427
0.00000000000000000000 0.12887590547531788121
0.00000000000000000000 0.12939095628085880985
0.00000000000000000000 0.13138269008451924913
0.00000000000000000000 0.13150534162424920570
0.00000000000000000000 0.13199258108481429219
0.00000000000000000000 0.13201244561546854328
0.00000000000000000000 0.13313066569988515897
0.00000000000000000000 0.13396709432135958662
0.00000000000000000000 0.13626521076445349823
0.00000000000000000000 0.13652256133350221257
0.00000000000000000000 0.13715770816526265397
0.00000000000000000000 0.13741148300729924547
0.00000000000000000000 0.13795180435144821507
0.00000000000000000000 0.13800871293170657861
0.00000000000000000000 0.13844890468101134218
0.00000000000000000000 0.13970536969184788045
0.00000000000000000000 0.14008696010613444494
0.00000000000000000000 0.14240451977984369680
0.00000000000000000000 0.14297272373024796921
0.00000000000000000000 0.14306700088305376872
0.00000000000000000000 0.14362520482375490394
0.00000000000000000000 0.14365246598123188049
0.00000000000000000000 0.14433099987440520251
0.00000000000000000000 0.14461797755475705451
0.00000000000000000000 0.14764261614468726647
0.00000000000000000000 0.14957474268049422705
0.00000000000000000000 0.15239536153930935414
0.00000000000000000000 0.15642039682322314564
0.00000000000000000000 0.16429526554900072965
0.00000000000000000000 1.73205080756887719318
