0.09273925334689407662 0.09679455565692651753
0.09224810087846392614 0.09702776695291882858
0.10068212021952127611 0.10277251043634717809
0.10444590707746403968 0.10803248227782892565
0.10759794221134322267 0.11057428544573955076
0.10403367499831679688 0.11063468282768568196
0.08799558762109520316 0.11261477316360113399
0.11224769749381781347 0.11350620412200518317
0.11208572820567894168 0.11415945209701756913
0.10704604596700033337 0.11439739503145529564
0.10665191749810096211 0.11443211947830191078
0.10592568582887819384 0.11489474345125855193
0.10717409619467645199 0.11491405515712868612
0.11314310450163969635 0.11492747050104150375
0.11250281817283153130 0.11744002830738568821
0.11747894305753520117 0.11759564731653020242
0.10336522349356314088 0.11962784359430700398
0.10975006746765739174 0.11988949392712121289
0.11613381606965944570 0.12094991661212357859
0.11181840507418723540 0.12192934683066353196
0.12168305402634017887 0.12205651985728534215
0.09499981680838011366 0.12280073424418697092
0.11039328646729061612 0.12286973839654458107
0.12226568662209717775 0.12308533036434635144
0.10858901361626212279 0.12379408878371227221
0.11540957573891719168 0.12415710086591942585
0.11463401245316441612 0.12552731869520866725
0.12124641090383811437 0.12631986092943228717
0.12157096683706709872 0.12894587299596690921
0.11343987247324978374 0.12900059548830741796
0.10966940005984898709 0.12957372405786793390
0.13247726563408243616 0.13299718403043536696
0.13313741157191319453 0.13393472496748312639
0.11396427973411583923 0.13429382987359306245
0.12207866637465641935 0.13498453419809239295
0.11600328230817340269 0.13541865787157655876
0.13201550288494404151 0.13558234401227980959
0.12047489288849333455 0.13593900732521346786
0.12855406968283641933 0.13616776599378163648
0.12654994187424034591 0.13683151404011922869
0.13607915541252768588 0.13862241617618870082
0.12671288057005111738 0.13895129566492983586
0.12578906155377531095 0.13905125099072088157
0.11867853825570541526 0.13911900151986145158
0.13140383706777505890 0.13911900151986145158
0.10735127496571217343 0.13955005772631229322
0.12112558136589182678 0.13956249774970969080
0.13048689858110090745 0.13995464215962413745
0.12072648004346711592 0.14066956968664368066
0.12680989358578018122 0.14121663243943927135
0.13376678279910611535 0.14126642844459644244
0.13200987575264128138 0.14159164355464612384
0.13676269369084534389 0.14182224721964137304
0.13580886792480287295 0.14204305679165679654
0.13857517764474905353 0.14214875388866610173
0.12497640802594277287 0.14249065740722519080
0.13829599294505617868 0.14288095142309459318
0.12332742731007434456 0.14320902681203276363
0.11932133988890232523 0.14325816482953473985
0.12803420160176001708 0.14352654690786981195
0.12894392923095637782 0.14368367814607210797
0.13524509436816725683 0.14387506853538528651
0.14343254772638916461 0.14389974194089927284
0.13947364285883601109 0.14468762334305254602
0.14395272019073623859 0.14541191540898795731
0.14091292471475919124 0.14541638252162858436
0.13512080823821812081 0.14614588995909513769
0.13804300483934117683 0.14759798136652513278
0.13693212740361868085 0.14775123068241016733
0.13668105290909438043 0.14866068157904890890
0.11588487405369816974 0.14934499597481365463
0.14157411189640106697 0.15340146836390036733
0.13796568374527931611 0.15393779976921936892
0.14637032955371265253 0.15543959415881231090
0.13943962788675173803 0.15577337095421042723
0.13056393233504121065 0.15677865949534741663
0.14390549244086661695 0.15695884612577953865
0.10325488175402929014 0.15705396248244052337
0.15634580190501939922 0.15736233978129293698
0.15589049518467107402 0.15764619589993009163
0.12106568158093536369 0.15787655273526002286
0.15406533185010742870 0.15813402609926593967
0.12782091762999814311 0.15844767874749940417
0.15160077059023352453 0.15880587002708945743
0.15916551808093218345 0.15929067246863717888
0.12309956552908243865 0.15984575981463411409
0.12970332421621541541 0.15992482076601274854
0.15064381723933045754 0.16016779057716346024
0.10985119185186612012 0.16018565659548278379
0.12867292859627801893 0.16028203255665399163
0.12155893454696671541 0.16055593033718740248
0.15234896253520927023 0.16079192991568319604
0.13259833193597014844 0.16126760507963303071
0.14461092026681671152 0.16153731617042807467
0.15539384064147315767 0.16225485201819953018
0.16047591935301749877 0.16226142728290884887
0.15994360700504939299 0.16246376466791115356
0.15083260047015881189 0.16272828058808708196
0.12580640104980425620 0.16301678875199715479
0.14794325900260180129 0.16304484787530509893
0.11950253750771099026 0.16457296919094607790
0.16498932055664955465 0.16658542973242401741
0.12924721699481114823 0.16664197022598095654
0.12501222289936181342 0.16668644380421920870
0.12016242440009315684 0.16696546238539425322
0.13961288889889550413 0.16711168343622051502
0.16230557170821136026 0.16728179789643557451
0.13803337236655285891 0.16735622956626355906
0.14575200287166040214 0.16751322438948518245
0.13922336595350351396 0.16807184330773367043
0.14885415930416018293 0.16921627354521948106
0.16733232220225927045 0.17012558646973868770
0.15870011424326224692 0.17092640915270676527
0.15273968469354765043 0.17093321290116111899
0.13931447246654751759 0.17104112606441709832
0.14177771790705670507 0.17124480359337759805
0.11234847616687596017 0.17139344786789154074
0.15280793389804894766 0.17149342520977714499
0.13546218212419847138 0.17160728690377463623
0.13984127449742184135 0.17185953350495469794
0.16515707439250570943 0.17185993074163882777
0.14813352727906750617 0.17255351014281314348
0.13351608532693234888 0.17298852833757538683
0.17177711323226621531 0.17459709769809336755
0.14750992293042897163 0.17480640000675379264
0.12694482654892375040 0.17791720570489705233
0.12483596044747706511 0.17814536776941877760
0.16890374236061275748 0.17942383748139037469
0.15883208384324143392 0.17942383748139037469
0.14045160167629444636 0.17960553966558739925
0.17436190414110294689 0.17965456771045715256
0.13534198535090441462 0.17995417369629834736
0.13289658810039436942 0.18006125115787877111
0.17572963089678303450 0.18050450833909761905
0.13944317059163358064 0.18065601576293030539
0.15251181735154295538 0.18082086835196811703
0.13144907015494849967 0.18117906943390169050
0.13277254088058751402 0.18123675176930323372
0.18169901607178401415 0.18339299114907492427
0.15269209853667725652 0.18428534209386165932
0.18289339524080092114 0.18471924407709533478
0.14302038556263099722 0.18502595984946090812
0.16102634019219927430 0.18508710524615626380
0.18482050792394683070 0.18643719355708091023
0.14656895587158499938 0.18653730696642001341
0.18496504124776602662 0.18656622935012670550
0.14961608406455634279 0.18760089376968483443
0.15030391406927079423 0.18819600248997933600
0.16971854720686291307 0.18838221235958296784
0.12250883439301150923 0.18862015339770035749
0.18659389223667630087 0.18961113615056882087
0.18486882077681510150 0.18982824209287824102
0.18095842941814424543 0.19054282979832809497
0.15732964072182126225 0.19058501981152328741
0.11887216393476567056 0.19072615340127324624
0.16339977263687693876 0.19180044017163425107
0.17644212767905417816 0.19234270841106496097
0.17925482281432680853 0.19352097965267295310
0.18878690228975217313 0.19425052390044855732
0.17275967551441140380 0.19669686993920679208
0.19018857499601096728 0.19708412805225952735
0.18268856698734323163 0.19740202601784198611
0.12557185448914182091 0.19812971038018431513
0.17252092647641922851 0.19865063337436375535
0.14035791211018497360 0.19969785281945204303
0.16806206347563221182 0.20019604705871080208
0.12844048298776261641 0.20076912086237702626
0.13613440859887382395 0.20132183036017509137
0.20038372784234645407 0.20338163892129337840
0.18443894456358486678 0.20400805441956162967
0.16037585365742895727 0.20628912169238167174
0.15491021796428686153 0.20653131945990005347
0.20214650548090526416 0.20663681885658216619
0.19329125635587990351 0.20678240339126269243
0.20201309042047044251 0.20693417699216412609
0.15702850332714199388 0.20741208987675374686
0.17873046883516183203 0.20763730766098928426
0.20026885108844530436 0.20846648872945114372
0.12982606252523781754 0.20921804656985004689
0.19798340450125434531 0.20953516040138525645
0.19417647110197203131 0.21257818734840985830
0.20682117966498844708 0.21375000895476539697
0.18324201196377137846 0.21382592753966123134
0.16803766548360513089 0.21388146329158327918
0.18738740795610747680 0.21514066152978178481
0.15800859903134237272 0.21557930392687768562
0.19602477384743616229 0.21666915307420919756
0.14130821182155420268 0.21831681487247411866
0.17346764912332549025 0.21876347646565075244
0.14926738367564387766 0.21893020032768475969
0.13367148785309510006 0.21905435619810792458
0.12890460354172184054 0.22321563678365677341
0.15694267797631042405 0.22579094326104759416
0.20402402059313490268 0.22843337607650113230
0.13584142344573307826 0.22858641034109006274
0.20719959147605201966 0.22864178777561952605
0.20863982225139085513 0.23005104783628468890
0.21119325827965915177 0.23186537846571983468
0.20428147013677433463 0.23257155387415529013
0.20908302019767208146 0.23450437721712616423
0.15300237944564323844 0.23538892818257114992
0.23399792665589277951 0.23625081525616167810
0.17933949318387892857 0.23892232081441677760
0.13017278253251715614 0.24064197818054972045
0.12770966954255483228 0.24265109640239046485
0.13596055163454051629 0.24680299898105137468
0.12352418032248606294 0.24691489010922970659
0.22507324428854988407 0.25172703312781297136
0.21791357820770565490 0.25562513481703075247
0.24336304578970432977 0.25691482388992969987
0.12275731268445722044 0.25789199396705436707
0.26770626256109725238 0.26902863111169755816
0.32545933863341341974 0.32804483581676646686
