0.05686931289082407942 0.05827059311448857387
0.09299968877477197970 0.09311113368511884925
0.09720674038706016151 0.10230501777300943234
0.10309952621505764914 0.10339102943695974157
0.08615265809814202924 0.10546833428759799789
0.10450439466675363887 0.10805862378701470983
0.10236679155896503957 0.10975799577579370414
0.09883308391101308654 0.11212575414240986971
0.09284394385317186471 0.11285814780139111213
0.11203016554991861164 0.11307322485634399567
0.11373447522688542866 0.11392421123861073973
0.11341365599560786215 0.11604988188230429269
0.10314111148373651672 0.11666291912189133417
0.10224195181614889605 0.11736582984473474534
0.11434059017311415385 0.11823826428025585589
0.11394292113908487118 0.11891030489577955609
0.11347490051483220819 0.11934507852382165993
0.11794721610413627655 0.12025343989495181074
0.10034799110007419642 0.12074926406242139643
0.10795523807629617274 0.12524616402689259242
0.12218388756343129264 0.12648987089676899664
0.11521641501912770200 0.12772393438210849492
0.11805237476754572301 0.12917361284460654458
0.10677874004988011092 0.12938164785223249531
0.12575141891894242585 0.13032587511450052786
0.12829715083789297592 0.13087949535418924585
0.12283573896083450905 0.13234827222442277495
0.12784036958447714261 0.13240215666238425163
0.11587960700551917792 0.13266476446965261293
0.12096178612329293312 0.13350937290786105138
0.10093144026362074750 0.13362758410130642917
0.13287554374081758657 0.13440119353737228769
0.12935655251751002059 0.13512133015688770898
0.11080744851124486872 0.13529274580904188108
0.12985379704398394840 0.13547977691344226248
0.13466401820975112957 0.13548104480539649441
0.12698869593418002366 0.13550919783124393270
0.12899536008932885323 0.13631309550792730656
0.12408155194885955863 0.13709335389495222457
0.11118631741870230178 0.13748104923776313657
0.12680165542909574428 0.13796984604542292252
0.11182046890724423038 0.13874725462489637118
0.12260989811792948057 0.13913300580075291246
0.12072439412750396448 0.13936453676593893447
0.12398332933694204694 0.14128757517566453705
0.13947057555208738910 0.14159654608051522318
0.13970279551406541985 0.14204297842376897854
0.13579433469876212026 0.14221311245684267743
0.14230988353976903316 0.14231638943777266682
0.13049529122109670976 0.14234290926585765891
0.14227694684664696223 0.14261966443086560030
0.14385843157494976330 0.14386991346492405963
0.13800898109957757121 0.14411490723821107629
0.14087875647369160759 0.14477908579648704479
0.14154778083897373575 0.14498139387815464629
0.13496125689032983930 0.14533263200885149224
0.11964781889423579953 0.14600862296300567977
0.14331338752905936618 0.14629092596900611367
0.13767967268599637376 0.14666175451571569766
0.14234368147018985895 0.14677640580537359982
0.11280222798779300508 0.14685102161152888134
0.13089540530899160253 0.14703116018082382221
0.14398690879793196729 0.14728238115917324791
0.14813794169065575002 0.14914899737395159729
0.12907447234986835216 0.14956434922637640295
0.14238773523451592196 0.14957209261611223439
0.13560607162301790973 0.14970467296890976883
0.14394876890825747395 0.15007698087448820279
0.13398778282044793153 0.15022024945652986960
0.14620655649233335605 0.15051920710363989042
0.14052126512582480133 0.15081284157658775280
0.12820797285782764563 0.15154451083254535937
0.14370252065112104622 0.15177956130032049797
0.12990047531355117250 0.15180412188912906224
0.13844076322553305891 0.15229390846329415865
0.14235099192233455212 0.15233629267104437099
0.14499300171741125176 0.15235454266875020357
0.11636372045990614477 0.15238776958270350281
0.15107033204269731952 0.15240179812139534321
0.14524141245585206472 0.15251257268879059303
0.11842283280141464863 0.15251684224638917264
0.14482880520046167994 0.15279569702514811391
0.14188235788496775247 0.15286251985627347105
0.14163026367405626149 0.15349444223663732956
0.14540970560467830763 0.15375066280654295370
0.13604866209467941784 0.15399528565749154296
0.14761092036478171141 0.15444467463545499819
0.13190221310420965906 0.15452255330908987174
0.14851654375977971223 0.15524391186625355332
0.15433706570237867850 0.15627669021490725454
0.12948628127527597731 0.15671246925258300320
0.15042380820997455770 0.15734285532128675089
0.13268640688155453056 0.15755313400829301651
0.13576081551154284277 0.15845486741587166968
0.11656773782085153024 0.15877488441305179223
0.14172112315666446358 0.15886658521583427173
0.14746441811233929053 0.15888493894543706531
0.14709652769819675511 0.15888915226147254378
0.15813242874877148081 0.15952347571421335304
0.15464414961606237631 0.15985718954831740213
0.15564833105920269918 0.16107653158754592360
0.14619809814595483011 0.16113168601555488690
0.16096749751951511254 0.16137284936059129170
0.15879998366117850650 0.16170860348498114489
0.16159096776868683842 0.16186781151051252148
0.12888430189997715503 0.16257242983687875126
0.14845739206308572466 0.16259503001578878845
0.13647690375387880324 0.16285567233875328230
0.14934746599756149044 0.16303731551105576925
0.14614502355141206769 0.16343736259808588906
0.15455728905457433164 0.16346466434401679679
0.14208264356117836225 0.16364741929294060463
0.14910387145736350711 0.16387537037312224775
0.12336165586139283268 0.16460497404397855803
0.14045012018663100006 0.16527196213200362473
0.14041804790665776692 0.16737975984584985145
0.16746908034966467849 0.16785967966069856305
0.16655636685205146841 0.16824842322388497418
0.13738479503951289695 0.16872322045620127828
0.16563666811657096201 0.16888471798068876994
0.16493093765691721475 0.16927114724548783520
0.12994287625145031773 0.17001778697362734949
0.15678160202541541191 0.17095928713050959069
0.15979198552696508018 0.17100665455689414984
0.14812563120451099907 0.17215282280943067228
0.16792428515819324275 0.17231140041987416667
0.15931740522228879375 0.17329016138096303701
0.17166086621594164874 0.17361718978127502200
0.14170772835729414374 0.17424275771875147312
0.13470328919241067456 0.17452098131617432841
0.15999170816621346991 0.17481095770191207306
0.17180579607731535918 0.17483230338808947169
0.16121632349572509457 0.17489672205752390677
0.14354066213319832679 0.17520456356575420109
0.16121255752935326200 0.17635438489656318772
0.13011372151421771171 0.17673085098916224700
0.13359071106510794769 0.17674370453540261261
0.16806327129371598228 0.17697168108304739409
0.13331237894870706651 0.17845359296844964803
0.12235544918186186392 0.17902006039724824293
0.17900038502193421630 0.17969589640593139346
0.14816539392747191117 0.17987931434711895706
0.17343089402495218132 0.17998246059341804770
0.17779445230738236128 0.18021291227183497408
0.11977700734662967419 0.18030962612575332504
0.16895899286562232611 0.18049512415114477015
0.14857453524305569426 0.18084211054350496362
0.17194052351598898554 0.18103710027131963978
0.17344467602937613249 0.18104337596804898070
0.13964388303763386467 0.18109470711531186482
0.12831257454406855278 0.18134843032731207124
0.16435901205149025528 0.18226153427942776153
0.17763518883992360231 0.18226153427942776153
0.16317176771549005143 0.18231437973366937388
0.15993051136267019685 0.18244016623343464745
0.13032799897620953034 0.18289629180651625906
0.18152907538324980496 0.18324191566163391953
0.16182927156867360496 0.18358385952255260043
0.16900694608872054991 0.18438989572683336937
0.16842696722080577332 0.18439261939024426118
0.18352050795551030915 0.18534676945135206139
0.13774135319503477692 0.18559978119879222414
0.12632773138857031348 0.18568085854839480597
0.15713809593596117509 0.18595964921691077176
0.17289877537939765673 0.18638447850953612783
0.14957500454445532556 0.18646625474627567809
0.17355332606840193077 0.18694188000096637059
0.15557386768955883127 0.18709104953190403009
0.15865572300820265927 0.18742967294633258724
0.15544748844596173454 0.18752757680142753682
0.17055908443755082859 0.18760672398955613449
0.12980079286445719844 0.18777893212023810676
0.15567918025223770329 0.18791589156504387437
0.12953935153518214562 0.18796712747542945743
0.14580771151810387187 0.18859193275915062116
0.18726384335177653773 0.18872083826021732178
0.16642498058531068894 0.18898655283175902486
0.13134607527027872265 0.18953782015514344939
0.12180399120300768045 0.18963472913808460119
0.13718981351502035348 0.19057537674699517871
0.14786343721671152407 0.19073469337017592840
0.17299897045514664451 0.19099509925259910981
0.18592532301215361490 0.19099509925259910981
0.16539472876680438862 0.19174044497821704502
0.19007938602725590882 0.19194256531106967945
0.13402486072085159630 0.19252875528031618280
0.10895872616671158084 0.19339629612233857903
0.18319218058000549809 0.19358076053123490778
0.18586819972414925228 0.19411213391208823054
0.16158399363232225920 0.19472319137829902091
0.18570515139204207822 0.19555305534757447261
0.16774202255926692895 0.19662358293169343582
0.13662959239732555550 0.19673411899520212853
0.17920296528104398548 0.19677010284436896592
0.12766722929291629551 0.19763936745705837361
0.16381347031193974062 0.19781258320442329790
0.13954169075284370005 0.19801029424655153255
0.18539333286365991538 0.19808823074219911176
0.14927909643533721074 0.19811965944366247139
0.13543690946333264424 0.19817236622364120535
0.15094118066419842661 0.19890490209098396490
0.16731694715059441947 0.19937266971302811114
0.13007034343373735652 0.19954264074932709372
0.19459935107664119713 0.19960848580295714738
0.13904949372513428218 0.20025353401634232720
0.14528447121639931350 0.20061766742389161577
0.19789109004944963055 0.20137852134992711983
0.17657786097996250319 0.20271677652652886348
0.17262117361102252699 0.20279620817319746195
0.18712442216056879296 0.20296757314323304877
0.13180357087830046892 0.20375945486574192911
0.19557742235379937945 0.20490474935463881545
0.12994436143040841158 0.20578719682352500375
0.19892607675988016602 0.20671348817590504132
0.20350957209193737407 0.20691733153567518078
0.19060808270583218249 0.20781738173552066762
0.16007461837158171170 0.20955668972466043321
0.16211933110640111555 0.21101167832027931115
0.21034852526940342465 0.21224487533329991495
0.12930341079626622713 0.21358832671276772874
0.20476262902771713570 0.21535202572487341377
0.20219665867040154117 0.21561189477927511504
0.21600362550399337946 0.21953033913874334115
0.19506180262914069035 0.21998300669022452514
0.20643288727563297025 0.22193378768689223102
0.12733089516325010737 0.22342705502740292656
0.17100495825044670362 0.22368185651907709910
0.12502566065971237874 0.22415863509685948762
0.13519393496015377765 0.22429880431003645924
0.17842295546196146327 0.22469846637776871856
0.13000348324977764602 0.22471954709814548345
0.19285193565338917820 0.22486740019806128466
0.14942816311068204960 0.22744857982777186289
0.21333350677578619137 0.22788202828152887003
0.22257012877359871883 0.22788202828152887003
0.19936789290157483356 0.22841250665192805447
0.13891769457714547853 0.22857658848324080569
0.21944811008831699439 0.22912841823730747959
0.14333225542674463138 0.22973981100040036241
0.20436320740394520179 0.24370789526637054445
0.23459568293960217367 0.25549712776784155865
0.17536862644728973271 0.26315935429613679375
