0.00000000000000000000 0.01461788370636455010
0.00000000000000000000 0.01596263696845950236
0.00000000000000000000 0.01719623374841489777
0.00000000000000000000 0.01722258486893278595
0.00000000000000000000 0.02019248644354346839
0.00000000000000000000 0.02062572472941428051
0.00000000000000000000 0.02079842088935086181
0.00000000000000000000 0.02438131314022317156
0.00000000000000000000 0.02664143532599135000
0.00000000000000000000 0.02760227679990714944
0.00000000000000000000 0.02814117570035053542
0.00000000000000000000 0.02870353760212790428
0.00000000000000000000 0.02972052800548474760
0.00000000000000000000 0.03002009716864332753
0.00000000000000000000 0.03107251707798315554
0.00000000000000000000 0.03202272368414066372
0.00000000000000000000 0.03214030682865699762
0.00000000000000000000 0.03229343581145107528
0.00000000000000000000 0.03261858691751704648
0.00000000000000000000 0.03262770768912964109
0.00000000000000000000 0.03283479668185312894
0.00000000000000000000 0.03356400729684592965
0.00000000000000000000 0.03455026241731151693
0.00000000000000000000 0.03467265109643488663
0.00000000000000000000 0.03565982576337405757
0.00000000000000000000 0.03788678505609191505
0.00000000000000000000 0.03921475403056352838
0.00000000000000000000 0.03921771824906877812
0.00000000000000000000 0.03940306177109942354
0.00000000000000000000 0.03992887894271553856
0.00000000000000000000 0.04016279599101702652
0.00000000000000000000 0.04034482343823812128
0.00000000000000000000 0.04048783529933935865
0.00000000000000000000 0.04069617921287295437
0.00000000000000000000 0.04201362621724810675
0.00000000000000000000 0.04279792848083304596
0.00000000000000000000 0.04317510913752621582
0.00000000000000000000 0.04331745781438582632
0.00000000000000000000 0.04355641668688260693
0.00000000000000000000 0.04385964964493851287
0.00000000000000000000 0.04398545465069882143
0.00000000000000000000 0.04503962845004585297
0.00000000000000000000 0.04519774939227062110
0.00000000000000000000 0.04591595002527347480
0.00000000000000000000 0.04687065249180700360
0.00000000000000000000 0.04737501695453463779
0.00000000000000000000 0.04814074295681199794
0.00000000000000000000 0.04883542944380669243
0.00000000000000000000 0.04929294137758532396
0.00000000000000000000 0.04934549215997727223
0.00000000000000000000 0.04939870412056408117
0.00000000000000000000 0.04947083354408930711
0.00000000000000000000 0.04960481957934705088
0.00000000000000000000 0.04978603261583761097
0.00000000000000000000 0.05105782713005720813
0.00000000000000000000 0.05132283214733318610
0.00000000000000000000 0.05162395862804646657
0.00000000000000000000 0.05176855335649711148
0.00000000000000000000 0.05244486718630048117
0.00000000000000000000 0.05284736010981361254
0.00000000000000000000 0.05295329179122384294
0.00000000000000000000 0.05321522844689016707
0.00000000000000000000 0.05349699962754914800
0.00000000000000000000 0.05362891718119920659
0.00000000000000000000 0.05395999890540575245
0.00000000000000000000 0.05431577645651940178
0.00000000000000000000 0.05451242760014145261
0.00000000000000000000 0.05479815520157531317
0.00000000000000000000 0.05491081938277597718
0.00000000000000000000 0.05551161353181820191
0.00000000000000000000 0.05578408834835989899
0.00000000000000000000 0.05581724080727852588
0.00000000000000000000 0.05598185090986073503
0.00000000000000000000 0.05622749293223676392
0.00000000000000000000 0.05627283764615884781
0.00000000000000000000 0.05638865504985493549
0.00000000000000000000 0.05662903837122496703
0.00000000000000000000 0.05668729841330095998
0.00000000000000000000 0.05725445773212915063
0.00000000000000000000 0.05775257936954040355
0.00000000000000000000 0.05801039058305919316
0.00000000000000000000 0.05819397226302081005
0.00000000000000000000 0.05836620831459019693
0.00000000000000000000 0.05837610730557703936
0.00000000000000000000 0.05850218240384778140
0.00000000000000000000 0.05912404388357739987
0.00000000000000000000 0.05934861341372902471
0.00000000000000000000 0.05952279957871443872
0.00000000000000000000 0.05964293884644893129
0.00000000000000000000 0.05983830112087778347
0.00000000000000000000 0.05997788895024656203
0.00000000000000000000 0.06043619614958434944
0.00000000000000000000 0.06111391553889339995
0.00000000000000000000 0.06136088003429270715
0.00000000000000000000 0.06192041833233707937
0.00000000000000000000 0.06205509432151400800
0.00000000000000000000 0.06207799837711092811
0.00000000000000000000 0.06261944547569039954
0.00000000000000000000 0.06316701834700511053
0.00000000000000000000 0.06351021240959250913
0.00000000000000000000 0.06386904087963472809
0.00000000000000000000 0.06401926797002240044
0.00000000000000000000 0.06462540280191045317
0.00000000000000000000 0.06464107681896873181
0.00000000000000000000 0.06488016798671282503
0.00000000000000000000 0.06499913515638129635
0.00000000000000000000 0.06508670653532899752
0.00000000000000000000 0.06539394528691624964
0.00000000000000000000 0.06552424749690875794
0.00000000000000000000 0.06565960846751224544
0.00000000000000000000 0.06607279675545145448
0.00000000000000000000 0.06643914481027780872
0.00000000000000000000 0.06673729779093662273
0.00000000000000000000 0.06678848180089082265
0.00000000000000000000 0.06686724668340415789
0.00000000000000000000 0.06722868476034396523
0.00000000000000000000 0.06727826244356896468
0.00000000000000000000 0.06736383893606721907
0.00000000000000000000 0.06767769904935189151
0.00000000000000000000 0.06770199880618193999
0.00000000000000000000 0.06775535071228980244
0.00000000000000000000 0.06785073162843677230
0.00000000000000000000 0.06846037939124889615
0.00000000000000000000 0.06862261454599094535
0.00000000000000000000 0.06868575251119070357
0.00000000000000000000 0.06959015265532832173
0.00000000000000000000 0.06961347662364859856
0.00000000000000000000 0.06978414735448286443
0.00000000000000000000 0.06978712327371762447
0.00000000000000000000 0.07082135991341449721
0.00000000000000000000 0.07083863986143298930
0.00000000000000000000 0.07134906526666988380
0.00000000000000000000 0.07156879108382835364
0.00000000000000000000 0.07167705685577192842
0.00000000000000000000 0.07170661586560159173
0.00000000000000000000 0.07202462074034848838
0.00000000000000000000 0.07211527054273303428
0.00000000000000000000 0.07217972035915332096
0.00000000000000000000 0.07239962860334496486
0.00000000000000000000 0.07319740898534220219
0.00000000000000000000 0.07323004002640021159
0.00000000000000000000 0.07351248904209709001
0.00000000000000000000 0.07356994272868133677
0.00000000000000000000 0.07365716593288441916
0.00000000000000000000 0.07371827933518038112
0.00000000000000000000 0.07544928651289158072
0.00000000000000000000 0.07573359890958109020
0.00000000000000000000 0.07603509043404431400
0.00000000000000000000 0.07608100048361988998
0.00000000000000000000 0.07615915074169177235
0.00000000000000000000 0.07649106453314021004
0.00000000000000000000 0.07649568728470280965
0.00000000000000000000 0.07686594855113242086
0.00000000000000000000 0.07695627908500926595
0.00000000000000000000 0.07707906249842366719
0.00000000000000000000 0.07715811322332259692
0.00000000000000000000 0.07736764715546859406
0.00000000000000000000 0.07761474032621647201
0.00000000000000000000 0.07792584312407259406
0.00000000000000000000 0.07823840972984633102
0.00000000000000000000 0.07843588811066640187
0.00000000000000000000 0.07858912841080348266
0.00000000000000000000 0.07866690141534395109
0.00000000000000000000 0.07881413059274414157
0.00000000000000000000 0.07887074876348526553
0.00000000000000000000 0.07894361397567413452
0.00000000000000000000 0.07960613226477510074
0.00000000000000000000 0.07978619296742062161
0.00000000000000000000 0.08069936440121237842
0.00000000000000000000 0.08094769964577552823
0.00000000000000000000 0.08120526084883376849
0.00000000000000000000 0.08123186569593245088
0.00000000000000000000 0.08144324034583239058
0.00000000000000000000 0.08149902116625944160
0.00000000000000000000 0.08158530290229087933
0.00000000000000000000 0.08163758462696747709
0.00000000000000000000 0.08185792646349733526
0.00000000000000000000 0.08200551528439670168
0.00000000000000000000 0.08210206605864209251
0.00000000000000000000 0.08219880161626763604
0.00000000000000000000 0.08233736694670365508
0.00000000000000000000 0.08265345532654989891
0.00000000000000000000 0.08268932932570936811
0.00000000000000000000 0.08288292938256891507
0.00000000000000000000 0.08297427761179732020
0.00000000000000000000 0.08310702666547618855
0.00000000000000000000 0.08330675820584439173
0.00000000000000000000 0.08338903779414026662
0.00000000000000000000 0.08357890748504968881
0.00000000000000000000 0.08368610598286017888
0.00000000000000000000 0.08375390388917057505
0.00000000000000000000 0.08428067069927293320
0.00000000000000000000 0.08432853331540678121
0.00000000000000000000 0.08438169054428516780
0.00000000000000000000 0.08443907785910846620
0.00000000000000000000 0.08445772957939799708
0.00000000000000000000 0.08555973569817863777
0.00000000000000000000 0.08594297343746318263
0.00000000000000000000 0.08600657173048832649
0.00000000000000000000 0.08606366754985819711
0.00000000000000000000 0.08609383131780237730
0.00000000000000000000 0.08686927762102242268
0.00000000000000000000 0.08723007319040390617
0.00000000000000000000 0.08726966077349543327
0.00000000000000000000 0.08760717113548999180
0.00000000000000000000 0.08782113610958476591
0.00000000000000000000 0.08789890638089530028
0.00000000000000000000 0.08809117931155124870
0.00000000000000000000 0.08853715910989007343
0.00000000000000000000 0.08896658746929786421
0.00000000000000000000 0.08898840454914104525
0.00000000000000000000 0.08914111850943426396
0.00000000000000000000 0.08924191408318164764
0.00000000000000000000 0.08947862102573000964
0.00000000000000000000 0.08956661537330247447
0.00000000000000000000 0.08960382319518983563
0.00000000000000000000 0.08970094068318404390
0.00000000000000000000 0.08993306071684932512
0.00000000000000000000 0.09020413795520859646
0.00000000000000000000 0.09038583943293403145
0.00000000000000000000 0.09070969101705417259
0.00000000000000000000 0.09072300165303752439
0.00000000000000000000 0.09076150398477626779
0.00000000000000000000 0.09084934383039883210
0.00000000000000000000 0.09157228084485084796
0.00000000000000000000 0.09250655246286754174
0.00000000000000000000 0.09264071590454237004
0.00000000000000000000 0.09278985041408993606
0.00000000000000000000 0.09279941422429184572
0.00000000000000000000 0.09286605204184086859
0.00000000000000000000 0.09365394229904662471
0.00000000000000000000 0.09381116116542520533
0.00000000000000000000 0.09403879483670260497
0.00000000000000000000 0.09422070121654202435
0.00000000000000000000 0.09428285745124764805
0.00000000000000000000 0.09432472839436893686
0.00000000000000000000 0.09460051645931548403
0.00000000000000000000 0.09478574613841045382
0.00000000000000000000 0.09491548213312411830
0.00000000000000000000 0.09535138078551949614
0.00000000000000000000 0.09540529666433060496
0.00000000000000000000 0.09563023126821945663
0.00000000000000000000 0.09564620900495277023
0.00000000000000000000 0.09613116713433475513
0.00000000000000000000 0.09724547426373336689
0.00000000000000000000 0.09726835146026276135
0.00000000000000000000 0.09729171925156408773
0.00000000000000000000 0.09747605535163256230
0.00000000000000000000 0.09782786014598750246
0.00000000000000000000 0.09799896185827017270
0.00000000000000000000 0.09811056214487189064
0.00000000000000000000 0.09855953435940814633
0.00000000000000000000 0.09897745951874376003
0.00000000000000000000 0.09912266871883150532
0.00000000000000000000 0.09913672494418412917
0.00000000000000000000 0.09940961193394394491
0.00000000000000000000 0.09943360584101229582
0.00000000000000000000 0.09954883069796362227
0.00000000000000000000 0.10030264091939285198
0.00000000000000000000 0.10032238412415560302
0.00000000000000000000 0.10037525455443634115
0.00000000000000000000 0.10041356665017182881
0.00000000000000000000 0.10042101485332026456
0.00000000000000000000 0.10057172810568265620
0.00000000000000000000 0.10104248499897264257
0.00000000000000000000 0.10129689320203850988
0.00000000000000000000 0.10134457629460073835
0.00000000000000000000 0.10162404431314780995
0.00000000000000000000 0.10174849240117433968
0.00000000000000000000 0.10196094567991376145
0.00000000000000000000 0.10196598451792419915
0.00000000000000000000 0.10226591717393854197
0.00000000000000000000 0.10324835019350248055
0.00000000000000000000 0.10334260081020639477
0.00000000000000000000 0.10339804621617224023
0.00000000000000000000 0.10378609922315962244
0.00000000000000000000 0.10426228122719938263
0.00000000000000000000 0.10459946864980233794
0.00000000000000000000 0.10480203921653118149
0.00000000000000000000 0.10483050907280308528
0.00000000000000000000 0.10521009372244237434
0.00000000000000000000 0.10543611224086933686
0.00000000000000000000 0.10564213780743093862
0.00000000000000000000 0.10574373601007640289
0.00000000000000000000 0.10622170662926870566
0.00000000000000000000 0.10645957907127184816
0.00000000000000000000 0.10666553853736301938
0.00000000000000000000 0.10686119821956736875
0.00000000000000000000 0.10704993125881005767
0.00000000000000000000 0.10705519118299468284
0.00000000000000000000 0.10714543037157771288
0.00000000000000000000 0.10731360243793978959
0.00000000000000000000 0.10736316514566202063
0.00000000000000000000 0.10745884230361908707
0.00000000000000000000 0.10756008803875749535
0.00000000000000000000 0.10778824040482097579
0.00000000000000000000 0.10820920790747584617
0.00000000000000000000 0.10857003334393404426
0.00000000000000000000 0.10859951794541410075
0.00000000000000000000 0.10899068471878126108
0.00000000000000000000 0.10927929136658615095
0.00000000000000000000 0.10932679010425250254
0.00000000000000000000 0.10942291590813683910
0.00000000000000000000 0.10953310536946568587
0.00000000000000000000 0.11079899806009203822
0.00000000000000000000 0.11091996060744949149
0.00000000000000000000 0.11114629440442133634
0.00000000000000000000 0.11138271645860567394
0.00000000000000000000 0.11145088899073003763
0.00000000000000000000 0.11156192018997432291
0.00000000000000000000 0.11157239925698445027
0.00000000000000000000 0.11178191621424718449
0.00000000000000000000 0.11186313876907588716
0.00000000000000000000 0.11190191197143396773
0.00000000000000000000 0.11199016856856629232
0.00000000000000000000 0.11313442354224322040
0.00000000000000000000 0.11313973727310944195
0.00000000000000000000 0.11322582245845226601
0.00000000000000000000 0.11346250264819508768
0.00000000000000000000 0.11387085760407945900
0.00000000000000000000 0.11393675647490517089
0.00000000000000000000 0.11422476983279961082
0.00000000000000000000 0.11432611213993595922
0.00000000000000000000 0.11439367254179548528
0.00000000000000000000 0.11459800090780601634
0.00000000000000000000 0.11539959014341907850
0.00000000000000000000 0.11561017237186564655
0.00000000000000000000 0.11571483187458610209
0.00000000000000000000 0.11574812894525042528
0.00000000000000000000 0.11610235035020198546
0.00000000000000000000 0.11623976624929367729
0.00000000000000000000 0.11678856360932207692
0.00000000000000000000 0.11684869559578003884
0.00000000000000000000 0.11699859306021051508
0.00000000000000000000 0.11726611173040799030
0.00000000000000000000 0.11738376159402792720
0.00000000000000000000 0.11762227612925880982
0.00000000000000000000 0.11817788499032896854
0.00000000000000000000 0.11823449403816684022
0.00000000000000000000 0.11865057754692305558
0.00000000000000000000 0.11866651559288493578
0.00000000000000000000 0.11925911522441243195
0.00000000000000000000 0.11945416489717279596
0.00000000000000000000 0.11955033524526205435
0.00000000000000000000 0.11958659473312938104
0.00000000000000000000 0.11972443216892905693
0.00000000000000000000 0.12017145390750555434
0.00000000000000000000 0.12025860510446147178
0.00000000000000000000 0.12049401326480414787
0.00000000000000000000 0.12062493900004772618
0.00000000000000000000 0.12080112899273037774
0.00000000000000000000 0.12104927326374148588
0.00000000000000000000 0.12133977690653845183
0.00000000000000000000 0.12162970110322371409
0.00000000000000000000 0.12188412767376596846
0.00000000000000000000 0.12190117948877281229
0.00000000000000000000 0.12193214836689791891
0.00000000000000000000 0.12198615089453077043
0.00000000000000000000 0.12268994649546684228
0.00000000000000000000 0.12286407404160543111
0.00000000000000000000 0.12310870535715653928
0.00000000000000000000 0.12404690737336807049
0.00000000000000000000 0.12407271732145618015
0.00000000000000000000 0.12417353728741385710
0.00000000000000000000 0.12441397064802364736
0.00000000000000000000 0.12443335900786632597
0.00000000000000000000 0.12464137136257064098
0.00000000000000000000 0.12491406015902810356
0.00000000000000000000 0.12500327334492991604
0.00000000000000000000 0.12524594162168459222
0.00000000000000000000 0.12529676104208509191
0.00000000000000000000 0.12530322164043586342
0.00000000000000000000 0.12572120894568014626
0.00000000000000000000 0.12577880497120957903
0.00000000000000000000 0.12631780194389993777
0.00000000000000000000 0.12650420008309598563
0.00000000000000000000 0.12655501540156219309
0.00000000000000000000 0.12695820405097327233
0.00000000000000000000 0.12765341564735260826
0.00000000000000000000 0.12773518428694630167
0.00000000000000000000 0.12811246772302015140
0.00000000000000000000 0.12844746697749337416
0.00000000000000000000 0.12990905356416140859
0.00000000000000000000 0.13003011025690933145
0.00000000000000000000 0.13010923107759589379
0.00000000000000000000 0.13117029441289501657
0.00000000000000000000 0.13119439177748440373
0.00000000000000000000 0.13125247606189952010
0.00000000000000000000 0.13209688919820800068
0.00000000000000000000 0.13219230074611029724
0.00000000000000000000 0.13324788647104821027
0.00000000000000000000 0.13349527277414510729
0.00000000000000000000 0.13428469552123264985
0.00000000000000000000 0.13439591507055001496
0.00000000000000000000 0.13473011245167501593
0.00000000000000000000 0.13483920166462912138
0.00000000000000000000 0.13499829039007982256
0.00000000000000000000 0.13514783723423942630
0.00000000000000000000 0.13528285693195565842
0.00000000000000000000 0.13532890692627025375
0.00000000000000000000 0.13539897530372457801
0.00000000000000000000 0.13543642883065803995
0.00000000000000000000 0.13554678970401243254
0.00000000000000000000 0.13561658064054224471
0.00000000000000000000 0.13622722463573747054
0.00000000000000000000 0.13647267999261869509
0.00000000000000000000 0.13682684981807383129
0.00000000000000000000 0.13690806457400372942
0.00000000000000000000 0.13693118699160369833
0.00000000000000000000 0.13722523404697967164
0.00000000000000000000 0.13722603992521370531
0.00000000000000000000 0.13736628456192184755
0.00000000000000000000 0.13792958413476322233
0.00000000000000000000 0.13799997174132458411
0.00000000000000000000 0.13811425457783418902
0.00000000000000000000 0.13820271456628444029
0.00000000000000000000 0.13970107127214742571
0.00000000000000000000 0.14094323277176049047
0.00000000000000000000 0.14165169216078246639
0.00000000000000000000 0.14222204789113218615
0.00000000000000000000 0.14366867228127261358
0.00000000000000000000 0.14382773882829977263
0.00000000000000000000 0.14385971251419266137
0.00000000000000000000 0.14403446763689267685
0.00000000000000000000 0.14449365603712938100
0.00000000000000000000 0.14467756650864965762
0.00000000000000000000 0.14507834165019709016
0.00000000000000000000 0.14603075316978519904
0.00000000000000000000 0.14632885716445895308
0.00000000000000000000 0.14640423370679145343
0.00000000000000000000 0.14664311421754691600
0.00000000000000000000 0.14697075292004904701
0.00000000000000000000 0.14759547532520725377
0.00000000000000000000 0.14765494482991498026
0.00000000000000000000 0.14837299443538140564
0.00000000000000000000 0.14847191831682321483
0.00000000000000000000 0.14849557003964733437
0.00000000000000000000 0.14863112718787338529
0.00000000000000000000 0.14868034147337555462
0.00000000000000000000 0.14878692738538620843
0.00000000000000000000 0.14912998920309736284
0.00000000000000000000 0.14979739948863429744
0.00000000000000000000 0.14993331943368556902
0.00000000000000000000 0.15025549198966520192
0.00000000000000000000 0.15034739054977708239
0.00000000000000000000 0.15081964657763952120
0.00000000000000000000 0.15103272446084631264
0.00000000000000000000 0.15112426972084902488
0.00000000000000000000 0.15127744090992545356
0.00000000000000000000 0.15170348689393137187
0.00000000000000000000 0.15250174253326073681
0.00000000000000000000 0.15279672441292432850
0.00000000000000000000 0.15333386129278286925
0.00000000000000000000 0.15503183767921258074
0.00000000000000000000 0.15524779962311072157
0.00000000000000000000 0.15603208454952613438
0.00000000000000000000 0.15622060613446431265
0.00000000000000000000 0.15661091326233064769
0.00000000000000000000 0.15669620457534580438
0.00000000000000000000 0.15739724094357290807
0.00000000000000000000 0.15782071812433645652
0.00000000000000000000 0.15835544195968609404
0.00000000000000000000 0.15982670672624066377
0.00000000000000000000 0.15996126476866212585
0.00000000000000000000 0.16016249797116621778
0.00000000000000000000 0.16224559528142482034
0.00000000000000000000 0.16242508096831115294
0.00000000000000000000 0.16258704224062436872
0.00000000000000000000 0.16345439806298320273
0.00000000000000000000 0.16551867467043770987
0.00000000000000000000 0.16570475765000031165
0.00000000000000000000 0.16598821353275378110
0.00000000000000000000 0.16644722186670651842
0.00000000000000000000 0.16823086077135798733
0.00000000000000000000 0.16823563437105087948
0.00000000000000000000 0.16840034084336019671
0.00000000000000000000 0.17052675093677344131
0.00000000000000000000 0.17145052876502198114
0.00000000000000000000 0.17378623242995877574
0.00000000000000000000 0.17441717971782363938
0.00000000000000000000 0.17533983625440996423
0.00000000000000000000 0.17614207325086012057
0.00000000000000000000 0.17773795321693250382
0.00000000000000000000 0.17916979903177146505
0.00000000000000000000 0.18281383703361939186
0.00000000000000000000 0.18367281823986067457
0.00000000000000000000 0.18665567617544800982
0.00000000000000000000 0.18705024418413548903
0.00000000000000000000 0.18924252336187075141
0.00000000000000000000 0.18940492750515830478
0.00000000000000000000 0.18961876290638923770
0.00000000000000000000 0.18969291491402434646
0.00000000000000000000 0.19466835609032370757
0.00000000000000000000 0.19874328757666034906
0.00000000000000000000 0.19969879486462804863
0.00000000000000000000 0.20525393081624196401
0.00000000000000000000 0.22010020704210028764
0.00000000000000000000 0.22073895119911379759
0.00000000000000000000 0.24310082284810069497
0.00000000000000000000 1.73205080756887719318
