0.00000000000000000000 0.00126757369221365134
0.00000000000000000000 0.00270573020062713247
0.00000000000000000000 0.00304686719173177844
0.00000000000000000000 0.00324029325444616942
0.00000000000000000000 0.00329213938316521909
0.00000000000000000000 0.00334769730055839779
0.00000000000000000000 0.00346116254646244934
0.00000000000000000000 0.00372640945480747464
0.00000000000000000000 0.00387409871083402475
0.00000000000000000000 0.00417825874691307979
0.00000000000000000000 0.00425488281057081683
0.00000000000000000000 0.00432474085547152661
0.00000000000000000000 0.00481156059586161297
0.00000000000000000000 0.00484948158318103829
0.00000000000000000000 0.00488127875496397606
0.00000000000000000000 0.00497454780617844015
0.00000000000000000000 0.00510149368622516471
0.00000000000000000000 0.00586551672148242099
0.00000000000000000000 0.00593173939980773824
0.00000000000000000000 0.00594412670807086072
0.00000000000000000000 0.00604383617084518730
0.00000000000000000000 0.00627031228993794008
0.00000000000000000000 0.00633008573942209826
0.00000000000000000000 0.00639074357334145065
0.00000000000000000000 0.00666341851510855818
0.00000000000000000000 0.00667722276279270575
0.00000000000000000000 0.00677186980710445686
0.00000000000000000000 0.00751160352297503345
0.00000000000000000000 0.00751464751372064171
0.00000000000000000000 0.00754167612651497968
0.00000000000000000000 0.00762400547226986178
0.00000000000000000000 0.00773259299708789916
0.00000000000000000000 0.00780231057153437779
0.00000000000000000000 0.00783316748357173499
0.00000000000000000000 0.00794673740476144544
0.00000000000000000000 0.00803086253507588957
0.00000000000000000000 0.00803602642142792548
0.00000000000000000000 0.00827074978640918342
0.00000000000000000000 0.00837765273224493241
0.00000000000000000000 0.00838493490517877235
0.00000000000000000000 0.00841137978040971089
0.00000000000000000000 0.00844053965531126917
0.00000000000000000000 0.00848749556919746982
0.00000000000000000000 0.00866702988178892804
0.00000000000000000000 0.00889945819093678793
0.00000000000000000000 0.00918791550199426696
0.00000000000000000000 0.00922840960483353560
0.00000000000000000000 0.00931121155891137531
0.00000000000000000000 0.00932290504664351309
0.00000000000000000000 0.00933293917993558049
0.00000000000000000000 0.00938323224807986571
0.00000000000000000000 0.00953131617638806883
0.00000000000000000000 0.00984941464654747433
0.00000000000000000000 0.01000040969591344496
0.00000000000000000000 0.01007831173888390497
0.00000000000000000000 0.01051865612509734690
0.00000000000000000000 0.01077252489394679713
0.00000000000000000000 0.01078388257867898478
0.00000000000000000000 0.01080994144963358210
0.00000000000000000000 0.01087598593352042363
0.00000000000000000000 0.01090146002540934127
0.00000000000000000000 0.01100253381796378709
0.00000000000000000000 0.01106418656904731637
0.00000000000000000000 0.01110328628306833133
0.00000000000000000000 0.01113187063519989473
0.00000000000000000000 0.01117128872333186806
0.00000000000000000000 0.01118645713582022867
0.00000000000000000000 0.01132743470317420890
0.00000000000000000000 0.01136737556142838196
0.00000000000000000000 0.01140002164931695240
0.00000000000000000000 0.01145338630454437352
0.00000000000000000000 0.01151609624199654430
0.00000000000000000000 0.01154833441307815886
0.00000000000000000000 0.01159690988629333112
0.00000000000000000000 0.01163689179056847170
0.00000000000000000000 0.01167496909931068673
0.00000000000000000000 0.01175663182653187248
0.00000000000000000000 0.01179083237537024986
0.00000000000000000000 0.01180393564145216720
0.00000000000000000000 0.01184673156505932669
0.00000000000000000000 0.01189178083226501148
0.00000000000000000000 0.01189684441709511382
0.00000000000000000000 0.01215658223491001069
0.00000000000000000000 0.01232816010919201080
0.00000000000000000000 0.01238014489574825946
0.00000000000000000000 0.01243261631865225959
0.00000000000000000000 0.01246977790868398009
0.00000000000000000000 0.01260032675830183475
0.00000000000000000000 0.01283940603166858208
0.00000000000000000000 0.01294603778676673735
0.00000000000000000000 0.01296253012805869201
0.00000000000000000000 0.01299211969064284836
0.00000000000000000000 0.01303057655848899841
0.00000000000000000000 0.01309075693619612957
0.00000000000000000000 0.01325123591387742869
0.00000000000000000000 0.01327020502372642206
0.00000000000000000000 0.01328731095158996317
0.00000000000000000000 0.01332810106322855452
0.00000000000000000000 0.01333435451493452523
0.00000000000000000000 0.01338223223306294132
0.00000000000000000000 0.01345265211056581589
0.00000000000000000000 0.01349212440004394879
0.00000000000000000000 0.01359316744852582040
0.00000000000000000000 0.01362642499649091218
0.00000000000000000000 0.01371956129451279947
0.00000000000000000000 0.01380266680543104467
0.00000000000000000000 0.01380748488430067270
0.00000000000000000000 0.01392337499045269780
0.00000000000000000000 0.01396202875672372494
0.00000000000000000000 0.01397048536154627506
0.00000000000000000000 0.01402854312996133779
0.00000000000000000000 0.01409761244816903208
0.00000000000000000000 0.01416474250556027346
0.00000000000000000000 0.01416504530214277892
0.00000000000000000000 0.01429944767446050986
0.00000000000000000000 0.01431261301691296936
0.00000000000000000000 0.01432454736044391427
0.00000000000000000000 0.01434759960638180322
0.00000000000000000000 0.01444206672245570110
0.00000000000000000000 0.01445294671200387550
0.00000000000000000000 0.01449645968135947031
0.00000000000000000000 0.01456766717112795498
0.00000000000000000000 0.01457639757216750050
0.00000000000000000000 0.01464227674186762210
0.00000000000000000000 0.01472556494119103658
0.00000000000000000000 0.01484979736150333039
0.00000000000000000000 0.01490807128030085388
0.00000000000000000000 0.01494808586563996580
0.00000000000000000000 0.01495510166884645928
0.00000000000000000000 0.01497846690486494443
0.00000000000000000000 0.01501398037888820695
0.00000000000000000000 0.01502249483073805382
0.00000000000000000000 0.01508406944825165137
0.00000000000000000000 0.01517335072845970093
0.00000000000000000000 0.01525170566108320115
0.00000000000000000000 0.01530161412494324309
0.00000000000000000000 0.01532761288256274598
0.00000000000000000000 0.01539476202764116473
0.00000000000000000000 0.01544524402195212448
0.00000000000000000000 0.01548960069262712326
0.00000000000000000000 0.01555298467341879529
0.00000000000000000000 0.01557346538611209703
0.00000000000000000000 0.01575926215405020966
0.00000000000000000000 0.01578989967561036240
0.00000000000000000000 0.01580967725978489266
0.00000000000000000000 0.01583268583896470585
0.00000000000000000000 0.01585694420819953529
0.00000000000000000000 0.01586653855760242898
0.00000000000000000000 0.01588222230294686343
0.00000000000000000000 0.01588845350196111186
0.00000000000000000000 0.01589452766111476914
0.00000000000000000000 0.01593949477088964922
0.00000000000000000000 0.01616298907640712629
0.00000000000000000000 0.01617006958184084159
0.00000000000000000000 0.01626047053524583633
0.00000000000000000000 0.01627337719455085319
0.00000000000000000000 0.01630954669345502719
0.00000000000000000000 0.01632018278614498150
0.00000000000000000000 0.01636883059068038743
0.00000000000000000000 0.01643241933587497386
0.00000000000000000000 0.01643604353952134861
0.00000000000000000000 0.01645327882751333043
0.00000000000000000000 0.01653109889789202910
0.00000000000000000000 0.01664087750834141594
0.00000000000000000000 0.01664871421360736986
0.00000000000000000000 0.01665724956611507046
0.00000000000000000000 0.01668183217024973852
0.00000000000000000000 0.01672860660407698638
0.00000000000000000000 0.01675047821741612944
0.00000000000000000000 0.01677487097227690904
0.00000000000000000000 0.01680174318680456580
0.00000000000000000000 0.01683631448673212835
0.00000000000000000000 0.01686509216143007583
0.00000000000000000000 0.01686825440215219268
0.00000000000000000000 0.01699722700924847368
0.00000000000000000000 0.01709045470922557208
0.00000000000000000000 0.01713400325974123728
0.00000000000000000000 0.01713563358049730381
0.00000000000000000000 0.01726017221674716606
0.00000000000000000000 0.01730204520532421450
0.00000000000000000000 0.01733055257000696431
0.00000000000000000000 0.01734673951918170448
0.00000000000000000000 0.01735809804490463445
0.00000000000000000000 0.01736047382985862406
0.00000000000000000000 0.01737472899335079299
0.00000000000000000000 0.01738541596951129892
0.00000000000000000000 0.01741034469056482181
0.00000000000000000000 0.01741156628983226567
0.00000000000000000000 0.01743904003926159685
0.00000000000000000000 0.01746188620676562137
0.00000000000000000000 0.01750433918099147945
0.00000000000000000000 0.01758786009323686991
0.00000000000000000000 0.01759800013275557989
0.00000000000000000000 0.01761630222791647077
0.00000000000000000000 0.01774297088133358624
0.00000000000000000000 0.01775766743946229423
0.00000000000000000000 0.01776473555483809239
0.00000000000000000000 0.01782234591477551214
0.00000000000000000000 0.01783653108854438979
0.00000000000000000000 0.01783925819951558828
0.00000000000000000000 0.01787246474860476955
0.00000000000000000000 0.01794801829561374143
0.00000000000000000000 0.01796691402724989034
0.00000000000000000000 0.01796951303982683573
0.00000000000000000000 0.01798446492639802982
0.00000000000000000000 0.01802497646264872300
0.00000000000000000000 0.01807423205030285820
0.00000000000000000000 0.01808814285114119375
0.00000000000000000000 0.01811564672418049596
0.00000000000000000000 0.01812174234965152619
0.00000000000000000000 0.01815395668329115864
0.00000000000000000000 0.01832603368808278024
0.00000000000000000000 0.01835302031428794403
0.00000000000000000000 0.01847222449315187240
0.00000000000000000000 0.01849835721610939773
0.00000000000000000000 0.01854966650232900069
0.00000000000000000000 0.01859282388920960316
0.00000000000000000000 0.01863017927583631231
0.00000000000000000000 0.01863431959725015200
0.00000000000000000000 0.01863689160228913441
0.00000000000000000000 0.01864707117678232259
0.00000000000000000000 0.01866261302887096268
0.00000000000000000000 0.01868274175097501752
0.00000000000000000000 0.01868959795476840546
0.00000000000000000000 0.01870260802315793641
0.00000000000000000000 0.01876177627075268153
0.00000000000000000000 0.01889079470070254355
0.00000000000000000000 0.01889252547162704673
0.00000000000000000000 0.01890372111180029305
0.00000000000000000000 0.01897907593936156920
0.00000000000000000000 0.01899939509554401246
0.00000000000000000000 0.01902765659227221434
0.00000000000000000000 0.01902796868048903592
0.00000000000000000000 0.01904980921656116225
0.00000000000000000000 0.01918496874216858716
0.00000000000000000000 0.01936343742573026772
0.00000000000000000000 0.01951572154803772260
0.00000000000000000000 0.01953894687830695642
0.00000000000000000000 0.01957370620415760376
0.00000000000000000000 0.01965370037397500338
0.00000000000000000000 0.01968217064158510679
0.00000000000000000000 0.01971024852691219756
0.00000000000000000000 0.01975844405060228973
0.00000000000000000000 0.01980643881737055231
0.00000000000000000000 0.01986179728363246869
0.00000000000000000000 0.01986417481946334967
0.00000000000000000000 0.01992191311051606795
0.00000000000000000000 0.01994798800632424304
0.00000000000000000000 0.01995346383653871097
0.00000000000000000000 0.02013560628837052224
0.00000000000000000000 0.02017104850505699321
0.00000000000000000000 0.02019714180451479338
0.00000000000000000000 0.02023439846823062854
0.00000000000000000000 0.02026074444311589881
0.00000000000000000000 0.02026318658830162864
0.00000000000000000000 0.02026700326511308992
0.00000000000000000000 0.02030311706479330514
0.00000000000000000000 0.02030407603475450559
0.00000000000000000000 0.02031856832805074495
0.00000000000000000000 0.02032929821404327181
0.00000000000000000000 0.02039382884190616557
0.00000000000000000000 0.02055048363646299128
0.00000000000000000000 0.02059050340561711934
0.00000000000000000000 0.02063733214556769807
0.00000000000000000000 0.02065865233120144084
0.00000000000000000000 0.02068362686947387147
0.00000000000000000000 0.02076441005725635988
0.00000000000000000000 0.02084768804183454588
0.00000000000000000000 0.02086826397387861812
0.00000000000000000000 0.02107863965168595838
0.00000000000000000000 0.02108035412955511570
0.00000000000000000000 0.02116820617517922373
0.00000000000000000000 0.02126995457579352808
0.00000000000000000000 0.02131014575804321409
0.00000000000000000000 0.02142190300965687508
0.00000000000000000000 0.02154098398305984846
0.00000000000000000000 0.02155587995233723686
0.00000000000000000000 0.02155596453842538451
0.00000000000000000000 0.02156291476070786375
0.00000000000000000000 0.02165941997261989008
0.00000000000000000000 0.02166935120639062670
0.00000000000000000000 0.02169670349567027687
0.00000000000000000000 0.02172420832875055635
0.00000000000000000000 0.02174553392444699904
0.00000000000000000000 0.02179496045337852433
0.00000000000000000000 0.02190034701752908985
0.00000000000000000000 0.02193971008541860737
0.00000000000000000000 0.02207728034328724012
0.00000000000000000000 0.02211400348650504818
0.00000000000000000000 0.02214369756363258890
0.00000000000000000000 0.02217973933684525348
0.00000000000000000000 0.02221406697393432314
0.00000000000000000000 0.02223532615025518647
0.00000000000000000000 0.02224152754865314774
0.00000000000000000000 0.02239305321597874834
0.00000000000000000000 0.02241809390811190864
0.00000000000000000000 0.02245105333886913968
0.00000000000000000000 0.02250286283797093070
0.00000000000000000000 0.02254256904921810717
0.00000000000000000000 0.02258528859048169676
0.00000000000000000000 0.02279232765330923074
0.00000000000000000000 0.02284328167444029875
0.00000000000000000000 0.02288915002333091406
0.00000000000000000000 0.02290154161640206229
0.00000000000000000000 0.02293495147401441309
0.00000000000000000000 0.02298133808241568238
0.00000000000000000000 0.02302178823280873199
0.00000000000000000000 0.02308817333669454380
0.00000000000000000000 0.02310686162806287886
0.00000000000000000000 0.02315876263201228913
0.00000000000000000000 0.02319668721654625371
0.00000000000000000000 0.02331450704898637566
0.00000000000000000000 0.02338465513353998534
0.00000000000000000000 0.02342367138979745134
0.00000000000000000000 0.02343343282608557204
0.00000000000000000000 0.02348757182507160354
0.00000000000000000000 0.02359957134751178298
0.00000000000000000000 0.02365518038008213378
0.00000000000000000000 0.02366685671255105289
0.00000000000000000000 0.02370053147339555230
0.00000000000000000000 0.02370693158348313387
0.00000000000000000000 0.02370957224204118738
0.00000000000000000000 0.02374156108097527640
0.00000000000000000000 0.02376169466382246215
0.00000000000000000000 0.02387962323399683492
0.00000000000000000000 0.02388748503877412624
0.00000000000000000000 0.02389628264459362633
0.00000000000000000000 0.02400996811914824641
0.00000000000000000000 0.02402071202930793417
0.00000000000000000000 0.02403944198759500744
0.00000000000000000000 0.02405340538805290918
0.00000000000000000000 0.02413860707998519844
0.00000000000000000000 0.02413975184411567415
0.00000000000000000000 0.02415140619922549053
0.00000000000000000000 0.02417890883442536457
0.00000000000000000000 0.02420304447211700863
0.00000000000000000000 0.02423621666216132023
0.00000000000000000000 0.02431522599788669622
0.00000000000000000000 0.02449651072186589257
0.00000000000000000000 0.02450034458542880988
0.00000000000000000000 0.02459367003837222357
0.00000000000000000000 0.02478916288840837812
0.00000000000000000000 0.02487403290321696034
0.00000000000000000000 0.02499284823927898011
0.00000000000000000000 0.02502289022105649158
0.00000000000000000000 0.02507257926220491512
0.00000000000000000000 0.02521263303254903457
0.00000000000000000000 0.02523742864596013186
0.00000000000000000000 0.02528880232962895866
0.00000000000000000000 0.02530561390576859665
0.00000000000000000000 0.02531827959478231971
0.00000000000000000000 0.02539447656044270876
0.00000000000000000000 0.02543727571640239452
0.00000000000000000000 0.02544193533536610527
0.00000000000000000000 0.02575187039801436414
0.00000000000000000000 0.02582483291705492748
0.00000000000000000000 0.02584437463550407627
0.00000000000000000000 0.02596118375282201185
0.00000000000000000000 0.02600033302735191981
0.00000000000000000000 0.02604103545858387284
0.00000000000000000000 0.02630718455013051141
0.00000000000000000000 0.02633622031896749177
0.00000000000000000000 0.02643615987329048581
0.00000000000000000000 0.02651409286656434064
0.00000000000000000000 0.02651805876852037988
0.00000000000000000000 0.02652568807577633525
0.00000000000000000000 0.02654206359684852662
0.00000000000000000000 0.02666419134164980248
0.00000000000000000000 0.02682482953671598905
0.00000000000000000000 0.02685856619919905000
0.00000000000000000000 0.02697874711917983351
0.00000000000000000000 0.02710919419402215563
0.00000000000000000000 0.02715751758920123549
0.00000000000000000000 0.02718940829895652098
0.00000000000000000000 0.02727027479335592669
0.00000000000000000000 0.02736534400903150449
0.00000000000000000000 0.02748869130617069556
0.00000000000000000000 0.02790298026137556439
0.00000000000000000000 0.02792291344047821700
0.00000000000000000000 0.02807039156244231504
0.00000000000000000000 0.02807163794667019360
0.00000000000000000000 0.02823437739316046399
0.00000000000000000000 0.02830251608249736983
0.00000000000000000000 0.02838040557142613649
0.00000000000000000000 0.02851188516507372275
0.00000000000000000000 0.02851760122619990262
0.00000000000000000000 0.02855437770446730972
0.00000000000000000000 0.02866408944820523705
0.00000000000000000000 0.02874635671214315763
0.00000000000000000000 0.02877373454693891303
0.00000000000000000000 0.02878585229261653930
0.00000000000000000000 0.02896463320165605648
0.00000000000000000000 0.02911407789763455559
0.00000000000000000000 0.02915369751902776446
0.00000000000000000000 0.02924154962145450801
0.00000000000000000000 0.02929267289309790689
0.00000000000000000000 0.02951569285407674645
0.00000000000000000000 0.02964689584679197631
0.00000000000000000000 0.02970305112135208231
0.00000000000000000000 0.02971463902708535582
0.00000000000000000000 0.02998586457238235428
0.00000000000000000000 0.03038405513369488511
0.00000000000000000000 0.03040226125881389033
0.00000000000000000000 0.03047310958894052652
0.00000000000000000000 0.03060970860375235997
0.00000000000000000000 0.03080593331669145146
0.00000000000000000000 0.03093082585092218201
0.00000000000000000000 0.03094655760438934713
0.00000000000000000000 0.03107422696421379207
0.00000000000000000000 0.03112979310145604778
0.00000000000000000000 0.03148543097875886737
0.00000000000000000000 0.03180203776521790121
0.00000000000000000000 0.03181613114784595520
0.00000000000000000000 0.03190195636971998594
0.00000000000000000000 0.03193584099436425766
0.00000000000000000000 0.03197209942446604253
0.00000000000000000000 0.03209742384260344528
0.00000000000000000000 0.03211846677635084302
0.00000000000000000000 0.03216473335049537668
0.00000000000000000000 0.03234322734502356744
0.00000000000000000000 0.03234778557938332993
0.00000000000000000000 0.03235896462860516493
0.00000000000000000000 0.03244042007838508768
0.00000000000000000000 0.03244777497312945763
0.00000000000000000000 0.03264599584348144845
0.00000000000000000000 0.03269310400723692001
0.00000000000000000000 0.03277936593822650818
0.00000000000000000000 0.03284201478761752252
0.00000000000000000000 0.03287407421933697532
0.00000000000000000000 0.03289938415903218699
0.00000000000000000000 0.03300129081683422089
0.00000000000000000000 0.03303637917306398442
0.00000000000000000000 0.03339601561702234406
0.00000000000000000000 0.03347953677338562362
0.00000000000000000000 0.03411113718268653228
0.00000000000000000000 0.03522305904846764063
0.00000000000000000000 0.03631416697849245562
0.00000000000000000000 0.03635362949325644799
0.00000000000000000000 0.03656012212554104329
0.00000000000000000000 0.03662627255724479336
0.00000000000000000000 0.03685485733172121081
0.00000000000000000000 0.03692444603396284608
0.00000000000000000000 0.03716473127398012971
0.00000000000000000000 0.03723999457676370473
0.00000000000000000000 0.03725860996964597271
0.00000000000000000000 0.03788003445924912477
0.00000000000000000000 0.03797755466139369346
0.00000000000000000000 0.03811701306681657131
0.00000000000000000000 0.03813139104414915714
0.00000000000000000000 0.03816049895316759449
0.00000000000000000000 0.03836682602877349024
0.00000000000000000000 0.03878263770104464769
0.00000000000000000000 0.03996379255035450301
0.00000000000000000000 0.04019991899151036802
0.00000000000000000000 0.04031599378959008217
0.00000000000000000000 0.04034078137192081276
0.00000000000000000000 0.04063282143960276344
0.00000000000000000000 0.04126757792517475598
0.00000000000000000000 0.04142821842711468666
0.00000000000000000000 0.04143547651298469525
0.00000000000000000000 0.04155234021538781880
0.00000000000000000000 0.04199993499702006639
0.00000000000000000000 0.04200584435322850252
0.00000000000000000000 0.04224770859419039321
0.00000000000000000000 0.04427379529502861732
0.00000000000000000000 0.04499220967145461936
0.00000000000000000000 0.04507682633518562271
0.00000000000000000000 0.04537090630142939091
0.00000000000000000000 0.04548591392407294598
0.00000000000000000000 0.04586780527910561123
0.00000000000000000000 0.04591905838805943746
0.00000000000000000000 0.04620676100721547719
0.00000000000000000000 0.04685583068294806031
0.00000000000000000000 0.04752401856661266771
0.00000000000000000000 0.04789403874267747496
0.00000000000000000000 0.04865533392442013966
0.00000000000000000000 0.04871645891722516802
0.00000000000000000000 0.04896158138085402595
0.00000000000000000000 0.04981046228609661841
0.00000000000000000000 0.04982491725289744933
0.00000000000000000000 0.05072083562182337635
0.00000000000000000000 0.05124507183947933642
0.00000000000000000000 0.05229045629440191856
0.00000000000000000000 0.05401686214660916807
0.00000000000000000000 0.05586323766810932789
0.00000000000000000000 0.05785545044967891487
0.00000000000000000000 0.05895611128868843281
0.00000000000000000000 0.05962766493098965032
0.00000000000000000000 0.06006349229276802121
0.00000000000000000000 0.06062876884463174604
0.00000000000000000000 0.06171219935751286190
0.00000000000000000000 0.06297684034431048905
0.00000000000000000000 0.06383229974915123617
0.00000000000000000000 0.07270716960578894883
0.00000000000000000000 0.07826699413675150541
0.00000000000000000000 0.07909917768439234109
0.00000000000000000000 0.10618070178532401648
0.00000000000000000000 0.32939118459343086354
0.00000000000000000000 0.41962677775983148187
0.00000000000000000000 1.73205080756887719318
