0.00000000000000000000 0.00121675639901651258
0.00000000000000000000 0.00178943418789390585
0.00000000000000000000 0.00244286516245057189
0.00000000000000000000 0.00254631416590429208
0.00000000000000000000 0.00255722938445108582
0.00000000000000000000 0.00263589514780165554
0.00000000000000000000 0.00272009475570253500
0.00000000000000000000 0.00275205825731464479
0.00000000000000000000 0.00283452318263848445
0.00000000000000000000 0.00287317480448085047
0.00000000000000000000 0.00310726511592988993
0.00000000000000000000 0.00350853503220070317
0.00000000000000000000 0.00364676774831325856
0.00000000000000000000 0.00365501461518614275
0.00000000000000000000 0.00367952010548653740
0.00000000000000000000 0.00373401537456268277
0.00000000000000000000 0.00378395092507115413
0.00000000000000000000 0.00394677182838740204
0.00000000000000000000 0.00398636118628831713
0.00000000000000000000 0.00400809050595727669
0.00000000000000000000 0.00403948066319797551
0.00000000000000000000 0.00414104110247538043
0.00000000000000000000 0.00414518647982407406
0.00000000000000000000 0.00415106421128933964
0.00000000000000000000 0.00418118197761607833
0.00000000000000000000 0.00422626182888073167
0.00000000000000000000 0.00430955134479145668
0.00000000000000000000 0.00433005632431310902
0.00000000000000000000 0.00435446185712472147
0.00000000000000000000 0.00438383105623690265
0.00000000000000000000 0.00450039378239939017
0.00000000000000000000 0.00450141255929270307
0.00000000000000000000 0.00452668162522633886
0.00000000000000000000 0.00454025664399526109
0.00000000000000000000 0.00458749864602822632
0.00000000000000000000 0.00472651629591200155
0.00000000000000000000 0.00489108226194779130
0.00000000000000000000 0.00492585078655321043
0.00000000000000000000 0.00493575228284323132
0.00000000000000000000 0.00498424994406278764
0.00000000000000000000 0.00499686816792249949
0.00000000000000000000 0.00508342676831280947
0.00000000000000000000 0.00511360407773154939
0.00000000000000000000 0.00516847045024714305
0.00000000000000000000 0.00521274950519461707
0.00000000000000000000 0.00523168151089279179
0.00000000000000000000 0.00530882466998800276
0.00000000000000000000 0.00532354426961104913
0.00000000000000000000 0.00533076441074252939
0.00000000000000000000 0.00537493893518571283
0.00000000000000000000 0.00541440436721247510
0.00000000000000000000 0.00553131419342486365
0.00000000000000000000 0.00557691580921732336
0.00000000000000000000 0.00560807323507059047
0.00000000000000000000 0.00561870251319806103
0.00000000000000000000 0.00566942296168686331
0.00000000000000000000 0.00575765707221573969
0.00000000000000000000 0.00579182208515560421
0.00000000000000000000 0.00579385574598925961
0.00000000000000000000 0.00585375821951058563
0.00000000000000000000 0.00593347184555725448
0.00000000000000000000 0.00594251566411557047
0.00000000000000000000 0.00599395386657182883
0.00000000000000000000 0.00604067632023572686
0.00000000000000000000 0.00604160553342251733
0.00000000000000000000 0.00609903274075977719
0.00000000000000000000 0.00610558151472679733
0.00000000000000000000 0.00612065780262908282
0.00000000000000000000 0.00617623120910388342
0.00000000000000000000 0.00620824051149820779
0.00000000000000000000 0.00622037177711167420
0.00000000000000000000 0.00627522940782208622
0.00000000000000000000 0.00627565251354588426
0.00000000000000000000 0.00632950788088125493
0.00000000000000000000 0.00637028750040798380
0.00000000000000000000 0.00637941149518087783
0.00000000000000000000 0.00640215450657777470
0.00000000000000000000 0.00640800074811475814
0.00000000000000000000 0.00644281558169228566
0.00000000000000000000 0.00645025113156053737
0.00000000000000000000 0.00651119673837110072
0.00000000000000000000 0.00651234714808516038
0.00000000000000000000 0.00654678327828921332
0.00000000000000000000 0.00658313338138335515
0.00000000000000000000 0.00659093523795340787
0.00000000000000000000 0.00664270606616786715
0.00000000000000000000 0.00666899438828524697
0.00000000000000000000 0.00669571145094230175
0.00000000000000000000 0.00678857752174839239
0.00000000000000000000 0.00679875707056493053
0.00000000000000000000 0.00684291500152523890
0.00000000000000000000 0.00684294992360609099
0.00000000000000000000 0.00689244133429724008
0.00000000000000000000 0.00692529480721441881
0.00000000000000000000 0.00692628999091313060
0.00000000000000000000 0.00692668936146402167
0.00000000000000000000 0.00694633687965438059
0.00000000000000000000 0.00695650608952551146
0.00000000000000000000 0.00696119265533416947
0.00000000000000000000 0.00704766631318628958
0.00000000000000000000 0.00705568730798952163
0.00000000000000000000 0.00706379572500665832
0.00000000000000000000 0.00706664715294229480
0.00000000000000000000 0.00712115190043249250
0.00000000000000000000 0.00714264261172627406
0.00000000000000000000 0.00722585772829997114
0.00000000000000000000 0.00722998041474395749
0.00000000000000000000 0.00736887069197779843
0.00000000000000000000 0.00739379832014735051
0.00000000000000000000 0.00739513526890550783
0.00000000000000000000 0.00740180320701676418
0.00000000000000000000 0.00741663766992703335
0.00000000000000000000 0.00742758160485942984
0.00000000000000000000 0.00749137968232698945
0.00000000000000000000 0.00750967944377309640
0.00000000000000000000 0.00757725086869610875
0.00000000000000000000 0.00762023551266280842
0.00000000000000000000 0.00763449003352837611
0.00000000000000000000 0.00766684947936351838
0.00000000000000000000 0.00772943519627606983
0.00000000000000000000 0.00777690081249707201
0.00000000000000000000 0.00778645213284495565
0.00000000000000000000 0.00779180089558250289
0.00000000000000000000 0.00785089261074183205
0.00000000000000000000 0.00785659784614786867
0.00000000000000000000 0.00786077088285660683
0.00000000000000000000 0.00788773678631922090
0.00000000000000000000 0.00789934295109434061
0.00000000000000000000 0.00794178704360997377
0.00000000000000000000 0.00796939594346702737
0.00000000000000000000 0.00797061556104858987
0.00000000000000000000 0.00803407398000944434
0.00000000000000000000 0.00807221855086285960
0.00000000000000000000 0.00808434656145990208
0.00000000000000000000 0.00814756458469068773
0.00000000000000000000 0.00819304956289862614
0.00000000000000000000 0.00823814536285485954
0.00000000000000000000 0.00825667687330086143
0.00000000000000000000 0.00830752838945103891
0.00000000000000000000 0.00833612300596717724
0.00000000000000000000 0.00834312940869334253
0.00000000000000000000 0.00840937816849851236
0.00000000000000000000 0.00841096514483001025
0.00000000000000000000 0.00845966052427786323
0.00000000000000000000 0.00846351543107996991
0.00000000000000000000 0.00846808005781329344
0.00000000000000000000 0.00849328269309148828
0.00000000000000000000 0.00849791967216836572
0.00000000000000000000 0.00852033906970053184
0.00000000000000000000 0.00852988338427194265
0.00000000000000000000 0.00853688790713177416
0.00000000000000000000 0.00855079837705895185
0.00000000000000000000 0.00856942499061820288
0.00000000000000000000 0.00859080266056200421
0.00000000000000000000 0.00860000546559143604
0.00000000000000000000 0.00863801586206649173
0.00000000000000000000 0.00866536749897120484
0.00000000000000000000 0.00866796388438977571
0.00000000000000000000 0.00871631454233510149
0.00000000000000000000 0.00878043753237768218
0.00000000000000000000 0.00884515025874074712
0.00000000000000000000 0.00889077600775309805
0.00000000000000000000 0.00893366952245465591
0.00000000000000000000 0.00893779558800909812
0.00000000000000000000 0.00894852931284408418
0.00000000000000000000 0.00895477494110115749
0.00000000000000000000 0.00896408730002756955
0.00000000000000000000 0.00899693685225313317
0.00000000000000000000 0.00900638393248986285
0.00000000000000000000 0.00903140496149618978
0.00000000000000000000 0.00904451137321925398
0.00000000000000000000 0.00904479599686920828
0.00000000000000000000 0.00905634313350523953
0.00000000000000000000 0.00905887964920392731
0.00000000000000000000 0.00909690836984402250
0.00000000000000000000 0.00925199042362320062
0.00000000000000000000 0.00928768566466422682
0.00000000000000000000 0.00931538518430493137
0.00000000000000000000 0.00932839538464010597
0.00000000000000000000 0.00940600835824548231
0.00000000000000000000 0.00942038845564561675
0.00000000000000000000 0.00958298346169418787
0.00000000000000000000 0.00959325917986508445
0.00000000000000000000 0.00966031337520361494
0.00000000000000000000 0.00967222225169310328
0.00000000000000000000 0.00967695247885094756
0.00000000000000000000 0.00971143224248425738
0.00000000000000000000 0.00972092518717962949
0.00000000000000000000 0.00973976142643727394
0.00000000000000000000 0.00976278770079681835
0.00000000000000000000 0.00979337562917985752
0.00000000000000000000 0.00981643476882169096
0.00000000000000000000 0.00982523408711281736
0.00000000000000000000 0.00985487917382856134
0.00000000000000000000 0.00986615090214783101
0.00000000000000000000 0.00987151205034528592
0.00000000000000000000 0.00988141277230656159
0.00000000000000000000 0.00988613744263939533
0.00000000000000000000 0.00994365059264071954
0.00000000000000000000 0.01000073577127081476
0.00000000000000000000 0.01006588688685076428
0.00000000000000000000 0.01006663558593900998
0.00000000000000000000 0.01006802474749931772
0.00000000000000000000 0.01007491335659829387
0.00000000000000000000 0.01010485229417135145
0.00000000000000000000 0.01011775676551014518
0.00000000000000000000 0.01012380231364757265
0.00000000000000000000 0.01013030002076955628
0.00000000000000000000 0.01019113717063314592
0.00000000000000000000 0.01020327627758702005
0.00000000000000000000 0.01022491910239636120
0.00000000000000000000 0.01023067461602508200
0.00000000000000000000 0.01023915173596541550
0.00000000000000000000 0.01028143742424046138
0.00000000000000000000 0.01033836286075094646
0.00000000000000000000 0.01034117472693311598
0.00000000000000000000 0.01035581866101077837
0.00000000000000000000 0.01048462458418171483
0.00000000000000000000 0.01051044718060047990
0.00000000000000000000 0.01051786376270175995
0.00000000000000000000 0.01052023097863255194
0.00000000000000000000 0.01052401690544931163
0.00000000000000000000 0.01057108423206075398
0.00000000000000000000 0.01061680461014062951
0.00000000000000000000 0.01063819258058039743
0.00000000000000000000 0.01068280331581140941
0.00000000000000000000 0.01068743991228728735
0.00000000000000000000 0.01072628983380407436
0.00000000000000000000 0.01073387978314161231
0.00000000000000000000 0.01073923705109373038
0.00000000000000000000 0.01075269596725076347
0.00000000000000000000 0.01079267612189130018
0.00000000000000000000 0.01079288800875070724
0.00000000000000000000 0.01081348202854551070
0.00000000000000000000 0.01085313946049308240
0.00000000000000000000 0.01093354503892110009
0.00000000000000000000 0.01093555591079573008
0.00000000000000000000 0.01106836623117862968
0.00000000000000000000 0.01107786927586519067
0.00000000000000000000 0.01112222120444695921
0.00000000000000000000 0.01113923069147942577
0.00000000000000000000 0.01121013517062147483
0.00000000000000000000 0.01127497875145180677
0.00000000000000000000 0.01127985725419151063
0.00000000000000000000 0.01133799770571570185
0.00000000000000000000 0.01135737643066749361
0.00000000000000000000 0.01137523035434929476
0.00000000000000000000 0.01137661874201743167
0.00000000000000000000 0.01143295149326280583
0.00000000000000000000 0.01144118920713523523
0.00000000000000000000 0.01151389204271705512
0.00000000000000000000 0.01151690988678270335
0.00000000000000000000 0.01165835496143995641
0.00000000000000000000 0.01168849571500614470
0.00000000000000000000 0.01170411470780532461
0.00000000000000000000 0.01174383481288915690
0.00000000000000000000 0.01175950484134309984
0.00000000000000000000 0.01182887944435785654
0.00000000000000000000 0.01185693572479237963
0.00000000000000000000 0.01196539867686572181
0.00000000000000000000 0.01200292974207760842
0.00000000000000000000 0.01202852471589202846
0.00000000000000000000 0.01208857551458666565
0.00000000000000000000 0.01209596124184578181
0.00000000000000000000 0.01211749191449732095
0.00000000000000000000 0.01216043817010435506
0.00000000000000000000 0.01217278849222239515
0.00000000000000000000 0.01217677826066956501
0.00000000000000000000 0.01225184536328864301
0.00000000000000000000 0.01230008547482755454
0.00000000000000000000 0.01231732615888472306
0.00000000000000000000 0.01233605079695005227
0.00000000000000000000 0.01238602571790403846
0.00000000000000000000 0.01239550178769996402
0.00000000000000000000 0.01242567220774065499
0.00000000000000000000 0.01243126128261327033
0.00000000000000000000 0.01246902313957134502
0.00000000000000000000 0.01247937487201757414
0.00000000000000000000 0.01250201909807911044
0.00000000000000000000 0.01250596675917522993
0.00000000000000000000 0.01250701729145669953
0.00000000000000000000 0.01259801567196833054
0.00000000000000000000 0.01260062400475695996
0.00000000000000000000 0.01263214966360517479
0.00000000000000000000 0.01268107225932261529
0.00000000000000000000 0.01272897528966090638
0.00000000000000000000 0.01274847273002673032
0.00000000000000000000 0.01275570772250067368
0.00000000000000000000 0.01277279963948935691
0.00000000000000000000 0.01279311961516063113
0.00000000000000000000 0.01279454324594826373
0.00000000000000000000 0.01283736112005037615
0.00000000000000000000 0.01283853348268130384
0.00000000000000000000 0.01287561021658997079
0.00000000000000000000 0.01294229808531310519
0.00000000000000000000 0.01311106535696817364
0.00000000000000000000 0.01311437031100220509
0.00000000000000000000 0.01312266595301064299
0.00000000000000000000 0.01315330123487193185
0.00000000000000000000 0.01324154422792499231
0.00000000000000000000 0.01326171119601049844
0.00000000000000000000 0.01327165409421315195
0.00000000000000000000 0.01330694498571980550
0.00000000000000000000 0.01333582504188106539
0.00000000000000000000 0.01334086942409304193
0.00000000000000000000 0.01344287163118798763
0.00000000000000000000 0.01344736765178412667
0.00000000000000000000 0.01345149713056190653
0.00000000000000000000 0.01347120427356938294
0.00000000000000000000 0.01358659301253733326
0.00000000000000000000 0.01365826012064087942
0.00000000000000000000 0.01368237402740804694
0.00000000000000000000 0.01372374267833613784
0.00000000000000000000 0.01395421044144851651
0.00000000000000000000 0.01408982793466428095
0.00000000000000000000 0.01410251368750580978
0.00000000000000000000 0.01421715779052417153
0.00000000000000000000 0.01426219902273300442
0.00000000000000000000 0.01426674754005074000
0.00000000000000000000 0.01428965120732968164
0.00000000000000000000 0.01429044452623310334
0.00000000000000000000 0.01430917477886124722
0.00000000000000000000 0.01431435478863870431
0.00000000000000000000 0.01436739766159279841
0.00000000000000000000 0.01437332610207639992
0.00000000000000000000 0.01438567563172614763
0.00000000000000000000 0.01439766453738866407
0.00000000000000000000 0.01442698487379980195
0.00000000000000000000 0.01444996220184006225
0.00000000000000000000 0.01447929046520217422
0.00000000000000000000 0.01457350076227173843
0.00000000000000000000 0.01463950215886420173
0.00000000000000000000 0.01467672448718418919
0.00000000000000000000 0.01470381270844902180
0.00000000000000000000 0.01470599590781390340
0.00000000000000000000 0.01478418057567853702
0.00000000000000000000 0.01482089377945323624
0.00000000000000000000 0.01482996999089728971
0.00000000000000000000 0.01490949459104574243
0.00000000000000000000 0.01499317176456221347
0.00000000000000000000 0.01505334049271879818
0.00000000000000000000 0.01529279948533250784
0.00000000000000000000 0.01532757463237270634
0.00000000000000000000 0.01533590803396045997
0.00000000000000000000 0.01536795010268355438
0.00000000000000000000 0.01546971557789731180
0.00000000000000000000 0.01552158751353418555
0.00000000000000000000 0.01553296466286253549
0.00000000000000000000 0.01561793735286520247
0.00000000000000000000 0.01564275097398093103
0.00000000000000000000 0.01566586741330469601
0.00000000000000000000 0.01584313554790266199
0.00000000000000000000 0.01598283465466461203
0.00000000000000000000 0.01602497577533354423
0.00000000000000000000 0.01604292262935399713
0.00000000000000000000 0.01606419496844484207
0.00000000000000000000 0.01614043699561113973
0.00000000000000000000 0.01614492923741443764
0.00000000000000000000 0.01616556952830835656
0.00000000000000000000 0.01621501891199369355
0.00000000000000000000 0.01631310564313902950
0.00000000000000000000 0.01645385902080865118
0.00000000000000000000 0.01647915714802875020
0.00000000000000000000 0.01678901273309349809
0.00000000000000000000 0.01679479008133641718
0.00000000000000000000 0.01679858982561266423
0.00000000000000000000 0.01680972144774545499
0.00000000000000000000 0.01686255857869916469
0.00000000000000000000 0.01692923587550139788
0.00000000000000000000 0.01693155029313885354
0.00000000000000000000 0.01697158327375070108
0.00000000000000000000 0.01700473707708710647
0.00000000000000000000 0.01701765190660662133
0.00000000000000000000 0.01702279850917673767
0.00000000000000000000 0.01705149402150557547
0.00000000000000000000 0.01708510950648568436
0.00000000000000000000 0.01710501678903106684
0.00000000000000000000 0.01712552772039578272
0.00000000000000000000 0.01724176555471692435
0.00000000000000000000 0.01736335691392631303
0.00000000000000000000 0.01743889800486954009
0.00000000000000000000 0.01750993620997129407
0.00000000000000000000 0.01758941445774078044
0.00000000000000000000 0.01770568175127791230
0.00000000000000000000 0.01773705899742624922
0.00000000000000000000 0.01778113798072402524
0.00000000000000000000 0.01785531784610273204
0.00000000000000000000 0.01785697367917189055
0.00000000000000000000 0.01806837738047798944
0.00000000000000000000 0.01824395921268208431
0.00000000000000000000 0.01830575494927343116
0.00000000000000000000 0.01838793653828096897
0.00000000000000000000 0.01838951261523480776
0.00000000000000000000 0.01846341951496135655
0.00000000000000000000 0.01846665726926508336
0.00000000000000000000 0.01849756198954822725
0.00000000000000000000 0.01850906471330589220
0.00000000000000000000 0.01854330876911641779
0.00000000000000000000 0.01859396777404408521
0.00000000000000000000 0.01859945090526404429
0.00000000000000000000 0.01893340255912947384
0.00000000000000000000 0.01893681392350703152
0.00000000000000000000 0.01895466596563816566
0.00000000000000000000 0.01904266094602573636
0.00000000000000000000 0.01914179691686223109
0.00000000000000000000 0.01925396651175293253
0.00000000000000000000 0.01937507888920334334
0.00000000000000000000 0.01938688393475936772
0.00000000000000000000 0.01951325750161872138
0.00000000000000000000 0.01957139803751119927
0.00000000000000000000 0.01958682155797591626
0.00000000000000000000 0.01961304265453083298
0.00000000000000000000 0.01961441792809105050
0.00000000000000000000 0.01972369599652058422
0.00000000000000000000 0.01973954961124552501
0.00000000000000000000 0.01976887004570382356
0.00000000000000000000 0.01995944190783162028
0.00000000000000000000 0.02000608427769516237
0.00000000000000000000 0.02002854950111798010
0.00000000000000000000 0.02018945405401390350
0.00000000000000000000 0.02040342870573923217
0.00000000000000000000 0.02064615791692816366
0.00000000000000000000 0.02075909408562961328
0.00000000000000000000 0.02081438794476543272
0.00000000000000000000 0.02087612874147135034
0.00000000000000000000 0.02093033239072315463
0.00000000000000000000 0.02093551149450845889
0.00000000000000000000 0.02093589913803905675
0.00000000000000000000 0.02097559213405942799
0.00000000000000000000 0.02098194887443688775
0.00000000000000000000 0.02106176974200075352
0.00000000000000000000 0.02128936912569004414
0.00000000000000000000 0.02144509672244731061
0.00000000000000000000 0.02145135841313669869
0.00000000000000000000 0.02150863216821060839
0.00000000000000000000 0.02155465698133005731
0.00000000000000000000 0.02158700642368690734
0.00000000000000000000 0.02168465067354936188
0.00000000000000000000 0.02184501648240565544
0.00000000000000000000 0.02204613951393153901
0.00000000000000000000 0.02208028694159415092
0.00000000000000000000 0.02216745377159601293
0.00000000000000000000 0.02220112395276075887
0.00000000000000000000 0.02221695410799517933
0.00000000000000000000 0.02224689062896717182
0.00000000000000000000 0.02240948004031753302
0.00000000000000000000 0.02262196253221234604
0.00000000000000000000 0.02272141275965650770
0.00000000000000000000 0.02287476823114155053
0.00000000000000000000 0.02368224584940839539
0.00000000000000000000 0.02391742613432107020
0.00000000000000000000 0.02399136328216113986
0.00000000000000000000 0.02416526937284833518
0.00000000000000000000 0.02416697740665768590
0.00000000000000000000 0.02448655867438135486
0.00000000000000000000 0.02462017891232475345
0.00000000000000000000 0.02491252598543495719
0.00000000000000000000 0.02506211341210219309
0.00000000000000000000 0.02510596670505306841
0.00000000000000000000 0.02537184415397356063
0.00000000000000000000 0.02553361040500514226
0.00000000000000000000 0.02569704527348733517
0.00000000000000000000 0.02587935941042730434
0.00000000000000000000 0.02592014537289459575
0.00000000000000000000 0.02597275873733505963
0.00000000000000000000 0.02637990533506249374
0.00000000000000000000 0.02650883167176669095
0.00000000000000000000 0.02709584009805362376
0.00000000000000000000 0.02716209864180091013
0.00000000000000000000 0.02731051350480660084
0.00000000000000000000 0.02761056297794858838
0.00000000000000000000 0.02782660180527166821
0.00000000000000000000 0.02810964778018541430
0.00000000000000000000 0.02883296100847423937
0.00000000000000000000 0.02909985543686170392
0.00000000000000000000 0.02922823181300415046
0.00000000000000000000 0.02950932292685467390
0.00000000000000000000 0.02976067576328289208
0.00000000000000000000 0.02991936254754648875
0.00000000000000000000 0.03056653242933238604
0.00000000000000000000 0.03086212362284297683
0.00000000000000000000 0.03111158805257261198
0.00000000000000000000 0.03112797861209861197
0.00000000000000000000 0.03294682440683980446
0.00000000000000000000 0.03374763542770956026
0.00000000000000000000 0.03424137640132466492
0.00000000000000000000 0.03857096160173444088
0.00000000000000000000 0.03882000070338832015
0.00000000000000000000 0.03964859579233059178
0.00000000000000000000 0.04058065396302322492
0.00000000000000000000 0.04302672242821919957
0.00000000000000000000 0.04336315270499884605
0.00000000000000000000 0.05195474249754451768
0.00000000000000000000 0.05436629907250113691
0.00000000000000000000 0.09740228610482999649
0.00000000000000000000 0.10036755123133678236
0.00000000000000000000 0.14290264062789131971
0.00000000000000000000 0.52987999757401993417
0.00000000000000000000 0.60375244124422045022
0.00000000000000000000 1.73205080756887719318
