0.00000000000000000000 0.00335698241904249135
0.00000000000000000000 0.00341039919027652082
0.00000000000000000000 0.00370911995746462959
0.00000000000000000000 0.00472020786792925768
0.00000000000000000000 0.00480685485030012474
0.00000000000000000000 0.00490397552061745245
0.00000000000000000000 0.00492795139107793639
0.00000000000000000000 0.00501317157871320352
0.00000000000000000000 0.00501702955372395482
0.00000000000000000000 0.00508954827862556115
0.00000000000000000000 0.00518558250576315466
0.00000000000000000000 0.00578873871147274170
0.00000000000000000000 0.00587539284928197125
0.00000000000000000000 0.00620748125974510557
0.00000000000000000000 0.00665242471760030436
0.00000000000000000000 0.00675374650206368460
0.00000000000000000000 0.00702013955363849172
0.00000000000000000000 0.00745696015545888914
0.00000000000000000000 0.00747396196470729787
0.00000000000000000000 0.00749410236261080932
0.00000000000000000000 0.00789860858454835731
0.00000000000000000000 0.00794803443788800502
0.00000000000000000000 0.00799041690972070694
0.00000000000000000000 0.00813488968241601711
0.00000000000000000000 0.00824367801112229834
0.00000000000000000000 0.00825950972667819673
0.00000000000000000000 0.00866785328048446171
0.00000000000000000000 0.00870716411126622875
0.00000000000000000000 0.00871166165578708337
0.00000000000000000000 0.00872642016479142218
0.00000000000000000000 0.00875957495224325214
0.00000000000000000000 0.00886902758205420673
0.00000000000000000000 0.00894938127323835313
0.00000000000000000000 0.00894958546628737278
0.00000000000000000000 0.00909574048787614199
0.00000000000000000000 0.00923891079814956849
0.00000000000000000000 0.00937957837907750676
0.00000000000000000000 0.00939218169991450948
0.00000000000000000000 0.00947921088919505099
0.00000000000000000000 0.00957144763963228666
0.00000000000000000000 0.00991950793904651691
0.00000000000000000000 0.01004879727573525748
0.00000000000000000000 0.01010963962539933834
0.00000000000000000000 0.01014852748905057007
0.00000000000000000000 0.01021808893071942184
0.00000000000000000000 0.01029582718834588795
0.00000000000000000000 0.01038134248412239495
0.00000000000000000000 0.01042792961794093351
0.00000000000000000000 0.01046318226481804566
0.00000000000000000000 0.01049103729175286139
0.00000000000000000000 0.01062186280321182098
0.00000000000000000000 0.01065249896864108384
0.00000000000000000000 0.01069857297998688499
0.00000000000000000000 0.01075683952741232803
0.00000000000000000000 0.01078739126845207515
0.00000000000000000000 0.01080185892008688961
0.00000000000000000000 0.01082466672246457616
0.00000000000000000000 0.01082822736952869513
0.00000000000000000000 0.01090698218898969625
0.00000000000000000000 0.01091798783750546134
0.00000000000000000000 0.01097454202346648082
0.00000000000000000000 0.01107131919412279210
0.00000000000000000000 0.01109864459699159804
0.00000000000000000000 0.01122470338079789229
0.00000000000000000000 0.01132733403521984407
0.00000000000000000000 0.01133476637718328940
0.00000000000000000000 0.01137897783893541438
0.00000000000000000000 0.01146179243389292175
0.00000000000000000000 0.01147920327677552470
0.00000000000000000000 0.01149931727573937079
0.00000000000000000000 0.01151113636130429198
0.00000000000000000000 0.01153364269196556317
0.00000000000000000000 0.01154559490512551551
0.00000000000000000000 0.01166909687729785795
0.00000000000000000000 0.01173170435280537945
0.00000000000000000000 0.01178679936159533759
0.00000000000000000000 0.01179187486550942708
0.00000000000000000000 0.01192813881407589656
0.00000000000000000000 0.01217973860658833236
0.00000000000000000000 0.01220076863532322704
0.00000000000000000000 0.01230112217343766641
0.00000000000000000000 0.01244993279961540029
0.00000000000000000000 0.01259466183457399156
0.00000000000000000000 0.01269201248603022379
0.00000000000000000000 0.01270660217505093295
0.00000000000000000000 0.01276059579519295793
0.00000000000000000000 0.01279300029455135261
0.00000000000000000000 0.01279708896968782122
0.00000000000000000000 0.01280580978142405527
0.00000000000000000000 0.01289297483880068318
0.00000000000000000000 0.01301432550214219608
0.00000000000000000000 0.01302201811065644733
0.00000000000000000000 0.01303528967229425697
0.00000000000000000000 0.01304371479694922328
0.00000000000000000000 0.01328920861168313323
0.00000000000000000000 0.01330045330479241034
0.00000000000000000000 0.01336363639569155930
0.00000000000000000000 0.01336971824736601401
0.00000000000000000000 0.01343021327785157495
0.00000000000000000000 0.01344944521616235969
0.00000000000000000000 0.01358589831877856334
0.00000000000000000000 0.01371074288192634938
0.00000000000000000000 0.01390983488389509887
0.00000000000000000000 0.01401699688472482323
0.00000000000000000000 0.01404447764938831535
0.00000000000000000000 0.01410666702064579218
0.00000000000000000000 0.01414224065536933382
0.00000000000000000000 0.01414535684566739331
0.00000000000000000000 0.01414717636740229177
0.00000000000000000000 0.01418999400356010104
0.00000000000000000000 0.01422698301017655612
0.00000000000000000000 0.01425822221809937632
0.00000000000000000000 0.01458245712934546842
0.00000000000000000000 0.01461031813705577533
0.00000000000000000000 0.01465297473705749406
0.00000000000000000000 0.01473975609380046362
0.00000000000000000000 0.01478326159912960597
0.00000000000000000000 0.01485101637570234411
0.00000000000000000000 0.01485769739952126633
0.00000000000000000000 0.01492337823065260916
0.00000000000000000000 0.01493820982831835058
0.00000000000000000000 0.01501222490981428404
0.00000000000000000000 0.01504667348814468959
0.00000000000000000000 0.01525402679001039950
0.00000000000000000000 0.01527262837654212377
0.00000000000000000000 0.01531766564740372032
0.00000000000000000000 0.01532593692518781012
0.00000000000000000000 0.01550395962803460814
0.00000000000000000000 0.01551990073418125365
0.00000000000000000000 0.01560185381531442421
0.00000000000000000000 0.01562390872952282121
0.00000000000000000000 0.01565821427089055667
0.00000000000000000000 0.01572420809337778461
0.00000000000000000000 0.01576025982237918774
0.00000000000000000000 0.01578981349630829631
0.00000000000000000000 0.01582932942232347096
0.00000000000000000000 0.01600445886224084388
0.00000000000000000000 0.01608252621877587218
0.00000000000000000000 0.01609759002298084482
0.00000000000000000000 0.01642681154851186390
0.00000000000000000000 0.01643284116954540561
0.00000000000000000000 0.01643723459190690392
0.00000000000000000000 0.01644636844546028959
0.00000000000000000000 0.01647306393001483210
0.00000000000000000000 0.01649711603153601255
0.00000000000000000000 0.01649786135785073424
0.00000000000000000000 0.01653233800557473224
0.00000000000000000000 0.01659172958412112250
0.00000000000000000000 0.01677800416067813313
0.00000000000000000000 0.01679157854065528588
0.00000000000000000000 0.01680928093346206048
0.00000000000000000000 0.01682148385113004657
0.00000000000000000000 0.01696738412044209582
0.00000000000000000000 0.01699223499608968485
0.00000000000000000000 0.01700934150659217867
0.00000000000000000000 0.01709611242399452016
0.00000000000000000000 0.01711417954005453948
0.00000000000000000000 0.01712744438923719664
0.00000000000000000000 0.01719147525249252809
0.00000000000000000000 0.01728624730865169906
0.00000000000000000000 0.01734683568721631652
0.00000000000000000000 0.01742624000367420933
0.00000000000000000000 0.01744036740576411157
0.00000000000000000000 0.01753081469246395643
0.00000000000000000000 0.01754592914607818258
0.00000000000000000000 0.01762411649604514116
0.00000000000000000000 0.01769333446287405312
0.00000000000000000000 0.01781388405051161083
0.00000000000000000000 0.01781718083766785365
0.00000000000000000000 0.01782754417483166029
0.00000000000000000000 0.01784455122750728054
0.00000000000000000000 0.01802455456914237725
0.00000000000000000000 0.01804404540872619686
0.00000000000000000000 0.01809718285441196464
0.00000000000000000000 0.01819176976215078692
0.00000000000000000000 0.01821993672759510130
0.00000000000000000000 0.01827133343218260986
0.00000000000000000000 0.01827699414753998844
0.00000000000000000000 0.01828036757114095967
0.00000000000000000000 0.01828288293987601759
0.00000000000000000000 0.01828367280958687405
0.00000000000000000000 0.01833342320274978718
0.00000000000000000000 0.01846854465514942423
0.00000000000000000000 0.01847793986540635300
0.00000000000000000000 0.01863253089838222062
0.00000000000000000000 0.01864747865556425424
0.00000000000000000000 0.01868116733574490262
0.00000000000000000000 0.01869556575174664143
0.00000000000000000000 0.01875203270001556122
0.00000000000000000000 0.01881303634284475779
0.00000000000000000000 0.01883393276581589101
0.00000000000000000000 0.01889547794267242009
0.00000000000000000000 0.01894074187495378356
0.00000000000000000000 0.01896315145011491857
0.00000000000000000000 0.01898308879994622250
0.00000000000000000000 0.01898932019516031203
0.00000000000000000000 0.01899704491872791778
0.00000000000000000000 0.01906480906538042877
0.00000000000000000000 0.01911708929434729337
0.00000000000000000000 0.01921301123810947170
0.00000000000000000000 0.01929257006045342546
0.00000000000000000000 0.01929965571358872520
0.00000000000000000000 0.01931597397666923177
0.00000000000000000000 0.01940304843307137303
0.00000000000000000000 0.01941465476813052093
0.00000000000000000000 0.01949160224674918382
0.00000000000000000000 0.01961421546443833583
0.00000000000000000000 0.01963795315264742214
0.00000000000000000000 0.01965651539866454522
0.00000000000000000000 0.01968935823216172096
0.00000000000000000000 0.01970031147104348013
0.00000000000000000000 0.01970775208053963945
0.00000000000000000000 0.01972289011856198648
0.00000000000000000000 0.01972696205656658541
0.00000000000000000000 0.01972821849962629395
0.00000000000000000000 0.01975713338773507632
0.00000000000000000000 0.01980280089025777263
0.00000000000000000000 0.01984832101117645076
0.00000000000000000000 0.01987867970372456800
0.00000000000000000000 0.01997645289859045423
0.00000000000000000000 0.01999868596502057602
0.00000000000000000000 0.02001182569066699973
0.00000000000000000000 0.02002204530851979178
0.00000000000000000000 0.02003563279178097525
0.00000000000000000000 0.02007489901628021350
0.00000000000000000000 0.02010520465573985283
0.00000000000000000000 0.02011274296796855543
0.00000000000000000000 0.02011563408356698696
0.00000000000000000000 0.02015649086562722528
0.00000000000000000000 0.02016371462444500537
0.00000000000000000000 0.02029438119854066677
0.00000000000000000000 0.02029595323553081213
0.00000000000000000000 0.02034102712780041372
0.00000000000000000000 0.02035249428209777098
0.00000000000000000000 0.02049292261441570603
0.00000000000000000000 0.02052722292190056405
0.00000000000000000000 0.02053636673126435150
0.00000000000000000000 0.02054311114423295476
0.00000000000000000000 0.02060024866276247146
0.00000000000000000000 0.02060823860527304791
0.00000000000000000000 0.02066427173443858081
0.00000000000000000000 0.02070816989076735767
0.00000000000000000000 0.02075084397914976619
0.00000000000000000000 0.02075183759385385712
0.00000000000000000000 0.02076858640726118171
0.00000000000000000000 0.02086674508817427248
0.00000000000000000000 0.02091249202044951142
0.00000000000000000000 0.02092620480729742716
0.00000000000000000000 0.02092715365109396389
0.00000000000000000000 0.02094517049071946760
0.00000000000000000000 0.02097036360644352962
0.00000000000000000000 0.02102415732018080366
0.00000000000000000000 0.02103530105130345731
0.00000000000000000000 0.02106855222330415028
0.00000000000000000000 0.02127728865502059516
0.00000000000000000000 0.02128020642894186756
0.00000000000000000000 0.02134487487233109257
0.00000000000000000000 0.02134964113247829823
0.00000000000000000000 0.02135175602513081361
0.00000000000000000000 0.02135482865139753245
0.00000000000000000000 0.02161619117567606732
0.00000000000000000000 0.02165731931139702401
0.00000000000000000000 0.02170027108273325442
0.00000000000000000000 0.02186104242301549136
0.00000000000000000000 0.02195188657959822737
0.00000000000000000000 0.02204916070174546203
0.00000000000000000000 0.02205288881117250036
0.00000000000000000000 0.02212059587532186344
0.00000000000000000000 0.02214461194309252229
0.00000000000000000000 0.02220034462759164565
0.00000000000000000000 0.02223640084341304765
0.00000000000000000000 0.02234979299877577763
0.00000000000000000000 0.02241318108061177497
0.00000000000000000000 0.02242352542166197241
0.00000000000000000000 0.02250157949929567150
0.00000000000000000000 0.02251213248223900981
0.00000000000000000000 0.02258402383325966434
0.00000000000000000000 0.02262735166201399958
0.00000000000000000000 0.02268549137545290348
0.00000000000000000000 0.02273739362985437162
0.00000000000000000000 0.02276663179867168332
0.00000000000000000000 0.02278416362744039442
0.00000000000000000000 0.02280658618875299262
0.00000000000000000000 0.02283789591494500906
0.00000000000000000000 0.02285322643307948626
0.00000000000000000000 0.02287192534122147250
0.00000000000000000000 0.02289352693222389962
0.00000000000000000000 0.02305043117666211866
0.00000000000000000000 0.02307474319581356501
0.00000000000000000000 0.02314517125490008626
0.00000000000000000000 0.02316252083448007773
0.00000000000000000000 0.02317058410860207626
0.00000000000000000000 0.02321144704185538338
0.00000000000000000000 0.02326326555233642832
0.00000000000000000000 0.02327038136623944820
0.00000000000000000000 0.02327149885118000652
0.00000000000000000000 0.02329327187477330668
0.00000000000000000000 0.02332693226269369827
0.00000000000000000000 0.02335519645336555511
0.00000000000000000000 0.02335592847447077666
0.00000000000000000000 0.02336491474813057190
0.00000000000000000000 0.02337167438246075604
0.00000000000000000000 0.02339962753914848204
0.00000000000000000000 0.02346047645112353183
0.00000000000000000000 0.02361230143895459363
0.00000000000000000000 0.02366178306899841682
0.00000000000000000000 0.02376196114483563465
0.00000000000000000000 0.02389065369032878153
0.00000000000000000000 0.02391841991724041883
0.00000000000000000000 0.02409764901592606479
0.00000000000000000000 0.02413908699252736989
0.00000000000000000000 0.02424038480579411223
0.00000000000000000000 0.02424826758734460394
0.00000000000000000000 0.02436535746877993569
0.00000000000000000000 0.02448322321546581026
0.00000000000000000000 0.02449771564128695039
0.00000000000000000000 0.02452201601210868970
0.00000000000000000000 0.02454238694667718740
0.00000000000000000000 0.02454500371083695801
0.00000000000000000000 0.02455436516122571841
0.00000000000000000000 0.02458565473662296941
0.00000000000000000000 0.02469963287415945924
0.00000000000000000000 0.02471827549001286498
0.00000000000000000000 0.02478550236260094672
0.00000000000000000000 0.02485912537117717161
0.00000000000000000000 0.02493775548688797680
0.00000000000000000000 0.02510701706462886706
0.00000000000000000000 0.02518158725312172330
0.00000000000000000000 0.02521576770912428364
0.00000000000000000000 0.02524633560762276976
0.00000000000000000000 0.02529620539426954973
0.00000000000000000000 0.02533617709152988923
0.00000000000000000000 0.02534061757548270594
0.00000000000000000000 0.02536855548506589467
0.00000000000000000000 0.02537916668508368237
0.00000000000000000000 0.02557674692940231295
0.00000000000000000000 0.02558027860792998556
0.00000000000000000000 0.02561279969091774175
0.00000000000000000000 0.02575382012763200931
0.00000000000000000000 0.02577057961475251111
0.00000000000000000000 0.02577777333146941130
0.00000000000000000000 0.02581040858737219598
0.00000000000000000000 0.02582576967860628070
0.00000000000000000000 0.02588557206431909424
0.00000000000000000000 0.02591644778297933285
0.00000000000000000000 0.02592978219425036077
0.00000000000000000000 0.02604798476499417190
0.00000000000000000000 0.02628080964677493442
0.00000000000000000000 0.02644624360534015076
0.00000000000000000000 0.02647699824622974998
0.00000000000000000000 0.02653713483570619910
0.00000000000000000000 0.02670258194451385902
0.00000000000000000000 0.02670399777549513701
0.00000000000000000000 0.02681069212745663954
0.00000000000000000000 0.02692246598749290995
0.00000000000000000000 0.02702067203424944261
0.00000000000000000000 0.02714877618108860538
0.00000000000000000000 0.02715101302187802185
0.00000000000000000000 0.02717815840451465875
0.00000000000000000000 0.02718729018737974998
0.00000000000000000000 0.02720006115252899745
0.00000000000000000000 0.02720165245779245997
0.00000000000000000000 0.02723443860108917119
0.00000000000000000000 0.02724330463795147234
0.00000000000000000000 0.02742587808496521617
0.00000000000000000000 0.02749149173689920470
0.00000000000000000000 0.02751427399075092456
0.00000000000000000000 0.02767717028953467495
0.00000000000000000000 0.02773976239234487995
0.00000000000000000000 0.02777112636887443461
0.00000000000000000000 0.02778144931233848119
0.00000000000000000000 0.02778665123559245428
0.00000000000000000000 0.02794935592617042025
0.00000000000000000000 0.02799839901941535494
0.00000000000000000000 0.02801131971690265510
0.00000000000000000000 0.02805272195803262467
0.00000000000000000000 0.02813840212073595581
0.00000000000000000000 0.02819488529487578637
0.00000000000000000000 0.02829291503180015460
0.00000000000000000000 0.02840878828653810653
0.00000000000000000000 0.02861506606958390958
0.00000000000000000000 0.02868767887294869021
0.00000000000000000000 0.02871434170794437760
0.00000000000000000000 0.02893518172907985284
0.00000000000000000000 0.02895800931595434238
0.00000000000000000000 0.02909365263551558223
0.00000000000000000000 0.02923863035450034731
0.00000000000000000000 0.02929154287568139919
0.00000000000000000000 0.02934054644654271807
0.00000000000000000000 0.02937398627237116158
0.00000000000000000000 0.02940234635635914293
0.00000000000000000000 0.02952881692538228409
0.00000000000000000000 0.02975565943566321758
0.00000000000000000000 0.02982605324268511673
0.00000000000000000000 0.02983003825016638383
0.00000000000000000000 0.02984420910627818072
0.00000000000000000000 0.02988251881622366532
0.00000000000000000000 0.02998783789379501699
0.00000000000000000000 0.03005944170901348605
0.00000000000000000000 0.03010888362635166793
0.00000000000000000000 0.03018745705068359014
0.00000000000000000000 0.03028828649746638513
0.00000000000000000000 0.03029576441657397604
0.00000000000000000000 0.03031576385801836374
0.00000000000000000000 0.03044120981246566798
0.00000000000000000000 0.03080306479343675533
0.00000000000000000000 0.03083280967863058497
0.00000000000000000000 0.03154741863560104470
0.00000000000000000000 0.03160379765913660238
0.00000000000000000000 0.03167916313786959398
0.00000000000000000000 0.03172084274136977716
0.00000000000000000000 0.03173657708000288125
0.00000000000000000000 0.03190195438420405372
0.00000000000000000000 0.03206074317436271442
0.00000000000000000000 0.03212316497551537253
0.00000000000000000000 0.03225716654538194478
0.00000000000000000000 0.03241508657241143343
0.00000000000000000000 0.03266267901060266460
0.00000000000000000000 0.03275790329675986462
0.00000000000000000000 0.03276571582636053637
0.00000000000000000000 0.03280960597544878982
0.00000000000000000000 0.03291436564259387493
0.00000000000000000000 0.03308781476515475217
0.00000000000000000000 0.03323749033521974927
0.00000000000000000000 0.03335721004039041843
0.00000000000000000000 0.03354698291379205888
0.00000000000000000000 0.03369609078162015547
0.00000000000000000000 0.03388905556529293872
0.00000000000000000000 0.03410234786245430055
0.00000000000000000000 0.03440523796904285808
0.00000000000000000000 0.03511208690101409041
0.00000000000000000000 0.03517036798270348208
0.00000000000000000000 0.03533707608763445029
0.00000000000000000000 0.03535821084658169466
0.00000000000000000000 0.03551070900943741754
0.00000000000000000000 0.03563978567617292342
0.00000000000000000000 0.03571409223472710864
0.00000000000000000000 0.03586538670999821210
0.00000000000000000000 0.03594639427487351241
0.00000000000000000000 0.03639289629290412553
0.00000000000000000000 0.03662896924902413892
0.00000000000000000000 0.03670218698446696404
0.00000000000000000000 0.03694722083116933758
0.00000000000000000000 0.03697010039458594605
0.00000000000000000000 0.03700981804763306404
0.00000000000000000000 0.03780726731952983866
0.00000000000000000000 0.03802028237536610872
0.00000000000000000000 0.03828930766379618628
0.00000000000000000000 0.03900417921712424907
0.00000000000000000000 0.03918526313981498393
0.00000000000000000000 0.03933353317338462302
0.00000000000000000000 0.03934230287480222632
0.00000000000000000000 0.03951398139914111263
0.00000000000000000000 0.03959269244233367541
0.00000000000000000000 0.03962312966304638862
0.00000000000000000000 0.03967707694411077429
0.00000000000000000000 0.03977063104176293412
0.00000000000000000000 0.04002726970427746694
0.00000000000000000000 0.04024952513562329859
0.00000000000000000000 0.04055273794085429567
0.00000000000000000000 0.04065510011627100628
0.00000000000000000000 0.04177363571659032521
0.00000000000000000000 0.04177381202186990911
0.00000000000000000000 0.04184294054460418327
0.00000000000000000000 0.04202666610945575421
0.00000000000000000000 0.04224526720138187252
0.00000000000000000000 0.04293213880290566026
0.00000000000000000000 0.04300779191999805351
0.00000000000000000000 0.04304225895872956092
0.00000000000000000000 0.04332045861423645255
0.00000000000000000000 0.04383989610416009347
0.00000000000000000000 0.04395143174946420511
0.00000000000000000000 0.04418778475172753517
0.00000000000000000000 0.04435978152023963006
0.00000000000000000000 0.04460179378522643318
0.00000000000000000000 0.04487540445263361183
0.00000000000000000000 0.04572236982621668416
0.00000000000000000000 0.04572614160705956027
0.00000000000000000000 0.04614952911872068075
0.00000000000000000000 0.04711346473766140491
0.00000000000000000000 0.04797736759909698723
0.00000000000000000000 0.04899281057856918337
0.00000000000000000000 0.05054330551607132127
0.00000000000000000000 0.05099774343407884047
0.00000000000000000000 0.05194552326208223825
0.00000000000000000000 0.05258611883807106507
0.00000000000000000000 0.05391657721233402562
0.00000000000000000000 0.05708623276347099540
0.00000000000000000000 0.05762450287182743769
0.00000000000000000000 0.05784747720260446230
0.00000000000000000000 0.05808720963854144964
0.00000000000000000000 0.05943749408642976656
0.00000000000000000000 0.06127867088191726874
0.00000000000000000000 0.06225275599133744259
0.00000000000000000000 0.06731679794013470386
0.00000000000000000000 0.07079696085198051991
0.00000000000000000000 0.07411888706200557564
0.00000000000000000000 0.09046859936215814746
0.00000000000000000000 0.45019642163321038630
0.00000000000000000000 1.73205080756887719318
