0.00000000000000000000 0.01579369433275534113
0.00000000000000000000 0.01716334666443350768
0.00000000000000000000 0.01815229605914878142
0.00000000000000000000 0.01944585477112243874
0.00000000000000000000 0.02351485471264860155
0.00000000000000000000 0.02663360510341245685
0.00000000000000000000 0.02688297300431919182
0.00000000000000000000 0.02816326381783084559
0.00000000000000000000 0.02907389461306486567
0.00000000000000000000 0.02958420210127108568
0.00000000000000000000 0.03050572292088930479
0.00000000000000000000 0.03097322412074845349
0.00000000000000000000 0.03359400600979416812
0.00000000000000000000 0.03361782295792604958
0.00000000000000000000 0.03547253785520754904
0.00000000000000000000 0.03559350048748059769
0.00000000000000000000 0.03752341423496918099
0.00000000000000000000 0.03761759032425022325
0.00000000000000000000 0.03784896607093794080
0.00000000000000000000 0.03870441525681547756
0.00000000000000000000 0.03894809930183511237
0.00000000000000000000 0.03896405738299203725
0.00000000000000000000 0.03934801335234017206
0.00000000000000000000 0.03998212521120576846
0.00000000000000000000 0.04095383347170506588
0.00000000000000000000 0.04136363306116354333
0.00000000000000000000 0.04171308722167053201
0.00000000000000000000 0.04240105850699651263
0.00000000000000000000 0.04313108576998841287
0.00000000000000000000 0.04408334083092652761
0.00000000000000000000 0.04437341367428883354
0.00000000000000000000 0.04477922897877605057
0.00000000000000000000 0.04492282378435360352
0.00000000000000000000 0.04529674660633870031
0.00000000000000000000 0.04530112256706727430
0.00000000000000000000 0.04562966915906131737
0.00000000000000000000 0.04582741644609533010
0.00000000000000000000 0.04622164464602215167
0.00000000000000000000 0.04641183589581286684
0.00000000000000000000 0.04653207395886731906
0.00000000000000000000 0.04679506443689129130
0.00000000000000000000 0.04704772320982984063
0.00000000000000000000 0.04706060523093107129
0.00000000000000000000 0.04720032515772616677
0.00000000000000000000 0.04756021959180837394
0.00000000000000000000 0.04779052479092302935
0.00000000000000000000 0.04786741663807098091
0.00000000000000000000 0.04818644639033579230
0.00000000000000000000 0.04834752668360359218
0.00000000000000000000 0.04859784316023132295
0.00000000000000000000 0.04889248617393165269
0.00000000000000000000 0.04893808891382776111
0.00000000000000000000 0.04999411142960397819
0.00000000000000000000 0.05044448225991236823
0.00000000000000000000 0.05054486745800496755
0.00000000000000000000 0.05098582874917266528
0.00000000000000000000 0.05107696836200699420
0.00000000000000000000 0.05113586676628322641
0.00000000000000000000 0.05149030211610416269
0.00000000000000000000 0.05149824356854899865
0.00000000000000000000 0.05257575792465605385
0.00000000000000000000 0.05367999538715489266
0.00000000000000000000 0.05392557744537267855
0.00000000000000000000 0.05393724929594986145
0.00000000000000000000 0.05424753664851798135
0.00000000000000000000 0.05434077112785082320
0.00000000000000000000 0.05436866333727843892
0.00000000000000000000 0.05481529427720199799
0.00000000000000000000 0.05526535193162583626
0.00000000000000000000 0.05566437403901068615
0.00000000000000000000 0.05598556143340681357
0.00000000000000000000 0.05605469047845632741
0.00000000000000000000 0.05605971159038961038
0.00000000000000000000 0.05630937287056696910
0.00000000000000000000 0.05650753892202284995
0.00000000000000000000 0.05652430536079239981
0.00000000000000000000 0.05665624250576279525
0.00000000000000000000 0.05670212466934577977
0.00000000000000000000 0.05701479269593748289
0.00000000000000000000 0.05721881241664116685
0.00000000000000000000 0.05759894628807649131
0.00000000000000000000 0.05836276156312292240
0.00000000000000000000 0.05862598916652983494
0.00000000000000000000 0.05865139618600912624
0.00000000000000000000 0.05888113057703717873
0.00000000000000000000 0.05901440124781748980
0.00000000000000000000 0.05973274660551720211
0.00000000000000000000 0.05974172601636232316
0.00000000000000000000 0.05975277143296428561
0.00000000000000000000 0.05980166508788557767
0.00000000000000000000 0.05992686568773979150
0.00000000000000000000 0.05999425765170260383
0.00000000000000000000 0.06010968720748693928
0.00000000000000000000 0.06030699499357917298
0.00000000000000000000 0.06064158466629864658
0.00000000000000000000 0.06067219699894396689
0.00000000000000000000 0.06091662884486583746
0.00000000000000000000 0.06101756608389123648
0.00000000000000000000 0.06123453840366580719
0.00000000000000000000 0.06127749685630039245
0.00000000000000000000 0.06142835721838815766
0.00000000000000000000 0.06143959083662205861
0.00000000000000000000 0.06161822213344438776
0.00000000000000000000 0.06167890285066862655
0.00000000000000000000 0.06168230597239493518
0.00000000000000000000 0.06231033632498088337
0.00000000000000000000 0.06258049882704400102
0.00000000000000000000 0.06272696634131712246
0.00000000000000000000 0.06274097531018307805
0.00000000000000000000 0.06303626175608610660
0.00000000000000000000 0.06324447833308688427
0.00000000000000000000 0.06336734229313908950
0.00000000000000000000 0.06337524488652183929
0.00000000000000000000 0.06352728507580174266
0.00000000000000000000 0.06370960708638599701
0.00000000000000000000 0.06407318270618608813
0.00000000000000000000 0.06444809759594204157
0.00000000000000000000 0.06503361491235069847
0.00000000000000000000 0.06556642017808553269
0.00000000000000000000 0.06630110177690781703
0.00000000000000000000 0.06636014316309191141
0.00000000000000000000 0.06650983009805130908
0.00000000000000000000 0.06655093861646102504
0.00000000000000000000 0.06706109291205272771
0.00000000000000000000 0.06706221041532112181
0.00000000000000000000 0.06741651994774196244
0.00000000000000000000 0.06793146927913681909
0.00000000000000000000 0.06847962401480701955
0.00000000000000000000 0.06863393554128803531
0.00000000000000000000 0.06877687975996925329
0.00000000000000000000 0.06881739649638865530
0.00000000000000000000 0.06913402621120476321
0.00000000000000000000 0.06932234910424765750
0.00000000000000000000 0.06967390713742910302
0.00000000000000000000 0.07045921050848201472
0.00000000000000000000 0.07077316578341126541
0.00000000000000000000 0.07135454798529089482
0.00000000000000000000 0.07165187084258718697
0.00000000000000000000 0.07182496971002491626
0.00000000000000000000 0.07206165811443870917
0.00000000000000000000 0.07214104037086924159
0.00000000000000000000 0.07220071915953173158
0.00000000000000000000 0.07220499269093068329
0.00000000000000000000 0.07234238631063570624
0.00000000000000000000 0.07237002267509447251
0.00000000000000000000 0.07238657820479715843
0.00000000000000000000 0.07250870330935756114
0.00000000000000000000 0.07281691411460865238
0.00000000000000000000 0.07288527591258164851
0.00000000000000000000 0.07288910603254447618
0.00000000000000000000 0.07295155397661744201
0.00000000000000000000 0.07304923899146512078
0.00000000000000000000 0.07318763245932821682
0.00000000000000000000 0.07325768657955326890
0.00000000000000000000 0.07330830054155219877
0.00000000000000000000 0.07366606213968882044
0.00000000000000000000 0.07368963781972562299
0.00000000000000000000 0.07369374560622654613
0.00000000000000000000 0.07390033093637625450
0.00000000000000000000 0.07393710239681992868
0.00000000000000000000 0.07399801412085277308
0.00000000000000000000 0.07401852448521997752
0.00000000000000000000 0.07420031367325602423
0.00000000000000000000 0.07427428769257381214
0.00000000000000000000 0.07441023536751974199
0.00000000000000000000 0.07443590040022587950
0.00000000000000000000 0.07458760057269923915
0.00000000000000000000 0.07458867044323608253
0.00000000000000000000 0.07460237130197024114
0.00000000000000000000 0.07506829778390569641
0.00000000000000000000 0.07524291313947029103
0.00000000000000000000 0.07539289794751391494
0.00000000000000000000 0.07541271444880981445
0.00000000000000000000 0.07541397673050022343
0.00000000000000000000 0.07546205238560818596
0.00000000000000000000 0.07573523304616330831
0.00000000000000000000 0.07581161053107110526
0.00000000000000000000 0.07590009183822540861
0.00000000000000000000 0.07599628222481316642
0.00000000000000000000 0.07618884318061677763
0.00000000000000000000 0.07621084397309593750
0.00000000000000000000 0.07627290683700507778
0.00000000000000000000 0.07627515326445377664
0.00000000000000000000 0.07631203695772534323
0.00000000000000000000 0.07646941563860559787
0.00000000000000000000 0.07653499943383701432
0.00000000000000000000 0.07679585718611320333
0.00000000000000000000 0.07689866038649653679
0.00000000000000000000 0.07691925433285522196
0.00000000000000000000 0.07720096135727616549
0.00000000000000000000 0.07721544732231575003
0.00000000000000000000 0.07726362564876326777
0.00000000000000000000 0.07770434866591624523
0.00000000000000000000 0.07778520607026309652
0.00000000000000000000 0.07793630442032478678
0.00000000000000000000 0.07820537353957662807
0.00000000000000000000 0.07850260061671029965
0.00000000000000000000 0.07856001520928401760
0.00000000000000000000 0.07859394816040256304
0.00000000000000000000 0.07861015690575841319
0.00000000000000000000 0.07882802834228855304
0.00000000000000000000 0.07892611110854590162
0.00000000000000000000 0.07907401091813573424
0.00000000000000000000 0.07939543974828043582
0.00000000000000000000 0.07944102304976857765
0.00000000000000000000 0.07953262935878809003
0.00000000000000000000 0.07988743699706866985
0.00000000000000000000 0.07992250030246000891
0.00000000000000000000 0.07994910717470486705
0.00000000000000000000 0.08029104617289660462
0.00000000000000000000 0.08035014567265344465
0.00000000000000000000 0.08054588887524774532
0.00000000000000000000 0.08055708862822230643
0.00000000000000000000 0.08056889205993202074
0.00000000000000000000 0.08057621628385037982
0.00000000000000000000 0.08088310237049665952
0.00000000000000000000 0.08100102145135745779
0.00000000000000000000 0.08108504121233504891
0.00000000000000000000 0.08110309921431155256
0.00000000000000000000 0.08126176755684424990
0.00000000000000000000 0.08222329316529242149
0.00000000000000000000 0.08247570312958450722
0.00000000000000000000 0.08257551640901412970
0.00000000000000000000 0.08265912390822030553
0.00000000000000000000 0.08283600761878377738
0.00000000000000000000 0.08297517129851099404
0.00000000000000000000 0.08307645016827268358
0.00000000000000000000 0.08308926243467462669
0.00000000000000000000 0.08320796682717508663
0.00000000000000000000 0.08327084261118282427
0.00000000000000000000 0.08331396513533904924
0.00000000000000000000 0.08338538770214488915
0.00000000000000000000 0.08346186840500388615
0.00000000000000000000 0.08369215863800731625
0.00000000000000000000 0.08372295702350131263
0.00000000000000000000 0.08375369715614902622
0.00000000000000000000 0.08383286407449790090
0.00000000000000000000 0.08387599207039052318
0.00000000000000000000 0.08444818415171075066
0.00000000000000000000 0.08451396776847988623
0.00000000000000000000 0.08475520894993708587
0.00000000000000000000 0.08499311766563598380
0.00000000000000000000 0.08505059703421241624
0.00000000000000000000 0.08516596629383373085
0.00000000000000000000 0.08527839175891761825
0.00000000000000000000 0.08528192933482255100
0.00000000000000000000 0.08532042221021186867
0.00000000000000000000 0.08548682048733234617
0.00000000000000000000 0.08594634100863782211
0.00000000000000000000 0.08613900659735282406
0.00000000000000000000 0.08618595453057824318
0.00000000000000000000 0.08620767240133171694
0.00000000000000000000 0.08626317545683268029
0.00000000000000000000 0.08647862608781685390
0.00000000000000000000 0.08653941733827991145
0.00000000000000000000 0.08664492344137599000
0.00000000000000000000 0.08675372234384805259
0.00000000000000000000 0.08680822359493144125
0.00000000000000000000 0.08693049106325680120
0.00000000000000000000 0.08714318164177514703
0.00000000000000000000 0.08722837403508904019
0.00000000000000000000 0.08754753805912866838
0.00000000000000000000 0.08760246994809779697
0.00000000000000000000 0.08767932767580371989
0.00000000000000000000 0.08777154225088069917
0.00000000000000000000 0.08782763302418659934
0.00000000000000000000 0.08793012950518096227
0.00000000000000000000 0.08803338834508078747
0.00000000000000000000 0.08832680848805342377
0.00000000000000000000 0.08846272984355557645
0.00000000000000000000 0.08856459839854730065
0.00000000000000000000 0.08894822211643749199
0.00000000000000000000 0.08903729693922966815
0.00000000000000000000 0.08930128314704295633
0.00000000000000000000 0.08944918435337248508
0.00000000000000000000 0.08950205768160984787
0.00000000000000000000 0.08955388820813833806
0.00000000000000000000 0.08972729405700659300
0.00000000000000000000 0.08989353437516321710
0.00000000000000000000 0.09002328161146209984
0.00000000000000000000 0.09042407090271686876
0.00000000000000000000 0.09070965692023960636
0.00000000000000000000 0.09076849414069322608
0.00000000000000000000 0.09093147078290236829
0.00000000000000000000 0.09101135002909380156
0.00000000000000000000 0.09104225726742515290
0.00000000000000000000 0.09118254720112113632
0.00000000000000000000 0.09133822844577163536
0.00000000000000000000 0.09140801951628003963
0.00000000000000000000 0.09150531949836596124
0.00000000000000000000 0.09168398053110426993
0.00000000000000000000 0.09203178429902715563
0.00000000000000000000 0.09222025930789250203
0.00000000000000000000 0.09223352079259408698
0.00000000000000000000 0.09233222261919195317
0.00000000000000000000 0.09273417076454891494
0.00000000000000000000 0.09289970096738556227
0.00000000000000000000 0.09300177634529251114
0.00000000000000000000 0.09330395061434450243
0.00000000000000000000 0.09338345878293236035
0.00000000000000000000 0.09346583869243757503
0.00000000000000000000 0.09347626498870631462
0.00000000000000000000 0.09356773614209785983
0.00000000000000000000 0.09377223906472904880
0.00000000000000000000 0.09388145500911126984
0.00000000000000000000 0.09393738018890888941
0.00000000000000000000 0.09399080854049823852
0.00000000000000000000 0.09414180841800520727
0.00000000000000000000 0.09428158584676631093
0.00000000000000000000 0.09456920637818024000
0.00000000000000000000 0.09457766058358188510
0.00000000000000000000 0.09462351810409787289
0.00000000000000000000 0.09463311742526726855
0.00000000000000000000 0.09495553723680466573
0.00000000000000000000 0.09496986536814935875
0.00000000000000000000 0.09500702186313664255
0.00000000000000000000 0.09505310315689571854
0.00000000000000000000 0.09505538061745134881
0.00000000000000000000 0.09509794702602286653
0.00000000000000000000 0.09529486647824923773
0.00000000000000000000 0.09549423479125711267
0.00000000000000000000 0.09564980701590514167
0.00000000000000000000 0.09607822186612666182
0.00000000000000000000 0.09617703700922967947
0.00000000000000000000 0.09625945269034877350
0.00000000000000000000 0.09635575191755293978
0.00000000000000000000 0.09653150775230159852
0.00000000000000000000 0.09663480503749589945
0.00000000000000000000 0.09665506995257169831
0.00000000000000000000 0.09670522877439778620
0.00000000000000000000 0.09694175576726073162
0.00000000000000000000 0.09695961619860991865
0.00000000000000000000 0.09702659538022645469
0.00000000000000000000 0.09707940889418038843
0.00000000000000000000 0.09708921874336490232
0.00000000000000000000 0.09713987010151170498
0.00000000000000000000 0.09716130775208045578
0.00000000000000000000 0.09737460807144530939
0.00000000000000000000 0.09768634691890169808
0.00000000000000000000 0.09770025991113186203
0.00000000000000000000 0.09772778117469757553
0.00000000000000000000 0.09778370404558291151
0.00000000000000000000 0.09792779966355416588
0.00000000000000000000 0.09798369607543447324
0.00000000000000000000 0.09802464511632609512
0.00000000000000000000 0.09805996404395773969
0.00000000000000000000 0.09843811320177377200
0.00000000000000000000 0.09844074661108664914
0.00000000000000000000 0.09852675220062363792
0.00000000000000000000 0.09867965236009360042
0.00000000000000000000 0.09877700391465987773
0.00000000000000000000 0.09893081086480103037
0.00000000000000000000 0.09901694046062908816
0.00000000000000000000 0.09910611129485578930
0.00000000000000000000 0.09949804776632957537
0.00000000000000000000 0.09955711332623365384
0.00000000000000000000 0.09960721719120017859
0.00000000000000000000 0.09989982188168831934
0.00000000000000000000 0.09998939245670904197
0.00000000000000000000 0.10003893766283133981
0.00000000000000000000 0.10022785379991577814
0.00000000000000000000 0.10033709771732657323
0.00000000000000000000 0.10042847679953266493
0.00000000000000000000 0.10059699501015710588
0.00000000000000000000 0.10092261929987514368
0.00000000000000000000 0.10101423590891726867
0.00000000000000000000 0.10105865754964934999
0.00000000000000000000 0.10119901616250540077
0.00000000000000000000 0.10139232284894920955
0.00000000000000000000 0.10144959040927893634
0.00000000000000000000 0.10168556519600242816
0.00000000000000000000 0.10176172531371462104
0.00000000000000000000 0.10187109518787630658
0.00000000000000000000 0.10220597743901328747
0.00000000000000000000 0.10228196635692891892
0.00000000000000000000 0.10231441340828124897
0.00000000000000000000 0.10232676450112673794
0.00000000000000000000 0.10254894827010302416
0.00000000000000000000 0.10279980242805246415
0.00000000000000000000 0.10299691441007201298
0.00000000000000000000 0.10339549523438763823
0.00000000000000000000 0.10353748624797649847
0.00000000000000000000 0.10357191866831730320
0.00000000000000000000 0.10365304174536336956
0.00000000000000000000 0.10396287938340630086
0.00000000000000000000 0.10465787772070626882
0.00000000000000000000 0.10467179055258295228
0.00000000000000000000 0.10480806453434673986
0.00000000000000000000 0.10520789659011148265
0.00000000000000000000 0.10530374409890766452
0.00000000000000000000 0.10546621762797202260
0.00000000000000000000 0.10558990439922809335
0.00000000000000000000 0.10562000334913260180
0.00000000000000000000 0.10562226573926557227
0.00000000000000000000 0.10570509001418419703
0.00000000000000000000 0.10578361919654183376
0.00000000000000000000 0.10600047194719745824
0.00000000000000000000 0.10619036287048179423
0.00000000000000000000 0.10622943999856966635
0.00000000000000000000 0.10628763453089970503
0.00000000000000000000 0.10631238593266763293
0.00000000000000000000 0.10649740572168860109
0.00000000000000000000 0.10655332164139144635
0.00000000000000000000 0.10667896867509522874
0.00000000000000000000 0.10709303566451636169
0.00000000000000000000 0.10717646209494303966
0.00000000000000000000 0.10729214330869409066
0.00000000000000000000 0.10742826756980598801
0.00000000000000000000 0.10766188365817032369
0.00000000000000000000 0.10825451223208114315
0.00000000000000000000 0.10827366696467791152
0.00000000000000000000 0.10833047588086643087
0.00000000000000000000 0.10932670927407368844
0.00000000000000000000 0.10950020649114795834
0.00000000000000000000 0.10961956187206639557
0.00000000000000000000 0.10985988837890880987
0.00000000000000000000 0.11028887900204807637
0.00000000000000000000 0.11030063047638034857
0.00000000000000000000 0.11045377328094106717
0.00000000000000000000 0.11061068857929394482
0.00000000000000000000 0.11098642621076143522
0.00000000000000000000 0.11108725537512199877
0.00000000000000000000 0.11141272557496491313
0.00000000000000000000 0.11178287748696816295
0.00000000000000000000 0.11213519198769102136
0.00000000000000000000 0.11249088075994240210
0.00000000000000000000 0.11263983432948779240
0.00000000000000000000 0.11271742762739359045
0.00000000000000000000 0.11273672876660192910
0.00000000000000000000 0.11297736695978344290
0.00000000000000000000 0.11310997256439632441
0.00000000000000000000 0.11374304766275172840
0.00000000000000000000 0.11454551581786014125
0.00000000000000000000 0.11488749995716658614
0.00000000000000000000 0.11541431943019939133
0.00000000000000000000 0.11564923800964230227
0.00000000000000000000 0.11639971054647825499
0.00000000000000000000 0.11641454353273798794
0.00000000000000000000 0.11675612686806650931
0.00000000000000000000 0.11691566098392953965
0.00000000000000000000 0.11735864885691504877
0.00000000000000000000 0.11763634345186035901
0.00000000000000000000 0.11774690599459831930
0.00000000000000000000 0.11797902383517964997
0.00000000000000000000 0.11800159310815083735
0.00000000000000000000 0.11818405907182334691
0.00000000000000000000 0.11856536416445997983
0.00000000000000000000 0.11866823962031511352
0.00000000000000000000 0.11887610930352202065
0.00000000000000000000 0.11902339374389798998
0.00000000000000000000 0.11911375975735839783
0.00000000000000000000 0.11952179392375146538
0.00000000000000000000 0.11957427613113280618
0.00000000000000000000 0.11983127774407138777
0.00000000000000000000 0.11987643072027136248
0.00000000000000000000 0.12087596593776106513
0.00000000000000000000 0.12097476778828419874
0.00000000000000000000 0.12109763704564262266
0.00000000000000000000 0.12111942818700864588
0.00000000000000000000 0.12135960011347780851
0.00000000000000000000 0.12149948481989822358
0.00000000000000000000 0.12218953860919769261
0.00000000000000000000 0.12286939407758250276
0.00000000000000000000 0.12317772479777247541
0.00000000000000000000 0.12331073111188203817
0.00000000000000000000 0.12368375663901776118
0.00000000000000000000 0.12507942786994483142
0.00000000000000000000 0.12530199922326246131
0.00000000000000000000 0.12643409992962553745
0.00000000000000000000 0.12644865916342479251
0.00000000000000000000 0.12655977269622345482
0.00000000000000000000 0.12785666235035803018
0.00000000000000000000 0.12794011583531372800
0.00000000000000000000 0.12853798905081592618
0.00000000000000000000 0.12940965630498335592
0.00000000000000000000 0.12969576749122863069
0.00000000000000000000 0.12980056817369103883
0.00000000000000000000 0.12995792644068060451
0.00000000000000000000 0.13012731431642160507
0.00000000000000000000 0.13160215684495510380
0.00000000000000000000 0.13170911445611371837
0.00000000000000000000 0.13248347660052769981
0.00000000000000000000 0.13268099799571433928
0.00000000000000000000 0.13273456104402611699
0.00000000000000000000 0.13289042615505777811
0.00000000000000000000 0.13479389396134794366
0.00000000000000000000 0.13795732422651255100
0.00000000000000000000 0.13810322028164137564
0.00000000000000000000 0.13924527416204593444
0.00000000000000000000 0.14118583798168757304
0.00000000000000000000 0.14144573795767265145
0.00000000000000000000 0.14704053303119324347
0.00000000000000000000 0.14979295617808113805
0.00000000000000000000 0.15344693579497911684
0.00000000000000000000 0.15551699920423506240
0.00000000000000000000 0.16122709275287189223
0.00000000000000000000 0.16475077723400147200
0.00000000000000000000 0.16869045151161954355
0.00000000000000000000 0.17941290272216739443
0.00000000000000000000 1.73205080756887719318
