0.01606118095366072807 0.01679085619905929319
0.01762129323541984302 0.01840091004041744319
0.01701710330189217316 0.01859508218166518179
0.01850655662015843542 0.01953797841235108829
0.02046499179354450276 0.02081881851537139422
0.01982436933169024612 0.02081985922354455051
0.02100418419874398174 0.02159047659394760371
0.02146252408144744619 0.02290505856145873265
0.02100386312552748533 0.02301608576494318728
0.02206752937078142532 0.02372618594288691124
0.02223122063780798296 0.02377524380278365698
0.02066990053887717005 0.02415424692844182417
0.01951752588769215674 0.02421627086340942536
0.01953603022999291297 0.02462286942830017519
0.02372314115789174449 0.02483101175653517484
0.02430807903495431008 0.02494645257793092624
0.02472616956367002655 0.02554506064822737246
0.02099522598071775978 0.02576262870641153960
0.01898950263260291982 0.02619019102298105264
0.02527161349190864062 0.02660346930302721208
0.02485687572809676740 0.02711874182551403042
0.02400713017732196072 0.02720213639837526509
0.02369278922872895127 0.02747385915867771311
0.02689283100889731590 0.02763326149611759416
0.02517022069722539210 0.02779255981153087862
0.02197224671546710653 0.02810239150621766588
0.02651906664778167638 0.02825329842444100278
0.02417088787944085201 0.02841734296716002736
0.02408697851285801494 0.02848488880939605353
0.02607561349916330887 0.02882638979615637087
0.02813530817105557025 0.02899593853085837003
0.02856430611017160559 0.02912039414285110678
0.02895142153347368338 0.02927375233771440169
0.02934456764209159019 0.02952955104629016725
0.02386522818295140277 0.02979961285564835388
0.02932875171641098969 0.02995557537513816176
0.02116481375766237835 0.03028334090073333401
0.02819803179204061552 0.03035115060164699299
0.02937537546419656184 0.03040813513632590823
0.02487829531448020048 0.03045750394632324581
0.02624196662236390545 0.03050740655651245498
0.02618067920622451847 0.03050740655651245498
0.02550609007670784356 0.03059985803930712761
0.02354929091272103467 0.03077216930184571014
0.02950997232840683188 0.03081418645405817683
0.02476639239150591615 0.03106865989719165624
0.02622625505530693998 0.03116815175584176575
0.02625257865412753897 0.03117858615382453763
0.02925107070878692553 0.03122702519985938452
0.03060081296648885923 0.03170123981353234477
0.02813260382502712556 0.03178306077604740182
0.02742927559042006302 0.03181132987210198021
0.03146869272540189083 0.03302308973803984304
0.03157712735998237374 0.03305234409332927226
0.02204952408262697214 0.03318855965561582494
0.03021101856483284637 0.03327346189835385382
0.02973589235193710087 0.03331407207607704757
0.03214039599821490872 0.03337170276611142045
0.02899750390776914544 0.03344537313514014260
0.02698043675517728182 0.03376311474548112507
0.03105908597228583534 0.03392098510931362138
0.03096532419900614036 0.03407299271252568068
0.03230948071784394554 0.03444026873761760199
0.02925786264500607886 0.03444051055987973342
0.03353184761928160867 0.03458591839099662418
0.03281063229476959692 0.03480521673179710895
0.03428630534797520030 0.03488816864619607300
0.03083731626863512459 0.03499801900815223410
0.03496837742520974429 0.03508915097970981278
0.03251082283824108937 0.03520251270586057663
0.03262945900937738730 0.03535570994500122910
0.02610253447146388198 0.03535963505342930996
0.03082410101007837869 0.03538621329778048746
0.03119935535004490085 0.03551205429595475499
0.03510590841637522413 0.03554435919805419564
0.03076104378295454328 0.03591879327984719844
0.02920731706348121681 0.03601826657282307387
0.03581068566226036642 0.03611498086582930894
0.03485743849322937155 0.03618173170838785008
0.03308339322311823483 0.03623096488548421118
0.03369640138330068369 0.03627168075901372052
0.02564216184216479288 0.03628149469280546324
0.02288567029010591877 0.03649021443239983120
0.03457294796791681585 0.03651475646346084847
0.03497221780834089411 0.03688364928275843224
0.03169386950596304875 0.03689211094869519064
0.03086615767371251803 0.03693070705583741120
0.03633118454413912513 0.03697535016707860500
0.03241205464345585374 0.03705002011032302450
0.03417139740697694439 0.03712755153199254893
0.03557574426811006829 0.03766050489641619564
0.02729907052010538404 0.03770503436890969284
0.03377166654876603835 0.03795588812547773250
0.03160063895729780387 0.03807644858895850581
0.03450952743888536373 0.03827099286106460524
0.03544036332878122003 0.03827902171080351662
0.03270099313705558675 0.03848984278534280795
0.03088877171182466061 0.03919345843748281433
0.03543508953337150963 0.03943708604486168001
0.03401885032591699110 0.03955079250531154389
0.03604506987712718935 0.03987705654890765644
0.03420692580773183888 0.03993586512131169081
0.03891846984977056362 0.03995477870314366464
0.03688487790288572793 0.03999817158920736249
0.03611273636296150058 0.04015410004518737974
0.04042177984793028644 0.04046835569368389257
0.03108084294275972187 0.04046835569368389257
0.03873510826331584556 0.04052196693593592552
0.03647846991212407020 0.04060286527754060348
0.03962740787807834952 0.04068870266250430856
0.03023909405333026490 0.04072597161907886426
0.03741267068215836655 0.04074193230447326064
0.03124462428328651439 0.04094002406158180063
0.03888466578218768149 0.04128187872999507235
0.03271020163825229254 0.04131028108853512099
0.02663819781587857191 0.04165854237746319938
0.03021099790011669978 0.04242958102923104907
0.03779930799796638041 0.04252029510047762584
0.03756732696283846679 0.04300843444145996397
0.03319590890214086515 0.04307306750687420194
0.02839205986701565793 0.04312554873829176072
0.03919506770009420493 0.04316560015810345236
0.04317650765011401409 0.04346764377209903774
0.04228930115564160513 0.04350943845912873253
0.04114396059364439778 0.04354454929381880446
0.03854531054750809371 0.04372151826084832993
0.04413817253738714502 0.04435708736055914148
0.02930521568656169543 0.04445529198204305893
0.03691859118285491931 0.04458747785664525509
0.03910056780759201683 0.04473146082544619817
0.03365217829722498555 0.04493967971957627677
0.04400565403583171081 0.04505072618473073692
0.03678340162001023095 0.04561914540460578621
0.04547625897747820112 0.04565569771139720012
0.04429805123394580518 0.04573351723454564116
0.03635568966641131855 0.04576912527309275058
0.03936641660871091630 0.04599265751867602503
0.04329261230374825686 0.04616792732016970768
0.02810226085610422614 0.04651449842099363019
0.03697039586746474205 0.04670104547329239492
0.04647187087765069363 0.04702173184689460023
0.03319946265604306612 0.04740926642246187650
0.03315081556295910309 0.04748408929266897255
0.03887056088300866463 0.04762862616896888779
0.03398579548194115979 0.04763159687934245129
0.04354131533935619996 0.04766430790858349614
0.03565821739922344497 0.04770793303633199395
0.04231785861307198887 0.04788647525180394354
0.03860885026896770239 0.04869829319052763894
0.04145809405680673382 0.04883618986379973520
0.04647957110774790512 0.04884352295753555118
0.04894544958693739650 0.04908415668533780418
0.03330493353728670308 0.04976922053486600162
0.04815738471606067356 0.04995813752445932288
0.04078477490924559135 0.05025582651147927210
0.04559412496867881748 0.05064584224938344786
0.04897015994879080902 0.05079231595935372601
0.03590805451114691821 0.05154309289565124630
0.03726699705537443036 0.05165004877332921018
0.04866429244945322252 0.05165004877332921018
0.03808705293197010844 0.05176651669414206181
0.04429030424170724012 0.05181454539599846670
0.04759897765761358923 0.05268048597279801487
0.05151997496106262842 0.05317600490229427296
0.04612155464195415167 0.05355976655757582749
0.05138404530062559011 0.05409506301506998571
0.04672036613568802954 0.05482491075115603074
0.04543221737363495327 0.05538020544002341533
0.04726771793616629802 0.05541637906232316918
0.04335114090534235992 0.05577316094026052440
0.04812479537122913570 0.05598336084454678258
0.04367862610745198992 0.05600700027606413112
0.05698823086462430354 0.05725660849552329651
0.04924160150476279696 0.05731421348668699900
0.05442796157479017766 0.05766853674932852225
0.04178991599267788820 0.05814019542266167517
0.05243077267241409711 0.05921909304900407900
0.04995433249047862012 0.05993878246624630146
0.05526920772707189650 0.05999420984493439996
0.04107488336030244713 0.06177911564987531579
0.04712939376996649193 0.06184726996991710135
0.05603833692843032677 0.06200594831387537531
0.05869329530240349757 0.06377470530470416565
0.05015849537034558492 0.06415867914599368560
0.06533836289966497846 0.07056834858274459166
0.07002501779009855098 0.07382489176552313459
0.07336491012831757030 0.07410393306514147238
0.06880540982515487292 0.07410492604021355623
0.07110239568519997888 0.07442816247987749101
0.07244265730642079903 0.07451402047825078645
0.07280171436256820117 0.07482375566468522921
0.07199267748358137431 0.07521949882225748008
0.07088030911067305651 0.07712306340581040476
0.05807926257026791578 0.07829599268984975546
0.08073456565071356061 0.08364134576362924900
0.08252804245017615614 0.08534567532221296049
0.07732254216596520791 0.08546883997012232059
0.07401914441832734004 0.08755967047207138809
0.08400950471412685361 0.09182785616437198761
0.12681069726942795217 0.13349859641331382476
