0.01292545887995256819 0.01404346511908539756
0.01347638597212155731 0.01617017043145710722
0.01627160052674620633 0.01796071201570148199
0.01898785467468163887 0.02003990862286907440
0.01866521123414462482 0.02057360296086807941
0.02016594154200492678 0.02107944237706424820
0.02024634131875079415 0.02208088690551760283
0.02305895220838518819 0.02383265657155400619
0.02251943273250316124 0.02393633603191083759
0.02336210856404389441 0.02465301338102285703
0.02402556600243058865 0.02477186433665847301
0.02561113938381261862 0.02608249429647251441
0.02344249842453172833 0.02623864124510391638
0.02558979156294041019 0.02676499201372293038
0.02366160680074084338 0.02694580643081805754
0.02355521767714983603 0.02695562900861087074
0.02622597177217264944 0.02698190654852407333
0.02513911474124676595 0.02719027809481311050
0.02578031122663444752 0.02720751069324873345
0.02577687879008059083 0.02720751069324873345
0.02644284349962730887 0.02753246780465478522
0.02615724606351708947 0.02759417468215201799
0.02485918490127921390 0.02762207315137831312
0.02734581464601019973 0.02779245580110968616
0.02289867496744745975 0.02779543457842779605
0.02261268923868839723 0.02781257968812745132
0.02767310054140156850 0.02785378993781227955
0.02577571258976594712 0.02854366435443591449
0.02820766963329180213 0.02934984345298633640
0.02612322071062837120 0.02939651382101429733
0.02915815296491092862 0.02941490358920906614
0.02890028219918791552 0.02986867969083161281
0.02204448078284922466 0.03021570501258173669
0.02682122271543673289 0.03022606620474491829
0.02973799558755600356 0.03078734852776247172
0.02726559427459979840 0.03080441043499783024
0.02872642674890364331 0.03095670960335522234
0.02919468639865098122 0.03156986850511679654
0.02031652848596753047 0.03173002974148716321
0.02802109318268354923 0.03245237318204596821
0.02570044770470453904 0.03248351838899777438
0.02837042741058435139 0.03270873029160981799
0.02886235576568887268 0.03309804743673787353
0.03132050694769485111 0.03323876999901928531
0.03156976010847013792 0.03324437794449715267
0.03018841810380594806 0.03337296516851136208
0.03282938224579437514 0.03347996958708646109
0.03102246228479572931 0.03356356554039136020
0.02823071827027844385 0.03363253025847830202
0.03361626119774788896 0.03364982101102418494
0.02774838642756990992 0.03379242506465505308
0.03172012360351306182 0.03399069007150085781
0.02795954123309758038 0.03432841856896121785
0.02985523390241439159 0.03464658442250335285
0.03036807050317721218 0.03467723866701195173
0.03188462421341995562 0.03476316043436210312
0.02661113758542609647 0.03504554635228975673
0.02785715900592744196 0.03507562299598750155
0.03197872786120048438 0.03520784578412133881
0.03304461475437008022 0.03534118407296008013
0.03405952697603596702 0.03544604514329641187
0.02972547801043761567 0.03551475751606750220
0.03215290670150935948 0.03577468899694698917
0.03191319693523857193 0.03595010267361577888
0.03350903204397145951 0.03598792445540947155
0.02543882594815518802 0.03609920425794040100
0.03335179774851643880 0.03613472476400419325
0.03267927216990373224 0.03614801331817016350
0.02986048320335435088 0.03620029107094017290
0.03344171908477309302 0.03621974964775926537
0.03140818656825873634 0.03626099067306409046
0.03278851721261179936 0.03645386113420382573
0.03581423574221631601 0.03646882395057021026
0.03148219110854318797 0.03669538623091980062
0.03139912422479604337 0.03678344614392092121
0.03099941026721584128 0.03683366125723618739
0.03684618244793459035 0.03690737554375603247
0.03265688071350914684 0.03695522738716148364
0.03696296619548641860 0.03728252225886531657
0.03005975982054215345 0.03728252225886531657
0.03594167356713320882 0.03730774749611630997
0.03463230259856232840 0.03738875773475519582
0.02904116861722844112 0.03742141055765395297
0.03436056331889486559 0.03743247862939633186
0.03662169645185541639 0.03747682441781323426
0.03211232748638204182 0.03755761689366256956
0.03324414015632180808 0.03762121194900382160
0.03740533850538156624 0.03769512424642881832
0.03665287271613697911 0.03770862024683974134
0.03490732656951369556 0.03773168149533646237
0.02704705130861465370 0.03813465496567718799
0.03226210795436470352 0.03821534110217092439
0.02181439667064662483 0.03824782828369677895
0.03311477250072580869 0.03831345106953817220
0.03789705046784740822 0.03845335115729257847
0.02899479324825474449 0.03845335115729257847
0.02987405658913729750 0.03847814612392259914
0.02883835698516464333 0.03850977366674208924
0.03424920036465863016 0.03868988597614898134
0.03002200243731746598 0.03882171574502141231
0.02817706765090502094 0.03884198112949480836
0.03018512876405632719 0.03884198112949480836
0.03700390099196726457 0.03903580402081617551
0.03444606884271478320 0.03911214448091007018
0.03203391515416279672 0.03940650917238742307
0.02685101782811239943 0.03940810017206975574
0.03165445407619588147 0.03943541745910122270
0.03357505768376206623 0.03945796009850552344
0.03585780918502706055 0.03959907652862167116
0.03212756133039725015 0.04015741932441328071
0.03769453076731803937 0.04019060668050380980
0.03154622107415332860 0.04038736400314596464
0.03153324280543884361 0.04080007597313550088
0.03950380096155103188 0.04097923650758786285
0.03519149103343864604 0.04110945501676611241
0.03545252726788115233 0.04121365141374570829
0.02701574204102506066 0.04129234156991266891
0.03816219613383164955 0.04132363742714149218
0.03907617496522119288 0.04142668845765938579
0.03443453569042706497 0.04157590627006725603
0.04061577259253849881 0.04183443632384864497
0.03701031826003572944 0.04233738813164256848
0.03303642271692686788 0.04234554520089215540
0.03376836290104082844 0.04251016968499384679
0.03935820307868233975 0.04260897772619059304
0.04247195565871277750 0.04277063472912667752
0.03801722439522631225 0.04281629222783193967
0.04026190365012351224 0.04307859924657102269
0.04003309022988354310 0.04310538928934936481
0.04132623453031643301 0.04323592299714261455
0.03659175168581196153 0.04324019507323429573
0.04328671412469450863 0.04335454741256603017
0.03987059074624175331 0.04354454921695848774
0.03044564741381480463 0.04356387603150869980
0.04246002387675371775 0.04377300030509569811
0.03773416494411702821 0.04386556776415717618
0.03635097186698027505 0.04390759671937226327
0.04085985296863330063 0.04400031111663041394
0.03897832725521550856 0.04411132860398488814
0.04010602684614884839 0.04416554070366340151
0.04150893534723648637 0.04427317768166098150
0.03462876489485651466 0.04444926380035330721
0.04402049958607170271 0.04454702716915651117
0.03363997533992209993 0.04473877080417637542
0.03837260258375504995 0.04473942847342124440
0.04199508200166140320 0.04482825288973531219
0.04182082293635876885 0.04484951937990448029
0.03643849741635009354 0.04502087285400340616
0.04079457481542844710 0.04504333038718384002
0.04051252908439504502 0.04527192152764906302
0.04269787985025177285 0.04636146699441905106
0.03817785459232554690 0.04647361513613661177
0.03861219700534222060 0.04692606451169555742
0.03240968174479079422 0.04701324498443017197
0.04113130484137480364 0.04715037949513323223
0.02852899832827427914 0.04716409459086976647
0.03955765132688805058 0.04782444216384760388
0.04166375818591974006 0.04782444216384760388
0.04320584790393382224 0.04794364532567659681
0.03729266904834652174 0.04848445112910762522
0.03002839585810465617 0.04849992465418270088
0.04452805173308044262 0.04873729227317784296
0.04607294290089260919 0.04928643959102670807
0.04482798165244786942 0.04933839454911490702
0.04528939451433772190 0.04998659587635469886
0.04891709514438746104 0.05129258023370232566
0.03601573509485210545 0.05151265909189865766
0.04778361386148953505 0.05177462008892713685
0.04551373749755258796 0.05266694343327110728
0.05190273212710441730 0.05331149681748694608
0.05035161002843949879 0.05440981747137555585
0.04523654821793700320 0.05476354775260882518
0.04946454730267488969 0.05581047361664607381
0.04598147770724209799 0.05588796133092709117
0.03879853412321369183 0.05704490610591592126
0.05700324650030220985 0.05741426742638430086
0.05724089063674274447 0.05819848182885016541
0.05347071017356105210 0.05849133101707753440
0.04641707864014726903 0.05912317786916328893
0.05904447779134095603 0.05943179694174339361
0.05882517810362181826 0.06005896677081263429
0.05458450842897458882 0.06211285248057567265
0.04245754719858760989 0.06238154023458582914
0.05643502598527168346 0.06268604262582726239
0.05129595370284836114 0.06282657668937902118
0.05515560037862585890 0.06328697072575042992
0.04924205417983677779 0.06406231672285067624
0.06185244300157489300 0.06419717213777542675
0.05513316025851490443 0.06497484199096534296
0.04704655627139642249 0.06524588554403312757
0.06666750379318671371 0.06689992676845278596
0.05562953427440524984 0.06694248778046117676
0.05931240438919383601 0.06777398108376733732
0.06599909035601932150 0.06861554777025705154
0.05631982973157372008 0.07431836489382986910
0.07074123713561210336 0.07739814200762915042
0.05908562102204083927 0.07846632969427295989
0.06230925726908241591 0.08171437120607215332
0.06594220185999817574 0.08346943603204437512
0.08234613260192140405 0.08863685895556831784
0.58477530209928219040 0.59846982454854757982
