0.07374820106318616397 0.07550991830552045148
0.07857562877303223003 0.09441458185136854253
0.08958058469668078727 0.09538077489530447095
0.08373686940652906585 0.10148911656452984376
0.08309380184829880112 0.10200700984238215974
0.10142290092254298284 0.11243027573436835398
0.10900102422143652381 0.11306362494676250319
0.10791153569158613845 0.11324144727492091445
0.10471710605942706473 0.11335320246585924020
0.10540482834361307451 0.11456461481262522617
0.10331157507953085684 0.11551732629405186970
0.11651384178345722265 0.11728690701387513295
0.11646369418320194622 0.11819774301317101384
0.09769976925396933742 0.11873222475125726205
0.11538979446921905636 0.12042671355187507809
0.12179105499051212647 0.12228795019147317702
0.11187342378395746800 0.12252193918125978134
0.10480662881475354131 0.12305325446250763022
0.12386133987795586164 0.12397046084290641588
0.11479016163003949447 0.12437717957571581273
0.11875534566557097160 0.12645484062806006120
0.12550867363454609738 0.12688837861523136197
0.11291980770615790697 0.12737622581177043823
0.11419344781622335627 0.12825691307285433385
0.12708218019550396316 0.12878663297172918134
0.12832692197678569057 0.12924491994473571999
0.11780900386858912665 0.12983271624734443739
0.12611021234027597338 0.13024844227725157486
0.11883798034188133852 0.13055593755748953755
0.12069335102092615397 0.13057771720725055986
0.11815317614866358009 0.13069839667816926521
0.12324493736421615608 0.13177016834888999330
0.13127635506158577550 0.13251966707325690820
0.12338679024123236361 0.13293132801009019395
0.12221163115629808671 0.13329673175875861313
0.11556319476018586667 0.13329673175875861313
0.10884998211077048791 0.13343062132825295185
0.12378528614194503343 0.13400954002565690359
0.12583023969190851310 0.13604429852084137798
0.13679075771055421162 0.13765088635507513604
0.12174661797400947172 0.13812945694990455547
0.13959564582704575564 0.14000725464764926520
0.11114033502435895218 0.14218780856552712399
0.12279900477031749362 0.14351520834111583524
0.11394645795479453609 0.14377829121700716475
0.13817768068167307627 0.14414980151817455289
0.13186516167404196964 0.14452273536884929772
0.14359826855663920808 0.14458564125232337139
0.13651590385237524772 0.14643514121050094090
0.14495489193750621393 0.14833561382710069854
0.14674290221614513796 0.14854893644187752710
0.12152990829533506789 0.14875037712238020626
0.14128231499752366696 0.14887472146681662855
0.14239833315454666907 0.14967139201489268463
0.12906963183662986672 0.15003200498615426595
0.13532057012919240790 0.15066130727362583852
0.12653590998312896909 0.15189105804198560490
0.14866364402511456078 0.15217534923963851878
0.13133739213350478781 0.15239479600508329393
0.13376095823736708357 0.15271212887100074629
0.14142333460050299232 0.15297638939836888383
0.14893250780155062318 0.15299099867383750273
0.13080007526259351813 0.15311226075599790319
0.13916834482263285011 0.15340034231311081014
0.11510702564000289960 0.15420088713788487889
0.13550303085690668103 0.15456078017846108796
0.12239182254469474498 0.15472936982122145744
0.14428999785664092803 0.15514325833358727502
0.15404410245789110223 0.15546698487671592459
0.15057088586412809006 0.15591806625782222984
0.13179623571922732816 0.15644213929538355878
0.15284707748159295781 0.15722180711891975413
0.12016426371969772535 0.15841176615077376399
0.13338777775217172672 0.15865983974697475678
0.14521445592254855761 0.15919496772741417723
0.15361847707974390920 0.15946076172036374730
0.13475318652709597500 0.15993538174830293497
0.14606867952446606074 0.15997337605970243790
0.15295455692410744875 0.16028869094061753975
0.15673853903092371809 0.16059711013633873322
0.15222388557985433444 0.16060032382055849931
0.15761248805928254613 0.16154835478784537739
0.14794955630439712846 0.16178208029725468786
0.15930628281138647928 0.16179333635928419555
0.14036512712792742485 0.16287276301633757392
0.13852498884417108194 0.16360240825554864252
0.15057204349538549915 0.16403872832509308610
0.16157671377526261480 0.16408015099276115900
0.16051518630925959430 0.16467585730187217496
0.12688481410224064505 0.16467720504752134114
0.14157839033389138517 0.16508378142259902410
0.12388307439569413992 0.16513774211383480672
0.12654138208185311543 0.16533455765571847262
0.14782162235082355051 0.16596350641927906655
0.15177232299781112657 0.16627512826836449156
0.16218229228780392526 0.16645705685748263258
0.14715231429890301973 0.16661417864965002988
0.13507498551972926815 0.16751724066451009754
0.14581484563086272166 0.16766304097916104321
0.16500332206676285307 0.16783073575748608253
0.14108916468964224911 0.16824814021035652822
0.14812398217115516075 0.16846121867137267558
0.15253904752213548468 0.16875356455517218079
0.13640077859662516624 0.16929610057189720118
0.15827806006931277594 0.17002157669696463249
0.14149111102480421698 0.17026183869983618768
0.13667972004457146218 0.17109200956587572451
0.16049553677022806997 0.17142223082861204886
0.12115921801537073155 0.17147691365976375222
0.15685421354972248209 0.17166268275373983143
0.16587879533754934513 0.17203540670630965148
0.14785733288452718170 0.17205779583069788496
0.16912660739815701949 0.17284667101926798338
0.13705775033016973086 0.17384123078735960743
0.11543262639545018300 0.17422448194929410215
0.14507428700221436380 0.17428761844111106960
0.14035022550309114719 0.17522646929435242713
0.16383890877328768920 0.17525356712104653290
0.16304599727329507908 0.17546121659262539638
0.16308481396684923470 0.17561992019017624855
0.17353252646151373639 0.17662569747918976937
0.15031573522836558232 0.17694842524681519969
0.17416818053514870890 0.17700440288932084432
0.17780285458256608888 0.17784204478704623842
0.15579033025308497429 0.17818326585140120688
0.15427740395698513742 0.17835892235314684817
0.16598363293460452472 0.17889544274481156139
0.15874670456089948201 0.17901009926907718306
0.13043114050914311752 0.17914144694749328801
0.17277695859139305390 0.17943979740708859705
0.15521883904710312430 0.17962601488352036849
0.14342268710758895867 0.17967574871004321491
0.17814496387711206693 0.17992824635381596265
0.14034366563152353424 0.18007976772838207857
0.16419132633294913903 0.18031124348350230369
0.12223248763202797240 0.18035936087013090812
0.15368198264230770178 0.18056107281833905231
0.16230347472263043085 0.18132474358639097400
0.15466998445352814207 0.18180357085592782629
0.18163554029564507597 0.18197977657850925026
0.17343782162075688236 0.18201016270679418185
0.11718032996203496532 0.18205400287388168179
0.15155757823839713372 0.18307459247506330247
0.13622913898759228535 0.18307459247506330247
0.13179269593722420240 0.18375956836227591573
0.14844498386947693747 0.18421882738134698343
0.18304298229956267319 0.18437530031435714339
0.18375860035064356390 0.18469144112778335121
0.17474686537948230791 0.18473187985876982076
0.15911330226375489105 0.18489308443574936636
0.12634359747131679308 0.18627602643995028187
0.15673646846431343871 0.18723799786924325006
0.16900217814220350188 0.18807169216792918309
0.13543332562110879658 0.18937733593897571049
0.16883489982739291468 0.18953558017668342695
0.15224729931742173039 0.18958932215959381495
0.15613852504247127673 0.19024304860329149802
0.17781990262475441678 0.19098108131834184986
0.16186770189816671039 0.19124491817239111513
0.13229403601063383089 0.19145324819215525647
0.15133424836600894992 0.19179136276427183327
0.11410743015441210391 0.19182863033497310479
0.12500255895808809470 0.19224524253524782891
0.12587303091287488366 0.19239467065464210815
0.16802770241872647117 0.19261433128739624543
0.16903246511454458889 0.19312151321423356998
0.14121266805120633037 0.19340838621778783102
0.12080224032843873971 0.19343262710060432630
0.12828323272105943142 0.19386170549636114191
0.18343613776810568927 0.19464893107432981734
0.17361071990756657413 0.19528544703751413159
0.15340925372125344128 0.19577152026659011552
0.13699573733406764098 0.19583465834632807212
0.19379621570880506409 0.19693353042916555973
0.18300592416486705094 0.19857532715150619240
0.14021029706991006147 0.19903010102506110690
0.17291919669843569540 0.19963167650423116473
0.14735432682419397077 0.19997258500601430842
0.14745507599621840433 0.20001728579748134784
0.15173250250683631424 0.20013676062459576088
0.14865497387641721239 0.20074479354897437067
0.16393030980225578586 0.20100930503272723682
0.12082756652801272812 0.20312302817759661511
0.19347508169165747449 0.20401372197914247053
0.18041929220474717255 0.20420846623179492174
0.18061431876484626557 0.20440987163721788256
0.18396338765556005668 0.20493562935694592531
0.15311368591702087527 0.20617314006130688098
0.14161850153223132232 0.20695560582844932385
0.16786888511624670217 0.20714596307997157343
0.13977968117524483538 0.20724914428530183397
0.15729566606717942934 0.20838285925169136581
0.19456917157238284855 0.21015602990380408133
0.16906284641294649917 0.21062415580713397811
0.12867170353688620055 0.21120347792806606901
0.13358878330236539922 0.21194365157179922976
0.13096314927078792079 0.21264544020295231275
0.19729299155169965907 0.21266774588231313059
0.19420352423262243757 0.21285584064623966349
0.12756699272295182745 0.21290298271761382010
0.20168322260554549796 0.21323543640188369341
0.14970706779537437670 0.21355794197803623646
0.20067784927707710274 0.21537916292425907105
0.13926761449346128363 0.21690535528166077217
0.17762248379061329473 0.21690798067001459959
0.16061959254355567817 0.21716541963158655926
0.13039072196278292393 0.21749660867556708244
0.14520236075705372780 0.21871255354609039911
0.14236231476414948349 0.22216789777830861508
0.21021615060476003811 0.22350299877351473277
0.13780634260624788356 0.22413636011386878222
0.12038856689634368224 0.22447377707888818699
0.14890553497188821486 0.22537845343649462460
0.22521105562134363653 0.22613982706349555762
0.14477531327363796221 0.22753342527077830004
0.22365572241870840253 0.22753368826422937232
0.13435052615101547580 0.23011473931665646364
0.21936728705328997768 0.23738474995274327917
0.20976629435779625688 0.23797600483428479889
0.16699010547679474237 0.24137602180621953174
0.24332454970960548657 0.24334058272552386293
0.21022676341272319989 0.25693505219890150348
0.24835797332803427606 0.25920995695429388528
