0.07716143235324096628 0.08161425049262471809
0.08182301151446753906 0.08298707160575051478
0.08172372644212874682 0.08447597529802318428
0.08715788794592693733 0.08940932062409340242
0.09661371645569785671 0.10024736202873855972
0.08746944615892347785 0.10076408099441060140
0.09454853078198172112 0.10152410119281528311
0.10404795262977271919 0.10411722198579911880
0.09027715583899735552 0.10411722198579911880
0.09809872640137563826 0.10556589331633205175
0.08447017642695008044 0.10779148430947410597
0.09953657127209199207 0.10900523795358024737
0.10733791528217954958 0.10919787801326273635
0.10689844381143626117 0.10928402347291299446
0.11040899144179071312 0.11152943780946168728
0.09684332041968700400 0.11203884108567879752
0.11262510711668767549 0.11269342443912611085
0.10041531403015219182 0.11627876380106337562
0.11412094181855292341 0.11681516814932896287
0.11009495945452874022 0.11762172414450101920
0.11906881687702103312 0.12037091327641744054
0.11078893641728933261 0.12052032532727285918
0.12053169625367593509 0.12196091091893712655
0.10030542711103192233 0.12225034144782587209
0.11211432811361565776 0.12312802537534182912
0.11703910548170443073 0.12342576857632539533
0.11814683420125626778 0.12463866608447314588
0.09761237785119733501 0.12472793829180055247
0.10517072252726795967 0.12522620401323372730
0.12414900798818447047 0.12552486255230113632
0.12516701351121714558 0.12577396997096645936
0.12645828558278079945 0.12810044864886893645
0.12384948776303175699 0.12851943257220801997
0.11796018196252551491 0.12854411304211990630
0.12462218891325614611 0.12879775056063191840
0.11550509242303892699 0.13047163966427285930
0.12835224991743243717 0.13083030434507389450
0.11414422443041354061 0.13101273819204412030
0.11319816816936241477 0.13151120038330485484
0.11104267416033429539 0.13225802779867076864
0.12388655153337384263 0.13253196077170165124
0.10549310305456885417 0.13415265867070419459
0.13247942966109654828 0.13486849206983869687
0.09756832587526752254 0.13556910089290621912
0.11702142931974278406 0.13591308241242927579
0.10857151870497928903 0.13686819040642594913
0.13239218119573284427 0.13735917766727206990
0.13022795859308161637 0.13742926008169062402
0.11788001545805217030 0.13743867977759252619
0.10519175469425105784 0.13781572044556347767
0.12781889906302476567 0.13906525218177603898
0.12534303686175182757 0.13940093974105102759
0.13084554971456682781 0.13949765784545589686
0.12431196272758919530 0.13960930961688763907
0.12885628577370605852 0.13990383071185161223
0.11320175921601531577 0.14039418464860523028
0.10813299042039387077 0.14071643349798049205
0.13867109923598852639 0.14241736780049502054
0.14032709016497252330 0.14317547086598472750
0.12393517034013427913 0.14370015934215779607
0.13971688279391117349 0.14403705727855972696
0.10039614940528439335 0.14466969173943136640
0.11875913861262214766 0.14514415774468678033
0.13718173978393100043 0.14617128497113296426
0.12253709727290465481 0.14675235583431583963
0.14384238972522125910 0.14807140320370396069
0.14072937838261656562 0.14897150421502936002
0.12829502978936968560 0.14928856739799392650
0.11025460811166166997 0.15089304934116093415
0.15008902324445966281 0.15122019888042620428
0.14657452578025123580 0.15125092897141023673
0.14744721317714873376 0.15258665011151900659
0.10881081742435221027 0.15264779106518155949
0.13766415750623689496 0.15275472831831982123
0.14185775158675811847 0.15285921677491773329
0.12920765153551913573 0.15310594692436735320
0.14610657976064519992 0.15323347783070614958
0.14171702780630857088 0.15364404185093680222
0.14133823839633788411 0.15386635956314734242
0.13236006302932873391 0.15422287884257532276
0.11320237899859791897 0.15451665238093964527
0.15125206934487592236 0.15588971464593867622
0.15322512643454042069 0.15601756809903180589
0.14264134494966351774 0.15618768556101855771
0.13680542264923445384 0.15663877239472648317
0.10436095165669380391 0.15687682353638449095
0.14879360420465390091 0.15716020127780519489
0.15681853396854145144 0.15790606016419775348
0.11519480777027001073 0.15903896301188036322
0.15393447485701611255 0.15908144699666157407
0.12232346672163656176 0.16000217448824519129
0.15791253585182332686 0.16061751051636496967
0.14611580557446937623 0.16122360441383762342
0.11891866465052115809 0.16194041768352168686
0.15909352333625312315 0.16204128931197456231
0.11551460611325858885 0.16218843607033048282
0.14863450254191953870 0.16242241349498331981
0.15937332706183585107 0.16293142047125966365
0.15813836402849992813 0.16354933570816707067
0.14165517276426700666 0.16378671018609469723
0.15938004626238791439 0.16381307398198777237
0.13966704503581645058 0.16569767746657498853
0.16193019870835351215 0.16596834119998360446
0.13627094510497361757 0.16612812112463082315
0.16291250395863998701 0.16654619794310507319
0.15185721770190654945 0.16726684860930823850
0.15250385793404711010 0.16832324033950318842
0.16262555385461674451 0.16857030160685726461
0.16130421644962589234 0.16861284464405557060
0.16428693919061612694 0.16881264849734217703
0.15403840802918922215 0.16893875624119483736
0.14563458836993059542 0.16924198839060930477
0.15554812598305253757 0.16952885693588595761
0.16857825534139833645 0.16976602886002728487
0.12440135379989643305 0.17028671369612513598
0.12518317159609293476 0.17074957997445885938
0.12867251160982678959 0.17137318939467796608
0.15136376500752996010 0.17143046182933074917
0.17066419393307760699 0.17149273311198307002
0.15831643344566129206 0.17163009479676372138
0.14948190859504459360 0.17304226063117256196
0.17263507954499066055 0.17429726727514485707
0.17162171124407255007 0.17431463315574918793
0.15986647668814721324 0.17515916138847995032
0.12563176984583659945 0.17519000558998143458
0.12909841992327075744 0.17580593691277643376
0.16054056970073887767 0.17607627853180268795
0.14572249083950550297 0.17630980565453399644
0.14113074753810014861 0.17637782210332209054
0.14286445733064587205 0.17639408441398723992
0.16411636728617434722 0.17639408441398723992
0.14624193306537078274 0.17720486571943852572
0.16234600633189141816 0.17733641203881289616
0.16613305779073056501 0.17757054818316875267
0.12089800033630235254 0.18019888441519252287
0.14337798201996923564 0.18047090241510402309
0.13841788116617928517 0.18137740192186074806
0.17173489798424260155 0.18171113359258567188
0.11437628079208250753 0.18172341682568421417
0.17704270830171089934 0.18189968872461981242
0.16359045008899816831 0.18326838027775968487
0.16962511734407367814 0.18350461257271741267
0.14278792828266592685 0.18369472950240697817
0.15894782888577554947 0.18374638572103951795
0.14333563184110284516 0.18497137325803639230
0.11654986287290851343 0.18559830361501419849
0.17147706122003514295 0.18590652836693163930
0.17729008972616833173 0.18590652836693163930
0.17769575402569348643 0.18598059917285786335
0.14417881094151521748 0.18606927905049430727
0.15868667688766108226 0.18616916375830538932
0.14241726299117249410 0.18634799906214799536
0.16383472365423923378 0.18642239127138759969
0.17066575681830650768 0.18693557023955109653
0.13410727830266436222 0.18710523637700679500
0.18560160378663762004 0.18758205010298448223
0.18071259759906371789 0.18922504709984100391
0.14472333558177588597 0.19005529105053292627
0.12369434543744561861 0.19017202666343285822
0.18642934054779825015 0.19065534243180720653
0.13969323180013812347 0.19301990371395011392
0.13113285926820683613 0.19327516895394256102
0.14152371538954786057 0.19338930284472258259
0.16376258920111944062 0.19450864704786421933
0.17443799717224767187 0.19537028952597976228
0.19346557101494071818 0.19649821141114273693
0.18258182182748261546 0.19700916320435324369
0.17156913325044970131 0.19711240913866437396
0.16262341450216780125 0.19724391762408033379
0.14060148131107397251 0.19744409393672285313
0.15033574756498738201 0.19822638805604769763
0.13214663792602227010 0.19865393743327097731
0.13991884260818424068 0.19895355532510286545
0.18173263738779657506 0.19896953362798167064
0.12793975346798755477 0.19931483784365169876
0.17532060957667922052 0.20107142508589045948
0.12402163254736510434 0.20117268538543964240
0.13778447242461733246 0.20169018627269522104
0.15634527580581264461 0.20213168519764457276
0.17267334200369208186 0.20219969221145306371
0.19548079668199097592 0.20307292004014740328
0.17685505105134030623 0.20499759731587635647
0.18126199032289139201 0.20576695251733290171
0.18874235279766804485 0.20614770822297748265
0.16434157603952601057 0.20678920095027611414
0.13935136693217650694 0.20733656714203702043
0.11702792936769511323 0.20764840987113697413
0.19682591788947745304 0.20813090537049938611
0.11941618744390081197 0.20856636582131968249
0.13252797710584082735 0.20881093122762112158
0.11376982898664000921 0.20883120755538689406
0.11505862468312245961 0.20891829169516967779
0.13618820992371122314 0.20998459029909244400
0.14385521714159293927 0.21045909497047773917
0.20494844265538331163 0.21065064850251213890
0.15854699391100054995 0.21098347316062274204
0.14486121007384308856 0.21540183716238511802
0.17391225740756130480 0.21588657631301794160
0.21139002609050203119 0.21700437433575184287
0.14544139975964440192 0.21706768674150062060
0.17180765856253796264 0.21711262017943400160
0.19524150949710217251 0.21739444571718199994
0.14501664695080265788 0.21761599688097960081
0.19368069541065383032 0.21796028521482049833
0.14511206658518466250 0.21897297204790733272
0.18952106644377458844 0.22002528779838706474
0.21332074540495868376 0.22015105914678689825
0.17379641927579125849 0.22074720283206522575
0.16444455144132377744 0.22106935389005824555
0.20522449437240611325 0.22229524557454802269
0.18306608011009647963 0.22305600150733650988
0.15706852743611676715 0.22315755046137888962
0.16903721731449980470 0.22437993214051180080
0.13465134247169949222 0.22524428501683521620
0.14304059007640684831 0.22543917886902353764
0.11387452241282665366 0.22669698814764407957
0.20119383776477847703 0.22874840502024620936
0.23907732068557246974 0.23998328263912382941
0.22061533794470328251 0.24053995803740568782
0.21395103634543063964 0.24358010632922996730
0.21639322369040567273 0.24461779717009962676
0.20886005523667935946 0.24593126905123752213
0.17917735442828325310 0.25026983863723017976
0.16214085584005569207 0.25186446901065023818
0.15725471669530080576 0.25371927507839880933
