0.00000000000000000000 0.00332759948204025633
0.00000000000000000000 0.00395782160802532219
0.00000000000000000000 0.00408457302862739492
0.00000000000000000000 0.00470749624530354075
0.00000000000000000000 0.00579213547415793895
0.00000000000000000000 0.00639092731971997296
0.00000000000000000000 0.00680147417964160287
0.00000000000000000000 0.00681100836888802637
0.00000000000000000000 0.00685851915182085058
0.00000000000000000000 0.00701626302487218332
0.00000000000000000000 0.00724869474007601433
0.00000000000000000000 0.00782840270504916655
0.00000000000000000000 0.00783521366389795804
0.00000000000000000000 0.00805148002146529977
0.00000000000000000000 0.00809576221348578054
0.00000000000000000000 0.00858728617797682899
0.00000000000000000000 0.00868091607409623989
0.00000000000000000000 0.00873398612077223857
0.00000000000000000000 0.00908406843019333825
0.00000000000000000000 0.00944105789912162881
0.00000000000000000000 0.00954390485304014782
0.00000000000000000000 0.00967889831511459416
0.00000000000000000000 0.00986916937550247342
0.00000000000000000000 0.00988154953197159340
0.00000000000000000000 0.01024126282640997615
0.00000000000000000000 0.01024220311234547154
0.00000000000000000000 0.01030373418944896709
0.00000000000000000000 0.01040971235282783791
0.00000000000000000000 0.01051878040582554692
0.00000000000000000000 0.01078633427566307902
0.00000000000000000000 0.01083270683883081134
0.00000000000000000000 0.01091129268061224490
0.00000000000000000000 0.01091324708590886775
0.00000000000000000000 0.01095196337515858161
0.00000000000000000000 0.01101239222181180089
0.00000000000000000000 0.01112925554696090127
0.00000000000000000000 0.01113523101464262109
0.00000000000000000000 0.01114047002341284585
0.00000000000000000000 0.01114874755674318332
0.00000000000000000000 0.01123732430493953709
0.00000000000000000000 0.01147762468782507171
0.00000000000000000000 0.01152986970016299344
0.00000000000000000000 0.01156395866759424296
0.00000000000000000000 0.01158788380406259623
0.00000000000000000000 0.01178305892103825858
0.00000000000000000000 0.01179335759343772862
0.00000000000000000000 0.01183281119414525233
0.00000000000000000000 0.01189435644295688474
0.00000000000000000000 0.01190665193177752566
0.00000000000000000000 0.01191472416365339619
0.00000000000000000000 0.01203334677199253619
0.00000000000000000000 0.01205425384235701489
0.00000000000000000000 0.01215509085514625623
0.00000000000000000000 0.01217459215467723600
0.00000000000000000000 0.01217481315745715109
0.00000000000000000000 0.01221171546197693039
0.00000000000000000000 0.01221837104359610980
0.00000000000000000000 0.01228955903864071414
0.00000000000000000000 0.01261316318694432476
0.00000000000000000000 0.01274955076148408077
0.00000000000000000000 0.01279306151061587217
0.00000000000000000000 0.01289028170194900062
0.00000000000000000000 0.01289305146757607941
0.00000000000000000000 0.01289991298667777196
0.00000000000000000000 0.01293761877878278621
0.00000000000000000000 0.01297813024102097319
0.00000000000000000000 0.01299283832297127086
0.00000000000000000000 0.01301766815101559373
0.00000000000000000000 0.01310731296320683144
0.00000000000000000000 0.01311434657361644843
0.00000000000000000000 0.01313267250817986426
0.00000000000000000000 0.01318133087297897361
0.00000000000000000000 0.01320098600556222392
0.00000000000000000000 0.01322894490944324236
0.00000000000000000000 0.01324268377405925581
0.00000000000000000000 0.01325693631742550296
0.00000000000000000000 0.01332091979512624834
0.00000000000000000000 0.01333975740833953302
0.00000000000000000000 0.01334623931136266414
0.00000000000000000000 0.01339630307103634003
0.00000000000000000000 0.01343799938745381464
0.00000000000000000000 0.01349559547973493492
0.00000000000000000000 0.01351914808274317856
0.00000000000000000000 0.01352021295947231951
0.00000000000000000000 0.01354162716747975455
0.00000000000000000000 0.01377597105572878587
0.00000000000000000000 0.01383943896231382489
0.00000000000000000000 0.01404761644898649096
0.00000000000000000000 0.01407866349860664550
0.00000000000000000000 0.01411373710548856353
0.00000000000000000000 0.01417538704712854696
0.00000000000000000000 0.01420052186636079627
0.00000000000000000000 0.01422213557051223327
0.00000000000000000000 0.01427221617926003119
0.00000000000000000000 0.01455253421473726855
0.00000000000000000000 0.01477813437633969558
0.00000000000000000000 0.01480437509946821474
0.00000000000000000000 0.01489284384875809095
0.00000000000000000000 0.01492985564779734757
0.00000000000000000000 0.01493108439036027607
0.00000000000000000000 0.01493651030194995469
0.00000000000000000000 0.01494205993387080766
0.00000000000000000000 0.01495638297682133286
0.00000000000000000000 0.01499433791290243415
0.00000000000000000000 0.01502239474110366249
0.00000000000000000000 0.01502522847106621366
0.00000000000000000000 0.01505127364207863895
0.00000000000000000000 0.01510313432388886087
0.00000000000000000000 0.01511486991297758542
0.00000000000000000000 0.01513643162567656318
0.00000000000000000000 0.01517857570412515372
0.00000000000000000000 0.01521765228342030277
0.00000000000000000000 0.01532780931749967192
0.00000000000000000000 0.01540051794161826845
0.00000000000000000000 0.01553065774045738964
0.00000000000000000000 0.01557957240696491302
0.00000000000000000000 0.01566716360503805222
0.00000000000000000000 0.01573894292231423075
0.00000000000000000000 0.01579362999228101430
0.00000000000000000000 0.01581882695027012412
0.00000000000000000000 0.01591541969571285894
0.00000000000000000000 0.01600343367256792243
0.00000000000000000000 0.01616647124294480140
0.00000000000000000000 0.01621418374587186434
0.00000000000000000000 0.01633956856503369914
0.00000000000000000000 0.01640307731950327655
0.00000000000000000000 0.01653180794849634649
0.00000000000000000000 0.01654959021473403208
0.00000000000000000000 0.01657436237308123131
0.00000000000000000000 0.01662973588319841337
0.00000000000000000000 0.01666080251156281181
0.00000000000000000000 0.01670849628133044482
0.00000000000000000000 0.01671355602302200191
0.00000000000000000000 0.01671522145103847626
0.00000000000000000000 0.01679125340008663300
0.00000000000000000000 0.01682487483831141342
0.00000000000000000000 0.01683815027280914992
0.00000000000000000000 0.01693614800011355309
0.00000000000000000000 0.01694942197779280429
0.00000000000000000000 0.01702463616769752525
0.00000000000000000000 0.01707716399812056821
0.00000000000000000000 0.01712928513789549814
0.00000000000000000000 0.01721482046858421530
0.00000000000000000000 0.01725008587370273350
0.00000000000000000000 0.01727505130084458843
0.00000000000000000000 0.01739595441586877858
0.00000000000000000000 0.01746227724029402600
0.00000000000000000000 0.01746323810453524403
0.00000000000000000000 0.01746750609641213939
0.00000000000000000000 0.01748341318034949896
0.00000000000000000000 0.01749427051857066484
0.00000000000000000000 0.01751229237428164262
0.00000000000000000000 0.01752288260546396026
0.00000000000000000000 0.01758957995445858957
0.00000000000000000000 0.01767374134132538785
0.00000000000000000000 0.01771093018077444722
0.00000000000000000000 0.01778268503079869292
0.00000000000000000000 0.01779273556919842153
0.00000000000000000000 0.01783589927831634447
0.00000000000000000000 0.01791963032328029379
0.00000000000000000000 0.01793029871431742195
0.00000000000000000000 0.01797812641632349356
0.00000000000000000000 0.01799633728597154966
0.00000000000000000000 0.01804469288127350662
0.00000000000000000000 0.01809329687535187955
0.00000000000000000000 0.01811669083353070406
0.00000000000000000000 0.01819547162519687469
0.00000000000000000000 0.01822824934659482074
0.00000000000000000000 0.01825838774070998385
0.00000000000000000000 0.01826087344484936953
0.00000000000000000000 0.01827684302684938478
0.00000000000000000000 0.01828003033138550157
0.00000000000000000000 0.01828369195230187746
0.00000000000000000000 0.01829283985161113055
0.00000000000000000000 0.01830553486524007581
0.00000000000000000000 0.01839618332616607330
0.00000000000000000000 0.01852336628494161835
0.00000000000000000000 0.01853255437954879140
0.00000000000000000000 0.01856547442846382193
0.00000000000000000000 0.01859798740632115366
0.00000000000000000000 0.01866868998410659355
0.00000000000000000000 0.01878912008956091714
0.00000000000000000000 0.01884499603710289295
0.00000000000000000000 0.01887033808693584780
0.00000000000000000000 0.01893658189521530907
0.00000000000000000000 0.01902616707191919984
0.00000000000000000000 0.01927264798866082721
0.00000000000000000000 0.01931454696072109831
0.00000000000000000000 0.01935265208469052686
0.00000000000000000000 0.01938349898539717259
0.00000000000000000000 0.01938727241484939495
0.00000000000000000000 0.01941758665196380643
0.00000000000000000000 0.01942649941840781519
0.00000000000000000000 0.01954190490619897580
0.00000000000000000000 0.01955677934576234220
0.00000000000000000000 0.01959283645256235454
0.00000000000000000000 0.01961952587300260994
0.00000000000000000000 0.01962896276978608190
0.00000000000000000000 0.01967903668266792958
0.00000000000000000000 0.01968885492793458203
0.00000000000000000000 0.01970648204859616615
0.00000000000000000000 0.01976996340654604833
0.00000000000000000000 0.01979248126545953348
0.00000000000000000000 0.01987423260197453134
0.00000000000000000000 0.01990023295878404208
0.00000000000000000000 0.01994203591345136001
0.00000000000000000000 0.01999857247385707776
0.00000000000000000000 0.02000173421996093159
0.00000000000000000000 0.02000940991030511831
0.00000000000000000000 0.02004973877537228819
0.00000000000000000000 0.02009220004288732320
0.00000000000000000000 0.02014523692800213039
0.00000000000000000000 0.02017675703555742509
0.00000000000000000000 0.02019571439318670544
0.00000000000000000000 0.02020217804790455304
0.00000000000000000000 0.02022658120907129542
0.00000000000000000000 0.02023634752309523901
0.00000000000000000000 0.02023778094657524909
0.00000000000000000000 0.02026147930234420066
0.00000000000000000000 0.02033602314500990854
0.00000000000000000000 0.02041285643659288343
0.00000000000000000000 0.02042286841680594420
0.00000000000000000000 0.02045276759880794090
0.00000000000000000000 0.02046604200495797179
0.00000000000000000000 0.02058259503768320245
0.00000000000000000000 0.02063374886063082045
0.00000000000000000000 0.02077381607894414339
0.00000000000000000000 0.02079566147043575633
0.00000000000000000000 0.02081534832199341892
0.00000000000000000000 0.02083925116988496334
0.00000000000000000000 0.02086100658853791423
0.00000000000000000000 0.02088150382370487432
0.00000000000000000000 0.02089293348215047474
0.00000000000000000000 0.02097466123478496786
0.00000000000000000000 0.02103381739824808708
0.00000000000000000000 0.02107514275029693032
0.00000000000000000000 0.02108420021579768613
0.00000000000000000000 0.02109302215425483407
0.00000000000000000000 0.02111468187432263832
0.00000000000000000000 0.02115106947424672673
0.00000000000000000000 0.02115397398766743695
0.00000000000000000000 0.02118998752817850828
0.00000000000000000000 0.02133074215855751410
0.00000000000000000000 0.02134015649300766843
0.00000000000000000000 0.02136463565875503651
0.00000000000000000000 0.02143455020104235997
0.00000000000000000000 0.02150578997503302739
0.00000000000000000000 0.02153966415299524498
0.00000000000000000000 0.02155772148622731726
0.00000000000000000000 0.02157353675980045946
0.00000000000000000000 0.02166699522586855789
0.00000000000000000000 0.02171676397343381623
0.00000000000000000000 0.02171921010148060438
0.00000000000000000000 0.02173976969902603057
0.00000000000000000000 0.02178382277686047655
0.00000000000000000000 0.02179083045213520142
0.00000000000000000000 0.02191456174895750272
0.00000000000000000000 0.02197490743335055868
0.00000000000000000000 0.02199982558916484601
0.00000000000000000000 0.02201101802437903029
0.00000000000000000000 0.02214263501975889323
0.00000000000000000000 0.02223461911571058061
0.00000000000000000000 0.02224185281464789027
0.00000000000000000000 0.02227579274218375108
0.00000000000000000000 0.02241723666088222405
0.00000000000000000000 0.02247519376781106915
0.00000000000000000000 0.02248912283896725012
0.00000000000000000000 0.02249456039124542173
0.00000000000000000000 0.02252798827515710423
0.00000000000000000000 0.02255357314987271183
0.00000000000000000000 0.02268683020036701276
0.00000000000000000000 0.02271740632098567109
0.00000000000000000000 0.02281768883146076399
0.00000000000000000000 0.02287833573845893947
0.00000000000000000000 0.02287953372301351762
0.00000000000000000000 0.02296701294692017961
0.00000000000000000000 0.02297371335925294661
0.00000000000000000000 0.02304889873407152401
0.00000000000000000000 0.02310536441602305605
0.00000000000000000000 0.02315587052406019308
0.00000000000000000000 0.02321770458205741836
0.00000000000000000000 0.02325001794470116581
0.00000000000000000000 0.02336590997996361788
0.00000000000000000000 0.02344185422021816470
0.00000000000000000000 0.02344988805122538364
0.00000000000000000000 0.02364668897944177672
0.00000000000000000000 0.02380801269016578556
0.00000000000000000000 0.02382714752446080803
0.00000000000000000000 0.02383366637138768437
0.00000000000000000000 0.02393790732263556195
0.00000000000000000000 0.02404458552320135403
0.00000000000000000000 0.02405067040348793719
0.00000000000000000000 0.02407275207294000061
0.00000000000000000000 0.02421442811882354093
0.00000000000000000000 0.02424036736347277843
0.00000000000000000000 0.02441396446043937393
0.00000000000000000000 0.02453377147632039915
0.00000000000000000000 0.02454888791211957619
0.00000000000000000000 0.02460433028349526610
0.00000000000000000000 0.02461241250736896993
0.00000000000000000000 0.02461795598765077406
0.00000000000000000000 0.02470294691704669199
0.00000000000000000000 0.02471691060705213591
0.00000000000000000000 0.02478538586595337850
0.00000000000000000000 0.02480438450300321077
0.00000000000000000000 0.02480774191812669394
0.00000000000000000000 0.02481781449701801409
0.00000000000000000000 0.02482784179137649885
0.00000000000000000000 0.02486129639854059090
0.00000000000000000000 0.02486469358036689711
0.00000000000000000000 0.02488321922421804153
0.00000000000000000000 0.02493266656518575500
0.00000000000000000000 0.02507357170025101972
0.00000000000000000000 0.02511343061411798819
0.00000000000000000000 0.02518625549896065519
0.00000000000000000000 0.02523916300965763429
0.00000000000000000000 0.02527422526487344001
0.00000000000000000000 0.02527456513938103333
0.00000000000000000000 0.02530110449120217403
0.00000000000000000000 0.02533573393245665620
0.00000000000000000000 0.02535072424974296745
0.00000000000000000000 0.02543336808696067264
0.00000000000000000000 0.02548263258046319646
0.00000000000000000000 0.02549324126576157229
0.00000000000000000000 0.02550934010122438145
0.00000000000000000000 0.02559438800421363555
0.00000000000000000000 0.02561572651849429103
0.00000000000000000000 0.02565001014029634832
0.00000000000000000000 0.02566349925838997889
0.00000000000000000000 0.02568271401822523614
0.00000000000000000000 0.02577237352211709728
0.00000000000000000000 0.02581779781716337513
0.00000000000000000000 0.02599434363612950286
0.00000000000000000000 0.02600153094230849005
0.00000000000000000000 0.02601480138568855460
0.00000000000000000000 0.02603833069675046130
0.00000000000000000000 0.02612764568152103548
0.00000000000000000000 0.02613819267941715901
0.00000000000000000000 0.02615835752102653108
0.00000000000000000000 0.02618839378754521732
0.00000000000000000000 0.02628307307870869289
0.00000000000000000000 0.02628890416897822560
0.00000000000000000000 0.02637331257490216005
0.00000000000000000000 0.02642440993358747062
0.00000000000000000000 0.02647397799632521601
0.00000000000000000000 0.02655067645172326171
0.00000000000000000000 0.02657534838132253469
0.00000000000000000000 0.02662020642772933154
0.00000000000000000000 0.02664241645963194571
0.00000000000000000000 0.02669698499518340790
0.00000000000000000000 0.02679832465416446402
0.00000000000000000000 0.02680468736052193587
0.00000000000000000000 0.02683322447203928193
0.00000000000000000000 0.02685412328802455964
0.00000000000000000000 0.02697507214475649076
0.00000000000000000000 0.02704807381412904430
0.00000000000000000000 0.02707386988473987552
0.00000000000000000000 0.02708151215572969506
0.00000000000000000000 0.02714067021062780555
0.00000000000000000000 0.02717477247478435748
0.00000000000000000000 0.02726797767130359831
0.00000000000000000000 0.02728906007129480726
0.00000000000000000000 0.02730095007374801555
0.00000000000000000000 0.02733375158575637037
0.00000000000000000000 0.02740853704865645404
0.00000000000000000000 0.02743856553542238161
0.00000000000000000000 0.02745737879662599190
0.00000000000000000000 0.02748661159872326648
0.00000000000000000000 0.02755830818458321341
0.00000000000000000000 0.02763569088888516087
0.00000000000000000000 0.02765589183827855610
0.00000000000000000000 0.02778166788536896165
0.00000000000000000000 0.02778962630220254901
0.00000000000000000000 0.02819717761710485368
0.00000000000000000000 0.02824893973905445027
0.00000000000000000000 0.02827228707743861119
0.00000000000000000000 0.02833763210655617509
0.00000000000000000000 0.02859838788145385030
0.00000000000000000000 0.02884024124996055136
0.00000000000000000000 0.02888969092130773408
0.00000000000000000000 0.02897670378236999814
0.00000000000000000000 0.02900552261081250013
0.00000000000000000000 0.02909851567306404388
0.00000000000000000000 0.02917856804661939432
0.00000000000000000000 0.02923849472866035110
0.00000000000000000000 0.02927494095118100478
0.00000000000000000000 0.02933605593740165607
0.00000000000000000000 0.02936447534159729658
0.00000000000000000000 0.02937412004111454589
0.00000000000000000000 0.02948445597192596995
0.00000000000000000000 0.02957586575250101615
0.00000000000000000000 0.02958801071215253625
0.00000000000000000000 0.02969555685441056109
0.00000000000000000000 0.02970778055490111424
0.00000000000000000000 0.02988293757790361910
0.00000000000000000000 0.02992748988961368636
0.00000000000000000000 0.03017157064652587969
0.00000000000000000000 0.03019686384934548717
0.00000000000000000000 0.03025026096845181631
0.00000000000000000000 0.03027508428486684958
0.00000000000000000000 0.03040191216839775376
0.00000000000000000000 0.03044105896713291889
0.00000000000000000000 0.03049522979910935030
0.00000000000000000000 0.03055891856982503874
0.00000000000000000000 0.03067955521843488201
0.00000000000000000000 0.03070394430712452757
0.00000000000000000000 0.03074902497540345225
0.00000000000000000000 0.03111561012575561960
0.00000000000000000000 0.03142323459432773414
0.00000000000000000000 0.03143052820935186842
0.00000000000000000000 0.03158260755040896706
0.00000000000000000000 0.03162429659575438645
0.00000000000000000000 0.03257524633990743074
0.00000000000000000000 0.03262173674626580450
0.00000000000000000000 0.03316512132502570653
0.00000000000000000000 0.03324070821144855387
0.00000000000000000000 0.03325522979829567682
0.00000000000000000000 0.03330305805495766686
0.00000000000000000000 0.03343116687471452131
0.00000000000000000000 0.03352461725682186200
0.00000000000000000000 0.03353610273580867607
0.00000000000000000000 0.03368016905500410135
0.00000000000000000000 0.03374795943997099118
0.00000000000000000000 0.03390254979678531538
0.00000000000000000000 0.03414833718244844607
0.00000000000000000000 0.03426730870085854808
0.00000000000000000000 0.03431180897894862969
0.00000000000000000000 0.03444708993582901863
0.00000000000000000000 0.03472871287031483595
0.00000000000000000000 0.03482587706775120556
0.00000000000000000000 0.03504566853812059873
0.00000000000000000000 0.03514958297204072435
0.00000000000000000000 0.03524599428976159243
0.00000000000000000000 0.03541771594280771623
0.00000000000000000000 0.03598471614371803740
0.00000000000000000000 0.03606062789260154611
0.00000000000000000000 0.03621352744980430027
0.00000000000000000000 0.03648137980069929287
0.00000000000000000000 0.03655815521624771608
0.00000000000000000000 0.03674093571148757259
0.00000000000000000000 0.03676201475471605612
0.00000000000000000000 0.03678957614219063171
0.00000000000000000000 0.03706136259185480175
0.00000000000000000000 0.03712756716483727598
0.00000000000000000000 0.03717308640707030210
0.00000000000000000000 0.03734830304199620449
0.00000000000000000000 0.03806594989912352039
0.00000000000000000000 0.03846011512551929246
0.00000000000000000000 0.03868615366794924543
0.00000000000000000000 0.03868687909703960592
0.00000000000000000000 0.03889611849915275421
0.00000000000000000000 0.03957859812813436379
0.00000000000000000000 0.03984306070471422406
0.00000000000000000000 0.04019285729884830571
0.00000000000000000000 0.04026347551468675845
0.00000000000000000000 0.04115812763386197948
0.00000000000000000000 0.04123388380069041570
0.00000000000000000000 0.04157210465008054356
0.00000000000000000000 0.04190276872185294543
0.00000000000000000000 0.04214870431103048126
0.00000000000000000000 0.04230788847193747010
0.00000000000000000000 0.04231632488037972983
0.00000000000000000000 0.04233225250530105177
0.00000000000000000000 0.04289102955490454311
0.00000000000000000000 0.04313018949629765508
0.00000000000000000000 0.04372343060423328903
0.00000000000000000000 0.04389679763465623163
0.00000000000000000000 0.04422311174358601465
0.00000000000000000000 0.04446549613141671103
0.00000000000000000000 0.04507219267225107823
0.00000000000000000000 0.04518855727211321116
0.00000000000000000000 0.04661635602965347180
0.00000000000000000000 0.04794217439835597033
0.00000000000000000000 0.04799787691211319235
0.00000000000000000000 0.04860645044439595303
0.00000000000000000000 0.04866266141380419519
0.00000000000000000000 0.05037546590876136599
0.00000000000000000000 0.05099638866066474180
0.00000000000000000000 0.05125726387021016517
0.00000000000000000000 0.05146350179165122551
0.00000000000000000000 0.05257545132737681537
0.00000000000000000000 0.05398646677791223841
0.00000000000000000000 0.05399060815819456405
0.00000000000000000000 0.05447149950516767120
0.00000000000000000000 0.05607372168923233091
0.00000000000000000000 0.05611965172466026885
0.00000000000000000000 0.05658404799416247299
0.00000000000000000000 0.05997515289699135305
0.00000000000000000000 0.06032372219507351613
0.00000000000000000000 0.06053147106030568741
0.00000000000000000000 0.06189981443274201328
0.00000000000000000000 0.06261607397321970747
0.00000000000000000000 0.06278827936121894604
0.00000000000000000000 0.06309791882958228071
0.00000000000000000000 0.07128808291962557275
0.00000000000000000000 0.08711433705480568779
0.00000000000000000000 0.08890952326002839190
0.00000000000000000000 0.52283020047564832122
0.00000000000000000000 0.57848098605266806693
0.00000000000000000000 1.73205080756887719318
