0.00000000000000000000 0.00154091867160751511
0.00000000000000000000 0.00312216701903834850
0.00000000000000000000 0.00319624398559467931
0.00000000000000000000 0.00659337001074967750
0.00000000000000000000 0.00694800022487995772
0.00000000000000000000 0.00695699890950980237
0.00000000000000000000 0.00726175236328081841
0.00000000000000000000 0.00762126626965963297
0.00000000000000000000 0.00768068243215112422
0.00000000000000000000 0.00772893552016696260
0.00000000000000000000 0.00781954503376062170
0.00000000000000000000 0.00798686239497249130
0.00000000000000000000 0.00799140762211265898
0.00000000000000000000 0.00831658852289142089
0.00000000000000000000 0.00847364461965655937
0.00000000000000000000 0.00861301528759165352
0.00000000000000000000 0.00873452751397499859
0.00000000000000000000 0.00891884073642269272
0.00000000000000000000 0.00898230515647819965
0.00000000000000000000 0.00902839011349609345
0.00000000000000000000 0.00910130811302345237
0.00000000000000000000 0.00915748581527228885
0.00000000000000000000 0.00931187938974230474
0.00000000000000000000 0.00940835412067333142
0.00000000000000000000 0.00945053340991248124
0.00000000000000000000 0.00951833288110204290
0.00000000000000000000 0.00952400049686386724
0.00000000000000000000 0.00969077894054124270
0.00000000000000000000 0.00974512802461219990
0.00000000000000000000 0.00980017768736161747
0.00000000000000000000 0.00984194416708637602
0.00000000000000000000 0.00996165913610880770
0.00000000000000000000 0.00998379577632928748
0.00000000000000000000 0.01009884890699430139
0.00000000000000000000 0.01012765962525331159
0.00000000000000000000 0.01014318660368811534
0.00000000000000000000 0.01036016743234364351
0.00000000000000000000 0.01037472590092489502
0.00000000000000000000 0.01037480403764022216
0.00000000000000000000 0.01048995764943120614
0.00000000000000000000 0.01052360559019896447
0.00000000000000000000 0.01063254557369964354
0.00000000000000000000 0.01065197827441351219
0.00000000000000000000 0.01065200697164534784
0.00000000000000000000 0.01070176997675225707
0.00000000000000000000 0.01112758978457982842
0.00000000000000000000 0.01126991221911850111
0.00000000000000000000 0.01150989233372900350
0.00000000000000000000 0.01160088853987955616
0.00000000000000000000 0.01166011998082146055
0.00000000000000000000 0.01171005936718660066
0.00000000000000000000 0.01174422627485981543
0.00000000000000000000 0.01180510082649686814
0.00000000000000000000 0.01181646816881239299
0.00000000000000000000 0.01183630560505839584
0.00000000000000000000 0.01186532756423015408
0.00000000000000000000 0.01187002056754194769
0.00000000000000000000 0.01189136751902945821
0.00000000000000000000 0.01192276493356866571
0.00000000000000000000 0.01196042026254573454
0.00000000000000000000 0.01197508446761551791
0.00000000000000000000 0.01208360103089575581
0.00000000000000000000 0.01211057070140427253
0.00000000000000000000 0.01218534447731885705
0.00000000000000000000 0.01219528821952951814
0.00000000000000000000 0.01226819702708568764
0.00000000000000000000 0.01233201141925799500
0.00000000000000000000 0.01239520076692792599
0.00000000000000000000 0.01259054031931406033
0.00000000000000000000 0.01259757170682724615
0.00000000000000000000 0.01264651178748588990
0.00000000000000000000 0.01271672479800102853
0.00000000000000000000 0.01278047747111410275
0.00000000000000000000 0.01278556183497311927
0.00000000000000000000 0.01280657711654480807
0.00000000000000000000 0.01290765648635308280
0.00000000000000000000 0.01310531024456209302
0.00000000000000000000 0.01345605326044100117
0.00000000000000000000 0.01374684795000261778
0.00000000000000000000 0.01390737760132395792
0.00000000000000000000 0.01402856582194024135
0.00000000000000000000 0.01405056548568105364
0.00000000000000000000 0.01426052515787308399
0.00000000000000000000 0.01431250059198887516
0.00000000000000000000 0.01442643349589839245
0.00000000000000000000 0.01452517427085983463
0.00000000000000000000 0.01455764463080991625
0.00000000000000000000 0.01458621535595238175
0.00000000000000000000 0.01467041793009370328
0.00000000000000000000 0.01469316937614374187
0.00000000000000000000 0.01472361465057484171
0.00000000000000000000 0.01472849508715532059
0.00000000000000000000 0.01475859477858996148
0.00000000000000000000 0.01478946841048318396
0.00000000000000000000 0.01483132122072864691
0.00000000000000000000 0.01484648764654063896
0.00000000000000000000 0.01485780081626199810
0.00000000000000000000 0.01488927073126048231
0.00000000000000000000 0.01496104108137587090
0.00000000000000000000 0.01496422028160504340
0.00000000000000000000 0.01500336221255064821
0.00000000000000000000 0.01507068767363860771
0.00000000000000000000 0.01507652203172534823
0.00000000000000000000 0.01508215675377744432
0.00000000000000000000 0.01516933917621228131
0.00000000000000000000 0.01518953782752104943
0.00000000000000000000 0.01522084748599803437
0.00000000000000000000 0.01526050338386406892
0.00000000000000000000 0.01532884461835646965
0.00000000000000000000 0.01533441840307434370
0.00000000000000000000 0.01535367789602601861
0.00000000000000000000 0.01536910271833675547
0.00000000000000000000 0.01540674265315400242
0.00000000000000000000 0.01544314217537253245
0.00000000000000000000 0.01549201772158132970
0.00000000000000000000 0.01549686863464750514
0.00000000000000000000 0.01553613382608070442
0.00000000000000000000 0.01557048567161537812
0.00000000000000000000 0.01557317359385236404
0.00000000000000000000 0.01562727535688221078
0.00000000000000000000 0.01564061174640474922
0.00000000000000000000 0.01572328127157824468
0.00000000000000000000 0.01572436085196493583
0.00000000000000000000 0.01573422034645902828
0.00000000000000000000 0.01574028244244784006
0.00000000000000000000 0.01574869818756936476
0.00000000000000000000 0.01580237157445212731
0.00000000000000000000 0.01586480377280536161
0.00000000000000000000 0.01586727034236000075
0.00000000000000000000 0.01588036269007132503
0.00000000000000000000 0.01593725717108522913
0.00000000000000000000 0.01602055868226684443
0.00000000000000000000 0.01614384019430991496
0.00000000000000000000 0.01620630959882647659
0.00000000000000000000 0.01620799556428809476
0.00000000000000000000 0.01621551075787832502
0.00000000000000000000 0.01623910941997788043
0.00000000000000000000 0.01624981181420099424
0.00000000000000000000 0.01650382414062417577
0.00000000000000000000 0.01653967924973458528
0.00000000000000000000 0.01654889023372720785
0.00000000000000000000 0.01663924415941828855
0.00000000000000000000 0.01665369707966386087
0.00000000000000000000 0.01671767424860576626
0.00000000000000000000 0.01680726568854520181
0.00000000000000000000 0.01691274883209706315
0.00000000000000000000 0.01692070061629882480
0.00000000000000000000 0.01693146944695021749
0.00000000000000000000 0.01693672282998757994
0.00000000000000000000 0.01700589247270233376
0.00000000000000000000 0.01708045826151772736
0.00000000000000000000 0.01714555676861815106
0.00000000000000000000 0.01716569805565676399
0.00000000000000000000 0.01737081717560649829
0.00000000000000000000 0.01740350145163124806
0.00000000000000000000 0.01744210638958118564
0.00000000000000000000 0.01751264298419142121
0.00000000000000000000 0.01753383905581960139
0.00000000000000000000 0.01755315242861619357
0.00000000000000000000 0.01755612858844652832
0.00000000000000000000 0.01760870365781547903
0.00000000000000000000 0.01766540339514045821
0.00000000000000000000 0.01770923715256644132
0.00000000000000000000 0.01772397346254034334
0.00000000000000000000 0.01772786642889367242
0.00000000000000000000 0.01773714982190117972
0.00000000000000000000 0.01784090967614081896
0.00000000000000000000 0.01786688792436641818
0.00000000000000000000 0.01789561143387346023
0.00000000000000000000 0.01795095021426569223
0.00000000000000000000 0.01803215092413617063
0.00000000000000000000 0.01808435576640038747
0.00000000000000000000 0.01810383532762622691
0.00000000000000000000 0.01813411092497558760
0.00000000000000000000 0.01814344494585594034
0.00000000000000000000 0.01815135332549265915
0.00000000000000000000 0.01822330573824354136
0.00000000000000000000 0.01824325569035473160
0.00000000000000000000 0.01825284553632802384
0.00000000000000000000 0.01834808029874561777
0.00000000000000000000 0.01846816273979707407
0.00000000000000000000 0.01854552569243994239
0.00000000000000000000 0.01864347526639926686
0.00000000000000000000 0.01864803633450148532
0.00000000000000000000 0.01867341001065705997
0.00000000000000000000 0.01868186941747262964
0.00000000000000000000 0.01877758148007526232
0.00000000000000000000 0.01877977573777361853
0.00000000000000000000 0.01880899474675734942
0.00000000000000000000 0.01882260320765050815
0.00000000000000000000 0.01883449342712433319
0.00000000000000000000 0.01891146924095672352
0.00000000000000000000 0.01895804349505858868
0.00000000000000000000 0.01898311455078361548
0.00000000000000000000 0.01898771987046810397
0.00000000000000000000 0.01899499972360390102
0.00000000000000000000 0.01901031996260620430
0.00000000000000000000 0.01903126598747044429
0.00000000000000000000 0.01907007415069960146
0.00000000000000000000 0.01912591225001763345
0.00000000000000000000 0.01915205220495369912
0.00000000000000000000 0.01918135243330602868
0.00000000000000000000 0.01927252026059305193
0.00000000000000000000 0.01928001838010462779
0.00000000000000000000 0.01928779160817250399
0.00000000000000000000 0.01938567498332764011
0.00000000000000000000 0.01950757821806095582
0.00000000000000000000 0.01956258170378263189
0.00000000000000000000 0.01978418127452113290
0.00000000000000000000 0.01980921129834949113
0.00000000000000000000 0.01981033791862128052
0.00000000000000000000 0.01981079885935421725
0.00000000000000000000 0.01981652851354775285
0.00000000000000000000 0.01989336511284228032
0.00000000000000000000 0.01994408017001510908
0.00000000000000000000 0.01995130092542567180
0.00000000000000000000 0.02001290574367109443
0.00000000000000000000 0.02004381745644975496
0.00000000000000000000 0.02004428033378710672
0.00000000000000000000 0.02016377440179002029
0.00000000000000000000 0.02019925113290305455
0.00000000000000000000 0.02021341830894184816
0.00000000000000000000 0.02026961748060362653
0.00000000000000000000 0.02033187180193727836
0.00000000000000000000 0.02036019462952346273
0.00000000000000000000 0.02039853020807225192
0.00000000000000000000 0.02039900315839554903
0.00000000000000000000 0.02040865604771463504
0.00000000000000000000 0.02045207492170404706
0.00000000000000000000 0.02047965437731666741
0.00000000000000000000 0.02054992434810280766
0.00000000000000000000 0.02069469239291194668
0.00000000000000000000 0.02071452337434510210
0.00000000000000000000 0.02075052251428471939
0.00000000000000000000 0.02077037365042764400
0.00000000000000000000 0.02079078645126788277
0.00000000000000000000 0.02080046598421053661
0.00000000000000000000 0.02080864380794352278
0.00000000000000000000 0.02080974616140774530
0.00000000000000000000 0.02086007535635339000
0.00000000000000000000 0.02086458228456902764
0.00000000000000000000 0.02086757557663337578
0.00000000000000000000 0.02092502903112178347
0.00000000000000000000 0.02100211066139369767
0.00000000000000000000 0.02105908363629406185
0.00000000000000000000 0.02106580766714385988
0.00000000000000000000 0.02106834317451259861
0.00000000000000000000 0.02113190097821094487
0.00000000000000000000 0.02114662722203154016
0.00000000000000000000 0.02124531265727980581
0.00000000000000000000 0.02130621145793239538
0.00000000000000000000 0.02131619874301405801
0.00000000000000000000 0.02134406199141003144
0.00000000000000000000 0.02143270807031234793
0.00000000000000000000 0.02149481795809287873
0.00000000000000000000 0.02153068580703748278
0.00000000000000000000 0.02159428935388699872
0.00000000000000000000 0.02168916886975549851
0.00000000000000000000 0.02170494006102033011
0.00000000000000000000 0.02181380274911405570
0.00000000000000000000 0.02185581453824069625
0.00000000000000000000 0.02189450588124483218
0.00000000000000000000 0.02190871142220520915
0.00000000000000000000 0.02197175020224777925
0.00000000000000000000 0.02203353657220731912
0.00000000000000000000 0.02221895596284416755
0.00000000000000000000 0.02233924579423475498
0.00000000000000000000 0.02237897260790780440
0.00000000000000000000 0.02245778176266508691
0.00000000000000000000 0.02255484086173679265
0.00000000000000000000 0.02255756495979818754
0.00000000000000000000 0.02268535915548743759
0.00000000000000000000 0.02278643189494015953
0.00000000000000000000 0.02280256437466692335
0.00000000000000000000 0.02283212354085665738
0.00000000000000000000 0.02284765523131539536
0.00000000000000000000 0.02286623720696651790
0.00000000000000000000 0.02294690204734080655
0.00000000000000000000 0.02310961709500915229
0.00000000000000000000 0.02312235630234998549
0.00000000000000000000 0.02314348652058874009
0.00000000000000000000 0.02326873453909355724
0.00000000000000000000 0.02344759025436052649
0.00000000000000000000 0.02351156849976057672
0.00000000000000000000 0.02353672637589405633
0.00000000000000000000 0.02368322989726784691
0.00000000000000000000 0.02374984564625378172
0.00000000000000000000 0.02379862411580593515
0.00000000000000000000 0.02382339131391955286
0.00000000000000000000 0.02385911742305466335
0.00000000000000000000 0.02389783499947578660
0.00000000000000000000 0.02390626376361884575
0.00000000000000000000 0.02405477906840584185
0.00000000000000000000 0.02412085172622701820
0.00000000000000000000 0.02412118153724193692
0.00000000000000000000 0.02420758378467668254
0.00000000000000000000 0.02427519972062598327
0.00000000000000000000 0.02430902893303420881
0.00000000000000000000 0.02444492182792689858
0.00000000000000000000 0.02455418205981873409
0.00000000000000000000 0.02455433784936542421
0.00000000000000000000 0.02457305727230621115
0.00000000000000000000 0.02464164556467969905
0.00000000000000000000 0.02468524175894679096
0.00000000000000000000 0.02471698701110061624
0.00000000000000000000 0.02471720742866435894
0.00000000000000000000 0.02480746236142394520
0.00000000000000000000 0.02503328382890802895
0.00000000000000000000 0.02503459979985573833
0.00000000000000000000 0.02504310494792124503
0.00000000000000000000 0.02510621841330364437
0.00000000000000000000 0.02511095529249009542
0.00000000000000000000 0.02519790717258578450
0.00000000000000000000 0.02529244556256369028
0.00000000000000000000 0.02531663083440546802
0.00000000000000000000 0.02533719231305918418
0.00000000000000000000 0.02537497471086568382
0.00000000000000000000 0.02555160501293394365
0.00000000000000000000 0.02563161634303222011
0.00000000000000000000 0.02563718203942277549
0.00000000000000000000 0.02564988741555898275
0.00000000000000000000 0.02573368695120295188
0.00000000000000000000 0.02576283701295791970
0.00000000000000000000 0.02581368011705193269
0.00000000000000000000 0.02581897375827489280
0.00000000000000000000 0.02595409526749275705
0.00000000000000000000 0.02602919470664609783
0.00000000000000000000 0.02603100390258926422
0.00000000000000000000 0.02604755008936271085
0.00000000000000000000 0.02608186941716482063
0.00000000000000000000 0.02612922626056819048
0.00000000000000000000 0.02619941128911688899
0.00000000000000000000 0.02629258063308194740
0.00000000000000000000 0.02632225852589211573
0.00000000000000000000 0.02636538242135445451
0.00000000000000000000 0.02636964410204552245
0.00000000000000000000 0.02653129502503814158
0.00000000000000000000 0.02655958294300844041
0.00000000000000000000 0.02657837723887547174
0.00000000000000000000 0.02658401930913082203
0.00000000000000000000 0.02662239322015374013
0.00000000000000000000 0.02666931225957620138
0.00000000000000000000 0.02674417519872546514
0.00000000000000000000 0.02675463926610800736
0.00000000000000000000 0.02676232797404002467
0.00000000000000000000 0.02690288075100715631
0.00000000000000000000 0.02694064747836643486
0.00000000000000000000 0.02696568311566413176
0.00000000000000000000 0.02708310965445616045
0.00000000000000000000 0.02726270910596637759
0.00000000000000000000 0.02733498472906054771
0.00000000000000000000 0.02734129645974651968
0.00000000000000000000 0.02744717577204397463
0.00000000000000000000 0.02749624913153158462
0.00000000000000000000 0.02760294104202278692
0.00000000000000000000 0.02767188353798273256
0.00000000000000000000 0.02773936101776505389
0.00000000000000000000 0.02787480251798056877
0.00000000000000000000 0.02793026413022847015
0.00000000000000000000 0.02795738058712737145
0.00000000000000000000 0.02796593254857602726
0.00000000000000000000 0.02801276285296300239
0.00000000000000000000 0.02814026945140622391
0.00000000000000000000 0.02819161896780913307
0.00000000000000000000 0.02819643950329132204
0.00000000000000000000 0.02839119692818263541
0.00000000000000000000 0.02840502839368697421
0.00000000000000000000 0.02843464477274252819
0.00000000000000000000 0.02849113955129141743
0.00000000000000000000 0.02869225238723123114
0.00000000000000000000 0.02878014900836728743
0.00000000000000000000 0.02879177840821823056
0.00000000000000000000 0.02892710956357268104
0.00000000000000000000 0.02894867956691929770
0.00000000000000000000 0.02897158884151143296
0.00000000000000000000 0.02914090899188858524
0.00000000000000000000 0.02918253060695741655
0.00000000000000000000 0.02934834781741620102
0.00000000000000000000 0.02944203687371628464
0.00000000000000000000 0.02947630682845626265
0.00000000000000000000 0.02958039378463066943
0.00000000000000000000 0.02959764668027656601
0.00000000000000000000 0.02961040436915204910
0.00000000000000000000 0.02975784295484802666
0.00000000000000000000 0.02982101357107078826
0.00000000000000000000 0.02997338610817911614
0.00000000000000000000 0.03031676410098231925
0.00000000000000000000 0.03036193522700470285
0.00000000000000000000 0.03046140757998178766
0.00000000000000000000 0.03052468204765476645
0.00000000000000000000 0.03079074486652381287
0.00000000000000000000 0.03105086481291376155
0.00000000000000000000 0.03106017606402394771
0.00000000000000000000 0.03117384636369022188
0.00000000000000000000 0.03144934183052065096
0.00000000000000000000 0.03166170802405752355
0.00000000000000000000 0.03171286734864766504
0.00000000000000000000 0.03186784666799558075
0.00000000000000000000 0.03214836238836243226
0.00000000000000000000 0.03218436548443689982
0.00000000000000000000 0.03218536599571038964
0.00000000000000000000 0.03228913228681663805
0.00000000000000000000 0.03239809318028084167
0.00000000000000000000 0.03260682786275650308
0.00000000000000000000 0.03266993636783949856
0.00000000000000000000 0.03277284213795569195
0.00000000000000000000 0.03277423567745740840
0.00000000000000000000 0.03280153354566949647
0.00000000000000000000 0.03283887114708855526
0.00000000000000000000 0.03301934578762757283
0.00000000000000000000 0.03333212838232094827
0.00000000000000000000 0.03346797455160382961
0.00000000000000000000 0.03347496913204513203
0.00000000000000000000 0.03349419222832473314
0.00000000000000000000 0.03354969221101992277
0.00000000000000000000 0.03363323076418205104
0.00000000000000000000 0.03390516643950218512
0.00000000000000000000 0.03401911052369618882
0.00000000000000000000 0.03410593851420619382
0.00000000000000000000 0.03451394447606304094
0.00000000000000000000 0.03473403365498985845
0.00000000000000000000 0.03478848174253844350
0.00000000000000000000 0.03484360429997528097
0.00000000000000000000 0.03517722389212413897
0.00000000000000000000 0.03519264619923419962
0.00000000000000000000 0.03526552920781309691
0.00000000000000000000 0.03542123720800407355
0.00000000000000000000 0.03560319868673383209
0.00000000000000000000 0.03584509187768230437
0.00000000000000000000 0.03589100524673684983
0.00000000000000000000 0.03601336697538184278
0.00000000000000000000 0.03606419790385361618
0.00000000000000000000 0.03642182802095262489
0.00000000000000000000 0.03655708289428091090
0.00000000000000000000 0.03660996234554764195
0.00000000000000000000 0.03665922120181395322
0.00000000000000000000 0.03687108171435469345
0.00000000000000000000 0.03694369643549002408
0.00000000000000000000 0.03711346162740559312
0.00000000000000000000 0.03714900649080282724
0.00000000000000000000 0.03746963114745757717
0.00000000000000000000 0.03756275131628026426
0.00000000000000000000 0.03759707963750191090
0.00000000000000000000 0.03764274805014233144
0.00000000000000000000 0.03780718161135671052
0.00000000000000000000 0.03792045288264642156
0.00000000000000000000 0.03797755249360646596
0.00000000000000000000 0.03899082051249415370
0.00000000000000000000 0.03917109154279999755
0.00000000000000000000 0.03926175229880237566
0.00000000000000000000 0.03992470647327042710
0.00000000000000000000 0.04089042665275896549
0.00000000000000000000 0.04113093890016079196
0.00000000000000000000 0.04114629148099954031
0.00000000000000000000 0.04123528074705417462
0.00000000000000000000 0.04127311354963096590
0.00000000000000000000 0.04130099102398684247
0.00000000000000000000 0.04156731058632481129
0.00000000000000000000 0.04160025464755347235
0.00000000000000000000 0.04173834189064048322
0.00000000000000000000 0.04185127081867899557
0.00000000000000000000 0.04193124886537048790
0.00000000000000000000 0.04217925518729732232
0.00000000000000000000 0.04263437883936724293
0.00000000000000000000 0.04307132364244233014
0.00000000000000000000 0.04509313848793703589
0.00000000000000000000 0.04518208457579224457
0.00000000000000000000 0.04542384363534581609
0.00000000000000000000 0.04567917499843919538
0.00000000000000000000 0.04599921882047120630
0.00000000000000000000 0.04682552472111255887
0.00000000000000000000 0.04695486656440282097
0.00000000000000000000 0.04744555405337083642
0.00000000000000000000 0.04757517441866335878
0.00000000000000000000 0.04882247370226263511
0.00000000000000000000 0.04966479171486955918
0.00000000000000000000 0.05013327548103899134
0.00000000000000000000 0.05059102485444909314
0.00000000000000000000 0.05121665414581421522
0.00000000000000000000 0.05153044539949067776
0.00000000000000000000 0.05210411993861850666
0.00000000000000000000 0.05416994097106547085
0.00000000000000000000 0.05421399656289879049
0.00000000000000000000 0.05588879378238786888
0.00000000000000000000 0.05608033798913436563
0.00000000000000000000 0.05653418860591926526
0.00000000000000000000 0.05936030432278011082
0.00000000000000000000 0.06045542084021061913
0.00000000000000000000 0.06073288046250031186
0.00000000000000000000 0.06085299634651208239
0.00000000000000000000 0.06720664458132721841
0.00000000000000000000 0.06890237603727930593
0.00000000000000000000 0.07037734712566365292
0.00000000000000000000 0.07640604691431809870
0.00000000000000000000 0.07751848727881111012
0.00000000000000000000 0.08322633450102152886
0.00000000000000000000 0.11383185201740445014
0.00000000000000000000 0.22480535171162371877
0.00000000000000000000 0.28993595650196435365
0.00000000000000000000 1.73205080756887719318
