0.06938477406421314497 0.07231805328369919628
0.06913029102875377363 0.07270140871545271999
0.07414634880146128704 0.08046093668710087299
0.08835126339577267784 0.09436040763513738050
0.09441993855131861069 0.09552024650773591197
0.07837658028648424036 0.09601768104949631732
0.09530473480363776950 0.09656994355468288826
0.09680478539824724504 0.09689731037803228642
0.07701167234730765809 0.09693151446330820764
0.09565427410077767534 0.09745851287510387539
0.08489921840056742497 0.09851610024383637698
0.07951426040535622408 0.09867621757011020567
0.09854107349978355468 0.09899647408353329237
0.08288570778686749074 0.10116500691554192182
0.08923791911522412079 0.10157735380098506517
0.10206680941931028928 0.10226415899418458966
0.09671764031804853945 0.10347779577653401506
0.10349020816613800633 0.10446313173412823117
0.10217883906757586898 0.10453875887531841049
0.09436273038937949276 0.10477563996202229890
0.10475423358965121889 0.10720539902319260739
0.09984400097957103759 0.10842294676984574886
0.10196790539427559585 0.10846644084393619600
0.10184545054692102639 0.11114325333510630123
0.10719603006439919202 0.11258922985613041556
0.10584496974292170735 0.11347334279381979250
0.11364280525430081603 0.11465739418234484337
0.11025361902757742361 0.11479446900581205537
0.09079262270334274854 0.11490375722302896555
0.10082957797637627506 0.11495731749732691906
0.11509899254059480223 0.11544253603221615867
0.11482006601699011605 0.11567812093202038681
0.11326272448781274371 0.11584062176044636339
0.10855723200720807098 0.11633139071898820904
0.11016010873284479143 0.11706549375958166803
0.11501257116454635665 0.11747004570548731650
0.11100631808061769967 0.11752594829412846278
0.11573213868688898842 0.11752985939349683275
0.11405697222953839476 0.11873425477932814109
0.10907378069216856764 0.11889629762132307433
0.11811817134564962795 0.11987741320661944588
0.11071753709060533355 0.12085408610431583321
0.09890018173933036449 0.12135233183808677437
0.09632329161362009062 0.12155245836094151490
0.12008026082848048677 0.12176375790070859129
0.10669834873805501829 0.12202182041817563607
0.12091048633153690661 0.12211042204560940139
0.11089813361345944587 0.12256655859781748208
0.11437175188957818261 0.12263834595326608690
0.12110041064149799916 0.12265333223256037753
0.11083838867138177953 0.12296334594218412406
0.12277238674382719152 0.12298480279858049757
0.11591935062915526000 0.12318318314069254260
0.11303506273657121239 0.12334111524245927605
0.10880438261018549051 0.12359923206994774536
0.12217614194161155461 0.12385949655767544697
0.11698553606237276081 0.12448874800389263251
0.12006642845366863326 0.12463679686495614252
0.10622563342271955367 0.12464539937775001577
0.10880676058283247909 0.12474840716530219420
0.11970237366292106607 0.12563215464373489461
0.11818070486039725098 0.12567435473148386160
0.10372669220524181888 0.12634628875595402264
0.12009743461259737851 0.12677918273114424652
0.12521660241414941939 0.12681042137560738503
0.12257994035423488977 0.12715734536048733938
0.11025765867693712585 0.12752697688785991081
0.11751111835029345865 0.12799979472746228493
0.12657061807621816651 0.12812140419525724910
0.12182510259858472801 0.12867399381325098084
0.12176205928739448903 0.12904807890170394424
0.10927693813259665989 0.12922951178291258723
0.12421877472937147002 0.12924360272457605103
0.12671708212380972114 0.12960634520706709738
0.12426715734759416487 0.12983279600283137434
0.12544514375581458654 0.12983279600283137434
0.12357457321249533388 0.13057680192119019980
0.11543187544879399131 0.13101692614026488881
0.12677196980966509710 0.13128281828853788360
0.13024565658976589022 0.13164007096134908159
0.10651096826135200701 0.13171642347497847236
0.12792590471577963696 0.13211760459499299891
0.11624320652253139485 0.13218167797695307142
0.09706583009707016318 0.13244391977671857163
0.10767109912191336063 0.13261599846621630050
0.09967162068663816543 0.13281586177211585076
0.11914062661485984307 0.13286903481496836754
0.10627458662698771596 0.13351476713062487844
0.13282232923459591500 0.13383643647256759923
0.12110644769659550946 0.13461599303043961240
0.11810515468800947270 0.13500145112080583210
0.12349342066481421021 0.13507579405365366387
0.12043240792653515936 0.13579450622916000579
0.09189247440673231626 0.13601471145520024897
0.10471955907326170598 0.13623254313356983336
0.12272752019776103638 0.13668827981502090774
0.12641906878356465316 0.13723370178029500877
0.12385118874884920581 0.13731678197309757361
0.13774183379705839947 0.13825650738921202443
0.13596137538949329415 0.13841143475382750028
0.11124464616509330273 0.13881018820741194975
0.13064451280953645607 0.13893250714400018353
0.13055276770877244363 0.13966301383068496778
0.13932884456269686857 0.14018204179327001246
0.14184280338036339697 0.14187534665384074484
0.13987939940611854306 0.14192136925455361984
0.11918494284153428875 0.14369284783104632752
0.13088419484089952594 0.14372795072182403819
0.13181912392592387562 0.14379230888437846692
0.11375834165864073810 0.14424651468793805997
0.14137583310165091621 0.14425469810569638285
0.13773400571720917362 0.14431768640352152233
0.14373328716510694325 0.14438852346989819453
0.11250678795949978217 0.14499416060803352324
0.11352418444192254043 0.14541930337871300516
0.12519910161071343135 0.14563969489515210531
0.10828077828102974922 0.14584718258098045007
0.11724485087631528191 0.14595059942871121961
0.14606810490818425419 0.14660543216981200554
0.14391899811678107723 0.14686760408684088053
0.13013109639819053776 0.14708811352522502269
0.13454372337132641801 0.14714241367035493790
0.09716410795958631275 0.14764371560378461434
0.11686803293057962394 0.14773909164966148033
0.13616051551976052214 0.14808787176949425590
0.13615247075679851041 0.14872892922227096135
0.11145745920217109415 0.14953161157412658833
0.14022685220827546537 0.15026845773825248109
0.13102782181673924833 0.15034837876648990407
0.13569698060768770054 0.15099580536144130427
0.14660609541064642536 0.15114486271511351489
0.11402435421039100460 0.15350280405589941668
0.13170177985723252601 0.15363627829351686471
0.15235539680937323914 0.15396025037692770421
0.12985917554129364215 0.15420755689390913679
0.13068213307500833875 0.15445698145003528001
0.14860420649403538462 0.15450215206959694303
0.14652849137056309092 0.15478165848008462735
0.13515068723011491869 0.15480646215456170256
0.14459497774570009843 0.15580990101114217117
0.10187814041944392995 0.15715286064261829724
0.14115432780084166686 0.15782571709307002816
0.15817744195495272996 0.15977818548843286672
0.12072877971858379798 0.16038745097660225825
0.14954113158084500479 0.16110584406176658989
0.12554794363108942590 0.16133255008139443798
0.11559223559712857032 0.16167824499767191604
0.14397046108815630960 0.16191135304625511870
0.11363682362390287173 0.16234461932994795341
0.15966219306598081196 0.16234910005420111201
0.15513528732950787603 0.16273204159032561567
0.16222942684905830579 0.16358604203070498118
0.14360289759321651082 0.16406507306895526388
0.12425692339574671841 0.16691319370493426510
0.14672218109437409894 0.16735622069058037065
0.11342502466805147454 0.16845683585784371195
0.14387203715965679596 0.17024429739640042913
0.15034585956750012858 0.17148782213599439439
0.15870985490333405776 0.17382643314604123708
0.11738953309424124405 0.17425129140354844726
0.11265742261274790115 0.17473973526146036050
0.14608768024262042129 0.17485873718292380130
0.13197764625647498415 0.17670829766155488061
0.12689190460256416504 0.17730362312531350311
0.17017201453764091434 0.17735620723859615855
0.13027807562521784290 0.17787550167967439152
0.16258654534231220534 0.17808367825737592138
0.15844055552663272035 0.17819234595541433297
0.12288513934771767844 0.17841330077910824703
0.12120251142425658708 0.18197001385573011167
0.15438745105341497577 0.18254650399307179032
0.17768772152245887463 0.18263022727785266364
0.12040295179103034651 0.18400284885765516574
0.15525561971181689458 0.18418655644387327275
0.10377256755936968557 0.18594586652505259994
0.14193436927058192265 0.18626565820312881994
0.11917722369441907659 0.18684250621590173247
0.14334439993380787559 0.18866429329131292891
0.17379089973902975275 0.18940536349679965022
0.14412325673482953570 0.19149727069037009164
0.12112218197790150520 0.19264041719472774217
0.17483364798073433577 0.19478902454539429034
0.10949053051036647388 0.19542378074445582170
0.12671336170013661193 0.19544330378871349607
0.17776860353087323152 0.20068120184296478481
0.11023067189766184992 0.20487661642238208515
0.18086604657229046755 0.21021808063748453899
0.11505939209869434081 0.21114745121299977049
0.17207497703148680324 0.22143070292806465993
0.10603298716572548410 0.22687499447811951270
0.11862340429678237819 0.23023375120527123094
0.22375897829741753231 0.24110867931163365574
0.12482937486124182080 0.24803871863571796963
0.12085686736513218120 0.25383393848823915251
0.11937391926864365788 0.25464112514037112733
0.16637441164733313137 0.26181434226139915777
