0.08685930811676995100 0.09243874267951765478
0.09462040918276931611 0.09590755252713394075
0.09683670790218688873 0.09925645267566161889
0.08208368224173143157 0.09944700904221191740
0.09589507422222556809 0.09958353946225555198
0.08900999058611103187 0.10162633890809782966
0.10000336196196868421 0.10711368999941403568
0.10265202837590874096 0.10874938989467547445
0.09018270921820974173 0.10931273902821404820
0.09174430921276260920 0.11110133893560228402
0.10902361881792958787 0.11140939424361537280
0.09821556206599654781 0.11162651387148864179
0.10602538407813759391 0.11178124852352250285
0.10736064889431909397 0.11256741865243041767
0.11002577902830082412 0.11436000287437712852
0.11546925548543479634 0.11652535783327361285
0.11144454813816778715 0.11852408648559741022
0.10555361413788398595 0.11871320064133442096
0.11317331058188269399 0.12141619444225471014
0.10369901066991837890 0.12240176807046407315
0.10793455313582724087 0.12258151102383528508
0.12100315738580914859 0.12502760480828836731
0.12023715656025613097 0.12531436042312699142
0.11555756932661782888 0.12678716103476908583
0.12590958641469010559 0.12795562873360996625
0.12317177597748468765 0.12832751844729411994
0.11120808433011804273 0.12998045331208521458
0.13125233317100126751 0.13439942949134742189
0.11055304772771709643 0.13529389398965335767
0.11611016945608283735 0.13580688182583769419
0.13333711647284940405 0.13592391072304782496
0.10904515275830010956 0.13657877228013712290
0.13616991784438561841 0.13757886265778110357
0.13450600049570113348 0.13765094259804702692
0.12724814333214315432 0.13813556830905229789
0.12537950141319595398 0.13845167145111272888
0.12431120880131242556 0.13974637323889579910
0.13310639603228541228 0.14187002146882141118
0.12995789370426846787 0.14307230449848226672
0.13099181664777564960 0.14361043826300490256
0.12939679008621068901 0.14514523754852262649
0.14398674352105211849 0.14585888405473543261
0.14519521068213808723 0.14587423644427355285
0.13809555459549982537 0.14656582465645998092
0.13347156192314282852 0.14704678359531628273
0.14691918570318635018 0.14741164746880147662
0.13787296810221122412 0.14825772951700033619
0.12088918386782786241 0.14858093943612502019
0.14720276741147117483 0.14932438891664628899
0.13925830858663720835 0.14932438891664628899
0.11881423765981743990 0.14951692344362144116
0.12877226581161668739 0.15003324865458697590
0.13762853559397539294 0.15003324865458697590
0.14584503223069081312 0.15026265439732988671
0.14967815044350227249 0.15042178552297733041
0.13292717859992986273 0.15069528795454550929
0.12801558567716556092 0.15159138193427390551
0.12900089776309212053 0.15233877054011002450
0.12667836657509870535 0.15251468299710130294
0.13331558216099720360 0.15278877027558179780
0.12364382584996004566 0.15301330634254661778
0.11734753835112213260 0.15325483528486236184
0.14839107847632060366 0.15328228328126608515
0.14272917216275352037 0.15328348088950657924
0.13815468593745247605 0.15358548676907857189
0.13930262790500025361 0.15432133494708527577
0.11902523823246109747 0.15468955560958050355
0.11037500996320155633 0.15483492103405899210
0.14390247869540842562 0.15509761093751670002
0.14836210565030991115 0.15555335310401516291
0.14314898018367819277 0.15592294371271092635
0.15099983233951022599 0.15600547177418097600
0.12005589819404098584 0.15670816137927107148
0.15241031135991184309 0.15696620684507464616
0.14176865578691383307 0.15782225028070481776
0.14806071627986372441 0.15785713464433223652
0.12472801081002472812 0.15813438248865702151
0.13624400977816436553 0.15840051821420506051
0.12267771451451449372 0.15855253810468425413
0.14429177810047119634 0.15862325243413152864
0.15750903329074020243 0.16064505753473226624
0.16054434058391633955 0.16159458519613503769
0.13258280103368511038 0.16200856747526232171
0.08618638380829755918 0.16344745247559619439
0.12449410138383930347 0.16409490089334918816
0.14307034293460382801 0.16409490089334918816
0.15627329027505773573 0.16416420805747575229
0.12007246869138675505 0.16453638106673712516
0.15334543378483231346 0.16526516736405588714
0.14361276043655052392 0.16531347241157698380
0.15802115780784303789 0.16534941779514369942
0.15330150149138999094 0.16575264356572341762
0.12456417046693263329 0.16620094672431659499
0.15156593125004053091 0.16640937841957226251
0.13442573099560892191 0.16649769114497800504
0.15765269056603259390 0.16714202812362016770
0.14922603636244385905 0.16761536572382421117
0.12672798108177410481 0.16879881654614370401
0.14218118053545727997 0.16988801287503055293
0.10593279893242711631 0.16990246530179717310
0.11479805290686807828 0.17020538537755006137
0.15441608627583608415 0.17061364753452784582
0.16377599562678335499 0.17093031226893026786
0.16605434783327660542 0.17134589092005569899
0.14573925376939650400 0.17188332545857543110
0.14871820480327338498 0.17191854646124130057
0.14062706733460433872 0.17207684898625480452
0.11938375397603290251 0.17209876893858025437
0.15862350346633052878 0.17233349725898372551
0.11862843031964220852 0.17303509082450382883
0.14868535807667918047 0.17335207556346615698
0.13351516724470594011 0.17362927569303421294
0.13406360441185161125 0.17392706201620106166
0.14775946564821548779 0.17432969867807882047
0.17127039277658689942 0.17481945772397758376
0.15183676482166219568 0.17529643141886125379
0.16871163532218649839 0.17680296494671138285
0.15523509335491633698 0.17685617352642543643
0.13795072624602985889 0.17756251701775072060
0.13224000016925760437 0.17756787868561152433
0.15464915521424543732 0.17832979164056786403
0.16815386599355919284 0.17889005081860165358
0.14482826645054980297 0.17999276363918390031
0.17276980169787262143 0.18028758591797533484
0.12817929659745547211 0.18072576335482162802
0.16902929155087145774 0.18096843730907460901
0.17633193375277733672 0.18168892102062347838
0.18065731818378960583 0.18212844515722831362
0.16486995298626083706 0.18242099395852934274
0.17445665076776997737 0.18243855138834147445
0.18303356803213360893 0.18366832730519364048
0.16683602337337211097 0.18405615213570031274
0.18118003231833526567 0.18443120959368855538
0.15700080839740135352 0.18495798489068612791
0.13987254286579708928 0.18563811938772492582
0.15804460477147300179 0.18653955959102361262
0.18660233143989535254 0.18731972624743270517
0.14473697658696862978 0.18837521502994850064
0.12654192868351635259 0.18879502400402872753
0.17253433085103087041 0.18994907374246836063
0.17510403999966936417 0.19023390654553287704
0.16674353648114279003 0.19058841785483934816
0.18005193132414695767 0.19070872106527830825
0.13808098199360707703 0.19124967752807855992
0.17468697025302618031 0.19366832342632001041
0.15677865539790067362 0.19418520577605785649
0.15898149558695470751 0.19418520577605785649
0.17078353075121172067 0.19486132406773967740
0.17546263470022285813 0.19496477796081665423
0.13174518061024287352 0.19540039301870421040
0.18290605574800664068 0.19577151940018885923
0.18402627278799571497 0.19590243450845040707
0.15457574277631125348 0.19616607242052933047
0.18096230275118255215 0.19738221237684547282
0.18074672375031966554 0.19738324716102068068
0.19006872019992046563 0.19786999285676293292
0.16400502330953609098 0.19797491688653762187
0.19325911902496573092 0.19844243194528393692
0.17280908697575264599 0.19965847770240299774
0.15511708745772778695 0.19966543156722812991
0.19835149165345905553 0.19989876987203808456
0.19132210272246102933 0.20041022392827695375
0.18451898137282846113 0.20046826714128704316
0.17026612210481001375 0.20291508429788085444
0.19598562519858020448 0.20428815529635890869
0.16270966208706597045 0.20463607621129667469
0.20083847536003127110 0.20476434765328260790
0.15863769928977630719 0.20777181180618509160
0.18657890471815014033 0.20813816778778310157
0.12697020407964357269 0.20909754991757495413
0.20475764706040516794 0.20928576463089068604
0.15848335763708962243 0.21147086481824695081
0.19293461587405921764 0.21187924175759123568
0.13833132337373105214 0.21192730797098929818
0.17601623070816405092 0.21228592875908625093
0.14267706772178703756 0.21272458650956790893
0.18124675808999368698 0.21406345985672364796
0.20961768457397617071 0.21470240378640761958
0.19874097897850961925 0.21478798504093596367
0.15897411585835605208 0.21515172256561734820
0.15797796594041083051 0.21531872931472773036
0.11951714862369444692 0.21761666987100725112
0.20333374873996676313 0.21866918977757471287
0.13724251031500225850 0.21996168884955993872
0.13612309617645243498 0.22231076725143494865
0.11997743707428641657 0.22259464173090220962
0.18865039073607839382 0.22259852617180919676
0.18921820522950172361 0.22372869322612629062
0.20048633988037276032 0.22445045176377656504
0.21205849538480625593 0.22491490905562608327
0.15321710651285014304 0.22646890550663262287
0.18741509242963416693 0.22845228132322850656
0.13957303109381460904 0.22873770315911171047
0.15595037494341126849 0.23172249623480462022
0.16912666200389772642 0.23311926616292888426
0.22915925785103244405 0.23356198245779791201
0.22833376632282942342 0.23580438756087476748
0.13848561275261148107 0.23681210960672827159
0.14614820747822152014 0.24020124930497449567
0.24132242631690167811 0.24681341423321545570
0.19578719436099642492 0.24898657934066178998
0.17891411375597723876 0.25232008288152307784
0.14367084679938935121 0.25706218206673236981
0.14057455093573253957 0.26573683059860142563
0.19193413691904495644 0.27312303630710149660
0.25806188101122351508 0.27544837206611105795
0.14685104273263230312 0.28037624014335726930
