0.00000000000000000000 0.00099957778401990214
0.00000000000000000000 0.00231037288870823828
0.00000000000000000000 0.00238206806007146667
0.00000000000000000000 0.00239369889565233017
0.00000000000000000000 0.00243858989857639484
0.00000000000000000000 0.00255557650788545499
0.00000000000000000000 0.00267549266948096179
0.00000000000000000000 0.00309329245714208513
0.00000000000000000000 0.00342395250285921224
0.00000000000000000000 0.00358122508980823068
0.00000000000000000000 0.00371461049760344383
0.00000000000000000000 0.00377009966775357407
0.00000000000000000000 0.00380170129545946613
0.00000000000000000000 0.00381469721228453774
0.00000000000000000000 0.00387774090807672250
0.00000000000000000000 0.00394190138672708378
0.00000000000000000000 0.00402590982871824533
0.00000000000000000000 0.00408891027223383732
0.00000000000000000000 0.00425762906671469949
0.00000000000000000000 0.00460539271670734694
0.00000000000000000000 0.00464985127422190472
0.00000000000000000000 0.00484096836601374727
0.00000000000000000000 0.00500535466593249670
0.00000000000000000000 0.00504594635373442884
0.00000000000000000000 0.00505296454370063840
0.00000000000000000000 0.00514745540243454185
0.00000000000000000000 0.00515981010868167382
0.00000000000000000000 0.00520309355744190492
0.00000000000000000000 0.00530458609651464526
0.00000000000000000000 0.00541320274081036768
0.00000000000000000000 0.00557459944345945185
0.00000000000000000000 0.00573768232887739843
0.00000000000000000000 0.00581844567648604014
0.00000000000000000000 0.00614724317034716101
0.00000000000000000000 0.00636709763411102622
0.00000000000000000000 0.00638213158611517818
0.00000000000000000000 0.00642238797938928657
0.00000000000000000000 0.00650531280514946020
0.00000000000000000000 0.00653686493622740276
0.00000000000000000000 0.00660613276614346791
0.00000000000000000000 0.00669916470806028626
0.00000000000000000000 0.00671456580520687820
0.00000000000000000000 0.00685422864476767282
0.00000000000000000000 0.00709317740410066785
0.00000000000000000000 0.00716703129024647001
0.00000000000000000000 0.00751696532119155037
0.00000000000000000000 0.00760966362259632694
0.00000000000000000000 0.00776412276987393461
0.00000000000000000000 0.00779467546581323265
0.00000000000000000000 0.00781417996502222281
0.00000000000000000000 0.00785268830245292385
0.00000000000000000000 0.00791956362913624236
0.00000000000000000000 0.00794729492021014651
0.00000000000000000000 0.00813165383576205762
0.00000000000000000000 0.00813881525092579640
0.00000000000000000000 0.00817921219882477082
0.00000000000000000000 0.00821471122300650169
0.00000000000000000000 0.00822504465669990532
0.00000000000000000000 0.00826027161209154023
0.00000000000000000000 0.00826344828257990181
0.00000000000000000000 0.00832963585118837516
0.00000000000000000000 0.00892715913834575374
0.00000000000000000000 0.00894181113100550595
0.00000000000000000000 0.00899301982556617238
0.00000000000000000000 0.00909020795374073515
0.00000000000000000000 0.00910954075051417268
0.00000000000000000000 0.00915421656395423548
0.00000000000000000000 0.00930393755427796031
0.00000000000000000000 0.00932101889598996834
0.00000000000000000000 0.00945010129371420642
0.00000000000000000000 0.00962019947898104348
0.00000000000000000000 0.00985301041313288960
0.00000000000000000000 0.00988933024612957678
0.00000000000000000000 0.01002497823503704401
0.00000000000000000000 0.01007338488348512480
0.00000000000000000000 0.01012872745528729627
0.00000000000000000000 0.01017778102662711924
0.00000000000000000000 0.01040272265450188291
0.00000000000000000000 0.01062167953904366927
0.00000000000000000000 0.01084057592251551003
0.00000000000000000000 0.01088629869543886360
0.00000000000000000000 0.01089055517178043678
0.00000000000000000000 0.01089533692204099589
0.00000000000000000000 0.01097457032283510533
0.00000000000000000000 0.01106060640057358185
0.00000000000000000000 0.01115158063445825971
0.00000000000000000000 0.01128717526624820229
0.00000000000000000000 0.01134582898760057822
0.00000000000000000000 0.01135839685669268011
0.00000000000000000000 0.01150919263801856648
0.00000000000000000000 0.01152442597574668444
0.00000000000000000000 0.01175817518061311739
0.00000000000000000000 0.01179077344243177790
0.00000000000000000000 0.01179541741128243421
0.00000000000000000000 0.01180024953146368953
0.00000000000000000000 0.01183210787523058041
0.00000000000000000000 0.01190575466297959066
0.00000000000000000000 0.01216274934445440645
0.00000000000000000000 0.01224387210890108893
0.00000000000000000000 0.01228884130483216125
0.00000000000000000000 0.01239272293676660364
0.00000000000000000000 0.01249093087238217076
0.00000000000000000000 0.01254031606493537926
0.00000000000000000000 0.01259889617851075137
0.00000000000000000000 0.01262531763978407863
0.00000000000000000000 0.01295658585867609340
0.00000000000000000000 0.01297350996072649948
0.00000000000000000000 0.01299630893131937040
0.00000000000000000000 0.01306259063642397321
0.00000000000000000000 0.01307102746699534065
0.00000000000000000000 0.01330254344032179986
0.00000000000000000000 0.01333774249997354486
0.00000000000000000000 0.01334246024218022769
0.00000000000000000000 0.01334345353662417036
0.00000000000000000000 0.01350796638631000975
0.00000000000000000000 0.01354752950427050122
0.00000000000000000000 0.01357710879563503795
0.00000000000000000000 0.01358789569726243096
0.00000000000000000000 0.01368188630545549497
0.00000000000000000000 0.01371862253063236073
0.00000000000000000000 0.01413413447064328782
0.00000000000000000000 0.01416228910285779151
0.00000000000000000000 0.01418533230263663292
0.00000000000000000000 0.01421080216614898847
0.00000000000000000000 0.01430341981217790777
0.00000000000000000000 0.01443254522359431642
0.00000000000000000000 0.01449189282954197952
0.00000000000000000000 0.01450550275028801572
0.00000000000000000000 0.01456183928163164165
0.00000000000000000000 0.01473202802159970584
0.00000000000000000000 0.01481129902371823744
0.00000000000000000000 0.01482883333865953404
0.00000000000000000000 0.01495738330601813389
0.00000000000000000000 0.01500453297254648877
0.00000000000000000000 0.01504762620837341719
0.00000000000000000000 0.01510095425309193780
0.00000000000000000000 0.01510164297585036425
0.00000000000000000000 0.01512954974146842914
0.00000000000000000000 0.01517993892244804376
0.00000000000000000000 0.01522063833400430499
0.00000000000000000000 0.01536232623732802956
0.00000000000000000000 0.01541347721842226993
0.00000000000000000000 0.01554286423811452114
0.00000000000000000000 0.01566927519389129525
0.00000000000000000000 0.01585550540843664452
0.00000000000000000000 0.01587749979030236153
0.00000000000000000000 0.01596858246549527974
0.00000000000000000000 0.01602587256871745164
0.00000000000000000000 0.01607964285434883636
0.00000000000000000000 0.01610599366448288786
0.00000000000000000000 0.01619413860369028901
0.00000000000000000000 0.01623561663398869273
0.00000000000000000000 0.01624872236269537737
0.00000000000000000000 0.01631092559146784388
0.00000000000000000000 0.01660828186132909043
0.00000000000000000000 0.01692846300478153751
0.00000000000000000000 0.01701331956842059082
0.00000000000000000000 0.01702028758738104858
0.00000000000000000000 0.01705199711061916590
0.00000000000000000000 0.01706305640215935102
0.00000000000000000000 0.01706992263705016041
0.00000000000000000000 0.01711964894862645983
0.00000000000000000000 0.01713779655265789889
0.00000000000000000000 0.01740281543046831580
0.00000000000000000000 0.01744405223896628929
0.00000000000000000000 0.01746699156820338827
0.00000000000000000000 0.01751437975696875163
0.00000000000000000000 0.01758399455528199956
0.00000000000000000000 0.01764845047749945273
0.00000000000000000000 0.01767103776043610353
0.00000000000000000000 0.01767942740833721577
0.00000000000000000000 0.01768642854957590271
0.00000000000000000000 0.01774680526700941202
0.00000000000000000000 0.01776252084677743329
0.00000000000000000000 0.01781228524466449414
0.00000000000000000000 0.01783083058275219956
0.00000000000000000000 0.01786719210085763870
0.00000000000000000000 0.01787571909280124063
0.00000000000000000000 0.01789671405986208857
0.00000000000000000000 0.01796527568074011635
0.00000000000000000000 0.01802928361902410639
0.00000000000000000000 0.01811433427391388046
0.00000000000000000000 0.01820195987449509112
0.00000000000000000000 0.01820258315339759458
0.00000000000000000000 0.01829154586389216200
0.00000000000000000000 0.01838121068467495761
0.00000000000000000000 0.01838709515247803974
0.00000000000000000000 0.01856965972335927750
0.00000000000000000000 0.01860690361783615132
0.00000000000000000000 0.01862468648144535721
0.00000000000000000000 0.01865057006953125054
0.00000000000000000000 0.01874866292066922069
0.00000000000000000000 0.01875324485747948897
0.00000000000000000000 0.01880915397195797797
0.00000000000000000000 0.01883780460252560199
0.00000000000000000000 0.01893434625187546613
0.00000000000000000000 0.01894672916058669221
0.00000000000000000000 0.01896652230526073984
0.00000000000000000000 0.01912210656483417578
0.00000000000000000000 0.01918074301720871025
0.00000000000000000000 0.01921493638294525033
0.00000000000000000000 0.01930304931650097047
0.00000000000000000000 0.01932784583619036670
0.00000000000000000000 0.01937044179021505177
0.00000000000000000000 0.01946353256057330519
0.00000000000000000000 0.01951587734037284541
0.00000000000000000000 0.01955319098855798354
0.00000000000000000000 0.01977909382814484543
0.00000000000000000000 0.01987322542477202095
0.00000000000000000000 0.01988780761560508467
0.00000000000000000000 0.01991586042260460113
0.00000000000000000000 0.01992715596840333864
0.00000000000000000000 0.01994500667222268847
0.00000000000000000000 0.02019032195582744216
0.00000000000000000000 0.02019484923985270103
0.00000000000000000000 0.02029278713727665148
0.00000000000000000000 0.02032965818282819401
0.00000000000000000000 0.02037055622288536094
0.00000000000000000000 0.02042896169878148302
0.00000000000000000000 0.02043975244838917155
0.00000000000000000000 0.02044279329792388772
0.00000000000000000000 0.02071667791438011608
0.00000000000000000000 0.02074720086946588854
0.00000000000000000000 0.02075052663948391204
0.00000000000000000000 0.02079320416036453331
0.00000000000000000000 0.02091994307625192132
0.00000000000000000000 0.02094554851096327996
0.00000000000000000000 0.02095336225426728052
0.00000000000000000000 0.02095565888647867719
0.00000000000000000000 0.02100560811847354895
0.00000000000000000000 0.02101754598691358764
0.00000000000000000000 0.02102522588494585426
0.00000000000000000000 0.02113699112522641685
0.00000000000000000000 0.02128642862412902237
0.00000000000000000000 0.02129850194337698857
0.00000000000000000000 0.02140640060576902426
0.00000000000000000000 0.02148590963516010255
0.00000000000000000000 0.02152788174630654999
0.00000000000000000000 0.02159954964270329944
0.00000000000000000000 0.02162438656738196671
0.00000000000000000000 0.02169439696799059861
0.00000000000000000000 0.02190738371555650890
0.00000000000000000000 0.02208108978975051664
0.00000000000000000000 0.02213092961282145041
0.00000000000000000000 0.02215382842032421334
0.00000000000000000000 0.02226462831926249997
0.00000000000000000000 0.02232447739489466093
0.00000000000000000000 0.02239711846523262037
0.00000000000000000000 0.02247237962523926727
0.00000000000000000000 0.02254626386719489270
0.00000000000000000000 0.02255037166708642737
0.00000000000000000000 0.02263652195769253264
0.00000000000000000000 0.02282677664050845531
0.00000000000000000000 0.02283846042295343409
0.00000000000000000000 0.02292489680026143020
0.00000000000000000000 0.02300262183020918352
0.00000000000000000000 0.02303907662489382974
0.00000000000000000000 0.02312838688504960730
0.00000000000000000000 0.02315103098527106218
0.00000000000000000000 0.02316821793576393992
0.00000000000000000000 0.02324472299096765754
0.00000000000000000000 0.02326901559280554477
0.00000000000000000000 0.02330174806553061626
0.00000000000000000000 0.02334323143665899963
0.00000000000000000000 0.02336812732351213964
0.00000000000000000000 0.02344091279287153703
0.00000000000000000000 0.02351789518239379498
0.00000000000000000000 0.02352277302624800059
0.00000000000000000000 0.02356301265372242465
0.00000000000000000000 0.02361938688207237264
0.00000000000000000000 0.02362624969619403145
0.00000000000000000000 0.02366223552035372213
0.00000000000000000000 0.02379143036438953820
0.00000000000000000000 0.02390745060926078441
0.00000000000000000000 0.02398535054318417029
0.00000000000000000000 0.02399458675727131340
0.00000000000000000000 0.02405255488235196956
0.00000000000000000000 0.02409256077539720722
0.00000000000000000000 0.02410676269887941300
0.00000000000000000000 0.02418209316989098148
0.00000000000000000000 0.02421377706960412338
0.00000000000000000000 0.02422309636371888092
0.00000000000000000000 0.02425264032596138875
0.00000000000000000000 0.02427231979185588348
0.00000000000000000000 0.02429934797664132923
0.00000000000000000000 0.02440959936478579936
0.00000000000000000000 0.02448382146284377309
0.00000000000000000000 0.02448890752699316858
0.00000000000000000000 0.02455995343247188364
0.00000000000000000000 0.02456293538735160320
0.00000000000000000000 0.02460865307745803421
0.00000000000000000000 0.02463657097998562043
0.00000000000000000000 0.02468620692758684634
0.00000000000000000000 0.02471096365149210577
0.00000000000000000000 0.02474714714820935163
0.00000000000000000000 0.02478176430791386234
0.00000000000000000000 0.02485489356384370380
0.00000000000000000000 0.02490100623858314613
0.00000000000000000000 0.02492330514431441088
0.00000000000000000000 0.02502378361233437154
0.00000000000000000000 0.02513906795931749802
0.00000000000000000000 0.02527630440060607900
0.00000000000000000000 0.02565870950767689534
0.00000000000000000000 0.02575100199715602348
0.00000000000000000000 0.02576735878584021991
0.00000000000000000000 0.02582974413931512364
0.00000000000000000000 0.02605501870270668721
0.00000000000000000000 0.02606738750318808237
0.00000000000000000000 0.02625104509733467567
0.00000000000000000000 0.02630092936363233672
0.00000000000000000000 0.02634687552410653472
0.00000000000000000000 0.02635851960537710648
0.00000000000000000000 0.02637920360806703460
0.00000000000000000000 0.02645690262763284589
0.00000000000000000000 0.02646794346954787699
0.00000000000000000000 0.02657636697972449655
0.00000000000000000000 0.02676246944390908017
0.00000000000000000000 0.02681692361827889282
0.00000000000000000000 0.02687329449563718650
0.00000000000000000000 0.02698935031909253587
0.00000000000000000000 0.02700510456178695576
0.00000000000000000000 0.02708109729878496394
0.00000000000000000000 0.02718769635702426510
0.00000000000000000000 0.02721383945631783777
0.00000000000000000000 0.02724621445215087701
0.00000000000000000000 0.02747597286137498304
0.00000000000000000000 0.02758894717209934774
0.00000000000000000000 0.02761965162188972922
0.00000000000000000000 0.02762828769916079660
0.00000000000000000000 0.02779219742668860571
0.00000000000000000000 0.02780673124332587801
0.00000000000000000000 0.02781607974526056903
0.00000000000000000000 0.02792562033458718604
0.00000000000000000000 0.02793974800393543914
0.00000000000000000000 0.02796834860932340128
0.00000000000000000000 0.02798218478505196116
0.00000000000000000000 0.02805538532317067638
0.00000000000000000000 0.02811493278759449529
0.00000000000000000000 0.02812425014399847975
0.00000000000000000000 0.02823800394206324796
0.00000000000000000000 0.02824325305832610031
0.00000000000000000000 0.02826906276472960014
0.00000000000000000000 0.02827805992306046609
0.00000000000000000000 0.02828135591117571582
0.00000000000000000000 0.02859936041487292496
0.00000000000000000000 0.02871696260175514437
0.00000000000000000000 0.02876347300158968792
0.00000000000000000000 0.02885757486881932593
0.00000000000000000000 0.02899910848478391354
0.00000000000000000000 0.02901415585336959355
0.00000000000000000000 0.02906697790634882317
0.00000000000000000000 0.02918723656855825785
0.00000000000000000000 0.02929711623761105041
0.00000000000000000000 0.02935313366883164285
0.00000000000000000000 0.02938520916533257296
0.00000000000000000000 0.02967144752683589098
0.00000000000000000000 0.02976387751912441815
0.00000000000000000000 0.02977338804992773688
0.00000000000000000000 0.02988668678437325643
0.00000000000000000000 0.03002754201254970862
0.00000000000000000000 0.03018135654582452740
0.00000000000000000000 0.03021438874432180732
0.00000000000000000000 0.03033469781891396863
0.00000000000000000000 0.03034394434025260157
0.00000000000000000000 0.03041430429693969817
0.00000000000000000000 0.03087820193630394852
0.00000000000000000000 0.03092971246888694473
0.00000000000000000000 0.03116763343098699277
0.00000000000000000000 0.03133577527321915190
0.00000000000000000000 0.03133766047911587527
0.00000000000000000000 0.03138802101378260906
0.00000000000000000000 0.03174662856990072279
0.00000000000000000000 0.03180661331933328645
0.00000000000000000000 0.03182398561518483965
0.00000000000000000000 0.03204601551106027457
0.00000000000000000000 0.03225455067491538041
0.00000000000000000000 0.03239303016637954530
0.00000000000000000000 0.03243778645115370785
0.00000000000000000000 0.03259301114251267339
0.00000000000000000000 0.03265205458528203097
0.00000000000000000000 0.03278702957369177690
0.00000000000000000000 0.03286213419295606203
0.00000000000000000000 0.03297384871811633034
0.00000000000000000000 0.03303251667808954073
0.00000000000000000000 0.03313383049737525510
0.00000000000000000000 0.03314756241345993143
0.00000000000000000000 0.03338786984615970538
0.00000000000000000000 0.03341280083877314760
0.00000000000000000000 0.03344663677595577367
0.00000000000000000000 0.03353494223990177020
0.00000000000000000000 0.03370956093858689523
0.00000000000000000000 0.03381877759147172008
0.00000000000000000000 0.03411237926762641232
0.00000000000000000000 0.03415292498938467258
0.00000000000000000000 0.03443688788325700856
0.00000000000000000000 0.03457975876728681258
0.00000000000000000000 0.03473753778583394541
0.00000000000000000000 0.03478985943707808143
0.00000000000000000000 0.03502592458954414262
0.00000000000000000000 0.03506097656643697436
0.00000000000000000000 0.03544666835265096461
0.00000000000000000000 0.03554733938488648104
0.00000000000000000000 0.03565786151032682150
0.00000000000000000000 0.03597871939933842272
0.00000000000000000000 0.03604399549976475964
0.00000000000000000000 0.03611527297968486483
0.00000000000000000000 0.03615303928561192787
0.00000000000000000000 0.03624469955459981574
0.00000000000000000000 0.03625651022151266112
0.00000000000000000000 0.03628124110794827412
0.00000000000000000000 0.03649297073242564055
0.00000000000000000000 0.03657410009345888474
0.00000000000000000000 0.03689425476886686039
0.00000000000000000000 0.03691735387994736495
0.00000000000000000000 0.03719082107265598430
0.00000000000000000000 0.03722739936185535947
0.00000000000000000000 0.03735589846968800226
0.00000000000000000000 0.03739566506921266492
0.00000000000000000000 0.03765832956987271579
0.00000000000000000000 0.03768200592885126432
0.00000000000000000000 0.03808423233673152025
0.00000000000000000000 0.03817801465845931108
0.00000000000000000000 0.03818878201938321476
0.00000000000000000000 0.03830231251589685804
0.00000000000000000000 0.03844517192383475890
0.00000000000000000000 0.03847401956339370488
0.00000000000000000000 0.03850682166721656335
0.00000000000000000000 0.03872536195657023256
0.00000000000000000000 0.03877679490643146099
0.00000000000000000000 0.03896655331428600100
0.00000000000000000000 0.03924985513215108190
0.00000000000000000000 0.03927510079245551816
0.00000000000000000000 0.03928797166356852444
0.00000000000000000000 0.03951399778140661512
0.00000000000000000000 0.03986112493226124515
0.00000000000000000000 0.03991978679742091279
0.00000000000000000000 0.03993507912707244117
0.00000000000000000000 0.03996774236217814913
0.00000000000000000000 0.04015581669100689449
0.00000000000000000000 0.04034925078896987177
0.00000000000000000000 0.04038773208574418516
0.00000000000000000000 0.04038975205714147310
0.00000000000000000000 0.04040849489811131068
0.00000000000000000000 0.04045220347125458304
0.00000000000000000000 0.04061226784250389354
0.00000000000000000000 0.04062412215691735967
0.00000000000000000000 0.04106911031787932598
0.00000000000000000000 0.04130906212716718706
0.00000000000000000000 0.04137267860192989782
0.00000000000000000000 0.04140330952680428001
0.00000000000000000000 0.04187549475749816064
0.00000000000000000000 0.04191295739731207282
0.00000000000000000000 0.04232784861366582080
0.00000000000000000000 0.04233110024894572165
0.00000000000000000000 0.04239917684528002328
0.00000000000000000000 0.04296267031614398046
0.00000000000000000000 0.04309919751493260925
0.00000000000000000000 0.04341477809357845163
0.00000000000000000000 0.04400520801893125639
0.00000000000000000000 0.04429989687375929241
0.00000000000000000000 0.04479787855160491383
0.00000000000000000000 0.04520640748061002800
0.00000000000000000000 0.04567257559440902892
0.00000000000000000000 0.04582734017199495413
0.00000000000000000000 0.04588420242795744619
0.00000000000000000000 0.04600623040571564376
0.00000000000000000000 0.04608367042844228184
0.00000000000000000000 0.04615478687998123691
0.00000000000000000000 0.04715164748832582908
0.00000000000000000000 0.04715168960681875160
0.00000000000000000000 0.04739251950492642113
0.00000000000000000000 0.04754430038113333090
0.00000000000000000000 0.04777272743100487856
0.00000000000000000000 0.04783732667622089818
0.00000000000000000000 0.04817717112214899011
0.00000000000000000000 0.04859637824267198924
0.00000000000000000000 0.04861934827891072064
0.00000000000000000000 0.04873394268621454584
0.00000000000000000000 0.04898970157517296836
0.00000000000000000000 0.04905386223404575169
0.00000000000000000000 0.04911967854854223242
0.00000000000000000000 0.04935663679206901688
0.00000000000000000000 0.05081067886280372925
0.00000000000000000000 0.05158820151660193504
0.00000000000000000000 0.05183979952841498429
0.00000000000000000000 0.05274971027848680133
0.00000000000000000000 0.05298184469171329791
0.00000000000000000000 0.05480695616323227187
0.00000000000000000000 0.05507630443140858201
0.00000000000000000000 0.05605200635006955118
0.00000000000000000000 0.05716585386066635327
0.00000000000000000000 0.05882578354656194802
0.00000000000000000000 0.06208806701235657088
0.00000000000000000000 0.06215343783342929668
0.00000000000000000000 0.06539564929855438968
0.00000000000000000000 0.06678710932027366598
0.00000000000000000000 0.07049460140665173014
0.00000000000000000000 0.09742461640818846080
0.00000000000000000000 0.11073785084852294514
0.00000000000000000000 1.73205080756887719318
