0.00000000000000000000 0.00748173136085817595
0.00000000000000000000 0.01370237468827587707
0.00000000000000000000 0.02124994925459169903
0.00000000000000000000 0.02192216067138523863
0.00000000000000000000 0.02204558020369139573
0.00000000000000000000 0.02228253842612087574
0.00000000000000000000 0.02679971435537476659
0.00000000000000000000 0.02956979081676014420
0.00000000000000000000 0.03094892199376837044
0.00000000000000000000 0.03104617099746447006
0.00000000000000000000 0.03122051434372552503
0.00000000000000000000 0.03184515817020015099
0.00000000000000000000 0.03475398637492109477
0.00000000000000000000 0.03545717627267390426
0.00000000000000000000 0.03810714954322281384
0.00000000000000000000 0.03899160399867203364
0.00000000000000000000 0.03954210809156410295
0.00000000000000000000 0.03965194261305320794
0.00000000000000000000 0.04030892693131757354
0.00000000000000000000 0.04031776988690504576
0.00000000000000000000 0.04092221854551791188
0.00000000000000000000 0.04121059098638051033
0.00000000000000000000 0.04151137174293447613
0.00000000000000000000 0.04202001134533767113
0.00000000000000000000 0.04259712728808206367
0.00000000000000000000 0.04309767457612191655
0.00000000000000000000 0.04336830025384187659
0.00000000000000000000 0.04358446788111848547
0.00000000000000000000 0.04386898118740343439
0.00000000000000000000 0.04626425851686390145
0.00000000000000000000 0.04664626721051222391
0.00000000000000000000 0.04745771302028361366
0.00000000000000000000 0.04784053385651607093
0.00000000000000000000 0.04868622129091028372
0.00000000000000000000 0.04871849303000672093
0.00000000000000000000 0.04890288657018097840
0.00000000000000000000 0.04918101182578440284
0.00000000000000000000 0.04952514394238339418
0.00000000000000000000 0.04955080766681915772
0.00000000000000000000 0.04958538715138310210
0.00000000000000000000 0.05002125576258344142
0.00000000000000000000 0.05044703013306815753
0.00000000000000000000 0.05079344014683153524
0.00000000000000000000 0.05090233934164349605
0.00000000000000000000 0.05119091433419914461
0.00000000000000000000 0.05131851292873085973
0.00000000000000000000 0.05143664292820621792
0.00000000000000000000 0.05156868332458953291
0.00000000000000000000 0.05159316319066350326
0.00000000000000000000 0.05234296950065000370
0.00000000000000000000 0.05251184019507076917
0.00000000000000000000 0.05252927147351930948
0.00000000000000000000 0.05301657498683446518
0.00000000000000000000 0.05313403806122408285
0.00000000000000000000 0.05314274841002053495
0.00000000000000000000 0.05379855578645865999
0.00000000000000000000 0.05429419994410022987
0.00000000000000000000 0.05433281153794078389
0.00000000000000000000 0.05481001581949569712
0.00000000000000000000 0.05521782306304378468
0.00000000000000000000 0.05578932115170823908
0.00000000000000000000 0.05604184734957018410
0.00000000000000000000 0.05613285598518873848
0.00000000000000000000 0.05661107739520464949
0.00000000000000000000 0.05710564135103329136
0.00000000000000000000 0.05764197989035076825
0.00000000000000000000 0.05827865090641026757
0.00000000000000000000 0.05838896542634927633
0.00000000000000000000 0.05852261772554169517
0.00000000000000000000 0.05935600634487801092
0.00000000000000000000 0.05942920306703162320
0.00000000000000000000 0.06018015807760056929
0.00000000000000000000 0.06035220219723201607
0.00000000000000000000 0.06049111544616249392
0.00000000000000000000 0.06081417400800704504
0.00000000000000000000 0.06118796636173638032
0.00000000000000000000 0.06152535457293057536
0.00000000000000000000 0.06154237046168645892
0.00000000000000000000 0.06174521211032393819
0.00000000000000000000 0.06181714050699257945
0.00000000000000000000 0.06189957447925092948
0.00000000000000000000 0.06192100129107146189
0.00000000000000000000 0.06231391437518728205
0.00000000000000000000 0.06246048272754436276
0.00000000000000000000 0.06282609337394098881
0.00000000000000000000 0.06301392874576849934
0.00000000000000000000 0.06355575219746611992
0.00000000000000000000 0.06386605818513332866
0.00000000000000000000 0.06388723913834690182
0.00000000000000000000 0.06412910865750555411
0.00000000000000000000 0.06493547217296488649
0.00000000000000000000 0.06506905481633656896
0.00000000000000000000 0.06569086039945808142
0.00000000000000000000 0.06605124961879661749
0.00000000000000000000 0.06621802669656949580
0.00000000000000000000 0.06685775229678204978
0.00000000000000000000 0.06686348593825737485
0.00000000000000000000 0.06695147119248967549
0.00000000000000000000 0.06697337155899203698
0.00000000000000000000 0.06700486273396703829
0.00000000000000000000 0.06715163432616735872
0.00000000000000000000 0.06725152232809003539
0.00000000000000000000 0.06727701259792907840
0.00000000000000000000 0.06727798589888113467
0.00000000000000000000 0.06728546723346094660
0.00000000000000000000 0.06743382910254193396
0.00000000000000000000 0.06820148092623985747
0.00000000000000000000 0.06820442568826108609
0.00000000000000000000 0.06825677755528794521
0.00000000000000000000 0.06830824739173244065
0.00000000000000000000 0.06835814386580732482
0.00000000000000000000 0.06838153980905213591
0.00000000000000000000 0.06858190214800077844
0.00000000000000000000 0.06885670455212149210
0.00000000000000000000 0.06909866281422806511
0.00000000000000000000 0.06929952419363451244
0.00000000000000000000 0.06935578908228179351
0.00000000000000000000 0.06980537174741542616
0.00000000000000000000 0.07005931282455274411
0.00000000000000000000 0.07008831122414857506
0.00000000000000000000 0.07031064155743120547
0.00000000000000000000 0.07071901225190820039
0.00000000000000000000 0.07080705239745462010
0.00000000000000000000 0.07115693966015168570
0.00000000000000000000 0.07128404738502801263
0.00000000000000000000 0.07129538398170658098
0.00000000000000000000 0.07142561398754709856
0.00000000000000000000 0.07143245174824548738
0.00000000000000000000 0.07189776673357210768
0.00000000000000000000 0.07241020818161229833
0.00000000000000000000 0.07262400015292516664
0.00000000000000000000 0.07266871406913065490
0.00000000000000000000 0.07276726128902706592
0.00000000000000000000 0.07278228468309989874
0.00000000000000000000 0.07319900796007454413
0.00000000000000000000 0.07325465857441702811
0.00000000000000000000 0.07370790962473319774
0.00000000000000000000 0.07390049780394251921
0.00000000000000000000 0.07401532554019728261
0.00000000000000000000 0.07415392904381318262
0.00000000000000000000 0.07433762794088587256
0.00000000000000000000 0.07477358065168375478
0.00000000000000000000 0.07480815875447077712
0.00000000000000000000 0.07488765804695045325
0.00000000000000000000 0.07503812786795627243
0.00000000000000000000 0.07511775038609706800
0.00000000000000000000 0.07521277566382927882
0.00000000000000000000 0.07524491981360555137
0.00000000000000000000 0.07532073193993425730
0.00000000000000000000 0.07542892563588590726
0.00000000000000000000 0.07563350172423675966
0.00000000000000000000 0.07604897504914769069
0.00000000000000000000 0.07626672674513712558
0.00000000000000000000 0.07628744981532045721
0.00000000000000000000 0.07641827642691886857
0.00000000000000000000 0.07654853747327014513
0.00000000000000000000 0.07661615818160646962
0.00000000000000000000 0.07671214401275625039
0.00000000000000000000 0.07715065701047989222
0.00000000000000000000 0.07771744121278177653
0.00000000000000000000 0.07779060510559743236
0.00000000000000000000 0.07780758260156452055
0.00000000000000000000 0.07791125785434099837
0.00000000000000000000 0.07819701599880463094
0.00000000000000000000 0.07820784290293261720
0.00000000000000000000 0.07820963889174176176
0.00000000000000000000 0.07851097111645330417
0.00000000000000000000 0.07862016708690980349
0.00000000000000000000 0.07875583593549520534
0.00000000000000000000 0.07904527633378295726
0.00000000000000000000 0.07921824431735217942
0.00000000000000000000 0.07934372825822574860
0.00000000000000000000 0.07973981525867045173
0.00000000000000000000 0.07979903154543087351
0.00000000000000000000 0.07997272488056275663
0.00000000000000000000 0.08081838107683625427
0.00000000000000000000 0.08124762624635371855
0.00000000000000000000 0.08168380945046758990
0.00000000000000000000 0.08189786071842931892
0.00000000000000000000 0.08192585303788497975
0.00000000000000000000 0.08208004808883086201
0.00000000000000000000 0.08275699083897651576
0.00000000000000000000 0.08282944339411707491
0.00000000000000000000 0.08283480139877143211
0.00000000000000000000 0.08286774765918179797
0.00000000000000000000 0.08351630503600074307
0.00000000000000000000 0.08357967461360175931
0.00000000000000000000 0.08392713386863248637
0.00000000000000000000 0.08394213552933149636
0.00000000000000000000 0.08397826180031506271
0.00000000000000000000 0.08423044210858966763
0.00000000000000000000 0.08442446967308747663
0.00000000000000000000 0.08465978933077988877
0.00000000000000000000 0.08480587199069784810
0.00000000000000000000 0.08490348644216452745
0.00000000000000000000 0.08499426462779388625
0.00000000000000000000 0.08510786779864025486
0.00000000000000000000 0.08522468470269924101
0.00000000000000000000 0.08526646902345047518
0.00000000000000000000 0.08534693688155838009
0.00000000000000000000 0.08581442708093693639
0.00000000000000000000 0.08616522206755246327
0.00000000000000000000 0.08648004004236826969
0.00000000000000000000 0.08679577991424597405
0.00000000000000000000 0.08679611649244123317
0.00000000000000000000 0.08687385726699593802
0.00000000000000000000 0.08691152396235059252
0.00000000000000000000 0.08719265505425441432
0.00000000000000000000 0.08722375398943423008
0.00000000000000000000 0.08765474012170021423
0.00000000000000000000 0.08768865828118908856
0.00000000000000000000 0.08770683332747175598
0.00000000000000000000 0.08800055059776316913
0.00000000000000000000 0.08802560636425627028
0.00000000000000000000 0.08811145418893184811
0.00000000000000000000 0.08882278179683424091
0.00000000000000000000 0.08887780019911621643
0.00000000000000000000 0.08934939697484833854
0.00000000000000000000 0.08962364104712712554
0.00000000000000000000 0.08991317240036085512
0.00000000000000000000 0.09017237305645006695
0.00000000000000000000 0.09031139175048413792
0.00000000000000000000 0.09033854716048078659
0.00000000000000000000 0.09055412108681674954
0.00000000000000000000 0.09068869595316363108
0.00000000000000000000 0.09074481017434576913
0.00000000000000000000 0.09085140747056921762
0.00000000000000000000 0.09099771886298012313
0.00000000000000000000 0.09099811042895626645
0.00000000000000000000 0.09100250344242540035
0.00000000000000000000 0.09127310137167350679
0.00000000000000000000 0.09162288432906984248
0.00000000000000000000 0.09165260447753542650
0.00000000000000000000 0.09172168405032719851
0.00000000000000000000 0.09174091102108672402
0.00000000000000000000 0.09174213061730990271
0.00000000000000000000 0.09198048060438619722
0.00000000000000000000 0.09235113054247105768
0.00000000000000000000 0.09257031221721255532
0.00000000000000000000 0.09265679868426000831
0.00000000000000000000 0.09279626725485436156
0.00000000000000000000 0.09321869469685893639
0.00000000000000000000 0.09330272452784929560
0.00000000000000000000 0.09337016953443724732
0.00000000000000000000 0.09360567606514291761
0.00000000000000000000 0.09423611294566673624
0.00000000000000000000 0.09432777654007146184
0.00000000000000000000 0.09435716994593672247
0.00000000000000000000 0.09453485060437887000
0.00000000000000000000 0.09483733728941551311
0.00000000000000000000 0.09500951032613058622
0.00000000000000000000 0.09516014140281832401
0.00000000000000000000 0.09521741286371424029
0.00000000000000000000 0.09538816156318771777
0.00000000000000000000 0.09539623848662757977
0.00000000000000000000 0.09543863143548726724
0.00000000000000000000 0.09586643760523348712
0.00000000000000000000 0.09612485140933817174
0.00000000000000000000 0.09662854953638379263
0.00000000000000000000 0.09670344078192866233
0.00000000000000000000 0.09710503368414193093
0.00000000000000000000 0.09712353946307444863
0.00000000000000000000 0.09719059030507484764
0.00000000000000000000 0.09723804283639309043
0.00000000000000000000 0.09788808490644797244
0.00000000000000000000 0.09848162871479522462
0.00000000000000000000 0.09859961601973518674
0.00000000000000000000 0.09905871913124388028
0.00000000000000000000 0.09963255427524478347
0.00000000000000000000 0.09966496606603793273
0.00000000000000000000 0.09972525166288265241
0.00000000000000000000 0.09974692163285105162
0.00000000000000000000 0.09977413099749288250
0.00000000000000000000 0.09987082445027843647
0.00000000000000000000 0.10018264332680934525
0.00000000000000000000 0.10026650893651055385
0.00000000000000000000 0.10050978687551465063
0.00000000000000000000 0.10115059543667519193
0.00000000000000000000 0.10127465084162230735
0.00000000000000000000 0.10137714594230121112
0.00000000000000000000 0.10140782862659261654
0.00000000000000000000 0.10146879630103661230
0.00000000000000000000 0.10243127910426870486
0.00000000000000000000 0.10254270291845180019
0.00000000000000000000 0.10288150069945189991
0.00000000000000000000 0.10306999945293161824
0.00000000000000000000 0.10323532402326689172
0.00000000000000000000 0.10325599323167078403
0.00000000000000000000 0.10377604632333606305
0.00000000000000000000 0.10378784846427016597
0.00000000000000000000 0.10398400946796697297
0.00000000000000000000 0.10409686504962838149
0.00000000000000000000 0.10418416389281817680
0.00000000000000000000 0.10536357130242181290
0.00000000000000000000 0.10544631797054114519
0.00000000000000000000 0.10569254766201841012
0.00000000000000000000 0.10572877890240608978
0.00000000000000000000 0.10595224078595968931
0.00000000000000000000 0.10619479553660747528
0.00000000000000000000 0.10621990708686533667
0.00000000000000000000 0.10655117269618390174
0.00000000000000000000 0.10657524782218597004
0.00000000000000000000 0.10738133293080295849
0.00000000000000000000 0.10738821033747619760
0.00000000000000000000 0.10794335213051019229
0.00000000000000000000 0.10849357629585679175
0.00000000000000000000 0.10932480760534202258
0.00000000000000000000 0.10935791581076524659
0.00000000000000000000 0.10963587420442640064
0.00000000000000000000 0.10970682176446373834
0.00000000000000000000 0.10982930809583417442
0.00000000000000000000 0.10985363301673928271
0.00000000000000000000 0.11069215913062055434
0.00000000000000000000 0.11093840249295920664
0.00000000000000000000 0.11125893464402662747
0.00000000000000000000 0.11135256084928954468
0.00000000000000000000 0.11163721515375987781
0.00000000000000000000 0.11164956719952685849
0.00000000000000000000 0.11177623227666350081
0.00000000000000000000 0.11180405994757634802
0.00000000000000000000 0.11180693874092507978
0.00000000000000000000 0.11186627032627860512
0.00000000000000000000 0.11210414952107033981
0.00000000000000000000 0.11212151158590541455
0.00000000000000000000 0.11213094134395737433
0.00000000000000000000 0.11218377837162422928
0.00000000000000000000 0.11267206604067567244
0.00000000000000000000 0.11321729808325792233
0.00000000000000000000 0.11354945009854586213
0.00000000000000000000 0.11401064882796471678
0.00000000000000000000 0.11404971599384493286
0.00000000000000000000 0.11408767792870824764
0.00000000000000000000 0.11459211234900738841
0.00000000000000000000 0.11500593705380565690
0.00000000000000000000 0.11511143481544697242
0.00000000000000000000 0.11563373523969011636
0.00000000000000000000 0.11599126680221373553
0.00000000000000000000 0.11605513893604381404
0.00000000000000000000 0.11617056734574425503
0.00000000000000000000 0.11629728151365979760
0.00000000000000000000 0.11645333716502986876
0.00000000000000000000 0.11671666816937087408
0.00000000000000000000 0.11686228124283289109
0.00000000000000000000 0.11706015579622901235
0.00000000000000000000 0.11756176177863587873
0.00000000000000000000 0.11795348145004042051
0.00000000000000000000 0.11881703303000504257
0.00000000000000000000 0.11883363177044754810
0.00000000000000000000 0.11893840187020829346
0.00000000000000000000 0.11906655485383312032
0.00000000000000000000 0.11918015636409669267
0.00000000000000000000 0.11930057481866698788
0.00000000000000000000 0.11949678759287399310
0.00000000000000000000 0.11953025023074131949
0.00000000000000000000 0.11973422315442598662
0.00000000000000000000 0.11988494311514986956
0.00000000000000000000 0.11990132878430166674
0.00000000000000000000 0.12018826151665781832
0.00000000000000000000 0.12109416108372744736
0.00000000000000000000 0.12113266610799146294
0.00000000000000000000 0.12113598506402754873
0.00000000000000000000 0.12136716887492847439
0.00000000000000000000 0.12153388283285024296
0.00000000000000000000 0.12156470950334723191
0.00000000000000000000 0.12159219430192917677
0.00000000000000000000 0.12185446370116276293
0.00000000000000000000 0.12192589942545122017
0.00000000000000000000 0.12261219982904443537
0.00000000000000000000 0.12269060484534344280
0.00000000000000000000 0.12301592696124009907
0.00000000000000000000 0.12325647276116906415
0.00000000000000000000 0.12327383157644269951
0.00000000000000000000 0.12335509515005123327
0.00000000000000000000 0.12359483454478759068
0.00000000000000000000 0.12430121610967725942
0.00000000000000000000 0.12439564166522534827
0.00000000000000000000 0.12453225053112954024
0.00000000000000000000 0.12480872271869437873
0.00000000000000000000 0.12502615302796346586
0.00000000000000000000 0.12527927535560615113
0.00000000000000000000 0.12532977398942593550
0.00000000000000000000 0.12663195938522517348
0.00000000000000000000 0.12696115572894287049
0.00000000000000000000 0.12704158521516975555
0.00000000000000000000 0.12778726834777515142
0.00000000000000000000 0.12804128238172746146
0.00000000000000000000 0.12808219815964744237
0.00000000000000000000 0.12849821763403246333
0.00000000000000000000 0.12874902451662448288
0.00000000000000000000 0.12935432335984856089
0.00000000000000000000 0.12949457789083387849
0.00000000000000000000 0.13023232958777167245
0.00000000000000000000 0.13026007668207312262
0.00000000000000000000 0.13046757281020285313
0.00000000000000000000 0.13054371384767968212
0.00000000000000000000 0.13106981065027162314
0.00000000000000000000 0.13143587509798954072
0.00000000000000000000 0.13169354896720433801
0.00000000000000000000 0.13250403190117357455
0.00000000000000000000 0.13265629357874389460
0.00000000000000000000 0.13269824872724958476
0.00000000000000000000 0.13360014152514099184
0.00000000000000000000 0.13395775614670221709
0.00000000000000000000 0.13416958434342879380
0.00000000000000000000 0.13444639523720899876
0.00000000000000000000 0.13451660815049679143
0.00000000000000000000 0.13588212127316928735
0.00000000000000000000 0.13619616171565909757
0.00000000000000000000 0.13636735802015187424
0.00000000000000000000 0.13663781987771408954
0.00000000000000000000 0.13675296918737980811
0.00000000000000000000 0.13680193893660921867
0.00000000000000000000 0.13682090545940492343
0.00000000000000000000 0.13721514543869525737
0.00000000000000000000 0.13777373461768216423
0.00000000000000000000 0.13793350276169855095
0.00000000000000000000 0.13830815379076066840
0.00000000000000000000 0.13865918383745171050
0.00000000000000000000 0.13897219221055018279
0.00000000000000000000 0.13898357038376329964
0.00000000000000000000 0.13906284933993065533
0.00000000000000000000 0.14050299212637670787
0.00000000000000000000 0.14117933809942284640
0.00000000000000000000 0.14150238049267713225
0.00000000000000000000 0.14181856745730561653
0.00000000000000000000 0.14193454180322817582
0.00000000000000000000 0.14244026073264526300
0.00000000000000000000 0.14265162065900560684
0.00000000000000000000 0.14302775553101604311
0.00000000000000000000 0.14431604412501355950
0.00000000000000000000 0.14467416698992088819
0.00000000000000000000 0.14475715367539659928
0.00000000000000000000 0.14479778732306125555
0.00000000000000000000 0.14620142756431164788
0.00000000000000000000 0.14628647461077434744
0.00000000000000000000 0.14671128876764349958
0.00000000000000000000 0.14771346047733160955
0.00000000000000000000 0.14976007544117816983
0.00000000000000000000 0.14994932830589896566
0.00000000000000000000 0.15068740593926099880
0.00000000000000000000 0.15075943691519769208
0.00000000000000000000 0.15128076100828705131
0.00000000000000000000 0.15222246876293715756
0.00000000000000000000 0.15335551634085778372
0.00000000000000000000 0.15445074285853455098
0.00000000000000000000 0.15542797402459096467
0.00000000000000000000 0.15637826421394618315
0.00000000000000000000 0.15653055245952415819
0.00000000000000000000 0.15721063252188488546
0.00000000000000000000 0.15750455566089652248
0.00000000000000000000 0.15777935699975020878
0.00000000000000000000 0.15786748193285771169
0.00000000000000000000 0.15826260521773213852
0.00000000000000000000 0.15951999973367317343
0.00000000000000000000 0.16153079610399989630
0.00000000000000000000 0.16192534885561565838
0.00000000000000000000 0.16209033786010104694
0.00000000000000000000 0.16224441641361153632
0.00000000000000000000 0.16252605083729271263
0.00000000000000000000 0.16338703456112213530
0.00000000000000000000 0.16410229689369271178
0.00000000000000000000 0.16459664738404466977
0.00000000000000000000 0.16577627237288086737
0.00000000000000000000 0.16704973992503807656
0.00000000000000000000 0.16758106383610626988
0.00000000000000000000 0.16821774275211834326
0.00000000000000000000 0.16984429987735583101
0.00000000000000000000 0.17053710667209939777
0.00000000000000000000 0.17053814392937263755
0.00000000000000000000 0.17213281928312185176
0.00000000000000000000 0.17263882905693270220
0.00000000000000000000 0.17311388315105688540
0.00000000000000000000 0.17350684047624964634
0.00000000000000000000 0.17513872730423141189
0.00000000000000000000 0.17567118031524689425
0.00000000000000000000 0.17608476902595537883
0.00000000000000000000 0.17913894462860027734
0.00000000000000000000 0.18049007460159766092
0.00000000000000000000 0.18215706321880337226
0.00000000000000000000 0.18608558416958900783
0.00000000000000000000 0.18849657195411478883
0.00000000000000000000 0.19120596606352366353
0.00000000000000000000 0.19290218121396376927
0.00000000000000000000 0.19360696315015457625
0.00000000000000000000 0.19498796836092857632
0.00000000000000000000 0.20684747809743458946
0.00000000000000000000 0.20694854097962225858
0.00000000000000000000 0.20809854330058019656
0.00000000000000000000 0.20972608331885220223
0.00000000000000000000 0.21152137828207287495
0.00000000000000000000 0.21331828975735050991
0.00000000000000000000 0.21434707455303517176
0.00000000000000000000 0.21627351157506902180
0.00000000000000000000 0.21775218034374793641
0.00000000000000000000 0.22000201346924957990
0.00000000000000000000 0.22031317462209928926
0.00000000000000000000 0.22837174798270601372
0.00000000000000000000 0.22979855812010591132
0.00000000000000000000 0.23390010928961293968
0.00000000000000000000 1.73205080756887719318
