0.09586486105154830295 0.09917478094817355760
0.09069983630249423001 0.10077816257698099522
0.09720778528350618175 0.10280523245509620711
0.09313096233336851104 0.10493668454616630892
0.09375341884704306572 0.10683392001350744405
0.10725637975472371299 0.10826006944373568752
0.10086086432372814992 0.11074802442792848478
0.10938800710653517889 0.11111650435255679414
0.10789365582649411424 0.11182156274595737855
0.10821633287058522732 0.11598772433456795705
0.10328160706853957429 0.11984468002818374210
0.12041297608489362481 0.12075446457431332492
0.12121567602192122315 0.12151642528777341357
0.10264594405993633652 0.12192628417953706166
0.11643408376524973236 0.12250226214399592695
0.11650232681412801827 0.12253071331390766319
0.10432082468436718048 0.12267832914280887846
0.11979670799989597385 0.12393092105502699629
0.10132512228037349189 0.12410902807208858134
0.12244378211217891994 0.12695160590504825371
0.11243611455293221757 0.12749827063587715337
0.11333105515427938093 0.12824727779563571683
0.11378506186008209566 0.12877200032533392404
0.12657560645502588526 0.13052309244350857043
0.10594837263877959765 0.13087186165929223791
0.13436759340453394151 0.13671725222294175972
0.13355214764697248553 0.13690708561560419043
0.12333757683926661886 0.13745770203734866688
0.13488419782789695667 0.13813845965060972398
0.13601281160389172564 0.13852195749172410699
0.12667783222464304438 0.13909524626111799406
0.12278999932315397270 0.14128891250347017094
0.13738838215115153907 0.14195371357886615860
0.12036783914179974286 0.14236901320141420735
0.12924070773087370512 0.14457750501059091208
0.11763995516596394142 0.14505529907081229912
0.14474984195305765078 0.14515887142483949179
0.15127849191863065870 0.15445276314474026824
0.14023622006731714662 0.15564864441251738403
0.15588745446415902540 0.15768774873772400946
0.14140570829507381756 0.15896752261892269087
0.14471529221466264414 0.15910733694476097977
0.13897144258438143272 0.16041237835271854317
0.15490503084961579350 0.16115106978070192767
0.15980384903554875620 0.16131765089413616088
0.15031537141794856782 0.16323424115740500784
0.14862160419429337743 0.16394976641048158994
0.16175542835054471102 0.16417967937231617293
0.13010782035366461051 0.16510374147351164487
0.16103794399253903991 0.16538430016648725251
0.16247206347080547784 0.16560448465585703159
0.16508866095858371059 0.16631451044780035109
0.13420430357383963949 0.16651508662204031475
0.16054472493873050976 0.16946236100900397004
0.12297102718011322653 0.16963408369022447975
0.16016921535359504580 0.16983992804426717438
0.15622925658543723726 0.17031171176091863817
0.15146361877769029536 0.17048591863572437610
0.17125073795118356257 0.17284577000262105195
0.15614737723153443438 0.17374951894511034278
0.16915996701517208023 0.17375990616905404029
0.11561841911339414135 0.17455430295874632685
0.16734091993372168794 0.17492734687010441652
0.12315504657770659502 0.17525000784527125508
0.16100454529725924391 0.17611735941322004262
0.14942321054640583800 0.17623261550562868694
0.17633050545262632380 0.17643450065749119449
0.16987744208381946875 0.17664667440257061926
0.17469253112893609603 0.17975251170235920228
0.12702550389889963323 0.18001735081046235654
0.17253670364911230517 0.18113560397280259462
0.16889626165517068745 0.18398840113832498622
0.16655388646441698919 0.18519995978732539665
0.17005987441725667342 0.18579509756453266300
0.14453936100470640702 0.18840719757173968185
0.17691149861161792334 0.18871988083377785883
0.15858760070689909005 0.18913486312926017230
0.17732714645984404278 0.18954226995002604328
0.16880638651533988459 0.19053019711175445128
0.14874360266437366973 0.19053592069890246119
0.18855121124419702006 0.19267176377592093450
0.19628570100944289778 0.19634672109628290015
0.19480133146799660793 0.19774529633056978084
0.18737307657565133168 0.19872128462294585960
0.19369494185269067743 0.19990416156261114899
0.18037408641447114088 0.20054746125606476292
0.16423722658190498258 0.20090933225809240459
0.17552601883354679302 0.20163875084466059695
0.19646173575488423690 0.20201666632019410486
0.16714315653209288470 0.20221867077711758176
0.19317751714938849461 0.20255038674593858761
0.19917975786933017623 0.20536660024850036943
0.19616500449479362667 0.20563462841019844451
0.18894301579467837060 0.20868299098565176730
0.20567296349239355679 0.21018708293505014573
0.21194130794039542365 0.21367929624724657511
0.19221900468201769119 0.21518108844494082676
0.14150148794627015469 0.21567940843488606073
0.15449862343504058848 0.21899968379145931530
0.17062339742841864387 0.21920917388236865753
0.17299526314068297550 0.22041916389614424343
0.22276219149220558013 0.22294895138540582469
0.16042087077602859568 0.22436397021785248196
0.20693621079430576937 0.22440312302913029141
0.21991578647923309964 0.22544570326902543811
0.21928456270997342958 0.22545920769077024137
0.22858653714953308667 0.23032177984816523675
0.16998461995688002313 0.23096677420547753745
0.18389196717364333922 0.23194411450636534533
0.22482509399233654990 0.23365432942148708917
0.16641365853501563499 0.23480175491312088587
0.22298604400284088856 0.23489606569011806103
0.20691489710275573488 0.23622398086914286885
0.21884769164778788975 0.23719863307230681926
0.18292484558799140815 0.23865034360782222400
0.23949828208696347098 0.23956079203004385092
0.22688930131776882670 0.24024246386575326406
0.19718998928993269892 0.24160427200488981958
0.19082303285855511943 0.24285874514559546711
0.18121928920726596002 0.24366028052515636970
0.14760585308373097568 0.24366028052515636970
0.19006955560512672765 0.24608234651339006005
0.19754593615181428867 0.25097456229004178052
0.24837798360368548711 0.25489689582088226327
0.21034261164117784570 0.25524324163881240146
0.25318836271130967797 0.25543108282234711082
0.25412443765243025728 0.25657889191859334366
0.23580328182028931217 0.25727866133353682887
0.18972748136775094419 0.25957718903185478254
0.24408444513387711483 0.26253619006962719551
0.17143442518966037214 0.26478014924420334442
0.22197841837839535351 0.26571518879318339890
0.25117648500077227602 0.26747335786068165975
0.22528698418978410078 0.26825470638288867464
0.25724099928929172743 0.26880211029864053973
0.25591638268525579436 0.27093604678946986430
0.17366032843288106702 0.27388985196126836019
0.20982586865824337519 0.27466019847130590525
0.24361543964069515278 0.27523877967967996794
0.26296964845757436757 0.27530071592049615292
0.15515100626382385962 0.27628663776095263582
0.17864283759414154029 0.27636785095360050235
0.20052754582187395926 0.27655968324418095383
0.22742844411284912631 0.27877925774435363682
0.22481920528424942374 0.28040494603699239740
0.18844585420767873130 0.28082011898274106265
0.27754787267387320826 0.28087870052239249929
0.21074455876747155703 0.28109973519959191579
0.22042159020658860791 0.28160630032581157600
0.19553192079417888727 0.28448870481828036905
0.21878767893294456814 0.28586041669209621974
0.21854611084039088365 0.28707162335157265787
0.22689692149533913224 0.28856062469649257363
0.23942052748078632152 0.28887764242094809974
0.21497545208002269423 0.28892285845147913648
0.24985311069728666222 0.29702393973485147205
0.25849068365781824319 0.29893307019718362572
0.20648082623563920879 0.30040189187969962292
0.20896981071979014999 0.30570921014509744307
0.21085352516984634530 0.31717605087372724437
0.19462475903643206010 0.31802944202755900616
0.30137705890724958424 0.32244316745321049966
0.30062803976504576253 0.32787072140674827780
0.33059873883981349962 0.33234599510943985123
0.31096793345052986535 0.33407146608675436505
0.22344696625728660555 0.33659161571106283040
0.26974064985957391105 0.34314762073866517111
0.24914864844713896508 0.34355945527953590801
0.22717037807614387512 0.34451485914557222756
0.28255509369518028162 0.34657108811097520062
0.31354303636452685033 0.34902253084258311189
0.18709445763176119071 0.35234326171759244861
0.15561134274144219902 0.35569675588829302582
0.23703389264360963384 0.35760498055947037566
0.13303872198980071229 0.35889868569664717945
0.17449537445549367920 0.36102877288745877093
0.30848650236801994362 0.36762582949060657045
0.37166360675759479992 0.37927340251068342170
0.30027687104469763524 0.37959887321292673512
