0.00000000000000000000 0.01242110225335603564
0.00000000000000000000 0.01442939827377819409
0.00000000000000000000 0.01466240356431829095
0.00000000000000000000 0.01662936706351216681
0.00000000000000000000 0.01778212543783666555
0.00000000000000000000 0.01779619800868037852
0.00000000000000000000 0.01894367832882728683
0.00000000000000000000 0.01934059545949453826
0.00000000000000000000 0.02196492283754828551
0.00000000000000000000 0.02221938612750309905
0.00000000000000000000 0.02369104164294722273
0.00000000000000000000 0.02435003780086510139
0.00000000000000000000 0.02513400281018799212
0.00000000000000000000 0.02586988778937285294
0.00000000000000000000 0.02625253738478233734
0.00000000000000000000 0.02669907594295493902
0.00000000000000000000 0.02719702754662763414
0.00000000000000000000 0.02728811880161224890
0.00000000000000000000 0.02762562901970364720
0.00000000000000000000 0.02795311868670197208
0.00000000000000000000 0.02846943869089519838
0.00000000000000000000 0.02888730285544253637
0.00000000000000000000 0.02901066531320116437
0.00000000000000000000 0.02990804606228904608
0.00000000000000000000 0.03078399674549222101
0.00000000000000000000 0.03079444190793218308
0.00000000000000000000 0.03116240803107876711
0.00000000000000000000 0.03234308338477003691
0.00000000000000000000 0.03242540720738328053
0.00000000000000000000 0.03253183296428976273
0.00000000000000000000 0.03293776255089124472
0.00000000000000000000 0.03298413372101999252
0.00000000000000000000 0.03354358374958649885
0.00000000000000000000 0.03406714035912692534
0.00000000000000000000 0.03413677338275885459
0.00000000000000000000 0.03447269789331908196
0.00000000000000000000 0.03524574002494483549
0.00000000000000000000 0.03530885026273571786
0.00000000000000000000 0.03536265605588091721
0.00000000000000000000 0.03616628138131026265
0.00000000000000000000 0.03649426768581185559
0.00000000000000000000 0.03660631055901882730
0.00000000000000000000 0.03742140003874656201
0.00000000000000000000 0.03779771520390132894
0.00000000000000000000 0.03792369523666812292
0.00000000000000000000 0.03839276125726452660
0.00000000000000000000 0.03841298453755329079
0.00000000000000000000 0.03842570554418895529
0.00000000000000000000 0.03870573277432223097
0.00000000000000000000 0.03965380340994139469
0.00000000000000000000 0.03966677108985906114
0.00000000000000000000 0.03968036273001023656
0.00000000000000000000 0.03984032213375880704
0.00000000000000000000 0.03987087381997197338
0.00000000000000000000 0.03994014415520615729
0.00000000000000000000 0.04000050764843381124
0.00000000000000000000 0.04027021916500192478
0.00000000000000000000 0.04027431507474097533
0.00000000000000000000 0.04041884609597098943
0.00000000000000000000 0.04043102500825041662
0.00000000000000000000 0.04098680392273237882
0.00000000000000000000 0.04139041675674992593
0.00000000000000000000 0.04181083631805576628
0.00000000000000000000 0.04191403325923074435
0.00000000000000000000 0.04193719115812455378
0.00000000000000000000 0.04200005420089853586
0.00000000000000000000 0.04202008686881717608
0.00000000000000000000 0.04276125022545464865
0.00000000000000000000 0.04284232138654638783
0.00000000000000000000 0.04346311741112764832
0.00000000000000000000 0.04366184614557632598
0.00000000000000000000 0.04372454511963177332
0.00000000000000000000 0.04390354214724530996
0.00000000000000000000 0.04396010044818909196
0.00000000000000000000 0.04401492902432754817
0.00000000000000000000 0.04414733374637001134
0.00000000000000000000 0.04420349666846711684
0.00000000000000000000 0.04429689089984041594
0.00000000000000000000 0.04448326864249366186
0.00000000000000000000 0.04449540035577496944
0.00000000000000000000 0.04458339088013092005
0.00000000000000000000 0.04489168197936371091
0.00000000000000000000 0.04496857561335082520
0.00000000000000000000 0.04510432653202420261
0.00000000000000000000 0.04521098149856823956
0.00000000000000000000 0.04524823659655172192
0.00000000000000000000 0.04530926263470198140
0.00000000000000000000 0.04536130696176476906
0.00000000000000000000 0.04536502187169962064
0.00000000000000000000 0.04538411533552233479
0.00000000000000000000 0.04574368766449340984
0.00000000000000000000 0.04597149232745281755
0.00000000000000000000 0.04597205819740554644
0.00000000000000000000 0.04645442615582414531
0.00000000000000000000 0.04660006329296473987
0.00000000000000000000 0.04665095003797498086
0.00000000000000000000 0.04699111648757112181
0.00000000000000000000 0.04727429260293292829
0.00000000000000000000 0.04727642801667546191
0.00000000000000000000 0.04754109514451662633
0.00000000000000000000 0.04764833297674377771
0.00000000000000000000 0.04852365346239113225
0.00000000000000000000 0.04881667902692096717
0.00000000000000000000 0.04910010552017167462
0.00000000000000000000 0.04918332115707171187
0.00000000000000000000 0.04923529224411061361
0.00000000000000000000 0.04949092691191991217
0.00000000000000000000 0.04956030189197479369
0.00000000000000000000 0.04997635951354774397
0.00000000000000000000 0.05011751352578158736
0.00000000000000000000 0.05030935002896206459
0.00000000000000000000 0.05038869391164926825
0.00000000000000000000 0.05049684657195997739
0.00000000000000000000 0.05050115912182603917
0.00000000000000000000 0.05090234452266784865
0.00000000000000000000 0.05091825368178813649
0.00000000000000000000 0.05118227145400768008
0.00000000000000000000 0.05119140823715236099
0.00000000000000000000 0.05120171848079572291
0.00000000000000000000 0.05128317267328404150
0.00000000000000000000 0.05136180027827567940
0.00000000000000000000 0.05149804667574132966
0.00000000000000000000 0.05220690797324852028
0.00000000000000000000 0.05221306697247094647
0.00000000000000000000 0.05229062902343301761
0.00000000000000000000 0.05267757844310037157
0.00000000000000000000 0.05273789771866039394
0.00000000000000000000 0.05274706904950622610
0.00000000000000000000 0.05321991341362138778
0.00000000000000000000 0.05332678828999002502
0.00000000000000000000 0.05335131919359040187
0.00000000000000000000 0.05347516979580595187
0.00000000000000000000 0.05350732987939100377
0.00000000000000000000 0.05352663346578848125
0.00000000000000000000 0.05360230442575557308
0.00000000000000000000 0.05363620725450964077
0.00000000000000000000 0.05369568244295618020
0.00000000000000000000 0.05380798554356903962
0.00000000000000000000 0.05401236930998673524
0.00000000000000000000 0.05405969641064053977
0.00000000000000000000 0.05440683701579944465
0.00000000000000000000 0.05444032257848797213
0.00000000000000000000 0.05466904476928967360
0.00000000000000000000 0.05489037074541519567
0.00000000000000000000 0.05490732385244977837
0.00000000000000000000 0.05501785055201879188
0.00000000000000000000 0.05503017206583279974
0.00000000000000000000 0.05513906711107909725
0.00000000000000000000 0.05527024913633363928
0.00000000000000000000 0.05536991307410939200
0.00000000000000000000 0.05559318319981582796
0.00000000000000000000 0.05566592220358306670
0.00000000000000000000 0.05608280214676957670
0.00000000000000000000 0.05608593971149540558
0.00000000000000000000 0.05650899312237535332
0.00000000000000000000 0.05664739597098417817
0.00000000000000000000 0.05666148918250959315
0.00000000000000000000 0.05668292157903744716
0.00000000000000000000 0.05674241871482774147
0.00000000000000000000 0.05694891831035936436
0.00000000000000000000 0.05713191570976616090
0.00000000000000000000 0.05729796223521417542
0.00000000000000000000 0.05742471554635078523
0.00000000000000000000 0.05770053512667453616
0.00000000000000000000 0.05775649302966359699
0.00000000000000000000 0.05784104839188992236
0.00000000000000000000 0.05791801218020107417
0.00000000000000000000 0.05798094212549585041
0.00000000000000000000 0.05823436895052740842
0.00000000000000000000 0.05838587549307379387
0.00000000000000000000 0.05840858250102638066
0.00000000000000000000 0.05861336008254929009
0.00000000000000000000 0.05861627855751143368
0.00000000000000000000 0.05867155009233679386
0.00000000000000000000 0.05899690725815628228
0.00000000000000000000 0.05902362983563105153
0.00000000000000000000 0.05903497961769031688
0.00000000000000000000 0.05924396485172602617
0.00000000000000000000 0.05983386416796041690
0.00000000000000000000 0.06038178949153946706
0.00000000000000000000 0.06081303608051896736
0.00000000000000000000 0.06109178442481485311
0.00000000000000000000 0.06117461734975435800
0.00000000000000000000 0.06133199795182276565
0.00000000000000000000 0.06140786193738153459
0.00000000000000000000 0.06151742068029158322
0.00000000000000000000 0.06183412311783093723
0.00000000000000000000 0.06186611847824905613
0.00000000000000000000 0.06218103427884531104
0.00000000000000000000 0.06240479587184722537
0.00000000000000000000 0.06254308799546388908
0.00000000000000000000 0.06264918735680621853
0.00000000000000000000 0.06267959347887556987
0.00000000000000000000 0.06307132250357104508
0.00000000000000000000 0.06342938398099652597
0.00000000000000000000 0.06349143900592871259
0.00000000000000000000 0.06402995962210425440
0.00000000000000000000 0.06404265313401079351
0.00000000000000000000 0.06405339378310398457
0.00000000000000000000 0.06487602776079248734
0.00000000000000000000 0.06505505659273351504
0.00000000000000000000 0.06541299736097470896
0.00000000000000000000 0.06541929296409863814
0.00000000000000000000 0.06557193609430574111
0.00000000000000000000 0.06558869536393029109
0.00000000000000000000 0.06572387939062029893
0.00000000000000000000 0.06575902878521927564
0.00000000000000000000 0.06586030331556123885
0.00000000000000000000 0.06586493498546333591
0.00000000000000000000 0.06593183556888836117
0.00000000000000000000 0.06631571597397704909
0.00000000000000000000 0.06637274837324888543
0.00000000000000000000 0.06643141559289886255
0.00000000000000000000 0.06656332045936309838
0.00000000000000000000 0.06715330611822890872
0.00000000000000000000 0.06721541591108101676
0.00000000000000000000 0.06746058923889465542
0.00000000000000000000 0.06746720396524577557
0.00000000000000000000 0.06792123294458492222
0.00000000000000000000 0.06804401273656023041
0.00000000000000000000 0.06839557937233667340
0.00000000000000000000 0.06851246863753325533
0.00000000000000000000 0.06852263877440412099
0.00000000000000000000 0.06894942262006779898
0.00000000000000000000 0.06902157722476126578
0.00000000000000000000 0.06921495566003411926
0.00000000000000000000 0.06921789262943189858
0.00000000000000000000 0.06927951021652917207
0.00000000000000000000 0.06946621655027993003
0.00000000000000000000 0.06958566769151575127
0.00000000000000000000 0.06961223570499801283
0.00000000000000000000 0.06965084501068349865
0.00000000000000000000 0.07005068226354121963
0.00000000000000000000 0.07013594411040689758
0.00000000000000000000 0.07014055414308278946
0.00000000000000000000 0.07014904935554537591
0.00000000000000000000 0.07017390757546818070
0.00000000000000000000 0.07021524945528595518
0.00000000000000000000 0.07059549277936881528
0.00000000000000000000 0.07065805946936419557
0.00000000000000000000 0.07092118329854080194
0.00000000000000000000 0.07131231082657805975
0.00000000000000000000 0.07143744363779304385
0.00000000000000000000 0.07163876881658623463
0.00000000000000000000 0.07163942339881079757
0.00000000000000000000 0.07201632458395847147
0.00000000000000000000 0.07206675482231703067
0.00000000000000000000 0.07216025314063737039
0.00000000000000000000 0.07227957757349268153
0.00000000000000000000 0.07252078228867908649
0.00000000000000000000 0.07258515887831427926
0.00000000000000000000 0.07258897557982932347
0.00000000000000000000 0.07261553830325644110
0.00000000000000000000 0.07262450047542606812
0.00000000000000000000 0.07264651554045051252
0.00000000000000000000 0.07270500301865541470
0.00000000000000000000 0.07280868116162837744
0.00000000000000000000 0.07283504167147629438
0.00000000000000000000 0.07285181773949084283
0.00000000000000000000 0.07291741865785328347
0.00000000000000000000 0.07297966026691080077
0.00000000000000000000 0.07321566197180948143
0.00000000000000000000 0.07336079931834249557
0.00000000000000000000 0.07342743257663085499
0.00000000000000000000 0.07354429092051845140
0.00000000000000000000 0.07375794227890355992
0.00000000000000000000 0.07377434194887332042
0.00000000000000000000 0.07385113683697201725
0.00000000000000000000 0.07392121374614105123
0.00000000000000000000 0.07392588467614481795
0.00000000000000000000 0.07430040074367461056
0.00000000000000000000 0.07432894481300690581
0.00000000000000000000 0.07432956601537452079
0.00000000000000000000 0.07460039938359161460
0.00000000000000000000 0.07486141492908097994
0.00000000000000000000 0.07494863495032116907
0.00000000000000000000 0.07542769167221760607
0.00000000000000000000 0.07548155467442378697
0.00000000000000000000 0.07557604604934269055
0.00000000000000000000 0.07560240331090542498
0.00000000000000000000 0.07563262403221510111
0.00000000000000000000 0.07570394077372923081
0.00000000000000000000 0.07571878464329380443
0.00000000000000000000 0.07577424446562172622
0.00000000000000000000 0.07592487876781171818
0.00000000000000000000 0.07612591628912726560
0.00000000000000000000 0.07617844258567538218
0.00000000000000000000 0.07644457172892624164
0.00000000000000000000 0.07683053756069833928
0.00000000000000000000 0.07685310084839518108
0.00000000000000000000 0.07685567297083555072
0.00000000000000000000 0.07699487139205112018
0.00000000000000000000 0.07706093988322644528
0.00000000000000000000 0.07713315529091288592
0.00000000000000000000 0.07763928051330595825
0.00000000000000000000 0.07773142226242826802
0.00000000000000000000 0.07774507952703146874
0.00000000000000000000 0.07778746337714990966
0.00000000000000000000 0.07790418002079418924
0.00000000000000000000 0.07797667553297141230
0.00000000000000000000 0.07824884429027212374
0.00000000000000000000 0.07830355628005324087
0.00000000000000000000 0.07831900443915139343
0.00000000000000000000 0.07848262904601142897
0.00000000000000000000 0.07857622693584213891
0.00000000000000000000 0.07862229149072140488
0.00000000000000000000 0.07862277372389471497
0.00000000000000000000 0.07894463903216858425
0.00000000000000000000 0.07911092843124319096
0.00000000000000000000 0.07932337653357360296
0.00000000000000000000 0.07944887264470759658
0.00000000000000000000 0.07947175696723718374
0.00000000000000000000 0.07949739791367121944
0.00000000000000000000 0.07954147248209159082
0.00000000000000000000 0.07955188580111757779
0.00000000000000000000 0.07968472868302688139
0.00000000000000000000 0.07974368971654796634
0.00000000000000000000 0.07995963205107206595
0.00000000000000000000 0.08039615481086367921
0.00000000000000000000 0.08043871544652987648
0.00000000000000000000 0.08061787009909658630
0.00000000000000000000 0.08075063633958605436
0.00000000000000000000 0.08085757338596082089
0.00000000000000000000 0.08088401969137694325
0.00000000000000000000 0.08090575882232366178
0.00000000000000000000 0.08106772800047666594
0.00000000000000000000 0.08127313793555215882
0.00000000000000000000 0.08138139619887917176
0.00000000000000000000 0.08170141984517781397
0.00000000000000000000 0.08172033139602877250
0.00000000000000000000 0.08192626149140960767
0.00000000000000000000 0.08199296147732731965
0.00000000000000000000 0.08205133523794025385
0.00000000000000000000 0.08206519748613487486
0.00000000000000000000 0.08208379353295243430
0.00000000000000000000 0.08264469228141095580
0.00000000000000000000 0.08283148597113697276
0.00000000000000000000 0.08288371145181966382
0.00000000000000000000 0.08309093833362077297
0.00000000000000000000 0.08325052662989432251
0.00000000000000000000 0.08331794981769001518
0.00000000000000000000 0.08360071419927306291
0.00000000000000000000 0.08365398560602889388
0.00000000000000000000 0.08371856505209308852
0.00000000000000000000 0.08378844402169052796
0.00000000000000000000 0.08382600191862496497
0.00000000000000000000 0.08383222100075066185
0.00000000000000000000 0.08395177193206347643
0.00000000000000000000 0.08403528029935766752
0.00000000000000000000 0.08406780848489167624
0.00000000000000000000 0.08420141323296780056
0.00000000000000000000 0.08461553582087515124
0.00000000000000000000 0.08467900768681212165
0.00000000000000000000 0.08478937829249397207
0.00000000000000000000 0.08533374780016989014
0.00000000000000000000 0.08561637556881031286
0.00000000000000000000 0.08571336502792982481
0.00000000000000000000 0.08620781953367560868
0.00000000000000000000 0.08627775692039614530
0.00000000000000000000 0.08634935160063285375
0.00000000000000000000 0.08658472926062941999
0.00000000000000000000 0.08672739324777263559
0.00000000000000000000 0.08716899176524758874
0.00000000000000000000 0.08717048651633220457
0.00000000000000000000 0.08723886289853427511
0.00000000000000000000 0.08731334405384300057
0.00000000000000000000 0.08746709103469416102
0.00000000000000000000 0.08755956132718420437
0.00000000000000000000 0.08798026508906230114
0.00000000000000000000 0.08808752196270511203
0.00000000000000000000 0.08824272282967006442
0.00000000000000000000 0.08877718889916898226
0.00000000000000000000 0.08879327288311954225
0.00000000000000000000 0.08884524151366149369
0.00000000000000000000 0.08890138526108207206
0.00000000000000000000 0.08897465718703685689
0.00000000000000000000 0.08933339594278268125
0.00000000000000000000 0.08941882055655391015
0.00000000000000000000 0.08969608859840870474
0.00000000000000000000 0.08973986284015240955
0.00000000000000000000 0.08985648171578354548
0.00000000000000000000 0.08987553454017870036
0.00000000000000000000 0.08988838843500769615
0.00000000000000000000 0.08992827602895704653
0.00000000000000000000 0.09025963745857125409
0.00000000000000000000 0.09028194775604023170
0.00000000000000000000 0.09052203404273970189
0.00000000000000000000 0.09074849547457847221
0.00000000000000000000 0.09082402390311224150
0.00000000000000000000 0.09095476131277635545
0.00000000000000000000 0.09184167045238764149
0.00000000000000000000 0.09219167525099038196
0.00000000000000000000 0.09264928042462802771
0.00000000000000000000 0.09285891536947074587
0.00000000000000000000 0.09301298944215935505
0.00000000000000000000 0.09315050327782850581
0.00000000000000000000 0.09341959181655189182
0.00000000000000000000 0.09373910844867791581
0.00000000000000000000 0.09399458424787862643
0.00000000000000000000 0.09404361743270595042
0.00000000000000000000 0.09413847910058506518
0.00000000000000000000 0.09425572986545661947
0.00000000000000000000 0.09426820281509219746
0.00000000000000000000 0.09456739790637190557
0.00000000000000000000 0.09458400109203866923
0.00000000000000000000 0.09461295795829546829
0.00000000000000000000 0.09575051284924752937
0.00000000000000000000 0.09612135088649256809
0.00000000000000000000 0.09635323437978428329
0.00000000000000000000 0.09647721944583445564
0.00000000000000000000 0.09675883184833942996
0.00000000000000000000 0.09693809267745868985
0.00000000000000000000 0.09702338206039477775
0.00000000000000000000 0.09709283906945474774
0.00000000000000000000 0.09718632241284753948
0.00000000000000000000 0.09721928771393935353
0.00000000000000000000 0.09734548475750065544
0.00000000000000000000 0.09751054696252586806
0.00000000000000000000 0.09776680777230847830
0.00000000000000000000 0.09787315181896745486
0.00000000000000000000 0.09797652539496846946
0.00000000000000000000 0.09855290157164135756
0.00000000000000000000 0.09858889977366873392
0.00000000000000000000 0.09937697805952229457
0.00000000000000000000 0.09956210421271378952
0.00000000000000000000 0.09957056374706800550
0.00000000000000000000 0.09971991077688245608
0.00000000000000000000 0.09979557576145985098
0.00000000000000000000 0.10041181487281371221
0.00000000000000000000 0.10045708631066037342
0.00000000000000000000 0.10066626946611896554
0.00000000000000000000 0.10092572212150861810
0.00000000000000000000 0.10101068033249287204
0.00000000000000000000 0.10121564383018014088
0.00000000000000000000 0.10128706921775060268
0.00000000000000000000 0.10133701170075237741
0.00000000000000000000 0.10174888048073121860
0.00000000000000000000 0.10189796701937624268
0.00000000000000000000 0.10217512252054768151
0.00000000000000000000 0.10252994267946707874
0.00000000000000000000 0.10282439930847668552
0.00000000000000000000 0.10293966068121007673
0.00000000000000000000 0.10350262943391592974
0.00000000000000000000 0.10369219591030656713
0.00000000000000000000 0.10369249542144655385
0.00000000000000000000 0.10411272181407005277
0.00000000000000000000 0.10429085642032522030
0.00000000000000000000 0.10493436192230418125
0.00000000000000000000 0.10528901528765664819
0.00000000000000000000 0.10542766574474414509
0.00000000000000000000 0.10577294291437189244
0.00000000000000000000 0.10609251069419503577
0.00000000000000000000 0.10627195704671986431
0.00000000000000000000 0.10723541727670402035
0.00000000000000000000 0.10777674549992692643
0.00000000000000000000 0.10799092608831810380
0.00000000000000000000 0.10824820863844127061
0.00000000000000000000 0.10832584288963617580
0.00000000000000000000 0.10836801260423291338
0.00000000000000000000 0.10879251500039688327
0.00000000000000000000 0.10933923754631245939
0.00000000000000000000 0.10941759406328936677
0.00000000000000000000 0.11018292637895826802
0.00000000000000000000 0.11081207167470807917
0.00000000000000000000 0.11135804603771796983
0.00000000000000000000 0.11184668599594153882
0.00000000000000000000 0.11195135318769884603
0.00000000000000000000 0.11240882276667242545
0.00000000000000000000 0.11253601400117202447
0.00000000000000000000 0.11280107060634622651
0.00000000000000000000 0.11293300148068505240
0.00000000000000000000 0.11295915735820653836
0.00000000000000000000 0.11307561200535945489
0.00000000000000000000 0.11381089847465766796
0.00000000000000000000 0.11384866491200723582
0.00000000000000000000 0.11388169580625620569
0.00000000000000000000 0.11391160452130999481
0.00000000000000000000 0.11396175848393204355
0.00000000000000000000 0.11424486652122184394
0.00000000000000000000 0.11527829120121264872
0.00000000000000000000 0.11634452268062185631
0.00000000000000000000 0.11654924140592233528
0.00000000000000000000 0.11681036600319852359
0.00000000000000000000 0.11746090143915818849
0.00000000000000000000 0.11767436557910419814
0.00000000000000000000 0.11784779764880899677
0.00000000000000000000 0.11886175084142532044
0.00000000000000000000 0.12210470739527305717
0.00000000000000000000 0.12288959582496647438
0.00000000000000000000 0.12381068504948067321
0.00000000000000000000 0.12667897493938989895
0.00000000000000000000 0.12685126537992941209
0.00000000000000000000 0.12896205918071421137
0.00000000000000000000 0.13105468442110887461
0.00000000000000000000 0.13128870251041724337
0.00000000000000000000 0.13415116227646617375
0.00000000000000000000 0.13799296822476950219
0.00000000000000000000 0.14301946027410855633
0.00000000000000000000 0.14384284619042175812
0.00000000000000000000 1.73205080756887719318
