0.02321136703401674439 0.02576750692344294616
0.02829029973415830151 0.03209557375117415984
0.03477598839436270295 0.03492748527274553566
0.03599413769186852324 0.03661824790097074900
0.03200792402288419464 0.03940179356119695442
0.03826196458163601266 0.04010266750917333700
0.03761763774656695647 0.04311239685121071724
0.03936611240535164979 0.04364893439625702753
0.04376874553011096680 0.04558481954690232069
0.03878126876738585693 0.04585790078021704380
0.03838224345328258846 0.04587187908232914085
0.04566020285064909673 0.04640607321024656229
0.04256857451662440783 0.04649395027006797410
0.04739880755246284050 0.04796365286540799772
0.04659218052361219220 0.04808230968881738870
0.04573056221653741538 0.04847202223512708102
0.04907222279763435308 0.04928802099866651243
0.03666426569048263778 0.04932348286869808751
0.04378113737350341345 0.04983357774482486541
0.04986766702113420990 0.05009435482436287029
0.04923067102536031470 0.05226605342391308501
0.04708716305776436406 0.05308577006938778459
0.04916773985752695419 0.05383679888280861608
0.05515139633996087032 0.05517374479430922629
0.04836267385877655867 0.05525910172145748200
0.04954003621636878657 0.05609205254971299376
0.05012425644401903579 0.05699712881595961345
0.03958653421819895851 0.05722404785383247011
0.05714112446256493227 0.05753767765699713960
0.05299261333643809357 0.05953724044612725141
0.05949410591116794517 0.05959660624075639040
0.05883738485648747074 0.05987065748213153682
0.06013673617971412172 0.06037859403431024286
0.05117100939367987683 0.06049590562736081173
0.05381507342426274099 0.06064449842883971875
0.05632751879062933287 0.06119337689374538397
0.05889441655929305436 0.06120925122169437044
0.05725994275127991445 0.06182664179945509403
0.05775510129777819412 0.06185873777976822613
0.05650021985510104983 0.06253631865932374190
0.05772737033817782609 0.06259409568971011084
0.05917575017739914317 0.06354091020981526838
0.06148896797779497547 0.06405799792956197447
0.06502289703883955274 0.06512405254619524353
0.06211903844027774624 0.06537132702692248498
0.06015450441812879301 0.06620991771543786875
0.04665614396508801359 0.06636669770453974826
0.06334171492012199978 0.06663821572516569203
0.06579649162655390460 0.06715324424160859507
0.05709276329805985928 0.06762691279460344984
0.06182579893742603389 0.06891612833795603132
0.05080288010082710526 0.06922921098830236986
0.06520657730120596463 0.07136081953657608112
0.06570809350236773982 0.07182521416529913383
0.06199988350741413023 0.07206288730648480190
0.06202203453452701659 0.07262404116549404931
0.06232833134255134910 0.07365656668662402817
0.06104194629408959266 0.07426658379245926200
0.07137898835172150347 0.07445209527434107355
0.05216217432583839658 0.07483451332962999525
0.07444797822606026572 0.07489675673926358968
0.07267781713855762937 0.07509758605891359018
0.06450566656178378933 0.07517109165264487802
0.06915493224880983614 0.07567783243479650479
0.07120614586010844127 0.07617726402146589304
0.07558830619271426909 0.07628467339376164558
0.05585371377523482006 0.07762416438337604863
0.07409772654067736664 0.07851175463523611675
0.06600725888741289238 0.07912639696397806566
0.07382135758204864950 0.07928791029565621096
0.07534805384114559579 0.07956085460493056427
0.07775455535574206378 0.08097940173146207787
0.05992633599317578885 0.08160283231678158722
0.07205794653716128539 0.08171069176139048040
0.06642582174471464707 0.08215575073916425719
0.08038185098786751470 0.08233614735153209352
0.07862551691520905384 0.08445240109094105663
0.06403797084072636314 0.08565996728167803165
0.08131025989343274030 0.08800630218527713544
0.07802213899482547677 0.08967143708158925586
0.08638078289503726970 0.09044039941130477267
0.08472958963971537194 0.09144924415814535690
0.08784949432769863231 0.09175201646160123514
0.09189740253676532966 0.09204924222571925219
0.09121205911639715391 0.09304666751491488808
0.06632807157035276735 0.09340888046920578502
0.06490439639142794870 0.09349043577841394115
0.06762910476383533764 0.09473276203802391549
0.09263914954102567267 0.09551048928492941736
0.04769338010944609851 0.09788594645591869314
0.09678388257412663676 0.09816931987207873356
0.05088658588742648453 0.09942609564793303267
0.07748838226943517704 0.10036085056442058117
0.07636216107472804104 0.10080255203590082758
0.10057924752736402407 0.10115542903491692162
0.06122798072153091270 0.10199622395750002068
0.06751932817796493791 0.10345403078216919290
0.08891887876201629015 0.10514385455477039122
0.09896115664219613806 0.10520811628382524539
0.06279806465047474417 0.10531306000972692760
0.08994178939961629260 0.10895979693946140909
0.08214535250635481012 0.10982138609437004650
0.06152470494428079195 0.10995557732059628442
0.09351486335389626314 0.11581574798033109075
0.06775664253437770068 0.11600398257945451763
0.09137348125635839924 0.11737731514014224099
0.11276479824191985857 0.11752776058495963130
0.08022841421584803179 0.12017610157629592116
0.09645224040113635489 0.12087544991407166151
0.12201382222788514920 0.12798089892276279245
0.12823600612601102067 0.15495652949355770422
0.07132642195620499115 0.57334394252973552852
