0.00000000000000000000 0.00218184660183398963
0.00000000000000000000 0.00364386361374251710
0.00000000000000000000 0.00378018586218970909
0.00000000000000000000 0.00393329417967961358
0.00000000000000000000 0.00471440128279120019
0.00000000000000000000 0.00493833032516120991
0.00000000000000000000 0.00528460115036977207
0.00000000000000000000 0.00613279793352626730
0.00000000000000000000 0.00627070045836697690
0.00000000000000000000 0.00633871550580143543
0.00000000000000000000 0.00665128902876709754
0.00000000000000000000 0.00677973754827053583
0.00000000000000000000 0.00702358086319335943
0.00000000000000000000 0.00729046690862196738
0.00000000000000000000 0.00729697631081630081
0.00000000000000000000 0.00740364763346606277
0.00000000000000000000 0.00767794017583176350
0.00000000000000000000 0.00774689632913340160
0.00000000000000000000 0.00784985408260636085
0.00000000000000000000 0.00811561528511304218
0.00000000000000000000 0.00812619766690696708
0.00000000000000000000 0.00816317608474265155
0.00000000000000000000 0.00822283427394655125
0.00000000000000000000 0.00822303021400226132
0.00000000000000000000 0.00834645533512982062
0.00000000000000000000 0.00835024124912458164
0.00000000000000000000 0.00843050093637175146
0.00000000000000000000 0.00867173491552770785
0.00000000000000000000 0.00870986601932025907
0.00000000000000000000 0.00872235371237839972
0.00000000000000000000 0.00908795401159314710
0.00000000000000000000 0.00922674370182427830
0.00000000000000000000 0.00922904325347712398
0.00000000000000000000 0.00948095644557706702
0.00000000000000000000 0.00951028456181550116
0.00000000000000000000 0.00951667537830741539
0.00000000000000000000 0.00971073689004484271
0.00000000000000000000 0.00973478698927435562
0.00000000000000000000 0.00985770368172963693
0.00000000000000000000 0.00990837551274270645
0.00000000000000000000 0.01003112787823245110
0.00000000000000000000 0.01004411416427804411
0.00000000000000000000 0.01007962212150433946
0.00000000000000000000 0.01014317811475932106
0.00000000000000000000 0.01030756792551835478
0.00000000000000000000 0.01034842199777310373
0.00000000000000000000 0.01046112654868455727
0.00000000000000000000 0.01049467258355275129
0.00000000000000000000 0.01052070729502211158
0.00000000000000000000 0.01061187372937401514
0.00000000000000000000 0.01064362339142672920
0.00000000000000000000 0.01071006573744806220
0.00000000000000000000 0.01076426806556643467
0.00000000000000000000 0.01081874593259325550
0.00000000000000000000 0.01088422390931074145
0.00000000000000000000 0.01096394202678754003
0.00000000000000000000 0.01107762329849876388
0.00000000000000000000 0.01115347564253498826
0.00000000000000000000 0.01133104304609824572
0.00000000000000000000 0.01133317301440861687
0.00000000000000000000 0.01136173489158266194
0.00000000000000000000 0.01146731168360654723
0.00000000000000000000 0.01153466842950677702
0.00000000000000000000 0.01153909849006080901
0.00000000000000000000 0.01155559871729677258
0.00000000000000000000 0.01166488994358171917
0.00000000000000000000 0.01180322886220591151
0.00000000000000000000 0.01182819449116632136
0.00000000000000000000 0.01184362004067227546
0.00000000000000000000 0.01188116034412333051
0.00000000000000000000 0.01202051621859547177
0.00000000000000000000 0.01217758345910601066
0.00000000000000000000 0.01233545106350261711
0.00000000000000000000 0.01253615211673897618
0.00000000000000000000 0.01258527289931533032
0.00000000000000000000 0.01259448227443144691
0.00000000000000000000 0.01266828189001355937
0.00000000000000000000 0.01275965205094800256
0.00000000000000000000 0.01283905137149544788
0.00000000000000000000 0.01284197120064605596
0.00000000000000000000 0.01284769770391598100
0.00000000000000000000 0.01284805273239669407
0.00000000000000000000 0.01285430762804490659
0.00000000000000000000 0.01297277750112662068
0.00000000000000000000 0.01304813569638908419
0.00000000000000000000 0.01308632925539246830
0.00000000000000000000 0.01323812511704278334
0.00000000000000000000 0.01325223788904249765
0.00000000000000000000 0.01334311679028343280
0.00000000000000000000 0.01351153693142842505
0.00000000000000000000 0.01367315395961316016
0.00000000000000000000 0.01367997791898519291
0.00000000000000000000 0.01370503838642809016
0.00000000000000000000 0.01370829726548923946
0.00000000000000000000 0.01395045931003459361
0.00000000000000000000 0.01401064430191532699
0.00000000000000000000 0.01405836439630960347
0.00000000000000000000 0.01406920729852220719
0.00000000000000000000 0.01414187974657988602
0.00000000000000000000 0.01414299211537491281
0.00000000000000000000 0.01414684220521812176
0.00000000000000000000 0.01415835005197782145
0.00000000000000000000 0.01419166663705980977
0.00000000000000000000 0.01426422234898677872
0.00000000000000000000 0.01427498638935813420
0.00000000000000000000 0.01428115306774878877
0.00000000000000000000 0.01436228655553871414
0.00000000000000000000 0.01439183442368529263
0.00000000000000000000 0.01440564924163805979
0.00000000000000000000 0.01442029470309173604
0.00000000000000000000 0.01448577556298247596
0.00000000000000000000 0.01472172321639939399
0.00000000000000000000 0.01477916694645394630
0.00000000000000000000 0.01482387200549283197
0.00000000000000000000 0.01483038348954674422
0.00000000000000000000 0.01486024033285813888
0.00000000000000000000 0.01486561955493956484
0.00000000000000000000 0.01501749108799183864
0.00000000000000000000 0.01513504941629894955
0.00000000000000000000 0.01521478512896340049
0.00000000000000000000 0.01527291382996141290
0.00000000000000000000 0.01534928050175920870
0.00000000000000000000 0.01544807118898839510
0.00000000000000000000 0.01549219736715552742
0.00000000000000000000 0.01557358557494170972
0.00000000000000000000 0.01570136168864650142
0.00000000000000000000 0.01580532425911786165
0.00000000000000000000 0.01585962265591646381
0.00000000000000000000 0.01591351697314611485
0.00000000000000000000 0.01592189078627837678
0.00000000000000000000 0.01596634186913920353
0.00000000000000000000 0.01604608959976513982
0.00000000000000000000 0.01608023867901583678
0.00000000000000000000 0.01617525971493921286
0.00000000000000000000 0.01618334762467084353
0.00000000000000000000 0.01619656466800579314
0.00000000000000000000 0.01621613405410013420
0.00000000000000000000 0.01625770046197077406
0.00000000000000000000 0.01626513659893830815
0.00000000000000000000 0.01627890675966166267
0.00000000000000000000 0.01632447836860276627
0.00000000000000000000 0.01632854891500417835
0.00000000000000000000 0.01635203169950814536
0.00000000000000000000 0.01636286747210379672
0.00000000000000000000 0.01641884567812786425
0.00000000000000000000 0.01643552419608483237
0.00000000000000000000 0.01644554795762803376
0.00000000000000000000 0.01644735981566168570
0.00000000000000000000 0.01650337537540945768
0.00000000000000000000 0.01650644413548596132
0.00000000000000000000 0.01654002164139372136
0.00000000000000000000 0.01656539835689941828
0.00000000000000000000 0.01657585788815418848
0.00000000000000000000 0.01657802347688995190
0.00000000000000000000 0.01662169933860624046
0.00000000000000000000 0.01668938860200493146
0.00000000000000000000 0.01673272416753552108
0.00000000000000000000 0.01677156464798923441
0.00000000000000000000 0.01677453494750052315
0.00000000000000000000 0.01682802933863629044
0.00000000000000000000 0.01689157805435450785
0.00000000000000000000 0.01689481866692740114
0.00000000000000000000 0.01695449802328396691
0.00000000000000000000 0.01704728916497684835
0.00000000000000000000 0.01704870441720584759
0.00000000000000000000 0.01719691378828043515
0.00000000000000000000 0.01729445344069144297
0.00000000000000000000 0.01734818328196087098
0.00000000000000000000 0.01738514682537724287
0.00000000000000000000 0.01738731021883623690
0.00000000000000000000 0.01742744393586906013
0.00000000000000000000 0.01743481358242938636
0.00000000000000000000 0.01746682284253826822
0.00000000000000000000 0.01750535803763564671
0.00000000000000000000 0.01756917755810550805
0.00000000000000000000 0.01759538579161727331
0.00000000000000000000 0.01762007108906350761
0.00000000000000000000 0.01763680589068473276
0.00000000000000000000 0.01767204990554680291
0.00000000000000000000 0.01776612227070259800
0.00000000000000000000 0.01778421869476464606
0.00000000000000000000 0.01782025129896506674
0.00000000000000000000 0.01788658278456343662
0.00000000000000000000 0.01793488100119097414
0.00000000000000000000 0.01809287642373878097
0.00000000000000000000 0.01813126333697675716
0.00000000000000000000 0.01814790562259207748
0.00000000000000000000 0.01821516474331164731
0.00000000000000000000 0.01822067241236940277
0.00000000000000000000 0.01826776787498616758
0.00000000000000000000 0.01829326475326497475
0.00000000000000000000 0.01833253034404976403
0.00000000000000000000 0.01835105583534057602
0.00000000000000000000 0.01841548932390841761
0.00000000000000000000 0.01849145469607046954
0.00000000000000000000 0.01853664876912044027
0.00000000000000000000 0.01858700193490993649
0.00000000000000000000 0.01859166197983252652
0.00000000000000000000 0.01867650227977828148
0.00000000000000000000 0.01870744506843064967
0.00000000000000000000 0.01878162537609370797
0.00000000000000000000 0.01886860800222624895
0.00000000000000000000 0.01887190333011276588
0.00000000000000000000 0.01892833771313847530
0.00000000000000000000 0.01901329307523515894
0.00000000000000000000 0.01903128559087073624
0.00000000000000000000 0.01903714465143697271
0.00000000000000000000 0.01912996068080977108
0.00000000000000000000 0.01916061073104093071
0.00000000000000000000 0.01916733151972873153
0.00000000000000000000 0.01918511356219967240
0.00000000000000000000 0.01920722539470218204
0.00000000000000000000 0.01923486787020047689
0.00000000000000000000 0.01926397173816326441
0.00000000000000000000 0.01929886238325143055
0.00000000000000000000 0.01932433174971256648
0.00000000000000000000 0.01952957491696086928
0.00000000000000000000 0.01959487491662708150
0.00000000000000000000 0.01963971094086336064
0.00000000000000000000 0.01964832333264247138
0.00000000000000000000 0.01964915823987182023
0.00000000000000000000 0.01966611509098746546
0.00000000000000000000 0.01969328037498960932
0.00000000000000000000 0.01974349945662084646
0.00000000000000000000 0.01975296766216832339
0.00000000000000000000 0.01977380471110057672
0.00000000000000000000 0.01983861542744960738
0.00000000000000000000 0.01984713231045450582
0.00000000000000000000 0.01998319717318929045
0.00000000000000000000 0.02000184810216222228
0.00000000000000000000 0.02011124412108930559
0.00000000000000000000 0.02029727676581939005
0.00000000000000000000 0.02032935216388510533
0.00000000000000000000 0.02033054180389028132
0.00000000000000000000 0.02047889792876980697
0.00000000000000000000 0.02054262019817238230
0.00000000000000000000 0.02059068362138053235
0.00000000000000000000 0.02061446920388331286
0.00000000000000000000 0.02061541802727784659
0.00000000000000000000 0.02064778474612832815
0.00000000000000000000 0.02069045073950460945
0.00000000000000000000 0.02073722008524165467
0.00000000000000000000 0.02073851711557248012
0.00000000000000000000 0.02077773082113346451
0.00000000000000000000 0.02080037438309761608
0.00000000000000000000 0.02089791716856109760
0.00000000000000000000 0.02091382649013744793
0.00000000000000000000 0.02093252790711506647
0.00000000000000000000 0.02106423753578866298
0.00000000000000000000 0.02118438228216830421
0.00000000000000000000 0.02120428594267957309
0.00000000000000000000 0.02127484264953507023
0.00000000000000000000 0.02132325228932237943
0.00000000000000000000 0.02140107625698286359
0.00000000000000000000 0.02144567783112857895
0.00000000000000000000 0.02156962961416197810
0.00000000000000000000 0.02168384337424155567
0.00000000000000000000 0.02175230349912384009
0.00000000000000000000 0.02178422086390753923
0.00000000000000000000 0.02188615183597390074
0.00000000000000000000 0.02188911784876873892
0.00000000000000000000 0.02190733892678295436
0.00000000000000000000 0.02203226062365592694
0.00000000000000000000 0.02209225656897543036
0.00000000000000000000 0.02221658272033727455
0.00000000000000000000 0.02236047535187813545
0.00000000000000000000 0.02238687505392287364
0.00000000000000000000 0.02244136073884587385
0.00000000000000000000 0.02249399653916812555
0.00000000000000000000 0.02265304439660411132
0.00000000000000000000 0.02271613262083904683
0.00000000000000000000 0.02273694999987600426
0.00000000000000000000 0.02274517373951079335
0.00000000000000000000 0.02282362204986388560
0.00000000000000000000 0.02292593816297837025
0.00000000000000000000 0.02295399572918165390
0.00000000000000000000 0.02296995033015125295
0.00000000000000000000 0.02298131174401185639
0.00000000000000000000 0.02303982749333341462
0.00000000000000000000 0.02310566238579708082
0.00000000000000000000 0.02311631788735049944
0.00000000000000000000 0.02311736466058509146
0.00000000000000000000 0.02313519010578596324
0.00000000000000000000 0.02316645585673997657
0.00000000000000000000 0.02316859654339814903
0.00000000000000000000 0.02322043115925366205
0.00000000000000000000 0.02333347634333133788
0.00000000000000000000 0.02340704159618321387
0.00000000000000000000 0.02342081686987161626
0.00000000000000000000 0.02351376212693391879
0.00000000000000000000 0.02355884074334594833
0.00000000000000000000 0.02356176295358362524
0.00000000000000000000 0.02359491236448695017
0.00000000000000000000 0.02360456560348460006
0.00000000000000000000 0.02366718569171603198
0.00000000000000000000 0.02371665575128671655
0.00000000000000000000 0.02378762824533416434
0.00000000000000000000 0.02385015945081368424
0.00000000000000000000 0.02387525396219942683
0.00000000000000000000 0.02388341274632632683
0.00000000000000000000 0.02401917179077260600
0.00000000000000000000 0.02406259649605772127
0.00000000000000000000 0.02406616139042258573
0.00000000000000000000 0.02408931172586881858
0.00000000000000000000 0.02423961887992857889
0.00000000000000000000 0.02429636003666738389
0.00000000000000000000 0.02430539648826319718
0.00000000000000000000 0.02431882103391133643
0.00000000000000000000 0.02437327518311301761
0.00000000000000000000 0.02439287380825293575
0.00000000000000000000 0.02440833793882955446
0.00000000000000000000 0.02451585478370057330
0.00000000000000000000 0.02453275588349844438
0.00000000000000000000 0.02457082032687441311
0.00000000000000000000 0.02458983414545143006
0.00000000000000000000 0.02461175679524152393
0.00000000000000000000 0.02471779232369187770
0.00000000000000000000 0.02472469947370590712
0.00000000000000000000 0.02474034863787786045
0.00000000000000000000 0.02481343563919118436
0.00000000000000000000 0.02486833716490255072
0.00000000000000000000 0.02490067718525591084
0.00000000000000000000 0.02490460124969882255
0.00000000000000000000 0.02498574228739826320
0.00000000000000000000 0.02525259731197928084
0.00000000000000000000 0.02526519732749473932
0.00000000000000000000 0.02533444797343599106
0.00000000000000000000 0.02539154771438456581
0.00000000000000000000 0.02541619303806912783
0.00000000000000000000 0.02550886022888072813
0.00000000000000000000 0.02559664344270501726
0.00000000000000000000 0.02579326454351688058
0.00000000000000000000 0.02590181333370578098
0.00000000000000000000 0.02602967745293231078
0.00000000000000000000 0.02606007671348541110
0.00000000000000000000 0.02615788119378592569
0.00000000000000000000 0.02617515700164788073
0.00000000000000000000 0.02649980384554124352
0.00000000000000000000 0.02650830343782095699
0.00000000000000000000 0.02657508865563765546
0.00000000000000000000 0.02687903775219688957
0.00000000000000000000 0.02689021009712698820
0.00000000000000000000 0.02694600681817863747
0.00000000000000000000 0.02712408739767671606
0.00000000000000000000 0.02724830342254225268
0.00000000000000000000 0.02732893996336699036
0.00000000000000000000 0.02734502541756929014
0.00000000000000000000 0.02739465075021397730
0.00000000000000000000 0.02744674146586542976
0.00000000000000000000 0.02757714570819109687
0.00000000000000000000 0.02757844383569372712
0.00000000000000000000 0.02762247477559161626
0.00000000000000000000 0.02763422733391399794
0.00000000000000000000 0.02769839425690120635
0.00000000000000000000 0.02770604980140850201
0.00000000000000000000 0.02779576458149280588
0.00000000000000000000 0.02787294409771447906
0.00000000000000000000 0.02790494935374943433
0.00000000000000000000 0.02791528959911810867
0.00000000000000000000 0.02793303701908217418
0.00000000000000000000 0.02793961159622124907
0.00000000000000000000 0.02813548269419922573
0.00000000000000000000 0.02823509928617662368
0.00000000000000000000 0.02856853506056172484
0.00000000000000000000 0.02862936268724392691
0.00000000000000000000 0.02864194131298330309
0.00000000000000000000 0.02903982848837019862
0.00000000000000000000 0.02905214928936248123
0.00000000000000000000 0.02916568159298800131
0.00000000000000000000 0.02923272313564226343
0.00000000000000000000 0.02936185943123817421
0.00000000000000000000 0.02940807776523145581
0.00000000000000000000 0.02959055188434322678
0.00000000000000000000 0.02987811227186758928
0.00000000000000000000 0.02998902312995255226
0.00000000000000000000 0.03009970103469187738
0.00000000000000000000 0.03011279492692294293
0.00000000000000000000 0.03026504997855376106
0.00000000000000000000 0.03035497392792521967
0.00000000000000000000 0.03050791153537636344
0.00000000000000000000 0.03061731917725806287
0.00000000000000000000 0.03069966956400093164
0.00000000000000000000 0.03089482290358046279
0.00000000000000000000 0.03090080608271579543
0.00000000000000000000 0.03101317159704079437
0.00000000000000000000 0.03105694175988555836
0.00000000000000000000 0.03107847398822331103
0.00000000000000000000 0.03119015815396005906
0.00000000000000000000 0.03127171840609115766
0.00000000000000000000 0.03133330212959400951
0.00000000000000000000 0.03153308404582128716
0.00000000000000000000 0.03156759083096513652
0.00000000000000000000 0.03156828733857384300
0.00000000000000000000 0.03160577849711607851
0.00000000000000000000 0.03168605463674238620
0.00000000000000000000 0.03169441847328303974
0.00000000000000000000 0.03177063141262861240
0.00000000000000000000 0.03177746300484134839
0.00000000000000000000 0.03179066710124821976
0.00000000000000000000 0.03182964349531219178
0.00000000000000000000 0.03183801811428135786
0.00000000000000000000 0.03187185905888857002
0.00000000000000000000 0.03209045483884912647
0.00000000000000000000 0.03216566840027596658
0.00000000000000000000 0.03250481658790303763
0.00000000000000000000 0.03259310045348808027
0.00000000000000000000 0.03272168866031306689
0.00000000000000000000 0.03301553341826826693
0.00000000000000000000 0.03304844848778693694
0.00000000000000000000 0.03309733505590189973
0.00000000000000000000 0.03312076683106316560
0.00000000000000000000 0.03327833918701405408
0.00000000000000000000 0.03356109170628870236
0.00000000000000000000 0.03358293500069275961
0.00000000000000000000 0.03372393479406323585
0.00000000000000000000 0.03375752841493701722
0.00000000000000000000 0.03378486503025182608
0.00000000000000000000 0.03404556793703063244
0.00000000000000000000 0.03409328911114455768
0.00000000000000000000 0.03414665871934679381
0.00000000000000000000 0.03423914840573234059
0.00000000000000000000 0.03440661523038230502
0.00000000000000000000 0.03463332027750991998
0.00000000000000000000 0.03468488574534280000
0.00000000000000000000 0.03538423277926356497
0.00000000000000000000 0.03590992360706109915
0.00000000000000000000 0.03597073250503170921
0.00000000000000000000 0.03609397603205347776
0.00000000000000000000 0.03640540035270525832
0.00000000000000000000 0.03654681393846000853
0.00000000000000000000 0.03656707428642490959
0.00000000000000000000 0.03658020336558692048
0.00000000000000000000 0.03696847639325721857
0.00000000000000000000 0.03703243345040881096
0.00000000000000000000 0.03710352095141510043
0.00000000000000000000 0.03728260989518594054
0.00000000000000000000 0.03751824700408053215
0.00000000000000000000 0.03769663655933436913
0.00000000000000000000 0.03771371234875166983
0.00000000000000000000 0.03780157995928299514
0.00000000000000000000 0.03788362914101430640
0.00000000000000000000 0.03799451655135362149
0.00000000000000000000 0.03810320707789027067
0.00000000000000000000 0.03813393376437615445
0.00000000000000000000 0.03826041461577957270
0.00000000000000000000 0.03850583563650118724
0.00000000000000000000 0.03918345597241824907
0.00000000000000000000 0.03931024240151649585
0.00000000000000000000 0.03949502000471113994
0.00000000000000000000 0.03955105387625618141
0.00000000000000000000 0.03991041216406929909
0.00000000000000000000 0.04033870648758333677
0.00000000000000000000 0.04050603959775976592
0.00000000000000000000 0.04084356111026944680
0.00000000000000000000 0.04130744255916651148
0.00000000000000000000 0.04168785855221743275
0.00000000000000000000 0.04221031599533873330
0.00000000000000000000 0.04243480290658895732
0.00000000000000000000 0.04254283259851444898
0.00000000000000000000 0.04282369063497060147
0.00000000000000000000 0.04306242426957417740
0.00000000000000000000 0.04379431411940516716
0.00000000000000000000 0.04393222445099215917
0.00000000000000000000 0.04403710590197103952
0.00000000000000000000 0.04414294818906636109
0.00000000000000000000 0.04440090138663575769
0.00000000000000000000 0.04521512656218541065
0.00000000000000000000 0.04626929579665489678
0.00000000000000000000 0.04627629809786971277
0.00000000000000000000 0.04634335063288549938
0.00000000000000000000 0.04672676228999846776
0.00000000000000000000 0.04694893501876040015
0.00000000000000000000 0.04733298860312610407
0.00000000000000000000 0.04761136461690392008
0.00000000000000000000 0.04913054004681657178
0.00000000000000000000 0.04980649153093348602
0.00000000000000000000 0.05025493059628989567
0.00000000000000000000 0.05047903688417738899
0.00000000000000000000 0.05082984575125507054
0.00000000000000000000 0.05100065199682999456
0.00000000000000000000 0.05147152271960144659
0.00000000000000000000 0.05340245026451021643
0.00000000000000000000 0.05373161721790612605
0.00000000000000000000 0.05430353591525859114
0.00000000000000000000 0.05501918656783476996
0.00000000000000000000 0.05580755239548342017
0.00000000000000000000 0.05703823632989587361
0.00000000000000000000 0.05851191699654515604
0.00000000000000000000 0.05857015356623721664
0.00000000000000000000 0.05883270777593631318
0.00000000000000000000 0.06044548377389424854
0.00000000000000000000 0.06090054410351652264
0.00000000000000000000 0.06172460497229310949
0.00000000000000000000 0.07368830400367587519
0.00000000000000000000 0.07781449346389984756
0.00000000000000000000 0.08475012590833681803
0.00000000000000000000 0.08937697316193628227
0.00000000000000000000 0.10647993803705071980
0.00000000000000000000 0.16690165963699718499
0.00000000000000000000 1.73205080756887719318
