0.00000000000000000000 0.00215789533972124891
0.00000000000000000000 0.00232788040981438430
0.00000000000000000000 0.00267846073768112248
0.00000000000000000000 0.00294929084949017073
0.00000000000000000000 0.00296248632084756278
0.00000000000000000000 0.00298872112746562286
0.00000000000000000000 0.00316402849715344313
0.00000000000000000000 0.00327667611839407673
0.00000000000000000000 0.00341579473699492363
0.00000000000000000000 0.00362226237761827628
0.00000000000000000000 0.00430960717763210609
0.00000000000000000000 0.00441113988681450259
0.00000000000000000000 0.00447890599847036285
0.00000000000000000000 0.00497230844959006737
0.00000000000000000000 0.00498799758673279612
0.00000000000000000000 0.00502463281661585763
0.00000000000000000000 0.00541726244181020208
0.00000000000000000000 0.00586289126775510917
0.00000000000000000000 0.00590090869445502025
0.00000000000000000000 0.00600101266860871702
0.00000000000000000000 0.00615580612838602728
0.00000000000000000000 0.00661206171011705958
0.00000000000000000000 0.00678649563106464414
0.00000000000000000000 0.00683974205397783457
0.00000000000000000000 0.00688646793934881690
0.00000000000000000000 0.00693219898214098625
0.00000000000000000000 0.00694567773429724186
0.00000000000000000000 0.00694913926120934670
0.00000000000000000000 0.00717861002535761985
0.00000000000000000000 0.00722888102549650545
0.00000000000000000000 0.00755709515091991784
0.00000000000000000000 0.00756445494428527321
0.00000000000000000000 0.00759956969964545401
0.00000000000000000000 0.00775797203501521569
0.00000000000000000000 0.00784896198275077464
0.00000000000000000000 0.00797813108943408456
0.00000000000000000000 0.00808148388600623581
0.00000000000000000000 0.00852288669251002710
0.00000000000000000000 0.00852383211849047119
0.00000000000000000000 0.00884979304901801003
0.00000000000000000000 0.00887824158205536076
0.00000000000000000000 0.00903634290407074291
0.00000000000000000000 0.00905989357575945516
0.00000000000000000000 0.00922010636115273667
0.00000000000000000000 0.00928175209721914668
0.00000000000000000000 0.00931678513815780741
0.00000000000000000000 0.00957360615033537622
0.00000000000000000000 0.00977101213210884549
0.00000000000000000000 0.00977103386519271970
0.00000000000000000000 0.00982040581916529196
0.00000000000000000000 0.00989355624456506391
0.00000000000000000000 0.00992994569243815101
0.00000000000000000000 0.01004577849149843397
0.00000000000000000000 0.01006025669884761872
0.00000000000000000000 0.01014839458343289209
0.00000000000000000000 0.01016846654335707908
0.00000000000000000000 0.01021746627799288536
0.00000000000000000000 0.01034839343690076817
0.00000000000000000000 0.01035885535904743776
0.00000000000000000000 0.01040255021285580068
0.00000000000000000000 0.01054432153935672654
0.00000000000000000000 0.01055436374199498518
0.00000000000000000000 0.01056239966647739420
0.00000000000000000000 0.01062907149243896843
0.00000000000000000000 0.01063819583200927184
0.00000000000000000000 0.01067523347448944698
0.00000000000000000000 0.01077569205998205222
0.00000000000000000000 0.01080279653621350755
0.00000000000000000000 0.01080786117341243913
0.00000000000000000000 0.01084615506566782850
0.00000000000000000000 0.01094728186361242951
0.00000000000000000000 0.01116942677993395909
0.00000000000000000000 0.01119860744858721877
0.00000000000000000000 0.01120773165612436173
0.00000000000000000000 0.01130480797813907673
0.00000000000000000000 0.01132618331910127847
0.00000000000000000000 0.01172851228498154874
0.00000000000000000000 0.01175399054495504525
0.00000000000000000000 0.01180898403815420876
0.00000000000000000000 0.01181022170096881867
0.00000000000000000000 0.01181672349092260585
0.00000000000000000000 0.01182168254116338496
0.00000000000000000000 0.01186109517212807253
0.00000000000000000000 0.01186714386657966060
0.00000000000000000000 0.01189096592803973347
0.00000000000000000000 0.01208118813267794293
0.00000000000000000000 0.01219384684884492094
0.00000000000000000000 0.01219496707510853671
0.00000000000000000000 0.01240618920548980895
0.00000000000000000000 0.01253515539127470109
0.00000000000000000000 0.01256687655131667053
0.00000000000000000000 0.01262962554110257790
0.00000000000000000000 0.01270638603875758922
0.00000000000000000000 0.01277443163460604235
0.00000000000000000000 0.01277891201923152947
0.00000000000000000000 0.01279744853842286825
0.00000000000000000000 0.01284723425294780237
0.00000000000000000000 0.01284925633423203775
0.00000000000000000000 0.01301747476402587318
0.00000000000000000000 0.01308471380268926704
0.00000000000000000000 0.01321343035716941727
0.00000000000000000000 0.01321755270758048773
0.00000000000000000000 0.01326326091048344105
0.00000000000000000000 0.01360511961893756151
0.00000000000000000000 0.01361813044354242587
0.00000000000000000000 0.01368478769233476278
0.00000000000000000000 0.01372775377058430349
0.00000000000000000000 0.01377157628108241667
0.00000000000000000000 0.01381905624176572173
0.00000000000000000000 0.01385347383503168252
0.00000000000000000000 0.01390237705673362523
0.00000000000000000000 0.01391433108516162802
0.00000000000000000000 0.01398954567651202775
0.00000000000000000000 0.01426512998380311849
0.00000000000000000000 0.01458485006733780363
0.00000000000000000000 0.01462909829819807050
0.00000000000000000000 0.01475974183693853914
0.00000000000000000000 0.01482057873256625510
0.00000000000000000000 0.01495089564812849235
0.00000000000000000000 0.01495159458078067390
0.00000000000000000000 0.01509337209447523219
0.00000000000000000000 0.01510635822099349462
0.00000000000000000000 0.01514323656740839373
0.00000000000000000000 0.01515056997367233808
0.00000000000000000000 0.01518402143281383926
0.00000000000000000000 0.01521450039704555328
0.00000000000000000000 0.01527939463109184715
0.00000000000000000000 0.01528714007499716240
0.00000000000000000000 0.01532262094091337533
0.00000000000000000000 0.01532920912268849467
0.00000000000000000000 0.01534630619591733497
0.00000000000000000000 0.01535098972440833431
0.00000000000000000000 0.01540327113278761907
0.00000000000000000000 0.01542186796839910105
0.00000000000000000000 0.01549271331687804114
0.00000000000000000000 0.01560196281948725283
0.00000000000000000000 0.01561210836808031577
0.00000000000000000000 0.01563265495733626165
0.00000000000000000000 0.01564078361606388232
0.00000000000000000000 0.01565682788552292745
0.00000000000000000000 0.01579931961375558372
0.00000000000000000000 0.01590491550102412707
0.00000000000000000000 0.01592236531593064358
0.00000000000000000000 0.01592237419756131062
0.00000000000000000000 0.01596784056238809146
0.00000000000000000000 0.01598752885259063089
0.00000000000000000000 0.01602294306175913383
0.00000000000000000000 0.01604837788822063502
0.00000000000000000000 0.01605982651209457435
0.00000000000000000000 0.01618308383466684000
0.00000000000000000000 0.01620981603982046479
0.00000000000000000000 0.01633012953565786060
0.00000000000000000000 0.01636304328574990710
0.00000000000000000000 0.01668811769904515047
0.00000000000000000000 0.01672416347039897347
0.00000000000000000000 0.01674071760257498862
0.00000000000000000000 0.01679243579192554736
0.00000000000000000000 0.01680033827121175938
0.00000000000000000000 0.01681863641026065670
0.00000000000000000000 0.01682112528059810999
0.00000000000000000000 0.01685875775182743216
0.00000000000000000000 0.01690885466533100304
0.00000000000000000000 0.01697396940935889248
0.00000000000000000000 0.01703895760816012336
0.00000000000000000000 0.01703961507139386405
0.00000000000000000000 0.01708096671802311270
0.00000000000000000000 0.01726749521643377097
0.00000000000000000000 0.01728956036417990047
0.00000000000000000000 0.01731079056366811517
0.00000000000000000000 0.01732628217344742497
0.00000000000000000000 0.01737479566361291305
0.00000000000000000000 0.01740887477763502708
0.00000000000000000000 0.01744469942710033875
0.00000000000000000000 0.01745467215616174766
0.00000000000000000000 0.01748726013419529476
0.00000000000000000000 0.01783058359207659663
0.00000000000000000000 0.01783655100104164157
0.00000000000000000000 0.01784362906145662772
0.00000000000000000000 0.01793585180217152283
0.00000000000000000000 0.01793950338635048880
0.00000000000000000000 0.01794745998787314334
0.00000000000000000000 0.01801458238448058746
0.00000000000000000000 0.01801899342887862063
0.00000000000000000000 0.01804765793175413385
0.00000000000000000000 0.01808460531438430344
0.00000000000000000000 0.01813189833707551726
0.00000000000000000000 0.01833036135632356428
0.00000000000000000000 0.01837223614392623564
0.00000000000000000000 0.01840573465999551656
0.00000000000000000000 0.01851265107939967236
0.00000000000000000000 0.01857518729514589031
0.00000000000000000000 0.01862792714468865241
0.00000000000000000000 0.01877299214045928186
0.00000000000000000000 0.01878532667748277277
0.00000000000000000000 0.01880102645338423833
0.00000000000000000000 0.01884031481032722929
0.00000000000000000000 0.01897185937948835111
0.00000000000000000000 0.01898001994713087101
0.00000000000000000000 0.01898679772353918660
0.00000000000000000000 0.01900163076680905574
0.00000000000000000000 0.01912317987949692030
0.00000000000000000000 0.01915729887622483543
0.00000000000000000000 0.01920081827316368756
0.00000000000000000000 0.01920675023635681072
0.00000000000000000000 0.01935867152497254551
0.00000000000000000000 0.01940720262690546691
0.00000000000000000000 0.01941104077643860878
0.00000000000000000000 0.01944171781967273666
0.00000000000000000000 0.01972884946426845323
0.00000000000000000000 0.01972977143216064766
0.00000000000000000000 0.01975969510867253698
0.00000000000000000000 0.01977517274559206090
0.00000000000000000000 0.01983444138495582890
0.00000000000000000000 0.01984564456524740700
0.00000000000000000000 0.01984567301023728789
0.00000000000000000000 0.01990117445567329835
0.00000000000000000000 0.02002914681422346063
0.00000000000000000000 0.02006226299391246359
0.00000000000000000000 0.02017721278010553218
0.00000000000000000000 0.02035283359384592108
0.00000000000000000000 0.02039613653282355138
0.00000000000000000000 0.02047063421572985903
0.00000000000000000000 0.02051485637819997973
0.00000000000000000000 0.02054109817039578151
0.00000000000000000000 0.02074435876106239460
0.00000000000000000000 0.02077054282798803178
0.00000000000000000000 0.02085130218649211553
0.00000000000000000000 0.02085326037156063142
0.00000000000000000000 0.02098061540354511853
0.00000000000000000000 0.02102615659633235226
0.00000000000000000000 0.02105046688820468373
0.00000000000000000000 0.02117320308395234316
0.00000000000000000000 0.02120315471503501567
0.00000000000000000000 0.02123223731579374288
0.00000000000000000000 0.02144835593535068113
0.00000000000000000000 0.02154353717185997566
0.00000000000000000000 0.02162168021415638783
0.00000000000000000000 0.02164814596697372043
0.00000000000000000000 0.02167060789076090052
0.00000000000000000000 0.02172105815814536975
0.00000000000000000000 0.02172819469014518681
0.00000000000000000000 0.02176886580925690290
0.00000000000000000000 0.02178418998000969733
0.00000000000000000000 0.02179604347413045123
0.00000000000000000000 0.02184146253376148886
0.00000000000000000000 0.02195808477201280362
0.00000000000000000000 0.02211652746176657330
0.00000000000000000000 0.02222520190692767184
0.00000000000000000000 0.02226636166177797457
0.00000000000000000000 0.02244013535423319827
0.00000000000000000000 0.02244786693880955822
0.00000000000000000000 0.02247613779128592934
0.00000000000000000000 0.02247686660623973709
0.00000000000000000000 0.02249741008264126083
0.00000000000000000000 0.02252951617586583175
0.00000000000000000000 0.02266644193127611423
0.00000000000000000000 0.02268067343521745771
0.00000000000000000000 0.02270037719336329488
0.00000000000000000000 0.02277480911150803200
0.00000000000000000000 0.02280625428710865432
0.00000000000000000000 0.02289983603136095877
0.00000000000000000000 0.02301084516596756113
0.00000000000000000000 0.02327560214992558524
0.00000000000000000000 0.02330611852313398125
0.00000000000000000000 0.02334583748713508350
0.00000000000000000000 0.02346681346703787668
0.00000000000000000000 0.02377023382508853394
0.00000000000000000000 0.02381607014944663731
0.00000000000000000000 0.02388432035600422318
0.00000000000000000000 0.02398001160140645835
0.00000000000000000000 0.02407557104650506069
0.00000000000000000000 0.02408806003339553428
0.00000000000000000000 0.02412042848427768324
0.00000000000000000000 0.02412234766935900804
0.00000000000000000000 0.02413737519412572502
0.00000000000000000000 0.02418425129268688550
0.00000000000000000000 0.02423545029461701000
0.00000000000000000000 0.02428487963610327649
0.00000000000000000000 0.02429240408295138196
0.00000000000000000000 0.02442397092445736106
0.00000000000000000000 0.02445405799499753008
0.00000000000000000000 0.02448601428690935430
0.00000000000000000000 0.02448839142965706511
0.00000000000000000000 0.02452483500705939651
0.00000000000000000000 0.02461510006513628265
0.00000000000000000000 0.02470534337300208522
0.00000000000000000000 0.02474141139687406274
0.00000000000000000000 0.02476628253469695742
0.00000000000000000000 0.02488617366741144310
0.00000000000000000000 0.02489249493889703416
0.00000000000000000000 0.02498794076559381766
0.00000000000000000000 0.02500096551937757219
0.00000000000000000000 0.02506057179524549816
0.00000000000000000000 0.02511338142200663509
0.00000000000000000000 0.02516497014323233750
0.00000000000000000000 0.02526302110635809256
0.00000000000000000000 0.02531640642674794217
0.00000000000000000000 0.02544483507352290202
0.00000000000000000000 0.02551151011401010457
0.00000000000000000000 0.02551366492455620083
0.00000000000000000000 0.02556320127754541441
0.00000000000000000000 0.02558366394026594104
0.00000000000000000000 0.02559292294450154354
0.00000000000000000000 0.02561448075099844596
0.00000000000000000000 0.02573390602003950561
0.00000000000000000000 0.02574990577797884456
0.00000000000000000000 0.02593747934799763011
0.00000000000000000000 0.02595909389201610240
0.00000000000000000000 0.02610152076914962552
0.00000000000000000000 0.02616269579632435685
0.00000000000000000000 0.02622112379782977343
0.00000000000000000000 0.02633410094135879911
0.00000000000000000000 0.02643354198464534580
0.00000000000000000000 0.02650248214752654735
0.00000000000000000000 0.02658763951796230818
0.00000000000000000000 0.02658813539171250503
0.00000000000000000000 0.02663454883756175007
0.00000000000000000000 0.02667341299080801600
0.00000000000000000000 0.02669271046919297757
0.00000000000000000000 0.02670968359300232575
0.00000000000000000000 0.02675299219333511155
0.00000000000000000000 0.02682111978733860841
0.00000000000000000000 0.02688977797162308420
0.00000000000000000000 0.02691040501009206443
0.00000000000000000000 0.02714626780994162936
0.00000000000000000000 0.02717385894203417848
0.00000000000000000000 0.02725546476258015535
0.00000000000000000000 0.02729469277752573017
0.00000000000000000000 0.02732698617267245722
0.00000000000000000000 0.02735001450530861675
0.00000000000000000000 0.02735321765790000095
0.00000000000000000000 0.02746197855275451030
0.00000000000000000000 0.02750687188218054607
0.00000000000000000000 0.02753513108916147076
0.00000000000000000000 0.02759738776495225185
0.00000000000000000000 0.02796467839333495464
0.00000000000000000000 0.02797007219155373328
0.00000000000000000000 0.02802319077358821076
0.00000000000000000000 0.02807892761010236798
0.00000000000000000000 0.02810275314859697268
0.00000000000000000000 0.02817179668217103736
0.00000000000000000000 0.02826805834826468314
0.00000000000000000000 0.02834087682629789218
0.00000000000000000000 0.02843851747269504279
0.00000000000000000000 0.02850669586438463535
0.00000000000000000000 0.02856668419047129689
0.00000000000000000000 0.02866250806603352907
0.00000000000000000000 0.02911011969091906182
0.00000000000000000000 0.02912977758407016976
0.00000000000000000000 0.02917285934627790803
0.00000000000000000000 0.02920218196069137087
0.00000000000000000000 0.02926374832161497339
0.00000000000000000000 0.02929252093098387230
0.00000000000000000000 0.02931451003112184317
0.00000000000000000000 0.02946486178629627653
0.00000000000000000000 0.02956704375378395311
0.00000000000000000000 0.02960039654503235015
0.00000000000000000000 0.02960604672296609716
0.00000000000000000000 0.02977988302691242373
0.00000000000000000000 0.02980294473315263024
0.00000000000000000000 0.02981041065991689790
0.00000000000000000000 0.02991404588148043400
0.00000000000000000000 0.03001058221271544688
0.00000000000000000000 0.03016104370741476762
0.00000000000000000000 0.03021812157830907827
0.00000000000000000000 0.03025079941621448831
0.00000000000000000000 0.03028023328376422407
0.00000000000000000000 0.03038822991584995761
0.00000000000000000000 0.03040507146921646309
0.00000000000000000000 0.03040549324940805542
0.00000000000000000000 0.03051115508097622386
0.00000000000000000000 0.03092574170284319648
0.00000000000000000000 0.03107678145892472932
0.00000000000000000000 0.03109083947264263889
0.00000000000000000000 0.03132306555580770258
0.00000000000000000000 0.03153208121920993839
0.00000000000000000000 0.03181961353833642758
0.00000000000000000000 0.03182207805468072886
0.00000000000000000000 0.03189402252974513768
0.00000000000000000000 0.03201564858476198955
0.00000000000000000000 0.03208980823161163010
0.00000000000000000000 0.03212029403392231697
0.00000000000000000000 0.03215891137744537193
0.00000000000000000000 0.03220930014668608315
0.00000000000000000000 0.03226206466201963358
0.00000000000000000000 0.03226445417595054377
0.00000000000000000000 0.03256249910250036406
0.00000000000000000000 0.03256657969412212611
0.00000000000000000000 0.03264846226434539589
0.00000000000000000000 0.03270245150369197745
0.00000000000000000000 0.03295240471815515104
0.00000000000000000000 0.03297331086788860000
0.00000000000000000000 0.03297848243854566153
0.00000000000000000000 0.03300456433661078104
0.00000000000000000000 0.03302611220776612011
0.00000000000000000000 0.03304129459348636999
0.00000000000000000000 0.03309959974567982383
0.00000000000000000000 0.03317535200020359232
0.00000000000000000000 0.03324204266400104107
0.00000000000000000000 0.03362873405733333987
0.00000000000000000000 0.03398862897256839377
0.00000000000000000000 0.03408540466568102389
0.00000000000000000000 0.03408706007699506546
0.00000000000000000000 0.03414554334846633954
0.00000000000000000000 0.03422508317401579125
0.00000000000000000000 0.03423590887929748444
0.00000000000000000000 0.03455300246044437640
0.00000000000000000000 0.03472855240515480141
0.00000000000000000000 0.03476015221989340459
0.00000000000000000000 0.03480112647993657826
0.00000000000000000000 0.03494539664113809757
0.00000000000000000000 0.03508811704054676239
0.00000000000000000000 0.03552208526704927344
0.00000000000000000000 0.03553212467723384366
0.00000000000000000000 0.03564601968708596552
0.00000000000000000000 0.03566113366228474552
0.00000000000000000000 0.03566465451326327613
0.00000000000000000000 0.03573116818496115815
0.00000000000000000000 0.03574251627682985960
0.00000000000000000000 0.03594096099018788404
0.00000000000000000000 0.03603396758778614622
0.00000000000000000000 0.03615283871262497950
0.00000000000000000000 0.03629203014377897080
0.00000000000000000000 0.03635289884655074771
0.00000000000000000000 0.03663320582052979196
0.00000000000000000000 0.03669075317914408801
0.00000000000000000000 0.03683437618225512966
0.00000000000000000000 0.03691004088064411132
0.00000000000000000000 0.03709355864351760595
0.00000000000000000000 0.03710828938523852427
0.00000000000000000000 0.03724102716319400291
0.00000000000000000000 0.03730129393855687731
0.00000000000000000000 0.03792644367478030520
0.00000000000000000000 0.03794335934377588565
0.00000000000000000000 0.03824063337671188001
0.00000000000000000000 0.03825331859309667737
0.00000000000000000000 0.03851021201098990543
0.00000000000000000000 0.03916830869033868096
0.00000000000000000000 0.03929221307798236307
0.00000000000000000000 0.03933019855966440881
0.00000000000000000000 0.03937949443922273557
0.00000000000000000000 0.03981342816356176623
0.00000000000000000000 0.03985168004168174183
0.00000000000000000000 0.04010364062096934828
0.00000000000000000000 0.04011302410231343957
0.00000000000000000000 0.04033756838652460125
0.00000000000000000000 0.04077293643268493917
0.00000000000000000000 0.04079057516922609400
0.00000000000000000000 0.04084080044427995659
0.00000000000000000000 0.04086692316724076929
0.00000000000000000000 0.04090059468332477716
0.00000000000000000000 0.04094503218526417826
0.00000000000000000000 0.04116420010194924567
0.00000000000000000000 0.04127523941672316815
0.00000000000000000000 0.04154099574353498775
0.00000000000000000000 0.04202119018773323861
0.00000000000000000000 0.04242355399799098425
0.00000000000000000000 0.04249731064248361834
0.00000000000000000000 0.04252332998246630136
0.00000000000000000000 0.04290963454342815175
0.00000000000000000000 0.04291769146635016768
0.00000000000000000000 0.04315932352261725446
0.00000000000000000000 0.04335930010636988158
0.00000000000000000000 0.04352497715435402897
0.00000000000000000000 0.04356612523291068795
0.00000000000000000000 0.04452343702478294557
0.00000000000000000000 0.04462159799778127323
0.00000000000000000000 0.04485433268246744737
0.00000000000000000000 0.04512743740043709956
0.00000000000000000000 0.04519058401846096779
0.00000000000000000000 0.04529402827300441081
0.00000000000000000000 0.04539436318655323127
0.00000000000000000000 0.04556318811672397523
0.00000000000000000000 0.04589343474280489082
0.00000000000000000000 0.04611482506130552134
0.00000000000000000000 0.04626917170917522332
0.00000000000000000000 0.04698664409745015313
0.00000000000000000000 0.04740522311740014150
0.00000000000000000000 0.04821739639106958908
0.00000000000000000000 0.04935652266070117422
0.00000000000000000000 0.04951955538158842735
0.00000000000000000000 0.04954350486067915504
0.00000000000000000000 0.04976323746777821383
0.00000000000000000000 0.05171337775859085467
0.00000000000000000000 0.05173760540344771869
0.00000000000000000000 0.05424921922759110005
0.00000000000000000000 0.05488715470057723561
0.00000000000000000000 0.05516879560403006866
0.00000000000000000000 0.05739605351333942201
0.00000000000000000000 0.05826575295072974892
0.00000000000000000000 0.06163587567813243184
0.00000000000000000000 0.06627750646920838040
0.00000000000000000000 0.06689783586503553203
0.00000000000000000000 0.06749959577715623771
0.00000000000000000000 0.06909807705025321212
0.00000000000000000000 0.07190220931542905258
0.00000000000000000000 0.07782812441010292237
0.00000000000000000000 0.08568357315568392307
0.00000000000000000000 0.08967849794037438538
0.00000000000000000000 1.73205080756887719318
