0.00000000000000000000 0.00270386375772897021
0.00000000000000000000 0.00300372716415528386
0.00000000000000000000 0.00318957667232441441
0.00000000000000000000 0.00377729981153095964
0.00000000000000000000 0.00471550767053665210
0.00000000000000000000 0.00505826957662068241
0.00000000000000000000 0.00508380305084795651
0.00000000000000000000 0.00518838087281253517
0.00000000000000000000 0.00593212246018537045
0.00000000000000000000 0.00604356439845134263
0.00000000000000000000 0.00631451705384616230
0.00000000000000000000 0.00641506718779826738
0.00000000000000000000 0.00642545310742243924
0.00000000000000000000 0.00644804350660296236
0.00000000000000000000 0.00656037839907028762
0.00000000000000000000 0.00695583630367988762
0.00000000000000000000 0.00695756562299743204
0.00000000000000000000 0.00729634472666155446
0.00000000000000000000 0.00736810404684304799
0.00000000000000000000 0.00771172121011449389
0.00000000000000000000 0.00773692680924387231
0.00000000000000000000 0.00785566038803720001
0.00000000000000000000 0.00797179063878582922
0.00000000000000000000 0.00805927569096860294
0.00000000000000000000 0.00828600118491468370
0.00000000000000000000 0.00832532064340818848
0.00000000000000000000 0.00858329537252435978
0.00000000000000000000 0.00870910478630525405
0.00000000000000000000 0.00880144461624891329
0.00000000000000000000 0.00911824980417350744
0.00000000000000000000 0.00932261806861602038
0.00000000000000000000 0.00944067804409227419
0.00000000000000000000 0.00951533603979338657
0.00000000000000000000 0.00957817668225887514
0.00000000000000000000 0.00966410509295640742
0.00000000000000000000 0.00967358257947751807
0.00000000000000000000 0.00972188490014855647
0.00000000000000000000 0.00994067732717663841
0.00000000000000000000 0.01013064824794383291
0.00000000000000000000 0.01021658227815907052
0.00000000000000000000 0.01048297428454865454
0.00000000000000000000 0.01048776622455375659
0.00000000000000000000 0.01054269883910076248
0.00000000000000000000 0.01062961978632986915
0.00000000000000000000 0.01092470724588949331
0.00000000000000000000 0.01098538539274815200
0.00000000000000000000 0.01105554883189960487
0.00000000000000000000 0.01115083228448921285
0.00000000000000000000 0.01131005446388300140
0.00000000000000000000 0.01150578253167069097
0.00000000000000000000 0.01156448043694600046
0.00000000000000000000 0.01163074558906695803
0.00000000000000000000 0.01169851956212107115
0.00000000000000000000 0.01202541069947692456
0.00000000000000000000 0.01211601052473709576
0.00000000000000000000 0.01223147292124073839
0.00000000000000000000 0.01226974715780665415
0.00000000000000000000 0.01232943324964803217
0.00000000000000000000 0.01264675549371887739
0.00000000000000000000 0.01287720338994884084
0.00000000000000000000 0.01362082715700884371
0.00000000000000000000 0.01364317240392188407
0.00000000000000000000 0.01391459741464368648
0.00000000000000000000 0.01405499541327198502
0.00000000000000000000 0.01430381596407687139
0.00000000000000000000 0.01436208516358777366
0.00000000000000000000 0.01444498110700326125
0.00000000000000000000 0.01465033006495600199
0.00000000000000000000 0.01470008213506241758
0.00000000000000000000 0.01480363437029068654
0.00000000000000000000 0.01495144029952185857
0.00000000000000000000 0.01516183530001375367
0.00000000000000000000 0.01517155635692432961
0.00000000000000000000 0.01517178961664483738
0.00000000000000000000 0.01534444272457849770
0.00000000000000000000 0.01540851779833106276
0.00000000000000000000 0.01541392662907673135
0.00000000000000000000 0.01541602714997009592
0.00000000000000000000 0.01544190562692328468
0.00000000000000000000 0.01548992459612115631
0.00000000000000000000 0.01588866239732226321
0.00000000000000000000 0.01597314765030505984
0.00000000000000000000 0.01616505971273133821
0.00000000000000000000 0.01621346909525235233
0.00000000000000000000 0.01635489389686498388
0.00000000000000000000 0.01646758042582714687
0.00000000000000000000 0.01657630687463631028
0.00000000000000000000 0.01665928209410192165
0.00000000000000000000 0.01668622358217904458
0.00000000000000000000 0.01693937184564318910
0.00000000000000000000 0.01699121100468384965
0.00000000000000000000 0.01705718373083127404
0.00000000000000000000 0.01708953749928397367
0.00000000000000000000 0.01727374342453373568
0.00000000000000000000 0.01729342090487615696
0.00000000000000000000 0.01732621625333867488
0.00000000000000000000 0.01735377314355361980
0.00000000000000000000 0.01740694103158421657
0.00000000000000000000 0.01749216491411960395
0.00000000000000000000 0.01749440699870175725
0.00000000000000000000 0.01752667288850650804
0.00000000000000000000 0.01754460537521071450
0.00000000000000000000 0.01760155443812668960
0.00000000000000000000 0.01760792623090812192
0.00000000000000000000 0.01761430679333151825
0.00000000000000000000 0.01762327619088391306
0.00000000000000000000 0.01787900709135883948
0.00000000000000000000 0.01791940565897036028
0.00000000000000000000 0.01798123805626749769
0.00000000000000000000 0.01800462041289389858
0.00000000000000000000 0.01807030387367417404
0.00000000000000000000 0.01813504811563460689
0.00000000000000000000 0.01815023579796589195
0.00000000000000000000 0.01819772676763794367
0.00000000000000000000 0.01841016605897288078
0.00000000000000000000 0.01842881330943390780
0.00000000000000000000 0.01887053216764181252
0.00000000000000000000 0.01893267995208844715
0.00000000000000000000 0.01893964937042631053
0.00000000000000000000 0.01904419500722166411
0.00000000000000000000 0.01922657045357262923
0.00000000000000000000 0.01929361542298131671
0.00000000000000000000 0.01933796578566313387
0.00000000000000000000 0.01946720783938301474
0.00000000000000000000 0.01946920117768074360
0.00000000000000000000 0.01948697184370139918
0.00000000000000000000 0.01953831138995891850
0.00000000000000000000 0.01960240123982699006
0.00000000000000000000 0.01974679804596785049
0.00000000000000000000 0.01984210564163046975
0.00000000000000000000 0.01984607771107363069
0.00000000000000000000 0.01992895951742468599
0.00000000000000000000 0.02005697853844743556
0.00000000000000000000 0.02023839234572749959
0.00000000000000000000 0.02030147739387025765
0.00000000000000000000 0.02035444584714734412
0.00000000000000000000 0.02042213912143314367
0.00000000000000000000 0.02044187725192149821
0.00000000000000000000 0.02047549275073195021
0.00000000000000000000 0.02060401601336519020
0.00000000000000000000 0.02070135277775733001
0.00000000000000000000 0.02082766380354313801
0.00000000000000000000 0.02100906799549985549
0.00000000000000000000 0.02101505461861739865
0.00000000000000000000 0.02120758203318418370
0.00000000000000000000 0.02130673373476021579
0.00000000000000000000 0.02134660036217610191
0.00000000000000000000 0.02144720211170959151
0.00000000000000000000 0.02151305011840476400
0.00000000000000000000 0.02153451609096278599
0.00000000000000000000 0.02159092637077482738
0.00000000000000000000 0.02159547106672616082
0.00000000000000000000 0.02161705972906864670
0.00000000000000000000 0.02179982163965435774
0.00000000000000000000 0.02189208518328803615
0.00000000000000000000 0.02198628094288074958
0.00000000000000000000 0.02200817693013832482
0.00000000000000000000 0.02202824153230193913
0.00000000000000000000 0.02207236530970752009
0.00000000000000000000 0.02215392876923871074
0.00000000000000000000 0.02220254090936722019
0.00000000000000000000 0.02221406513951225056
0.00000000000000000000 0.02229172719345431236
0.00000000000000000000 0.02233236037765932297
0.00000000000000000000 0.02248688343862579112
0.00000000000000000000 0.02249730899623569522
0.00000000000000000000 0.02255485683379022943
0.00000000000000000000 0.02256692538576514015
0.00000000000000000000 0.02262457790080203354
0.00000000000000000000 0.02270622647700589955
0.00000000000000000000 0.02291335220041945675
0.00000000000000000000 0.02304029242661210369
0.00000000000000000000 0.02304645394522550350
0.00000000000000000000 0.02313594369916901691
0.00000000000000000000 0.02315329036754319725
0.00000000000000000000 0.02320192433031644658
0.00000000000000000000 0.02330949655632525222
0.00000000000000000000 0.02333729584844117938
0.00000000000000000000 0.02366360646439394713
0.00000000000000000000 0.02368825382471878571
0.00000000000000000000 0.02373635901176420968
0.00000000000000000000 0.02379364059466673037
0.00000000000000000000 0.02381288913389417727
0.00000000000000000000 0.02385444167137430738
0.00000000000000000000 0.02386124634536736580
0.00000000000000000000 0.02386954171997951804
0.00000000000000000000 0.02399906367534549237
0.00000000000000000000 0.02406177910113432850
0.00000000000000000000 0.02406646666561124484
0.00000000000000000000 0.02418609931585083070
0.00000000000000000000 0.02437584090623928779
0.00000000000000000000 0.02454732464917525406
0.00000000000000000000 0.02458749249502353504
0.00000000000000000000 0.02462391125274338011
0.00000000000000000000 0.02476782801716028923
0.00000000000000000000 0.02483978859416720308
0.00000000000000000000 0.02488969292421355436
0.00000000000000000000 0.02490233313068061435
0.00000000000000000000 0.02500650419631281554
0.00000000000000000000 0.02528953775501824319
0.00000000000000000000 0.02542747078651366385
0.00000000000000000000 0.02543517138404387257
0.00000000000000000000 0.02557071450330979101
0.00000000000000000000 0.02557515943278945020
0.00000000000000000000 0.02563009358067142376
0.00000000000000000000 0.02565124412628157907
0.00000000000000000000 0.02566312509894663405
0.00000000000000000000 0.02574785242878085620
0.00000000000000000000 0.02610930623194475733
0.00000000000000000000 0.02616915731636580700
0.00000000000000000000 0.02619174825395177361
0.00000000000000000000 0.02639267491455862119
0.00000000000000000000 0.02653202685733078992
0.00000000000000000000 0.02656577383669457559
0.00000000000000000000 0.02670988805618820447
0.00000000000000000000 0.02671731388770779564
0.00000000000000000000 0.02692805329769732900
0.00000000000000000000 0.02706905411115087881
0.00000000000000000000 0.02721019263984531672
0.00000000000000000000 0.02728878303250736881
0.00000000000000000000 0.02730856742737395107
0.00000000000000000000 0.02749129761585772033
0.00000000000000000000 0.02750434928785743666
0.00000000000000000000 0.02754472950685165483
0.00000000000000000000 0.02763244605804339449
0.00000000000000000000 0.02776147533630646258
0.00000000000000000000 0.02790705168674902439
0.00000000000000000000 0.02818481487598056140
0.00000000000000000000 0.02823214847474052672
0.00000000000000000000 0.02827012981231284347
0.00000000000000000000 0.02834382723839241891
0.00000000000000000000 0.02837570574601229814
0.00000000000000000000 0.02841006933783438160
0.00000000000000000000 0.02848490878655786027
0.00000000000000000000 0.02876068337327408742
0.00000000000000000000 0.02877205693587042354
0.00000000000000000000 0.02885500490435373780
0.00000000000000000000 0.02900449711195007482
0.00000000000000000000 0.02900692092528663751
0.00000000000000000000 0.02901495512914958538
0.00000000000000000000 0.02911348425330346351
0.00000000000000000000 0.02915489071415331909
0.00000000000000000000 0.02922083930606520288
0.00000000000000000000 0.02942442991631863403
0.00000000000000000000 0.02949325916276052811
0.00000000000000000000 0.02968919443505935521
0.00000000000000000000 0.02988918662811380911
0.00000000000000000000 0.03007327506520950100
0.00000000000000000000 0.03029985165463012359
0.00000000000000000000 0.03038742667945221881
0.00000000000000000000 0.03040575717456743890
0.00000000000000000000 0.03041620587539972664
0.00000000000000000000 0.03046670432329124864
0.00000000000000000000 0.03056966489634874162
0.00000000000000000000 0.03057241010118841307
0.00000000000000000000 0.03072226548177315122
0.00000000000000000000 0.03081247058048601148
0.00000000000000000000 0.03109735503102778464
0.00000000000000000000 0.03118994169663723628
0.00000000000000000000 0.03119336579918534705
0.00000000000000000000 0.03121552168521192147
0.00000000000000000000 0.03160165914615314237
0.00000000000000000000 0.03160951673856891853
0.00000000000000000000 0.03162421429456483551
0.00000000000000000000 0.03164174085714648033
0.00000000000000000000 0.03177517709892038050
0.00000000000000000000 0.03179546635494155671
0.00000000000000000000 0.03187296849175182828
0.00000000000000000000 0.03190412057412294472
0.00000000000000000000 0.03204984836251480868
0.00000000000000000000 0.03211221888817395592
0.00000000000000000000 0.03227413201545083904
0.00000000000000000000 0.03233176725363321596
0.00000000000000000000 0.03261564585663755816
0.00000000000000000000 0.03281133566699574039
0.00000000000000000000 0.03282187035027644278
0.00000000000000000000 0.03288538422690492208
0.00000000000000000000 0.03291286396959015176
0.00000000000000000000 0.03312331882235818731
0.00000000000000000000 0.03312432413439360401
0.00000000000000000000 0.03319014687727955132
0.00000000000000000000 0.03329414699370736308
0.00000000000000000000 0.03335147497233133251
0.00000000000000000000 0.03339238587142805831
0.00000000000000000000 0.03344112252602258334
0.00000000000000000000 0.03345726901601259878
0.00000000000000000000 0.03358295165353018807
0.00000000000000000000 0.03361139490243088279
0.00000000000000000000 0.03364981336331563516
0.00000000000000000000 0.03367729291192912006
0.00000000000000000000 0.03371794492929518910
0.00000000000000000000 0.03375864767681968637
0.00000000000000000000 0.03413317512375017154
0.00000000000000000000 0.03416891196562296673
0.00000000000000000000 0.03423978806946362252
0.00000000000000000000 0.03445450456289555347
0.00000000000000000000 0.03453069343558422266
0.00000000000000000000 0.03454074296565352170
0.00000000000000000000 0.03481769338627690308
0.00000000000000000000 0.03490290094163638751
0.00000000000000000000 0.03507285452564014305
0.00000000000000000000 0.03517876157741436915
0.00000000000000000000 0.03567634574710938644
0.00000000000000000000 0.03595218979554018479
0.00000000000000000000 0.03608104106312594317
0.00000000000000000000 0.03638282115967285402
0.00000000000000000000 0.03648646224122314985
0.00000000000000000000 0.03678097891314374701
0.00000000000000000000 0.03687041794188580107
0.00000000000000000000 0.03687614206913280429
0.00000000000000000000 0.03689180594356229054
0.00000000000000000000 0.03699369652052607316
0.00000000000000000000 0.03708192983217194899
0.00000000000000000000 0.03713779962067060431
0.00000000000000000000 0.03744187371873545361
0.00000000000000000000 0.03759584862541320155
0.00000000000000000000 0.03796881393495460388
0.00000000000000000000 0.03805343626557636250
0.00000000000000000000 0.03808748411735368711
0.00000000000000000000 0.03820007884388167824
0.00000000000000000000 0.03820142622198028498
0.00000000000000000000 0.03820715565405663483
0.00000000000000000000 0.03830295721324716157
0.00000000000000000000 0.03830313913481997457
0.00000000000000000000 0.03831375024559627307
0.00000000000000000000 0.03835139024040484790
0.00000000000000000000 0.03835308181991022025
0.00000000000000000000 0.03859484051262882659
0.00000000000000000000 0.03861882201123757741
0.00000000000000000000 0.03877897666655796133
0.00000000000000000000 0.03877994625037164966
0.00000000000000000000 0.03886792263755838722
0.00000000000000000000 0.03892365540391962836
0.00000000000000000000 0.03904101141903908861
0.00000000000000000000 0.03908418728815461762
0.00000000000000000000 0.03910097804233118868
0.00000000000000000000 0.03919143070007326257
0.00000000000000000000 0.03938153986541124973
0.00000000000000000000 0.03950822523158135230
0.00000000000000000000 0.04040598434540631362
0.00000000000000000000 0.04044735641535674581
0.00000000000000000000 0.04049901727448941557
0.00000000000000000000 0.04058978139948533209
0.00000000000000000000 0.04072571229906650492
0.00000000000000000000 0.04075968766632644125
0.00000000000000000000 0.04084176624991579102
0.00000000000000000000 0.04089488429894003185
0.00000000000000000000 0.04097278965012819685
0.00000000000000000000 0.04106570643330370585
0.00000000000000000000 0.04113734640503379641
0.00000000000000000000 0.04131879974990280979
0.00000000000000000000 0.04141098774874085731
0.00000000000000000000 0.04145950226879527994
0.00000000000000000000 0.04148136193789835058
0.00000000000000000000 0.04169194549344749923
0.00000000000000000000 0.04189856146533491033
0.00000000000000000000 0.04204567339088415706
0.00000000000000000000 0.04222072985731591815
0.00000000000000000000 0.04248956881314620154
0.00000000000000000000 0.04269827923934571556
0.00000000000000000000 0.04299285974043969699
0.00000000000000000000 0.04300482967999256362
0.00000000000000000000 0.04314914628295563048
0.00000000000000000000 0.04331301030076104702
0.00000000000000000000 0.04344633181417099921
0.00000000000000000000 0.04345164211383794467
0.00000000000000000000 0.04349345669458188485
0.00000000000000000000 0.04353157590317825731
0.00000000000000000000 0.04373235203117065845
0.00000000000000000000 0.04399761723327452051
0.00000000000000000000 0.04413690509909404952
0.00000000000000000000 0.04424030798339134707
0.00000000000000000000 0.04435099716039264672
0.00000000000000000000 0.04470939035051159360
0.00000000000000000000 0.04490006685074305476
0.00000000000000000000 0.04491063771147799089
0.00000000000000000000 0.04502728053375824879
0.00000000000000000000 0.04510515821559434035
0.00000000000000000000 0.04518116950621806766
0.00000000000000000000 0.04522839555184613586
0.00000000000000000000 0.04543499214077178355
0.00000000000000000000 0.04550823201265163237
0.00000000000000000000 0.04561191776092839156
0.00000000000000000000 0.04564074814657954199
0.00000000000000000000 0.04593656642584274113
0.00000000000000000000 0.04599504327708905244
0.00000000000000000000 0.04604591193679682254
0.00000000000000000000 0.04639526996306166801
0.00000000000000000000 0.04648888854923396291
0.00000000000000000000 0.04654367237544030506
0.00000000000000000000 0.04654470800708481598
0.00000000000000000000 0.04654479984693700445
0.00000000000000000000 0.04655322188962446317
0.00000000000000000000 0.04664031716487512802
0.00000000000000000000 0.04684987541618639700
0.00000000000000000000 0.04691174040593156652
0.00000000000000000000 0.04696254906255412087
0.00000000000000000000 0.04715087282451384948
0.00000000000000000000 0.04737291621294845156
0.00000000000000000000 0.04751656457342125911
0.00000000000000000000 0.04758428178928290897
0.00000000000000000000 0.04761695999751272557
0.00000000000000000000 0.04771565552391823090
0.00000000000000000000 0.04778692613167251357
0.00000000000000000000 0.04781595706106115534
0.00000000000000000000 0.04785318293825824992
0.00000000000000000000 0.04791381911757058853
0.00000000000000000000 0.04803296113289889230
0.00000000000000000000 0.04807593310603713171
0.00000000000000000000 0.04830818009458492934
0.00000000000000000000 0.04845335593131697843
0.00000000000000000000 0.04856626397373279419
0.00000000000000000000 0.04860058285217688789
0.00000000000000000000 0.04861065143839809338
0.00000000000000000000 0.04865235998122163091
0.00000000000000000000 0.04870511358670787799
0.00000000000000000000 0.04873628475810799082
0.00000000000000000000 0.04886576555414079426
0.00000000000000000000 0.04893938182550907484
0.00000000000000000000 0.04900038500118926443
0.00000000000000000000 0.04938779630542931148
0.00000000000000000000 0.04945363236216838293
0.00000000000000000000 0.04959855776516760434
0.00000000000000000000 0.04960832340189504780
0.00000000000000000000 0.04986375181699719689
0.00000000000000000000 0.04991323202334774223
0.00000000000000000000 0.05007842163677651837
0.00000000000000000000 0.05053572167591902087
0.00000000000000000000 0.05057080697531393665
0.00000000000000000000 0.05071376193325202730
0.00000000000000000000 0.05082727564299995004
0.00000000000000000000 0.05088569374552657371
0.00000000000000000000 0.05107248687729146891
0.00000000000000000000 0.05155095416023058874
0.00000000000000000000 0.05155434530429848367
0.00000000000000000000 0.05184855987144858236
0.00000000000000000000 0.05193500387080175057
0.00000000000000000000 0.05204543777101060253
0.00000000000000000000 0.05221883812199266256
0.00000000000000000000 0.05259512262940955335
0.00000000000000000000 0.05292023361888738980
0.00000000000000000000 0.05356387625805073688
0.00000000000000000000 0.05361982900266188540
0.00000000000000000000 0.05369980597392136346
0.00000000000000000000 0.05395988819931368113
0.00000000000000000000 0.05423734805430694556
0.00000000000000000000 0.05430077545380632142
0.00000000000000000000 0.05432462963665304206
0.00000000000000000000 0.05480064246256356741
0.00000000000000000000 0.05493990359439235305
0.00000000000000000000 0.05494164194479440183
0.00000000000000000000 0.05514009197026217834
0.00000000000000000000 0.05514195750420036735
0.00000000000000000000 0.05531340693152876631
0.00000000000000000000 0.05602991683383280047
0.00000000000000000000 0.05616103204452523034
0.00000000000000000000 0.05624713187104120327
0.00000000000000000000 0.05646780090814235847
0.00000000000000000000 0.05673602453458123640
0.00000000000000000000 0.05761155474767425122
0.00000000000000000000 0.05761397962069274986
0.00000000000000000000 0.05766376521204181343
0.00000000000000000000 0.05814459528568678010
0.00000000000000000000 0.05913139425960189932
0.00000000000000000000 0.05914928767407003074
0.00000000000000000000 0.06011115391042914230
0.00000000000000000000 0.06015931828978416523
0.00000000000000000000 0.06070635013371492722
0.00000000000000000000 0.06118765898546064258
0.00000000000000000000 0.06181497747343486088
0.00000000000000000000 0.06285095276078052351
0.00000000000000000000 0.06509425296572350639
0.00000000000000000000 0.06559979730992449021
0.00000000000000000000 0.06740969961705620128
0.00000000000000000000 0.06797357812966532686
0.00000000000000000000 0.06823474498757553519
0.00000000000000000000 0.06920802712139990931
0.00000000000000000000 0.06925173555018855620
0.00000000000000000000 0.06960319765929262603
0.00000000000000000000 0.07272434982227088396
0.00000000000000000000 0.07288411939015312924
0.00000000000000000000 0.07313593294873362016
0.00000000000000000000 0.07319215042882970534
0.00000000000000000000 0.07405418874863355094
0.00000000000000000000 0.07675586662705198571
0.00000000000000000000 0.07727101074958614424
0.00000000000000000000 0.07827085447325736467
0.00000000000000000000 0.08030022761987705426
0.00000000000000000000 0.08375033206982826495
0.00000000000000000000 0.08478487342363645596
0.00000000000000000000 0.09321456878496284237
0.00000000000000000000 0.09977340907738513343
0.00000000000000000000 0.10427588228070061582
0.00000000000000000000 0.10458624012943068537
0.00000000000000000000 0.11168639415033042306
0.00000000000000000000 0.11243933777000850172
0.00000000000000000000 0.11617771632337971222
0.00000000000000000000 0.12056044290627163096
0.00000000000000000000 0.15419723167744647796
0.00000000000000000000 1.73205080756887719318
