0.00000000000000000000 0.00049630009774750679
0.00000000000000000000 0.00095280077330212596
0.00000000000000000000 0.00125501363721812194
0.00000000000000000000 0.00144377701869224397
0.00000000000000000000 0.00329604905172492741
0.00000000000000000000 0.00340364369749668457
0.00000000000000000000 0.00364791847274080223
0.00000000000000000000 0.00379998915496150037
0.00000000000000000000 0.00398156344086818877
0.00000000000000000000 0.00401705125334071104
0.00000000000000000000 0.00411541599920967754
0.00000000000000000000 0.00420969691860496615
0.00000000000000000000 0.00425424902563213605
0.00000000000000000000 0.00431723801624290648
0.00000000000000000000 0.00453294878525448489
0.00000000000000000000 0.00493861290635032747
0.00000000000000000000 0.00508172441155471839
0.00000000000000000000 0.00521547376315109352
0.00000000000000000000 0.00526349847012653593
0.00000000000000000000 0.00542553540451659079
0.00000000000000000000 0.00544192257213986508
0.00000000000000000000 0.00545687266017876732
0.00000000000000000000 0.00565549724098842431
0.00000000000000000000 0.00579187567181724868
0.00000000000000000000 0.00584140171255314537
0.00000000000000000000 0.00631179865367156086
0.00000000000000000000 0.00644251370159911081
0.00000000000000000000 0.00647417628220351826
0.00000000000000000000 0.00655503668657834385
0.00000000000000000000 0.00668653505114239540
0.00000000000000000000 0.00680601437646027527
0.00000000000000000000 0.00694688490438224397
0.00000000000000000000 0.00698056518788342604
0.00000000000000000000 0.00706267336163719436
0.00000000000000000000 0.00730150417858042508
0.00000000000000000000 0.00756228507668791575
0.00000000000000000000 0.00768250181371426828
0.00000000000000000000 0.00771504234272398122
0.00000000000000000000 0.00775202520650520796
0.00000000000000000000 0.00790837962803432083
0.00000000000000000000 0.00817004032058698225
0.00000000000000000000 0.00817424409681584765
0.00000000000000000000 0.00828671547177400707
0.00000000000000000000 0.00834049322462061468
0.00000000000000000000 0.00836295235175913733
0.00000000000000000000 0.00866218831893049088
0.00000000000000000000 0.00884387554238516560
0.00000000000000000000 0.00889722114825497283
0.00000000000000000000 0.00892271748478718450
0.00000000000000000000 0.00895861762888252103
0.00000000000000000000 0.00904769324953155762
0.00000000000000000000 0.00914912421814174925
0.00000000000000000000 0.00914969102037362092
0.00000000000000000000 0.00933951443039447889
0.00000000000000000000 0.00934899439157733936
0.00000000000000000000 0.00953308364110390383
0.00000000000000000000 0.00953674459198055810
0.00000000000000000000 0.00953772303921312896
0.00000000000000000000 0.00958018064305904936
0.00000000000000000000 0.00963151276772922227
0.00000000000000000000 0.00964204151327477561
0.00000000000000000000 0.00976531194535424155
0.00000000000000000000 0.00978882651336151523
0.00000000000000000000 0.00981101169374688081
0.00000000000000000000 0.00981627758523128703
0.00000000000000000000 0.00983815059535221581
0.00000000000000000000 0.01001028993368444087
0.00000000000000000000 0.01006955953846235333
0.00000000000000000000 0.01007508447062114947
0.00000000000000000000 0.01009094066279694543
0.00000000000000000000 0.01012403831129253529
0.00000000000000000000 0.01022112350816370245
0.00000000000000000000 0.01038022063294770196
0.00000000000000000000 0.01055425931031051846
0.00000000000000000000 0.01095940416923677288
0.00000000000000000000 0.01096300253968289853
0.00000000000000000000 0.01117230008393287240
0.00000000000000000000 0.01123275304662803460
0.00000000000000000000 0.01128098873346475295
0.00000000000000000000 0.01132413150365584043
0.00000000000000000000 0.01134341861349561983
0.00000000000000000000 0.01139097828096971923
0.00000000000000000000 0.01148379157394703587
0.00000000000000000000 0.01148483431810778423
0.00000000000000000000 0.01154113762097718800
0.00000000000000000000 0.01155740765669351251
0.00000000000000000000 0.01155997432892595655
0.00000000000000000000 0.01161648330226809980
0.00000000000000000000 0.01165527045722926716
0.00000000000000000000 0.01171374822703787413
0.00000000000000000000 0.01173690076470956800
0.00000000000000000000 0.01175742599697580763
0.00000000000000000000 0.01178911037957619187
0.00000000000000000000 0.01198923399380850616
0.00000000000000000000 0.01208726847285666352
0.00000000000000000000 0.01223076706474140324
0.00000000000000000000 0.01230467909753157549
0.00000000000000000000 0.01235057262749747128
0.00000000000000000000 0.01248383623289887716
0.00000000000000000000 0.01271216306465346862
0.00000000000000000000 0.01281970538879087865
0.00000000000000000000 0.01288659246161565422
0.00000000000000000000 0.01290472371059897885
0.00000000000000000000 0.01294327492483805971
0.00000000000000000000 0.01299118561597234316
0.00000000000000000000 0.01320701201479622562
0.00000000000000000000 0.01332330671323903211
0.00000000000000000000 0.01333337974309827326
0.00000000000000000000 0.01339068527787440691
0.00000000000000000000 0.01360728623122340816
0.00000000000000000000 0.01366092425770414932
0.00000000000000000000 0.01368586191017763347
0.00000000000000000000 0.01369476145303788125
0.00000000000000000000 0.01378820323271685334
0.00000000000000000000 0.01387580181542371650
0.00000000000000000000 0.01389124122700378071
0.00000000000000000000 0.01390407405100468029
0.00000000000000000000 0.01391331141481051692
0.00000000000000000000 0.01391752568286533029
0.00000000000000000000 0.01393448761662649527
0.00000000000000000000 0.01394877147256188415
0.00000000000000000000 0.01401192703465310198
0.00000000000000000000 0.01402125434923080609
0.00000000000000000000 0.01416326221539343164
0.00000000000000000000 0.01417703543073174990
0.00000000000000000000 0.01424878936648896893
0.00000000000000000000 0.01425858207110522295
0.00000000000000000000 0.01429068351416007063
0.00000000000000000000 0.01429804509690610521
0.00000000000000000000 0.01441180839878198477
0.00000000000000000000 0.01441567648730099349
0.00000000000000000000 0.01443861905829400306
0.00000000000000000000 0.01451107057665125891
0.00000000000000000000 0.01467365954545700631
0.00000000000000000000 0.01471134023310551563
0.00000000000000000000 0.01486062560722110730
0.00000000000000000000 0.01486912717482520400
0.00000000000000000000 0.01487953710853841087
0.00000000000000000000 0.01495483494265276506
0.00000000000000000000 0.01496008361779537985
0.00000000000000000000 0.01496451360449183379
0.00000000000000000000 0.01498346204952045665
0.00000000000000000000 0.01508100137478977573
0.00000000000000000000 0.01514191762822769335
0.00000000000000000000 0.01524239898698668931
0.00000000000000000000 0.01525062897177695796
0.00000000000000000000 0.01531817768857494239
0.00000000000000000000 0.01535572965796011199
0.00000000000000000000 0.01536514445669094966
0.00000000000000000000 0.01555041625279567248
0.00000000000000000000 0.01564663693244791251
0.00000000000000000000 0.01591187915973515943
0.00000000000000000000 0.01602962226201043450
0.00000000000000000000 0.01616472231419089495
0.00000000000000000000 0.01619365014566507416
0.00000000000000000000 0.01621573854398436487
0.00000000000000000000 0.01632145660591525702
0.00000000000000000000 0.01638511821168344568
0.00000000000000000000 0.01642707843930478473
0.00000000000000000000 0.01646065443994305932
0.00000000000000000000 0.01648348392044962640
0.00000000000000000000 0.01658505648282075640
0.00000000000000000000 0.01663130310831148137
0.00000000000000000000 0.01682736877179916157
0.00000000000000000000 0.01686685931044555609
0.00000000000000000000 0.01686747015161981986
0.00000000000000000000 0.01692036078183831171
0.00000000000000000000 0.01696274148637777132
0.00000000000000000000 0.01696957204719742179
0.00000000000000000000 0.01698739244849178237
0.00000000000000000000 0.01707638321160871026
0.00000000000000000000 0.01714175818879955238
0.00000000000000000000 0.01722140540234353562
0.00000000000000000000 0.01722713529062389753
0.00000000000000000000 0.01735726593913414911
0.00000000000000000000 0.01740284051643653518
0.00000000000000000000 0.01751837999441651847
0.00000000000000000000 0.01753122883929201722
0.00000000000000000000 0.01757516534325955643
0.00000000000000000000 0.01769442720014188439
0.00000000000000000000 0.01786743383969602306
0.00000000000000000000 0.01787480815761890995
0.00000000000000000000 0.01795781151637948492
0.00000000000000000000 0.01806892891153778768
0.00000000000000000000 0.01815561723819407447
0.00000000000000000000 0.01822395274561368003
0.00000000000000000000 0.01828735821264280276
0.00000000000000000000 0.01829875246804410494
0.00000000000000000000 0.01846167684419620925
0.00000000000000000000 0.01850925431438117663
0.00000000000000000000 0.01853881987578652121
0.00000000000000000000 0.01866684815376349824
0.00000000000000000000 0.01871187246966395795
0.00000000000000000000 0.01875949812446590925
0.00000000000000000000 0.01880487143671407541
0.00000000000000000000 0.01891127775009604148
0.00000000000000000000 0.01908936503627246817
0.00000000000000000000 0.01927680417329336385
0.00000000000000000000 0.01933800399734450504
0.00000000000000000000 0.01946310425576708303
0.00000000000000000000 0.01948778096872859356
0.00000000000000000000 0.01958118961413680970
0.00000000000000000000 0.01958201198604716392
0.00000000000000000000 0.01961736540664532971
0.00000000000000000000 0.01964340086539587485
0.00000000000000000000 0.01965218099581526184
0.00000000000000000000 0.01970103054996653544
0.00000000000000000000 0.01979279089124989094
0.00000000000000000000 0.02003609105442076543
0.00000000000000000000 0.02019932338525620014
0.00000000000000000000 0.02020942534368838986
0.00000000000000000000 0.02024895303300329810
0.00000000000000000000 0.02026441942996122167
0.00000000000000000000 0.02032699648971590320
0.00000000000000000000 0.02044117891951850383
0.00000000000000000000 0.02048530739238749177
0.00000000000000000000 0.02050658008013018715
0.00000000000000000000 0.02054575915183727911
0.00000000000000000000 0.02056066561746579952
0.00000000000000000000 0.02057748975114130977
0.00000000000000000000 0.02059403079574697801
0.00000000000000000000 0.02068215190018144953
0.00000000000000000000 0.02078341070013564953
0.00000000000000000000 0.02088730460601130254
0.00000000000000000000 0.02090872455723934847
0.00000000000000000000 0.02094511447347221014
0.00000000000000000000 0.02100514944019516578
0.00000000000000000000 0.02124977357555153656
0.00000000000000000000 0.02136391796181069669
0.00000000000000000000 0.02145968028918843543
0.00000000000000000000 0.02151858202265419240
0.00000000000000000000 0.02154309496639184029
0.00000000000000000000 0.02155447861101528542
0.00000000000000000000 0.02156678267294638573
0.00000000000000000000 0.02160245243401184151
0.00000000000000000000 0.02176140249356237413
0.00000000000000000000 0.02186729998505637998
0.00000000000000000000 0.02187536724465307184
0.00000000000000000000 0.02198587108853996067
0.00000000000000000000 0.02212702671844241076
0.00000000000000000000 0.02213577085907635078
0.00000000000000000000 0.02222840739184268541
0.00000000000000000000 0.02227385928393322070
0.00000000000000000000 0.02228809919138601686
0.00000000000000000000 0.02232131777210021387
0.00000000000000000000 0.02253941099232213696
0.00000000000000000000 0.02267749892105465695
0.00000000000000000000 0.02274708313392855702
0.00000000000000000000 0.02276971290026232400
0.00000000000000000000 0.02291484455934303388
0.00000000000000000000 0.02293049086010161969
0.00000000000000000000 0.02298259944941866834
0.00000000000000000000 0.02300586662615795863
0.00000000000000000000 0.02309903225254015743
0.00000000000000000000 0.02311367687648381575
0.00000000000000000000 0.02311493297099725605
0.00000000000000000000 0.02313991607094249836
0.00000000000000000000 0.02316574440980589261
0.00000000000000000000 0.02318077886015543210
0.00000000000000000000 0.02335652634873454717
0.00000000000000000000 0.02343772232380457454
0.00000000000000000000 0.02358020242454197946
0.00000000000000000000 0.02364680249162334075
0.00000000000000000000 0.02365161325071151940
0.00000000000000000000 0.02373140249971917096
0.00000000000000000000 0.02394577445276745847
0.00000000000000000000 0.02396365110342746352
0.00000000000000000000 0.02400704650179882535
0.00000000000000000000 0.02407572785374258520
0.00000000000000000000 0.02412788228243181732
0.00000000000000000000 0.02419006530409237993
0.00000000000000000000 0.02419185912441181377
0.00000000000000000000 0.02423108149740996892
0.00000000000000000000 0.02439354833317803478
0.00000000000000000000 0.02447101878238340175
0.00000000000000000000 0.02450056904392394763
0.00000000000000000000 0.02450215189176441211
0.00000000000000000000 0.02465906717579157900
0.00000000000000000000 0.02472748670226255358
0.00000000000000000000 0.02473498620835485814
0.00000000000000000000 0.02479365332308603939
0.00000000000000000000 0.02486732857190280394
0.00000000000000000000 0.02495872380619579972
0.00000000000000000000 0.02500733904789545492
0.00000000000000000000 0.02501210641692963241
0.00000000000000000000 0.02504973456591329251
0.00000000000000000000 0.02511030332651819144
0.00000000000000000000 0.02514191187755921916
0.00000000000000000000 0.02529372912124856765
0.00000000000000000000 0.02532648976923972811
0.00000000000000000000 0.02532833860909522103
0.00000000000000000000 0.02533955726112822188
0.00000000000000000000 0.02538847456295925328
0.00000000000000000000 0.02541333590344163618
0.00000000000000000000 0.02545208276889421306
0.00000000000000000000 0.02562337682435774158
0.00000000000000000000 0.02566657296375500497
0.00000000000000000000 0.02578132117008424470
0.00000000000000000000 0.02579770086421770067
0.00000000000000000000 0.02582249763678094376
0.00000000000000000000 0.02582666588022286200
0.00000000000000000000 0.02604197208977818145
0.00000000000000000000 0.02611543852556500941
0.00000000000000000000 0.02615499039457495553
0.00000000000000000000 0.02629570931806410328
0.00000000000000000000 0.02636656039687019712
0.00000000000000000000 0.02639562371542206534
0.00000000000000000000 0.02649297575814631850
0.00000000000000000000 0.02650943603608265156
0.00000000000000000000 0.02654127980253888006
0.00000000000000000000 0.02665345073731056544
0.00000000000000000000 0.02670982153972728881
0.00000000000000000000 0.02678559640977264122
0.00000000000000000000 0.02688487985381448828
0.00000000000000000000 0.02691134428198185824
0.00000000000000000000 0.02696501885120986680
0.00000000000000000000 0.02699838883349905960
0.00000000000000000000 0.02702936791725768506
0.00000000000000000000 0.02720913517580355462
0.00000000000000000000 0.02731570168376299887
0.00000000000000000000 0.02736082011680781093
0.00000000000000000000 0.02739747705514411491
0.00000000000000000000 0.02754799406411159030
0.00000000000000000000 0.02761153204746261830
0.00000000000000000000 0.02781955614231907542
0.00000000000000000000 0.02783335309423518034
0.00000000000000000000 0.02789060736345473288
0.00000000000000000000 0.02790926584243014555
0.00000000000000000000 0.02800363759088323953
0.00000000000000000000 0.02803201108511819972
0.00000000000000000000 0.02814261440451478608
0.00000000000000000000 0.02818526964854175740
0.00000000000000000000 0.02844587244491880371
0.00000000000000000000 0.02848855464972351731
0.00000000000000000000 0.02856984077053525972
0.00000000000000000000 0.02864517274016393014
0.00000000000000000000 0.02869344223136448269
0.00000000000000000000 0.02877768725965860683
0.00000000000000000000 0.02882077805596578238
0.00000000000000000000 0.02882959820352822694
0.00000000000000000000 0.02884479323041955895
0.00000000000000000000 0.02895105432925844033
0.00000000000000000000 0.02901248372869646985
0.00000000000000000000 0.02910079208956931757
0.00000000000000000000 0.02913181057526548559
0.00000000000000000000 0.02913300021054370317
0.00000000000000000000 0.02916557075796816570
0.00000000000000000000 0.02920545869428744709
0.00000000000000000000 0.02935580627944522902
0.00000000000000000000 0.02945802654127086320
0.00000000000000000000 0.02957894259675819537
0.00000000000000000000 0.02959829768728406557
0.00000000000000000000 0.02972360542486483098
0.00000000000000000000 0.02984106905421066852
0.00000000000000000000 0.02988195005408901192
0.00000000000000000000 0.03009413295011471867
0.00000000000000000000 0.03013741839511244539
0.00000000000000000000 0.03018672132032176533
0.00000000000000000000 0.03020129613461313908
0.00000000000000000000 0.03023981105308498271
0.00000000000000000000 0.03027280223447030572
0.00000000000000000000 0.03027843382709349482
0.00000000000000000000 0.03037473102822282889
0.00000000000000000000 0.03049563879265922151
0.00000000000000000000 0.03078605517401460448
0.00000000000000000000 0.03080494420552835899
0.00000000000000000000 0.03083053714396315551
0.00000000000000000000 0.03105897072163302589
0.00000000000000000000 0.03106201275232928216
0.00000000000000000000 0.03107696434400298441
0.00000000000000000000 0.03111392774709528103
0.00000000000000000000 0.03121476801945913607
0.00000000000000000000 0.03122615105592965040
0.00000000000000000000 0.03126462037071921218
0.00000000000000000000 0.03129683739988137203
0.00000000000000000000 0.03133655584824317220
0.00000000000000000000 0.03142178621657025495
0.00000000000000000000 0.03178308924719402268
0.00000000000000000000 0.03198473487638181512
0.00000000000000000000 0.03205854019502784452
0.00000000000000000000 0.03207367492719598312
0.00000000000000000000 0.03221450102264036830
0.00000000000000000000 0.03230039788955013647
0.00000000000000000000 0.03264870531791905228
0.00000000000000000000 0.03266124292645168625
0.00000000000000000000 0.03268481777230253932
0.00000000000000000000 0.03277405631812004699
0.00000000000000000000 0.03283912860592753252
0.00000000000000000000 0.03286852442354425835
0.00000000000000000000 0.03303232611400205854
0.00000000000000000000 0.03304261164537705686
0.00000000000000000000 0.03321318739323877306
0.00000000000000000000 0.03325912736265603659
0.00000000000000000000 0.03330873225729476944
0.00000000000000000000 0.03333639088894747166
0.00000000000000000000 0.03336683338667954107
0.00000000000000000000 0.03340534097658735824
0.00000000000000000000 0.03352130662318515003
0.00000000000000000000 0.03353498263240711069
0.00000000000000000000 0.03361140571002701333
0.00000000000000000000 0.03361849102184340243
0.00000000000000000000 0.03380631868658133532
0.00000000000000000000 0.03383365575241613354
0.00000000000000000000 0.03394188392490901651
0.00000000000000000000 0.03424400681899052862
0.00000000000000000000 0.03442764639513860164
0.00000000000000000000 0.03470972386098516993
0.00000000000000000000 0.03478003505175751575
0.00000000000000000000 0.03478196767040048210
0.00000000000000000000 0.03488572527642967713
0.00000000000000000000 0.03498203402734145762
0.00000000000000000000 0.03502648649519637253
0.00000000000000000000 0.03505261069240207111
0.00000000000000000000 0.03508220462061723693
0.00000000000000000000 0.03509447834331255039
0.00000000000000000000 0.03525132950015110594
0.00000000000000000000 0.03540482042869138452
0.00000000000000000000 0.03550245089750391631
0.00000000000000000000 0.03558052260880226886
0.00000000000000000000 0.03583778399170164941
0.00000000000000000000 0.03595756177988447544
0.00000000000000000000 0.03597076538651821503
0.00000000000000000000 0.03597589020689376943
0.00000000000000000000 0.03602902914172081972
0.00000000000000000000 0.03608155770823021080
0.00000000000000000000 0.03615291782879199306
0.00000000000000000000 0.03650977158149402296
0.00000000000000000000 0.03651377800826663411
0.00000000000000000000 0.03688320434563206740
0.00000000000000000000 0.03691372978034238722
0.00000000000000000000 0.03695433468901056923
0.00000000000000000000 0.03743476328244345341
0.00000000000000000000 0.03755761424173337248
0.00000000000000000000 0.03790011990693219202
0.00000000000000000000 0.03837691240185713004
0.00000000000000000000 0.03917877431621915457
0.00000000000000000000 0.03941939277521550739
0.00000000000000000000 0.03969691437952085206
0.00000000000000000000 0.03975018539292126535
0.00000000000000000000 0.03987746998519587499
0.00000000000000000000 0.04043842273734773313
0.00000000000000000000 0.04081590294723141943
0.00000000000000000000 0.04087863002931692302
0.00000000000000000000 0.04105871595738924684
0.00000000000000000000 0.04124847972734418944
0.00000000000000000000 0.04125037676698669470
0.00000000000000000000 0.04209005481676243721
0.00000000000000000000 0.04209062548183840208
0.00000000000000000000 0.04261427102375509035
0.00000000000000000000 0.04272060212213769914
0.00000000000000000000 0.04321756575614908030
0.00000000000000000000 0.04392920474148417909
0.00000000000000000000 0.04422201214510725759
0.00000000000000000000 0.04440043661983229112
0.00000000000000000000 0.04447912470104228855
0.00000000000000000000 0.04469482863424548841
0.00000000000000000000 0.04494251424233804137
0.00000000000000000000 0.04529808216492465373
0.00000000000000000000 0.04551748599886594471
0.00000000000000000000 0.04563880562336856961
0.00000000000000000000 0.04594375349066314590
0.00000000000000000000 0.04597117722956724217
0.00000000000000000000 0.04617296932369190782
0.00000000000000000000 0.04632282571231714080
0.00000000000000000000 0.04632324822543482101
0.00000000000000000000 0.04661303358200775265
0.00000000000000000000 0.04667953777039859226
0.00000000000000000000 0.04689637512687661741
0.00000000000000000000 0.04701612846357460657
0.00000000000000000000 0.04722803252385170819
0.00000000000000000000 0.04752849872487454469
0.00000000000000000000 0.04760149834006891650
0.00000000000000000000 0.04761485628129189657
0.00000000000000000000 0.04786397940121697031
0.00000000000000000000 0.04802228066406256934
0.00000000000000000000 0.04914271631624616415
0.00000000000000000000 0.04936190491233622551
0.00000000000000000000 0.05067976665550764231
0.00000000000000000000 0.05068781809859029819
0.00000000000000000000 0.05084299801687122006
0.00000000000000000000 0.05193289290626724314
0.00000000000000000000 0.05283248822825196284
0.00000000000000000000 0.05334264801919141180
0.00000000000000000000 0.05476543907635295083
0.00000000000000000000 0.05497618956080946306
0.00000000000000000000 0.05509727251138549914
0.00000000000000000000 0.05906394690412967996
0.00000000000000000000 0.05979623591800941468
0.00000000000000000000 0.06087836250916033726
0.00000000000000000000 0.06341605640463671145
0.00000000000000000000 0.06470348670999641338
0.00000000000000000000 0.06582499243353359675
0.00000000000000000000 0.06607329096427838611
0.00000000000000000000 0.06671965809896211741
0.00000000000000000000 0.08277922777244657582
0.00000000000000000000 0.08562523016487753880
0.00000000000000000000 0.09254111330727096685
0.00000000000000000000 0.09266107251716786120
0.00000000000000000000 0.11467967812235181635
0.00000000000000000000 1.73205080756887719318
