0.06405825800079653631 0.06711628925880354368
0.06771687037220898431 0.07290992517066062495
0.07722675199175403626 0.07914155898198016459
0.07799437942394076007 0.07946883958632981748
0.08433673094152395466 0.08621557833583994024
0.07226863713630000963 0.08777458707235190338
0.08289480402180463003 0.08842299272252621134
0.08732243542946666048 0.09489417870206444394
0.09361231770552641551 0.09699982186907853132
0.09757760696225246944 0.09759795887758136723
0.08969280633858382756 0.09802671726379250106
0.08934761646623291809 0.10093009833746001414
0.08793524107466532680 0.10221392256379219221
0.08737855973539851440 0.10297617970513861518
0.10201163430959549194 0.10363017633992364919
0.09413953959258140880 0.10419332112789873868
0.09744426591697097351 0.10450270943677573976
0.10573841234997344296 0.10587549198985769794
0.08722249169267207169 0.10614249164172277762
0.10363920567897902392 0.10696017749623637494
0.10055521910106515748 0.10742949886953095939
0.09308569279528210172 0.10751323512661176141
0.09711444065754135102 0.10810980394381369818
0.08961494590557476936 0.10982764117762876255
0.10848870818940051231 0.11186445562635785600
0.11062658004651328147 0.11190362201386348795
0.10250067186309436140 0.11251899536558848669
0.10841753764721141773 0.11329524208528145290
0.10389322077941523514 0.11332217749517276006
0.11174790435961709512 0.11380375271349213451
0.10981049169338150118 0.11669736833419781796
0.09287395872103092198 0.11699727691451833334
0.10085946364169245948 0.11815283440493284939
0.11829203892226840267 0.11883444348208117847
0.10844061620582312599 0.11953705467339986734
0.11430246273285074587 0.11976619579390666848
0.11586798732409119006 0.11997252150138298932
0.11151929759556225563 0.12090000407740054966
0.11649814649441934955 0.12090293188722046891
0.10458082730607966282 0.12109729105907758584
0.12106148510573519483 0.12123872008470538975
0.11204033008774839930 0.12250441158476954584
0.11348598181938815421 0.12252916502782769392
0.10366194495225584948 0.12298603628461461656
0.11354197754043587887 0.12307721519570105628
0.10977649574560527368 0.12334147025481533022
0.11937118855077437363 0.12345333845062003708
0.12006136459061533817 0.12372378322449313626
0.11487456604073895128 0.12422944628100869580
0.12107572794857668352 0.12435642518638449772
0.12583119128326084035 0.12670806225440620074
0.09924420893433935631 0.12693029121277968341
0.11425971890769281991 0.12726449888850016601
0.12317205766980461601 0.12739771372092106860
0.11522164889179906111 0.12799176019908525825
0.12290127607018994094 0.12988206740137597794
0.12042959588002380422 0.13128970433174225185
0.10686000153298591542 0.13142908920368320813
0.12145015498878880544 0.13165853863397611323
0.13082912283711095602 0.13292203876645058980
0.13303590950830099238 0.13307934670221222007
0.13382046077742409951 0.13463709396839831922
0.11607386098297006738 0.13493249864577436248
0.13051961826391725308 0.13557193075706835961
0.10982368899152475383 0.13605275781550738023
0.13066632803130701079 0.13633143693621582737
0.12673808692019944422 0.13793310829270197249
0.12755352705987474393 0.13818431062464631154
0.12369192345282647993 0.13965491378838484904
0.10180690181526454163 0.13989905966878327104
0.10762119583365863107 0.13992198254472085206
0.10792699872061939370 0.14006469250215430877
0.11379269020572298221 0.14009659513702044098
0.10766079958418241225 0.14083137724698727156
0.13085126401274960184 0.14152513551388795632
0.12885273493379906240 0.14197441317938674921
0.11925446684241972073 0.14209178416340109696
0.10659118374939741125 0.14233291318442323203
0.13429443151737921469 0.14252174073116874453
0.11171667935895632229 0.14283343421516750404
0.12519075986451624893 0.14290741741582010937
0.14411005768275095273 0.14419751239146227917
0.14134239190211317361 0.14490300641154843508
0.14253830678534987197 0.14592437926454968067
0.11437186901301785169 0.14637105651165510656
0.14596254211378861809 0.14710471763893823161
0.13559078745930294718 0.14853154537735302476
0.14114811600541338210 0.14888665624133196053
0.14337410384321253032 0.14928418868793069674
0.10082900983077829060 0.14996605975821059031
0.11708260809368659094 0.15029629113855152989
0.13555481469931976446 0.15157606775971110835
0.13670486179212498756 0.15243826107464011899
0.14004518594467979531 0.15292002027964837763
0.12036247056684121204 0.15407544704247416734
0.15319211740738250538 0.15456608454751141757
0.13658232300941969273 0.15476600101773790863
0.12544635344040205860 0.15564886256680710019
0.11755526112928967042 0.15564886256680710019
0.15479729503898739806 0.15585076133502998030
0.13628487401512587307 0.15600577168900717218
0.13409961936574921193 0.15608660834651630345
0.13929138056783488264 0.15674335194392377546
0.13918047574595671101 0.15728171534618584637
0.12070931006418945952 0.15742420290794154059
0.11519148065100309752 0.15818067831342935703
0.15831589052936678730 0.15851487608442549337
0.14814727775610822547 0.15854012919841339868
0.13380264369848132722 0.15880533851246855792
0.11023747368426500826 0.15890806631709211705
0.14421817730800184920 0.15925851038681437810
0.13576224787306379049 0.15939960327362026615
0.13272196302534813861 0.15953788872926744080
0.14164462386293444340 0.15957552622943874110
0.15628021222645366306 0.15966672032134721082
0.15541756456399388742 0.16022166351603250867
0.12225678594176102310 0.16026464819121258309
0.11296850112406801869 0.16107733915331889918
0.12498816885739424953 0.16152789571098957744
0.16109141362771534078 0.16161371405236776844
0.13178111954964399910 0.16191155030087622801
0.09004262274282170964 0.16262246239792618741
0.16276704682250056622 0.16281264093394798298
0.12856125349921110335 0.16337166680434972443
0.13968729111183877944 0.16337525085072940323
0.11849334395796333463 0.16407408084988764352
0.12381837210530965976 0.16444713814048006473
0.12947031229454247780 0.16467491675007867036
0.14394273776780694418 0.16547483962952921899
0.15108613630054454346 0.16555637572365247689
0.12775379984746895734 0.16562407809657800351
0.12994001708411812013 0.16578746524661999717
0.13755546395603615584 0.16720054372776077534
0.12471549510933174765 0.16721667235139220375
0.13356402472981007690 0.16722381526325078016
0.10408680343256178358 0.16783378659416098300
0.12993559680813826507 0.16841778470871379692
0.11938194339530142085 0.16884263550532849218
0.09825699539872016774 0.16942725986305051666
0.14159152989185441740 0.16979555358994960490
0.12201476817422933496 0.17362317732779197765
0.14796579954082259012 0.17606369469093377522
0.11511252802866392408 0.17614279260050941245
0.11238320186559402902 0.17649096858716106784
0.15678219698481235533 0.17649282781748359961
0.14359698880627419504 0.17832092772152671745
0.12233580106590478953 0.17979708151771725544
0.11447818055069271248 0.18079776575264594474
0.15071357279162497789 0.18159279309212522646
0.12733623076924380224 0.18218409905617180544
0.16834103404113809344 0.18255542201339147734
0.13762779233551539204 0.18299080383742982736
0.16657360483421043695 0.18457173330902626462
0.12681671778596181888 0.18493506582534374738
0.13665787828668277126 0.18729502100066450221
0.16506897128272718378 0.18761631130339442852
0.13460741865956557528 0.18782120066356797206
0.12650570762624532839 0.18841205506370434231
0.12567187755884670630 0.18870590915645291119
0.17635679457459577102 0.19191039614351659837
0.16799245661249231909 0.19333552142268262131
0.11134164841639204724 0.19335882957790087588
0.13724799366123310862 0.19525867417537987047
0.17981854121394408308 0.19568212408145857495
0.12316571066286761960 0.19657687939891749229
0.15709336814747582034 0.19697641223563813750
0.12455323305934433431 0.19970635524881946710
0.20381834417020633365 0.20396694654945166092
0.17454984013084715033 0.20941986866717943183
0.13500149818141124469 0.21084961147003256077
0.11903624309867208431 0.21205051946415448549
0.11877367228476731764 0.22004104234139995611
0.12261293152851507338 0.24056188440436493403
0.11640603412058182775 0.24966853533028154910
0.11100364968223343232 0.26321003550037463947
