0.07015167220428132622 0.07657820089621950044
0.08108992736238268551 0.09054256052163946189
0.08275047439872446065 0.09602135987821093510
0.09858648765977505446 0.09948981396316025627
0.10183277627362850859 0.10193911725733513507
0.10233487060832757720 0.10426040820665646858
0.08715826074874946650 0.10451756072673297482
0.10015596057626016679 0.10706192167814021499
0.10302110085002724738 0.11062973801285740094
0.10635722331592495360 0.11070928868714279003
0.11096601310525386341 0.11153362911234589172
0.11086528479677514036 0.11214076594574629020
0.11272701766256704170 0.11399897250186659392
0.10908003279739864055 0.11465095829638999314
0.11355433617767983490 0.11569368561367665560
0.10586960202728361302 0.12252591074482578615
0.09672698369229203175 0.12584528420827059692
0.12141325284912575511 0.12623886434504674736
0.12553197418279368747 0.12648215186595168635
0.12532368713855149278 0.12653802620848300653
0.12465899827067840333 0.12665950178626819711
0.11723005926344780281 0.12737028887442142233
0.11300979148415932207 0.12787701341565535507
0.11200085080326778464 0.12991297692978923117
0.11016811645558992339 0.13041609330688291868
0.11944482834845522590 0.13050663392582292910
0.12701403845162903550 0.13331517178198151741
0.10723925029949901711 0.13389119964147225272
0.13248872565411509705 0.13433150920719258425
0.13538682152669948011 0.13657794454930496930
0.13305048731423207986 0.13657794454930496930
0.13215210214270320388 0.13667087324799739867
0.13389497368911698616 0.13681831282283285489
0.13299292444542948344 0.13811898715360224066
0.13378979060956577851 0.13869303893049839127
0.13815209739721498461 0.13911726182040742850
0.13183449138764052888 0.13973013675620557517
0.13764027751162719038 0.14029806900273428250
0.10958940276735959496 0.14077459609848250177
0.13958331601321419257 0.14138735404136132390
0.12917347292181052820 0.14186561016918014522
0.13795935116243365770 0.14257140157704403793
0.12462500602460875598 0.14392812481406885849
0.13385213114666974499 0.14424258354663041515
0.13325673820200406583 0.14481310701628194448
0.11552313130159258536 0.14489497904141365736
0.13391667072020255191 0.14506782836454903962
0.13448498096269079216 0.14564050073492468274
0.12068779517707949045 0.14733722144198804771
0.14087915969718586839 0.14738978443004033259
0.13034382658409882083 0.14819490855876238378
0.13248960540677551245 0.14825605217437459737
0.14218774100049860754 0.14885614795853593928
0.13356939088946762073 0.14910841054661400085
0.14314512744250085241 0.14919249422126001914
0.14113074973581019034 0.15174708340790818428
0.15095431484017232671 0.15193523700401542764
0.12771121881898356287 0.15364398888251695752
0.14437675349128614721 0.15459453954810900567
0.13124866620726446942 0.15522783906394344022
0.14952542333582427569 0.15552870183705430618
0.13753212604078091097 0.15560727484752412408
0.15459385297989683417 0.15578864199202785423
0.14255684630482085007 0.15613408532475642199
0.15202008886868159654 0.15705184666773169821
0.15478612068758407228 0.15710576746531232373
0.12686381558436049533 0.15733102436861798323
0.12546091644377704855 0.15754308776584571850
0.14411910510084863235 0.15869107300100107616
0.15772074094669236155 0.15875187682245828213
0.15156332495202368138 0.15895615713189820140
0.11362112690078809973 0.15927451287109403721
0.14862012629041304601 0.15931132106312329011
0.15849866922638547462 0.15968025903488369810
0.12904381697265590589 0.15977815887968799258
0.11670346034916416478 0.16004082477107642313
0.15530152936669355812 0.16027436165972577808
0.15888699311839513117 0.16033936690875719155
0.15530868719564519531 0.16059317241356854677
0.12278240647529933827 0.16118179411668531742
0.14921942253922415578 0.16177063639069644285
0.13190445141485071523 0.16300320951671765091
0.14196620348419247692 0.16396816286478846370
0.15722661272484733663 0.16455897485866038954
0.10905197252025762567 0.16497442360319272692
0.14172897845066259603 0.16545432216903838141
0.12826760017876023823 0.16597860950103257571
0.16017600076393057051 0.16743317312014524556
0.16246965762575024672 0.16758579554058009031
0.15305100713873617813 0.16774096183667350224
0.14206647468592645267 0.16797429454857551456
0.15460564007939789355 0.16826638090177439833
0.15525734429149801175 0.16867073185232034360
0.16142601110104576323 0.16986171279806841494
0.16235574338800340399 0.16992970859389711080
0.16276187526969593256 0.17010553849974391349
0.16643147955907669489 0.17012348129170576372
0.14785660883746212790 0.17047173869775916755
0.12764337984575324647 0.17068845174860711178
0.16676445889170418702 0.17152628551848411731
0.13327771205869376470 0.17170133021408393037
0.13307858779926087789 0.17177822216477645068
0.12418458458202283334 0.17316854538874251745
0.15671801234361656951 0.17389759583270858467
0.12682914150808147213 0.17499562429656481677
0.13189219411361369216 0.17499626954724800676
0.12796326948910261012 0.17520197518866459374
0.17380674596145262445 0.17608899946502412637
0.17201937644342185640 0.17659352114503670816
0.15126672441350461074 0.17701477922286693034
0.13289453931796713082 0.17722203888690618578
0.13291801997535879210 0.17751697056364743044
0.16114933673496292799 0.17813950750321466687
0.14573437813156053799 0.17847062909022906596
0.16257805177134679320 0.17949118180918260945
0.12498676597027773283 0.17959270002274907441
0.14447666409231843532 0.17961286985577443187
0.17918925066388982636 0.18017829598050283391
0.15956281476947334341 0.18023424266414575512
0.16605458534847455931 0.18062684309566340302
0.15512685750252511174 0.18203043115376396632
0.13775718934555319928 0.18239656041709273460
0.14951554484918830323 0.18326268587434596524
0.14040942761249922133 0.18415857797687806841
0.13475518224861954275 0.18429611394503173094
0.15072861597840223058 0.18462732481744309476
0.13113459556560602692 0.18515794450969041973
0.15771270090710390321 0.18728975350543755618
0.18024355922347756742 0.18757682578420098451
0.16555364576863898507 0.18863053099762400189
0.15149546499913785214 0.18935847800105234939
0.18594113083138696929 0.18994326884332257688
0.12082385463711582674 0.19021400069307142777
0.17255288163661244849 0.19033335632925379999
0.13825190810655685336 0.19177664949339101597
0.17919095717518815358 0.19188290102861263464
0.14641059597118974422 0.19217587995514073818
0.16027964606475944565 0.19260736868030448043
0.13991383783120173168 0.19346783446492935021
0.18261050983339086051 0.19366002993209083249
0.16680666528803089754 0.19437773495574642291
0.17466413463004737405 0.19558207914623423895
0.17452689596220433144 0.19571566768710838002
0.13854677886055946634 0.19578023280724116129
0.17919097240005943394 0.19649511962057072956
0.14512254497632912087 0.19689184351981040000
0.14160942225221026525 0.19717092589781959333
0.17326577102755574833 0.19796576158624570874
0.17707081739221894323 0.19890059980170401999
0.18310253871900342149 0.20009521896799326024
0.17942060906412987675 0.20024463914881251991
0.12346693879925092763 0.20070483455553050911
0.13211485084778995525 0.20080401331498975992
0.16794878662483836429 0.20145742158889998197
0.12130219337004180535 0.20310725128877341050
0.16086474223917707205 0.20634195843512145863
0.20075199994516293445 0.20751943572175651775
0.17095740250367211233 0.20846794433158682969
0.14782387014963827010 0.20891826307155228482
0.18392276357967707323 0.21272296377400098932
0.15028949339758079784 0.21310869353214320632
0.16626597291668684941 0.21447513288757089067
0.14025049940016978689 0.21689837314189625017
0.14850833229973078864 0.21911455459264633783
0.13739595741710020071 0.22078621517741367497
0.20770265728342784950 0.22106903305749592281
0.12888853531860430812 0.22192081727997867158
0.19415839374620588731 0.22347522263330418801
0.16914590971784462803 0.22501131668402266084
0.13715225505720701760 0.22574369722220916090
0.13544461680078268007 0.22594730407196647604
0.21687593372625560417 0.22700592965707638848
0.22045974067916573880 0.22728597228973071442
0.18107829315553247707 0.22738119040215035160
0.12390358110147263460 0.22835987982981187372
0.16536391534564134909 0.22855814507361124632
0.19913108649248026372 0.22991099717809809766
0.12825147385756643925 0.23104635638908327389
0.17962060862077253165 0.23203209125987867001
0.21688715078544570924 0.23294766036450792468
0.19546359477336355814 0.23347208180040507353
0.22638933771259397987 0.23374995160927697357
0.23063863753615143626 0.23462399523859045480
0.13182768427818730705 0.23556322602293827684
0.23290270820896108450 0.23720634747509841689
0.17068697506039265388 0.23846064158795129972
0.15077456964140828477 0.23917878601585140785
0.12597558516173135157 0.23999561509396991066
0.23821984802591195107 0.24224223225831922890
0.12805144981491339840 0.24572508288336311622
0.15446731615139716598 0.24658219801871639199
0.19090982365739647686 0.24731225120843192133
0.13489769664506570668 0.24958993258890732614
0.24260515752646014120 0.25354097955599286252
0.20474932929865408138 0.26472010504607190740
0.25212028049379242578 0.26850445682163892602
0.24760952541306227581 0.27577737215933206816
0.24493863715078637022 0.27791886205859300807
