0.00000000000000000000 0.00752531111154755572
0.00000000000000000000 0.00857536024359077317
0.00000000000000000000 0.01590685010599830404
0.00000000000000000000 0.01688528730147860826
0.00000000000000000000 0.01868099751710599471
0.00000000000000000000 0.01938951011710352348
0.00000000000000000000 0.02136265114341141802
0.00000000000000000000 0.02144087027864866046
0.00000000000000000000 0.02149794216744908143
0.00000000000000000000 0.02209453954204923173
0.00000000000000000000 0.02304011504539910798
0.00000000000000000000 0.02340607886650181158
0.00000000000000000000 0.02540500869467101144
0.00000000000000000000 0.02569514199696887324
0.00000000000000000000 0.02617559989064947856
0.00000000000000000000 0.02736828657078832147
0.00000000000000000000 0.02909782916593749505
0.00000000000000000000 0.02926237362595004304
0.00000000000000000000 0.02950535217114984982
0.00000000000000000000 0.02970074076691719620
0.00000000000000000000 0.02971371479119471956
0.00000000000000000000 0.03042265414725996153
0.00000000000000000000 0.03047379187283942928
0.00000000000000000000 0.03190931173367043960
0.00000000000000000000 0.03285551006420589504
0.00000000000000000000 0.03310337102164073730
0.00000000000000000000 0.03371520931226901219
0.00000000000000000000 0.03379440906518065696
0.00000000000000000000 0.03419135155261034120
0.00000000000000000000 0.03529395320811536813
0.00000000000000000000 0.03578753276972092279
0.00000000000000000000 0.03583097982780673180
0.00000000000000000000 0.03636715070109285131
0.00000000000000000000 0.03660251682261330547
0.00000000000000000000 0.03701636650099377618
0.00000000000000000000 0.03721699584331569083
0.00000000000000000000 0.03736787611709918577
0.00000000000000000000 0.03750875526089791218
0.00000000000000000000 0.03762908877371247407
0.00000000000000000000 0.03764986504919002469
0.00000000000000000000 0.03776089519184713805
0.00000000000000000000 0.03814529790712123392
0.00000000000000000000 0.03941855615359117493
0.00000000000000000000 0.03963907004208652024
0.00000000000000000000 0.03980249302768913700
0.00000000000000000000 0.04050079198865728924
0.00000000000000000000 0.04073729015840191897
0.00000000000000000000 0.04090105212211087721
0.00000000000000000000 0.04096857061071736139
0.00000000000000000000 0.04119762191791408179
0.00000000000000000000 0.04129165801285701598
0.00000000000000000000 0.04151120921377369349
0.00000000000000000000 0.04187910799193027972
0.00000000000000000000 0.04295350207965990125
0.00000000000000000000 0.04328240911743925362
0.00000000000000000000 0.04378199308271488871
0.00000000000000000000 0.04387807444190860301
0.00000000000000000000 0.04400282175929343814
0.00000000000000000000 0.04410062855504946755
0.00000000000000000000 0.04410492268333433830
0.00000000000000000000 0.04429326370169029553
0.00000000000000000000 0.04432808701508264559
0.00000000000000000000 0.04441603731396279869
0.00000000000000000000 0.04442191004915653496
0.00000000000000000000 0.04470661459636009888
0.00000000000000000000 0.04493121434461793545
0.00000000000000000000 0.04559677967469744075
0.00000000000000000000 0.04569143835659988245
0.00000000000000000000 0.04591747231181640687
0.00000000000000000000 0.04622284353047053512
0.00000000000000000000 0.04671741015769930588
0.00000000000000000000 0.04702437184143484772
0.00000000000000000000 0.04710801517558668022
0.00000000000000000000 0.04733401262213857846
0.00000000000000000000 0.04761200862390991412
0.00000000000000000000 0.04769946802373349615
0.00000000000000000000 0.04779213919940682176
0.00000000000000000000 0.04807390185074442157
0.00000000000000000000 0.04829920624810621343
0.00000000000000000000 0.04831124451094197941
0.00000000000000000000 0.04834994288427880982
0.00000000000000000000 0.04835392450335383036
0.00000000000000000000 0.04882700922977380870
0.00000000000000000000 0.04901154650295797000
0.00000000000000000000 0.04908542062130781536
0.00000000000000000000 0.04920737571651121606
0.00000000000000000000 0.04940192328094660662
0.00000000000000000000 0.04961923884965811077
0.00000000000000000000 0.04963506337017694475
0.00000000000000000000 0.04975171908479264493
0.00000000000000000000 0.04992312665643384995
0.00000000000000000000 0.05005679559376039617
0.00000000000000000000 0.05014926602701838543
0.00000000000000000000 0.05030528114708818915
0.00000000000000000000 0.05032199311435726213
0.00000000000000000000 0.05033485056332181323
0.00000000000000000000 0.05043443937722360410
0.00000000000000000000 0.05060864705200358860
0.00000000000000000000 0.05062203907368260231
0.00000000000000000000 0.05089915745737332714
0.00000000000000000000 0.05104202778269488483
0.00000000000000000000 0.05107502351229166460
0.00000000000000000000 0.05108556405223563246
0.00000000000000000000 0.05114042349831514345
0.00000000000000000000 0.05126620102794884198
0.00000000000000000000 0.05136034319975519430
0.00000000000000000000 0.05147336201136427924
0.00000000000000000000 0.05186019459691371819
0.00000000000000000000 0.05190540746582737036
0.00000000000000000000 0.05204349551805765445
0.00000000000000000000 0.05207969665246498653
0.00000000000000000000 0.05240151270504871811
0.00000000000000000000 0.05240161446183787264
0.00000000000000000000 0.05259062533962074321
0.00000000000000000000 0.05290169107781014096
0.00000000000000000000 0.05295197290742757051
0.00000000000000000000 0.05315132770099341430
0.00000000000000000000 0.05355380935094722350
0.00000000000000000000 0.05416668879954539273
0.00000000000000000000 0.05423285855383654791
0.00000000000000000000 0.05465177435927304206
0.00000000000000000000 0.05468863712003729088
0.00000000000000000000 0.05469589928135559775
0.00000000000000000000 0.05474604222383301633
0.00000000000000000000 0.05546046114136809341
0.00000000000000000000 0.05550740959549614606
0.00000000000000000000 0.05559048444192368765
0.00000000000000000000 0.05564121101267228975
0.00000000000000000000 0.05596775158657155136
0.00000000000000000000 0.05621199839433158041
0.00000000000000000000 0.05621340474788512342
0.00000000000000000000 0.05632223056242183917
0.00000000000000000000 0.05655106396297252674
0.00000000000000000000 0.05673760559940305148
0.00000000000000000000 0.05682637302587129069
0.00000000000000000000 0.05683927048171608098
0.00000000000000000000 0.05694643582359244088
0.00000000000000000000 0.05705824009306988825
0.00000000000000000000 0.05744918801335336528
0.00000000000000000000 0.05757044580658533806
0.00000000000000000000 0.05772559112598218273
0.00000000000000000000 0.05782808967922928312
0.00000000000000000000 0.05834677568844553325
0.00000000000000000000 0.05886304881542071821
0.00000000000000000000 0.05918851983620092294
0.00000000000000000000 0.05925789219239257360
0.00000000000000000000 0.05931951057796040760
0.00000000000000000000 0.05936077181027508975
0.00000000000000000000 0.05957084158432374155
0.00000000000000000000 0.05962874975382839032
0.00000000000000000000 0.05996183021105426503
0.00000000000000000000 0.06009313137208426719
0.00000000000000000000 0.06033011238658764902
0.00000000000000000000 0.06047606078169789207
0.00000000000000000000 0.06050720233005648513
0.00000000000000000000 0.06058959826419542394
0.00000000000000000000 0.06081261907770905972
0.00000000000000000000 0.06086336266384374805
0.00000000000000000000 0.06107381718234967255
0.00000000000000000000 0.06107527899234995589
0.00000000000000000000 0.06108486701842401334
0.00000000000000000000 0.06163925185949204605
0.00000000000000000000 0.06164248245803798792
0.00000000000000000000 0.06167463661543561709
0.00000000000000000000 0.06172599252419569416
0.00000000000000000000 0.06178556789470528859
0.00000000000000000000 0.06180030947424442617
0.00000000000000000000 0.06183274998542145906
0.00000000000000000000 0.06186719396992598069
0.00000000000000000000 0.06196276489378679808
0.00000000000000000000 0.06212100968873202761
0.00000000000000000000 0.06241033698362119519
0.00000000000000000000 0.06257159705015699624
0.00000000000000000000 0.06279222774121151485
0.00000000000000000000 0.06289750581788952633
0.00000000000000000000 0.06306639912146116966
0.00000000000000000000 0.06307244172965055518
0.00000000000000000000 0.06309330442968180686
0.00000000000000000000 0.06314986556517261651
0.00000000000000000000 0.06323475256469031358
0.00000000000000000000 0.06336108619920910456
0.00000000000000000000 0.06359566863518842372
0.00000000000000000000 0.06360569441053535999
0.00000000000000000000 0.06376469853408799071
0.00000000000000000000 0.06377846668975746536
0.00000000000000000000 0.06404710923554216007
0.00000000000000000000 0.06425084171192592397
0.00000000000000000000 0.06434384874211558636
0.00000000000000000000 0.06445504798443393857
0.00000000000000000000 0.06447400674839390278
0.00000000000000000000 0.06458325950248035296
0.00000000000000000000 0.06478261689096713460
0.00000000000000000000 0.06504643505865830011
0.00000000000000000000 0.06517038226669201462
0.00000000000000000000 0.06521044407286015476
0.00000000000000000000 0.06526960895895438097
0.00000000000000000000 0.06546846449885086738
0.00000000000000000000 0.06549321967707330550
0.00000000000000000000 0.06562681281994806048
0.00000000000000000000 0.06580314237804145427
0.00000000000000000000 0.06599928881628680521
0.00000000000000000000 0.06607215673382485499
0.00000000000000000000 0.06607473700640197067
0.00000000000000000000 0.06633511175361359036
0.00000000000000000000 0.06638106907050390915
0.00000000000000000000 0.06652725659463745722
0.00000000000000000000 0.06653438966980561309
0.00000000000000000000 0.06660305972556497534
0.00000000000000000000 0.06675919433722130036
0.00000000000000000000 0.06688887948881490353
0.00000000000000000000 0.06696202080324416273
0.00000000000000000000 0.06712096442383125305
0.00000000000000000000 0.06735544528708058143
0.00000000000000000000 0.06737999373417645488
0.00000000000000000000 0.06755280658869672328
0.00000000000000000000 0.06762334055490734630
0.00000000000000000000 0.06770950781566761889
0.00000000000000000000 0.06773745168362711733
0.00000000000000000000 0.06788189658538280880
0.00000000000000000000 0.06800936254086500932
0.00000000000000000000 0.06812128404619273436
0.00000000000000000000 0.06817185755014980308
0.00000000000000000000 0.06821094693180801416
0.00000000000000000000 0.06867050523020652719
0.00000000000000000000 0.06873805482404181377
0.00000000000000000000 0.06892506980230225788
0.00000000000000000000 0.06896300532044120912
0.00000000000000000000 0.06909954233367385235
0.00000000000000000000 0.06921003504412252816
0.00000000000000000000 0.06926617259637023183
0.00000000000000000000 0.06934258351071009852
0.00000000000000000000 0.06940578723607020162
0.00000000000000000000 0.06952449417174821900
0.00000000000000000000 0.06976198503306614562
0.00000000000000000000 0.06987457929391409361
0.00000000000000000000 0.06993957488548570300
0.00000000000000000000 0.06994235691375565167
0.00000000000000000000 0.07010127924914529018
0.00000000000000000000 0.07028717174296185422
0.00000000000000000000 0.07037537982812352988
0.00000000000000000000 0.07051190052560640797
0.00000000000000000000 0.07067632140515643646
0.00000000000000000000 0.07068100864281696982
0.00000000000000000000 0.07069769036187023570
0.00000000000000000000 0.07080502393150157892
0.00000000000000000000 0.07087506741055243920
0.00000000000000000000 0.07101147520873350716
0.00000000000000000000 0.07127277861004341353
0.00000000000000000000 0.07128095192549452341
0.00000000000000000000 0.07131727839539742098
0.00000000000000000000 0.07138098195812864200
0.00000000000000000000 0.07148410615554276482
0.00000000000000000000 0.07200010092710588949
0.00000000000000000000 0.07203964066069906691
0.00000000000000000000 0.07227288025731058718
0.00000000000000000000 0.07261284219759148173
0.00000000000000000000 0.07268455958638209147
0.00000000000000000000 0.07305932311411618418
0.00000000000000000000 0.07311720836738141993
0.00000000000000000000 0.07324738193910310113
0.00000000000000000000 0.07334707275429006024
0.00000000000000000000 0.07339995806105857612
0.00000000000000000000 0.07342258698204548462
0.00000000000000000000 0.07342520588244708102
0.00000000000000000000 0.07366959787890124678
0.00000000000000000000 0.07381875573683782665
0.00000000000000000000 0.07394530074034517952
0.00000000000000000000 0.07429453420133613761
0.00000000000000000000 0.07431297101330362753
0.00000000000000000000 0.07455544811188991039
0.00000000000000000000 0.07466569488558424950
0.00000000000000000000 0.07472112169149194849
0.00000000000000000000 0.07474500737149396279
0.00000000000000000000 0.07478669668189188990
0.00000000000000000000 0.07507402429360120200
0.00000000000000000000 0.07508805327657275264
0.00000000000000000000 0.07532369939543402670
0.00000000000000000000 0.07548598864875356862
0.00000000000000000000 0.07571987944455930986
0.00000000000000000000 0.07582146598940764370
0.00000000000000000000 0.07592913159011270563
0.00000000000000000000 0.07613368925971919499
0.00000000000000000000 0.07618975100400722511
0.00000000000000000000 0.07634422488987616107
0.00000000000000000000 0.07641466417163479685
0.00000000000000000000 0.07711627573398757707
0.00000000000000000000 0.07722476283556106713
0.00000000000000000000 0.07752880578745717510
0.00000000000000000000 0.07756581499310311045
0.00000000000000000000 0.07758211992335689589
0.00000000000000000000 0.07773554871557974977
0.00000000000000000000 0.07783892869558692307
0.00000000000000000000 0.07792301102363687060
0.00000000000000000000 0.07812331217353171708
0.00000000000000000000 0.07815527010972364574
0.00000000000000000000 0.07837692166982827835
0.00000000000000000000 0.07841814064049855426
0.00000000000000000000 0.07868132015111894972
0.00000000000000000000 0.07874753926330935183
0.00000000000000000000 0.07899298215597296002
0.00000000000000000000 0.07904710025500585879
0.00000000000000000000 0.07933253992699962343
0.00000000000000000000 0.07950262650769591988
0.00000000000000000000 0.07955154795009140856
0.00000000000000000000 0.07986766539272038834
0.00000000000000000000 0.08001085642210375992
0.00000000000000000000 0.08035028182344741698
0.00000000000000000000 0.08042541350942460088
0.00000000000000000000 0.08092138653527115866
0.00000000000000000000 0.08097332356189046454
0.00000000000000000000 0.08103757662720156851
0.00000000000000000000 0.08109412017719552779
0.00000000000000000000 0.08181011001820798212
0.00000000000000000000 0.08182704948387486965
0.00000000000000000000 0.08197979310750724835
0.00000000000000000000 0.08211986837454303412
0.00000000000000000000 0.08223516738048151919
0.00000000000000000000 0.08228069352108752232
0.00000000000000000000 0.08235854159309485834
0.00000000000000000000 0.08278386448017810428
0.00000000000000000000 0.08297722081310425490
0.00000000000000000000 0.08308100271311100182
0.00000000000000000000 0.08309566728221508269
0.00000000000000000000 0.08312778991624308889
0.00000000000000000000 0.08332976215178379553
0.00000000000000000000 0.08335228017989003424
0.00000000000000000000 0.08342742798596460008
0.00000000000000000000 0.08363363691042174919
0.00000000000000000000 0.08367286172300036906
0.00000000000000000000 0.08371673350733864483
0.00000000000000000000 0.08386700566489989350
0.00000000000000000000 0.08412938030204356044
0.00000000000000000000 0.08414988304598236546
0.00000000000000000000 0.08443020755699710833
0.00000000000000000000 0.08479142361158395480
0.00000000000000000000 0.08482041427278649848
0.00000000000000000000 0.08488319547332338899
0.00000000000000000000 0.08500889194207415789
0.00000000000000000000 0.08522247568148293151
0.00000000000000000000 0.08539117132258654264
0.00000000000000000000 0.08541340583042855705
0.00000000000000000000 0.08543748343120935451
0.00000000000000000000 0.08550662679473529371
0.00000000000000000000 0.08553883652105070956
0.00000000000000000000 0.08560039231892091482
0.00000000000000000000 0.08584181624069554817
0.00000000000000000000 0.08603762221274145749
0.00000000000000000000 0.08611805372295841532
0.00000000000000000000 0.08625725056787547640
0.00000000000000000000 0.08627478474262352537
0.00000000000000000000 0.08655946314526058449
0.00000000000000000000 0.08663311150217006817
0.00000000000000000000 0.08663704569674368638
0.00000000000000000000 0.08705391431673598079
0.00000000000000000000 0.08743847950263676505
0.00000000000000000000 0.08746253543674661901
0.00000000000000000000 0.08750361876217231660
0.00000000000000000000 0.08771181468078921573
0.00000000000000000000 0.08777594749875945734
0.00000000000000000000 0.08794471175350233871
0.00000000000000000000 0.08795557512185983584
0.00000000000000000000 0.08823887195575041975
0.00000000000000000000 0.08892597896287518511
0.00000000000000000000 0.08895479457959540315
0.00000000000000000000 0.08895607276410767705
0.00000000000000000000 0.08902079543619638435
0.00000000000000000000 0.08910094298570478411
0.00000000000000000000 0.08931494241449097760
0.00000000000000000000 0.08950365411838352714
0.00000000000000000000 0.08954829804914322955
0.00000000000000000000 0.08957042562922719331
0.00000000000000000000 0.08965392740800870452
0.00000000000000000000 0.08969274133399893212
0.00000000000000000000 0.08995194838427698902
0.00000000000000000000 0.09014941929237342555
0.00000000000000000000 0.09031048213256165358
0.00000000000000000000 0.09043832349291215655
0.00000000000000000000 0.09051329877534319834
0.00000000000000000000 0.09070277906573845361
0.00000000000000000000 0.09072396147668139454
0.00000000000000000000 0.09130441424728744093
0.00000000000000000000 0.09136452041442266747
0.00000000000000000000 0.09140920228014125237
0.00000000000000000000 0.09150169176943806493
0.00000000000000000000 0.09153800104359356704
0.00000000000000000000 0.09190456511523252547
0.00000000000000000000 0.09206569566333737409
0.00000000000000000000 0.09207515905640829834
0.00000000000000000000 0.09241807766338368257
0.00000000000000000000 0.09244636572214837145
0.00000000000000000000 0.09254145593098872524
0.00000000000000000000 0.09255282834046681117
0.00000000000000000000 0.09257264336967374607
0.00000000000000000000 0.09281272819391371554
0.00000000000000000000 0.09321897856516156433
0.00000000000000000000 0.09327880752994759106
0.00000000000000000000 0.09333881662568749293
0.00000000000000000000 0.09353305006199730265
0.00000000000000000000 0.09391377623803011387
0.00000000000000000000 0.09415270201031299135
0.00000000000000000000 0.09453335388445643916
0.00000000000000000000 0.09453619221210056434
0.00000000000000000000 0.09456834915424854049
0.00000000000000000000 0.09482696165933679477
0.00000000000000000000 0.09494965067667464342
0.00000000000000000000 0.09499738780628665114
0.00000000000000000000 0.09503080450422773939
0.00000000000000000000 0.09517851520967761381
0.00000000000000000000 0.09521902994043396351
0.00000000000000000000 0.09557204601969297719
0.00000000000000000000 0.09576146584012505680
0.00000000000000000000 0.09579502109122584042
0.00000000000000000000 0.09594473392181807059
0.00000000000000000000 0.09600852984417229674
0.00000000000000000000 0.09610228561604219899
0.00000000000000000000 0.09617704718694282395
0.00000000000000000000 0.09618953055347981285
0.00000000000000000000 0.09628791170472279781
0.00000000000000000000 0.09653022566671248805
0.00000000000000000000 0.09665789385488152141
0.00000000000000000000 0.09701999581252147842
0.00000000000000000000 0.09706809419025481944
0.00000000000000000000 0.09728210363075212586
0.00000000000000000000 0.09729085311721483165
0.00000000000000000000 0.09733522187165447037
0.00000000000000000000 0.09781618474055464585
0.00000000000000000000 0.09785249301104798070
0.00000000000000000000 0.09814033587952428195
0.00000000000000000000 0.09839500681244982283
0.00000000000000000000 0.09850488385524290569
0.00000000000000000000 0.09859912966016906588
0.00000000000000000000 0.09878991591541551320
0.00000000000000000000 0.09927387829156061883
0.00000000000000000000 0.09958723968935785653
0.00000000000000000000 0.09987528038237462880
0.00000000000000000000 0.09996431960075487233
0.00000000000000000000 0.10009386217592076973
0.00000000000000000000 0.10069433207199965374
0.00000000000000000000 0.10081675432458310493
0.00000000000000000000 0.10096128267364068432
0.00000000000000000000 0.10101119682734574501
0.00000000000000000000 0.10106845042160228498
0.00000000000000000000 0.10118282732178336680
0.00000000000000000000 0.10182565775065594016
0.00000000000000000000 0.10183399991746563962
0.00000000000000000000 0.10186525204923554955
0.00000000000000000000 0.10195766331105889091
0.00000000000000000000 0.10216329150046794816
0.00000000000000000000 0.10225993655618993705
0.00000000000000000000 0.10250899712303428168
0.00000000000000000000 0.10266402638522152679
0.00000000000000000000 0.10267046644278556011
0.00000000000000000000 0.10296727310974605751
0.00000000000000000000 0.10336270086068344298
0.00000000000000000000 0.10358334409622410588
0.00000000000000000000 0.10377881818586068285
0.00000000000000000000 0.10382526423325387499
0.00000000000000000000 0.10395143363896895694
0.00000000000000000000 0.10402007013874996211
0.00000000000000000000 0.10423369262044272776
0.00000000000000000000 0.10425515769747011052
0.00000000000000000000 0.10491730527871062639
0.00000000000000000000 0.10492336920763267738
0.00000000000000000000 0.10513378198801318075
0.00000000000000000000 0.10516173640459393346
0.00000000000000000000 0.10523043653634367445
0.00000000000000000000 0.10618505444557366224
0.00000000000000000000 0.10665414894471347829
0.00000000000000000000 0.10728495493770691394
0.00000000000000000000 0.10770996891199412226
0.00000000000000000000 0.10811568832789499039
0.00000000000000000000 0.10825293526366357166
0.00000000000000000000 0.10856817246568976898
0.00000000000000000000 0.10867912725797748696
0.00000000000000000000 0.10875124740214825447
0.00000000000000000000 0.10886086419938661995
0.00000000000000000000 0.10898431136916247874
0.00000000000000000000 0.10990224509971792399
0.00000000000000000000 0.11024444724696064180
0.00000000000000000000 0.11062114797046199155
0.00000000000000000000 0.11140473913967456621
0.00000000000000000000 0.11218177806100107508
0.00000000000000000000 0.11237916665910903380
0.00000000000000000000 0.11248260732032243359
0.00000000000000000000 0.11338170336523108184
0.00000000000000000000 0.11462758701881883838
0.00000000000000000000 0.11654861436865805724
0.00000000000000000000 0.11694525548677038584
0.00000000000000000000 0.11886508877728201028
0.00000000000000000000 0.11896214339210635369
0.00000000000000000000 0.12139290707765400257
0.00000000000000000000 0.12290184141600872525
0.00000000000000000000 0.12422248692875476062
0.00000000000000000000 0.12426699769048484001
0.00000000000000000000 0.12721436967377586225
0.00000000000000000000 0.12761728581892894940
0.00000000000000000000 0.13041571199009999171
0.00000000000000000000 0.13041880828433125017
0.00000000000000000000 0.13770830482636417513
0.00000000000000000000 1.73205080756887719318
