0.00000000000000000000 0.00186366946881132232
0.00000000000000000000 0.00331533621648386848
0.00000000000000000000 0.00496874900750160584
0.00000000000000000000 0.00659204125423444587
0.00000000000000000000 0.00663168718641212341
0.00000000000000000000 0.00686458265713799694
0.00000000000000000000 0.00700488009228080431
0.00000000000000000000 0.00708105847474032202
0.00000000000000000000 0.00738822931781128647
0.00000000000000000000 0.00817871425627934856
0.00000000000000000000 0.00847435890961711034
0.00000000000000000000 0.00875486525560496831
0.00000000000000000000 0.00893815165691334672
0.00000000000000000000 0.00904667541618822159
0.00000000000000000000 0.00914290784359733481
0.00000000000000000000 0.00917653984887428255
0.00000000000000000000 0.00947710534559013766
0.00000000000000000000 0.00989461587443185575
0.00000000000000000000 0.01005133412486145482
0.00000000000000000000 0.01006393981348445432
0.00000000000000000000 0.01022974249500130384
0.00000000000000000000 0.01025123064145281628
0.00000000000000000000 0.01026351659324797015
0.00000000000000000000 0.01029769986831724840
0.00000000000000000000 0.01052356356855015107
0.00000000000000000000 0.01087805850006118291
0.00000000000000000000 0.01102848016901004057
0.00000000000000000000 0.01105652307833222998
0.00000000000000000000 0.01107003450240477520
0.00000000000000000000 0.01109595172417925622
0.00000000000000000000 0.01122998387903973404
0.00000000000000000000 0.01131172492567532675
0.00000000000000000000 0.01132638858976642120
0.00000000000000000000 0.01148273369343475944
0.00000000000000000000 0.01151619510629907708
0.00000000000000000000 0.01157375518790843168
0.00000000000000000000 0.01162745980401874366
0.00000000000000000000 0.01170195063325074961
0.00000000000000000000 0.01175315680086794212
0.00000000000000000000 0.01186407016179712864
0.00000000000000000000 0.01188036778390082898
0.00000000000000000000 0.01228252556414703538
0.00000000000000000000 0.01235272038398461253
0.00000000000000000000 0.01245040122090331977
0.00000000000000000000 0.01255617955517105561
0.00000000000000000000 0.01261540713283699697
0.00000000000000000000 0.01262703724592257291
0.00000000000000000000 0.01267301107589162944
0.00000000000000000000 0.01276420205597737952
0.00000000000000000000 0.01276644526844701415
0.00000000000000000000 0.01279402572563817508
0.00000000000000000000 0.01283029479183760493
0.00000000000000000000 0.01284760812995890296
0.00000000000000000000 0.01289923098677739181
0.00000000000000000000 0.01293734789385030809
0.00000000000000000000 0.01302979910609473359
0.00000000000000000000 0.01304245672831472538
0.00000000000000000000 0.01317099132822972633
0.00000000000000000000 0.01319299495873038457
0.00000000000000000000 0.01325325963036791573
0.00000000000000000000 0.01339828973431671059
0.00000000000000000000 0.01348588069297355745
0.00000000000000000000 0.01350046079623566132
0.00000000000000000000 0.01364448820825189292
0.00000000000000000000 0.01367279176461826465
0.00000000000000000000 0.01373906445137715662
0.00000000000000000000 0.01377484617292111177
0.00000000000000000000 0.01378344977735708465
0.00000000000000000000 0.01383516384870841359
0.00000000000000000000 0.01391890226728196948
0.00000000000000000000 0.01393279531584260683
0.00000000000000000000 0.01394920690185809733
0.00000000000000000000 0.01400598180758893911
0.00000000000000000000 0.01400833764356995519
0.00000000000000000000 0.01402900456119459544
0.00000000000000000000 0.01414527529260451236
0.00000000000000000000 0.01414624181898596449
0.00000000000000000000 0.01420283929909971037
0.00000000000000000000 0.01420555890862435985
0.00000000000000000000 0.01423208631350077191
0.00000000000000000000 0.01424986503334061544
0.00000000000000000000 0.01431014493070081883
0.00000000000000000000 0.01441627874024416396
0.00000000000000000000 0.01446869724462436675
0.00000000000000000000 0.01447354955549249970
0.00000000000000000000 0.01451265467094223563
0.00000000000000000000 0.01462006356690112759
0.00000000000000000000 0.01466182340209119632
0.00000000000000000000 0.01469632408819290109
0.00000000000000000000 0.01482615778018944210
0.00000000000000000000 0.01493075978343679291
0.00000000000000000000 0.01539519845034404907
0.00000000000000000000 0.01545419596304115940
0.00000000000000000000 0.01546175020234327908
0.00000000000000000000 0.01547579238696174253
0.00000000000000000000 0.01553818615902214512
0.00000000000000000000 0.01554675493836181130
0.00000000000000000000 0.01558061735095800197
0.00000000000000000000 0.01560746586845038371
0.00000000000000000000 0.01571702854635936147
0.00000000000000000000 0.01577392495550758098
0.00000000000000000000 0.01587008317763235685
0.00000000000000000000 0.01591060752958707927
0.00000000000000000000 0.01596631509806575172
0.00000000000000000000 0.01599326028146168949
0.00000000000000000000 0.01600021273632706506
0.00000000000000000000 0.01602580345160630609
0.00000000000000000000 0.01607048497846309126
0.00000000000000000000 0.01620051363579864609
0.00000000000000000000 0.01625458555417213027
0.00000000000000000000 0.01625502918695787349
0.00000000000000000000 0.01627120677182931907
0.00000000000000000000 0.01628482494764587479
0.00000000000000000000 0.01629629420267771772
0.00000000000000000000 0.01634949803735226762
0.00000000000000000000 0.01636986573501703762
0.00000000000000000000 0.01638876862696519998
0.00000000000000000000 0.01640403902981167963
0.00000000000000000000 0.01641912560274383023
0.00000000000000000000 0.01651476225782228663
0.00000000000000000000 0.01653837388176834788
0.00000000000000000000 0.01668429615936449159
0.00000000000000000000 0.01672166072618069821
0.00000000000000000000 0.01673194430010005798
0.00000000000000000000 0.01680783291727113229
0.00000000000000000000 0.01685735754136833200
0.00000000000000000000 0.01708613221601362059
0.00000000000000000000 0.01720886239355378516
0.00000000000000000000 0.01727024926377072195
0.00000000000000000000 0.01734141297346842095
0.00000000000000000000 0.01736070917061133603
0.00000000000000000000 0.01737432539800607550
0.00000000000000000000 0.01742871969295685733
0.00000000000000000000 0.01761924335659922555
0.00000000000000000000 0.01770908237285630932
0.00000000000000000000 0.01770957575920898211
0.00000000000000000000 0.01780913579876534578
0.00000000000000000000 0.01781873922085360981
0.00000000000000000000 0.01783460244955760096
0.00000000000000000000 0.01788135812078244305
0.00000000000000000000 0.01789689832990610727
0.00000000000000000000 0.01794683879704322624
0.00000000000000000000 0.01806805519164775969
0.00000000000000000000 0.01809085034577296788
0.00000000000000000000 0.01816707425613135404
0.00000000000000000000 0.01817327256719226611
0.00000000000000000000 0.01828380963065804471
0.00000000000000000000 0.01831852056846920707
0.00000000000000000000 0.01831882922516919407
0.00000000000000000000 0.01841347608916697048
0.00000000000000000000 0.01845111289216090633
0.00000000000000000000 0.01846097056611111648
0.00000000000000000000 0.01851041376137776279
0.00000000000000000000 0.01860194643855835397
0.00000000000000000000 0.01860279992061480633
0.00000000000000000000 0.01877741345108901658
0.00000000000000000000 0.01890251637747807772
0.00000000000000000000 0.01905762321022106895
0.00000000000000000000 0.01910699759266918166
0.00000000000000000000 0.01924791181914982385
0.00000000000000000000 0.01927999308001377560
0.00000000000000000000 0.01931817865244104399
0.00000000000000000000 0.01945776119043932106
0.00000000000000000000 0.01954527895062467199
0.00000000000000000000 0.01957290461704704748
0.00000000000000000000 0.01960119870490176913
0.00000000000000000000 0.01961780872807449005
0.00000000000000000000 0.01967170489457142901
0.00000000000000000000 0.01971858165217627024
0.00000000000000000000 0.01972988883699756252
0.00000000000000000000 0.01973103054607267329
0.00000000000000000000 0.01976890325113365640
0.00000000000000000000 0.01977780861183195057
0.00000000000000000000 0.01985414137612947355
0.00000000000000000000 0.01988393242771167857
0.00000000000000000000 0.01988702314949776506
0.00000000000000000000 0.01995462125241685356
0.00000000000000000000 0.02004422428268880230
0.00000000000000000000 0.02005992520185422359
0.00000000000000000000 0.02019319877566246382
0.00000000000000000000 0.02019402112091887858
0.00000000000000000000 0.02022614144493538671
0.00000000000000000000 0.02022865828420336576
0.00000000000000000000 0.02023555218357387872
0.00000000000000000000 0.02039771386185632723
0.00000000000000000000 0.02042856955600032623
0.00000000000000000000 0.02051922255062126055
0.00000000000000000000 0.02053936379446737875
0.00000000000000000000 0.02069023158330596593
0.00000000000000000000 0.02076099916512756313
0.00000000000000000000 0.02077216449348904398
0.00000000000000000000 0.02084406654248370863
0.00000000000000000000 0.02090551712042354807
0.00000000000000000000 0.02090668661659119548
0.00000000000000000000 0.02092984649330033656
0.00000000000000000000 0.02105419194847163097
0.00000000000000000000 0.02110141510954325478
0.00000000000000000000 0.02112689044255075879
0.00000000000000000000 0.02125825325953001679
0.00000000000000000000 0.02126412712790234569
0.00000000000000000000 0.02126512913383051678
0.00000000000000000000 0.02132661404715897879
0.00000000000000000000 0.02136310330298865287
0.00000000000000000000 0.02138859265421775083
0.00000000000000000000 0.02141414406908287091
0.00000000000000000000 0.02142256499016257157
0.00000000000000000000 0.02162820148644394383
0.00000000000000000000 0.02163148846079469487
0.00000000000000000000 0.02165196800052926474
0.00000000000000000000 0.02172244939162553193
0.00000000000000000000 0.02172377806555227109
0.00000000000000000000 0.02173846143088208754
0.00000000000000000000 0.02182071180232854346
0.00000000000000000000 0.02183533776595513939
0.00000000000000000000 0.02196006953753706220
0.00000000000000000000 0.02199059822803494865
0.00000000000000000000 0.02200077570491262152
0.00000000000000000000 0.02204999373408826624
0.00000000000000000000 0.02216543054353721162
0.00000000000000000000 0.02217442753857435181
0.00000000000000000000 0.02217530642158297566
0.00000000000000000000 0.02224075218670833187
0.00000000000000000000 0.02227431604432883808
0.00000000000000000000 0.02232029271958721472
0.00000000000000000000 0.02233499204514664480
0.00000000000000000000 0.02237661199567769418
0.00000000000000000000 0.02238222290125614980
0.00000000000000000000 0.02240778274179064736
0.00000000000000000000 0.02245900396357044734
0.00000000000000000000 0.02253756790595796977
0.00000000000000000000 0.02254862310118874516
0.00000000000000000000 0.02255619744047029224
0.00000000000000000000 0.02259731821936062507
0.00000000000000000000 0.02271012129303565455
0.00000000000000000000 0.02272805059277892281
0.00000000000000000000 0.02274298844521539797
0.00000000000000000000 0.02283065619626989048
0.00000000000000000000 0.02283196504647535402
0.00000000000000000000 0.02284451208447613874
0.00000000000000000000 0.02288899545079941394
0.00000000000000000000 0.02293469808054655196
0.00000000000000000000 0.02293887448129993192
0.00000000000000000000 0.02298982821416373223
0.00000000000000000000 0.02302937041621486852
0.00000000000000000000 0.02304054828238875224
0.00000000000000000000 0.02309096385409271923
0.00000000000000000000 0.02310705335417525402
0.00000000000000000000 0.02315000199554795302
0.00000000000000000000 0.02321090965672825343
0.00000000000000000000 0.02323014535091542584
0.00000000000000000000 0.02323563379582086266
0.00000000000000000000 0.02329815465514574468
0.00000000000000000000 0.02331475340925701772
0.00000000000000000000 0.02332850647367007424
0.00000000000000000000 0.02335950677229022346
0.00000000000000000000 0.02338517765994298572
0.00000000000000000000 0.02348094949186180572
0.00000000000000000000 0.02350204094542531624
0.00000000000000000000 0.02351739448600922641
0.00000000000000000000 0.02355282605703010526
0.00000000000000000000 0.02357001726968526931
0.00000000000000000000 0.02375756216768481338
0.00000000000000000000 0.02381449336905614583
0.00000000000000000000 0.02382719257184808329
0.00000000000000000000 0.02383151804974126958
0.00000000000000000000 0.02389670527002421899
0.00000000000000000000 0.02392173137996199059
0.00000000000000000000 0.02407093667667178569
0.00000000000000000000 0.02408090498730374937
0.00000000000000000000 0.02409668674330058685
0.00000000000000000000 0.02410836028082666282
0.00000000000000000000 0.02412631612535158163
0.00000000000000000000 0.02422709824357818439
0.00000000000000000000 0.02430179710563678055
0.00000000000000000000 0.02430699236723036713
0.00000000000000000000 0.02431111935679611605
0.00000000000000000000 0.02432910517520991966
0.00000000000000000000 0.02436846980182626535
0.00000000000000000000 0.02443669403601132772
0.00000000000000000000 0.02450962100275912506
0.00000000000000000000 0.02453314265713562453
0.00000000000000000000 0.02453405646495850773
0.00000000000000000000 0.02463585494107394316
0.00000000000000000000 0.02473945638452635862
0.00000000000000000000 0.02476555173640554441
0.00000000000000000000 0.02481162948819997868
0.00000000000000000000 0.02482320098162444852
0.00000000000000000000 0.02483467971096012944
0.00000000000000000000 0.02489661662043440513
0.00000000000000000000 0.02504319809911165554
0.00000000000000000000 0.02504393067547991056
0.00000000000000000000 0.02505728936537675658
0.00000000000000000000 0.02514139831540696673
0.00000000000000000000 0.02521114979035960282
0.00000000000000000000 0.02524135456257983398
0.00000000000000000000 0.02525340654506368424
0.00000000000000000000 0.02526427942277651231
0.00000000000000000000 0.02530140798830784674
0.00000000000000000000 0.02541484335910896078
0.00000000000000000000 0.02543692935226989429
0.00000000000000000000 0.02555441037369690638
0.00000000000000000000 0.02560439580274732549
0.00000000000000000000 0.02563260126156787638
0.00000000000000000000 0.02565211437491443300
0.00000000000000000000 0.02567633956100148773
0.00000000000000000000 0.02573096394645467411
0.00000000000000000000 0.02575288273165737482
0.00000000000000000000 0.02581173446401425348
0.00000000000000000000 0.02587174803809693183
0.00000000000000000000 0.02610569483743528998
0.00000000000000000000 0.02618904083090171919
0.00000000000000000000 0.02619694199743666241
0.00000000000000000000 0.02621865405974263194
0.00000000000000000000 0.02622056272024253509
0.00000000000000000000 0.02626813771835060859
0.00000000000000000000 0.02629457272518350569
0.00000000000000000000 0.02632091236349186347
0.00000000000000000000 0.02642830161407689130
0.00000000000000000000 0.02645921468298402524
0.00000000000000000000 0.02653776680242105404
0.00000000000000000000 0.02656937616286793313
0.00000000000000000000 0.02675014676513789297
0.00000000000000000000 0.02680148114596051304
0.00000000000000000000 0.02692417043593586107
0.00000000000000000000 0.02693180539091619141
0.00000000000000000000 0.02693733251090623879
0.00000000000000000000 0.02709735317986793762
0.00000000000000000000 0.02710331539889103414
0.00000000000000000000 0.02722913049209791866
0.00000000000000000000 0.02731858946943146668
0.00000000000000000000 0.02734320068075305962
0.00000000000000000000 0.02741254296900623097
0.00000000000000000000 0.02745490988808649280
0.00000000000000000000 0.02751912847904309373
0.00000000000000000000 0.02753127415131812611
0.00000000000000000000 0.02757032979917491133
0.00000000000000000000 0.02761538498664331542
0.00000000000000000000 0.02777953681762663010
0.00000000000000000000 0.02780901786740097581
0.00000000000000000000 0.02781683292858828926
0.00000000000000000000 0.02782568128835167381
0.00000000000000000000 0.02791331761403647096
0.00000000000000000000 0.02797797535068430319
0.00000000000000000000 0.02800158660229365090
0.00000000000000000000 0.02806387389487391762
0.00000000000000000000 0.02807241182385430966
0.00000000000000000000 0.02843807835801558104
0.00000000000000000000 0.02851915945456646312
0.00000000000000000000 0.02853972551428684418
0.00000000000000000000 0.02857117879501991017
0.00000000000000000000 0.02859275444119980039
0.00000000000000000000 0.02879422517354686406
0.00000000000000000000 0.02891509304091088167
0.00000000000000000000 0.02895635900771177662
0.00000000000000000000 0.02898411399056286322
0.00000000000000000000 0.02900197950148066320
0.00000000000000000000 0.02900751193591023097
0.00000000000000000000 0.02919075842429384032
0.00000000000000000000 0.02926261328607612094
0.00000000000000000000 0.02927217625753325905
0.00000000000000000000 0.02953089156171851554
0.00000000000000000000 0.02960791045200271768
0.00000000000000000000 0.02961108233336228260
0.00000000000000000000 0.02972000054858120119
0.00000000000000000000 0.02981893463188081336
0.00000000000000000000 0.03000214416846806731
0.00000000000000000000 0.03002701981620163954
0.00000000000000000000 0.03010531114449833609
0.00000000000000000000 0.03013713069116539731
0.00000000000000000000 0.03018900297081232587
0.00000000000000000000 0.03033417124156360944
0.00000000000000000000 0.03041989338432865217
0.00000000000000000000 0.03042395727486292556
0.00000000000000000000 0.03044124713451714856
0.00000000000000000000 0.03046994021957353735
0.00000000000000000000 0.03049022256113818538
0.00000000000000000000 0.03056887877521796346
0.00000000000000000000 0.03065419272761508995
0.00000000000000000000 0.03081815944509934402
0.00000000000000000000 0.03090269400678584411
0.00000000000000000000 0.03094003472943224545
0.00000000000000000000 0.03097145886055093986
0.00000000000000000000 0.03102258840113934768
0.00000000000000000000 0.03110322076419752557
0.00000000000000000000 0.03119735345060984516
0.00000000000000000000 0.03124423540387590015
0.00000000000000000000 0.03137513043899656934
0.00000000000000000000 0.03142062997107457345
0.00000000000000000000 0.03144011315657055383
0.00000000000000000000 0.03149907904589457908
0.00000000000000000000 0.03154056930846346751
0.00000000000000000000 0.03166546392467950444
0.00000000000000000000 0.03203403896779793980
0.00000000000000000000 0.03211972811138034956
0.00000000000000000000 0.03233223005216760704
0.00000000000000000000 0.03237957914968762896
0.00000000000000000000 0.03242495884057299688
0.00000000000000000000 0.03256534313249567769
0.00000000000000000000 0.03259797623480957529
0.00000000000000000000 0.03273607042794147992
0.00000000000000000000 0.03281511908085742169
0.00000000000000000000 0.03297345247161127119
0.00000000000000000000 0.03316740302068777596
0.00000000000000000000 0.03319470547376245084
0.00000000000000000000 0.03319565990318375931
0.00000000000000000000 0.03385123525203826561
0.00000000000000000000 0.03388719234942710878
0.00000000000000000000 0.03395320089681828218
0.00000000000000000000 0.03397909134412205323
0.00000000000000000000 0.03408071819671422420
0.00000000000000000000 0.03409099692116038249
0.00000000000000000000 0.03411882721807443786
0.00000000000000000000 0.03412197023136909202
0.00000000000000000000 0.03412726644202877802
0.00000000000000000000 0.03418649857355043897
0.00000000000000000000 0.03422042720708427799
0.00000000000000000000 0.03422985287300923246
0.00000000000000000000 0.03436648342722815885
0.00000000000000000000 0.03510164764146744137
0.00000000000000000000 0.03522449955210445877
0.00000000000000000000 0.03533200501792074094
0.00000000000000000000 0.03589071093399337498
0.00000000000000000000 0.03599067273811453610
0.00000000000000000000 0.03599139264817920181
0.00000000000000000000 0.03600072267397605441
0.00000000000000000000 0.03600675232652716939
0.00000000000000000000 0.03622898294766042915
0.00000000000000000000 0.03624939526891149399
0.00000000000000000000 0.03647002137929193644
0.00000000000000000000 0.03653807792457805514
0.00000000000000000000 0.03666065319410574674
0.00000000000000000000 0.03686668384971523993
0.00000000000000000000 0.03707356384619437534
0.00000000000000000000 0.03714127290393975933
0.00000000000000000000 0.03726537343210200443
0.00000000000000000000 0.03728819279777632889
0.00000000000000000000 0.03730577381819621258
0.00000000000000000000 0.03754530880036935359
0.00000000000000000000 0.03761626331590150335
0.00000000000000000000 0.03777134254903131289
0.00000000000000000000 0.03782511224109968984
0.00000000000000000000 0.03793889964026262579
0.00000000000000000000 0.03799484828526569768
0.00000000000000000000 0.03808118601920833929
0.00000000000000000000 0.03855154075727592472
0.00000000000000000000 0.03886555663019330975
0.00000000000000000000 0.03919423753069167793
0.00000000000000000000 0.03997770021703064142
0.00000000000000000000 0.04005806120192351161
0.00000000000000000000 0.04065052605595814716
0.00000000000000000000 0.04076284217600936038
0.00000000000000000000 0.04102955547533408687
0.00000000000000000000 0.04114904888389234877
0.00000000000000000000 0.04120872557816113863
0.00000000000000000000 0.04128249571800953616
0.00000000000000000000 0.04150524186680076832
0.00000000000000000000 0.04161492792269190499
0.00000000000000000000 0.04197710314126067155
0.00000000000000000000 0.04214070766265054502
0.00000000000000000000 0.04252236719947140309
0.00000000000000000000 0.04276738538512198096
0.00000000000000000000 0.04343049646011098996
0.00000000000000000000 0.04393275179758000804
0.00000000000000000000 0.04400001500712759361
0.00000000000000000000 0.04416028343820926211
0.00000000000000000000 0.04419521334113044736
0.00000000000000000000 0.04430715138295668321
0.00000000000000000000 0.04483643775096747552
0.00000000000000000000 0.04550906660361328515
0.00000000000000000000 0.04596876066502014746
0.00000000000000000000 0.04624142082385686303
0.00000000000000000000 0.04809384559674925730
0.00000000000000000000 0.04817756249290253839
0.00000000000000000000 0.04843170105788235924
0.00000000000000000000 0.04987382928068492816
0.00000000000000000000 0.05102849491295068096
0.00000000000000000000 0.05104536461298059963
0.00000000000000000000 0.05315294643059879226
0.00000000000000000000 0.05376908048211163915
0.00000000000000000000 0.05397578447051160772
0.00000000000000000000 0.05450494495136937179
0.00000000000000000000 0.05605856941114276820
0.00000000000000000000 0.05710979651383282091
0.00000000000000000000 0.05740970645166868641
0.00000000000000000000 0.05936415591677409592
0.00000000000000000000 0.06128936464841941434
0.00000000000000000000 0.06244154299253029672
0.00000000000000000000 0.06344048143768871162
0.00000000000000000000 0.06626583935942519099
0.00000000000000000000 0.07024571112469955858
0.00000000000000000000 0.07162604785754349279
0.00000000000000000000 0.07287571402084300209
0.00000000000000000000 0.07342616396495876829
0.00000000000000000000 0.07787401600908533394
0.00000000000000000000 0.09225169431941088183
0.00000000000000000000 0.09391840601131173916
0.00000000000000000000 0.10424070496583033585
0.00000000000000000000 0.20190829035392487967
0.00000000000000000000 0.40694896755809756295
0.00000000000000000000 1.73205080756887719318
