0.00000000000000000000 0.00067281267705374213
0.00000000000000000000 0.00138698387172375964
0.00000000000000000000 0.00217036978499212264
0.00000000000000000000 0.00243545870672315238
0.00000000000000000000 0.00344275038963216557
0.00000000000000000000 0.00349696261731758350
0.00000000000000000000 0.00437080296130394445
0.00000000000000000000 0.00483466044881095992
0.00000000000000000000 0.00493838081286378933
0.00000000000000000000 0.00503798205340924912
0.00000000000000000000 0.00548818903712456740
0.00000000000000000000 0.00578294065180590729
0.00000000000000000000 0.00594994040854157288
0.00000000000000000000 0.00631552172244260503
0.00000000000000000000 0.00649995186428368749
0.00000000000000000000 0.00674082991939395880
0.00000000000000000000 0.00706926802530810205
0.00000000000000000000 0.00707114989343286381
0.00000000000000000000 0.00714751736356932649
0.00000000000000000000 0.00727930207979156276
0.00000000000000000000 0.00741663779189789558
0.00000000000000000000 0.00744023785604290121
0.00000000000000000000 0.00782228880334399565
0.00000000000000000000 0.00793378370552900308
0.00000000000000000000 0.00812657674030014578
0.00000000000000000000 0.00823530019555525350
0.00000000000000000000 0.00832748886891174211
0.00000000000000000000 0.00833103045925175437
0.00000000000000000000 0.00867879457480599803
0.00000000000000000000 0.00871191648962921054
0.00000000000000000000 0.00889653819385282860
0.00000000000000000000 0.00931956723661523691
0.00000000000000000000 0.00954645033218185987
0.00000000000000000000 0.00959943994914648664
0.00000000000000000000 0.00974965729324545408
0.00000000000000000000 0.00989128350347455963
0.00000000000000000000 0.00994575326055507566
0.00000000000000000000 0.01011453087925767366
0.00000000000000000000 0.01026236214455766502
0.00000000000000000000 0.01138019127759253360
0.00000000000000000000 0.01138436871781209857
0.00000000000000000000 0.01153594421686448407
0.00000000000000000000 0.01173107254953079971
0.00000000000000000000 0.01176290445023067330
0.00000000000000000000 0.01201533809091359477
0.00000000000000000000 0.01207015502736349249
0.00000000000000000000 0.01247943045033819524
0.00000000000000000000 0.01256003368879387086
0.00000000000000000000 0.01277858164302330714
0.00000000000000000000 0.01286610325525418611
0.00000000000000000000 0.01293172065351359812
0.00000000000000000000 0.01293449895086980390
0.00000000000000000000 0.01295424429291200039
0.00000000000000000000 0.01307069592415168076
0.00000000000000000000 0.01314608018364157513
0.00000000000000000000 0.01339855033795609059
0.00000000000000000000 0.01378233850083821280
0.00000000000000000000 0.01389709455855123177
0.00000000000000000000 0.01402950396046389117
0.00000000000000000000 0.01405105235003823068
0.00000000000000000000 0.01405142491924144324
0.00000000000000000000 0.01409351003718937144
0.00000000000000000000 0.01425392835908383983
0.00000000000000000000 0.01426686141344438684
0.00000000000000000000 0.01452766786131052569
0.00000000000000000000 0.01466126082739218489
0.00000000000000000000 0.01480485548410208178
0.00000000000000000000 0.01512025856995894736
0.00000000000000000000 0.01519217391577274909
0.00000000000000000000 0.01547092810589771258
0.00000000000000000000 0.01559062846029632757
0.00000000000000000000 0.01567246570030255554
0.00000000000000000000 0.01582393988683532954
0.00000000000000000000 0.01593808005946090872
0.00000000000000000000 0.01624191647497896795
0.00000000000000000000 0.01652171926743601152
0.00000000000000000000 0.01665876829300629372
0.00000000000000000000 0.01674769530241160612
0.00000000000000000000 0.01678534281449847732
0.00000000000000000000 0.01689114856827173342
0.00000000000000000000 0.01695451906052019772
0.00000000000000000000 0.01696177475837137155
0.00000000000000000000 0.01696674554095959839
0.00000000000000000000 0.01700913658470377954
0.00000000000000000000 0.01702407419176697745
0.00000000000000000000 0.01708819190930144921
0.00000000000000000000 0.01726209127995404283
0.00000000000000000000 0.01726882355653350590
0.00000000000000000000 0.01730841870071399280
0.00000000000000000000 0.01741007848156448518
0.00000000000000000000 0.01742685450058681709
0.00000000000000000000 0.01768887037010973690
0.00000000000000000000 0.01802871337176734784
0.00000000000000000000 0.01813863528801575378
0.00000000000000000000 0.01818945921349728392
0.00000000000000000000 0.01821542468331324022
0.00000000000000000000 0.01830100511673782293
0.00000000000000000000 0.01832544078025860612
0.00000000000000000000 0.01836643341501708118
0.00000000000000000000 0.01839019851325570873
0.00000000000000000000 0.01846618360250299254
0.00000000000000000000 0.01865103923945595626
0.00000000000000000000 0.01875834283898292210
0.00000000000000000000 0.01884251781854683408
0.00000000000000000000 0.01886289908405894972
0.00000000000000000000 0.01891850079868876572
0.00000000000000000000 0.01893220313417148110
0.00000000000000000000 0.01906855327365811203
0.00000000000000000000 0.01912282087378889064
0.00000000000000000000 0.01916408962548911757
0.00000000000000000000 0.01918837479535223656
0.00000000000000000000 0.01920714751041703583
0.00000000000000000000 0.01928065408165433384
0.00000000000000000000 0.01939991512084032060
0.00000000000000000000 0.01952181642513737755
0.00000000000000000000 0.01960084936958648300
0.00000000000000000000 0.01967893987993997451
0.00000000000000000000 0.01981746787049410916
0.00000000000000000000 0.01983932571435764042
0.00000000000000000000 0.01990111316675368183
0.00000000000000000000 0.02017761735807176507
0.00000000000000000000 0.02019554382308584584
0.00000000000000000000 0.02054352529262553143
0.00000000000000000000 0.02056871936515958579
0.00000000000000000000 0.02066887863659527466
0.00000000000000000000 0.02080016860628336114
0.00000000000000000000 0.02136909430458973011
0.00000000000000000000 0.02138564956400106423
0.00000000000000000000 0.02144613849575207135
0.00000000000000000000 0.02150678296981210769
0.00000000000000000000 0.02155030477371014733
0.00000000000000000000 0.02155861331108363532
0.00000000000000000000 0.02156161017627225562
0.00000000000000000000 0.02158242578740397072
0.00000000000000000000 0.02164771547136718627
0.00000000000000000000 0.02167316974534938892
0.00000000000000000000 0.02178054826106093703
0.00000000000000000000 0.02180936990594413774
0.00000000000000000000 0.02184139622988332322
0.00000000000000000000 0.02191443860682097330
0.00000000000000000000 0.02205696781624776753
0.00000000000000000000 0.02208677691064601933
0.00000000000000000000 0.02209250009184693039
0.00000000000000000000 0.02212548378678963479
0.00000000000000000000 0.02228871668230562875
0.00000000000000000000 0.02249716755782895511
0.00000000000000000000 0.02250534428851423338
0.00000000000000000000 0.02256658527099332512
0.00000000000000000000 0.02276987390812063028
0.00000000000000000000 0.02278122620561864181
0.00000000000000000000 0.02283811523980497013
0.00000000000000000000 0.02289786118536301165
0.00000000000000000000 0.02292749982412653487
0.00000000000000000000 0.02296899000659327617
0.00000000000000000000 0.02298890333433632055
0.00000000000000000000 0.02301140615571979284
0.00000000000000000000 0.02305821996824275813
0.00000000000000000000 0.02309664948050919875
0.00000000000000000000 0.02328620833044968072
0.00000000000000000000 0.02330408676106604168
0.00000000000000000000 0.02331220731054644765
0.00000000000000000000 0.02334796330171578019
0.00000000000000000000 0.02346708771254045825
0.00000000000000000000 0.02361947955085654666
0.00000000000000000000 0.02362947348590703489
0.00000000000000000000 0.02374605673883194157
0.00000000000000000000 0.02379370297695754949
0.00000000000000000000 0.02382812271082583588
0.00000000000000000000 0.02384074163839310784
0.00000000000000000000 0.02386411252721024057
0.00000000000000000000 0.02393021643009085944
0.00000000000000000000 0.02403674546498949655
0.00000000000000000000 0.02413767739799813072
0.00000000000000000000 0.02437675065712012132
0.00000000000000000000 0.02451830552021656492
0.00000000000000000000 0.02452952989690432989
0.00000000000000000000 0.02453218384865311907
0.00000000000000000000 0.02472850268264110973
0.00000000000000000000 0.02476477631784820485
0.00000000000000000000 0.02484115173561092516
0.00000000000000000000 0.02488215388577875650
0.00000000000000000000 0.02490638732707597253
0.00000000000000000000 0.02493037985183664540
0.00000000000000000000 0.02496110763979258323
0.00000000000000000000 0.02496940050142195527
0.00000000000000000000 0.02535702880225129685
0.00000000000000000000 0.02550449579927384358
0.00000000000000000000 0.02557537673446266813
0.00000000000000000000 0.02562325274861350713
0.00000000000000000000 0.02566446296686459780
0.00000000000000000000 0.02567012698910735649
0.00000000000000000000 0.02567915242290337227
0.00000000000000000000 0.02580057538234969972
0.00000000000000000000 0.02586123228627673284
0.00000000000000000000 0.02586421451030659208
0.00000000000000000000 0.02594764837089376733
0.00000000000000000000 0.02597608425868519824
0.00000000000000000000 0.02620893641553841136
0.00000000000000000000 0.02630730216987788028
0.00000000000000000000 0.02632593056274853266
0.00000000000000000000 0.02638913493751097322
0.00000000000000000000 0.02642266346700117285
0.00000000000000000000 0.02642276339830240336
0.00000000000000000000 0.02644560898055748829
0.00000000000000000000 0.02648354527743027736
0.00000000000000000000 0.02671911823069342273
0.00000000000000000000 0.02675683837590803540
0.00000000000000000000 0.02678559152958627509
0.00000000000000000000 0.02685448517781718544
0.00000000000000000000 0.02696495916764337503
0.00000000000000000000 0.02696718298215226850
0.00000000000000000000 0.02708197898795539765
0.00000000000000000000 0.02708852565328069908
0.00000000000000000000 0.02710701163277345199
0.00000000000000000000 0.02718385078664056070
0.00000000000000000000 0.02719638721846052987
0.00000000000000000000 0.02723533478995339430
0.00000000000000000000 0.02729361731062487917
0.00000000000000000000 0.02741997498767961491
0.00000000000000000000 0.02742453567381061483
0.00000000000000000000 0.02744903262398816143
0.00000000000000000000 0.02751388234217188450
0.00000000000000000000 0.02756476151890224421
0.00000000000000000000 0.02762082264746313492
0.00000000000000000000 0.02762636683366635412
0.00000000000000000000 0.02771567244635746510
0.00000000000000000000 0.02781309505971685594
0.00000000000000000000 0.02783720557857591316
0.00000000000000000000 0.02804625335840007019
0.00000000000000000000 0.02806049349357170666
0.00000000000000000000 0.02810515290258034163
0.00000000000000000000 0.02812936136106223076
0.00000000000000000000 0.02815957625571026066
0.00000000000000000000 0.02821693115106400224
0.00000000000000000000 0.02822257252723926052
0.00000000000000000000 0.02831772098345124861
0.00000000000000000000 0.02833983339199553850
0.00000000000000000000 0.02840822599748556859
0.00000000000000000000 0.02844389274650203567
0.00000000000000000000 0.02845446028531013402
0.00000000000000000000 0.02866606243106939456
0.00000000000000000000 0.02900062276337195266
0.00000000000000000000 0.02900763904202466673
0.00000000000000000000 0.02911901200001698262
0.00000000000000000000 0.02920438371297537708
0.00000000000000000000 0.02925876833404853980
0.00000000000000000000 0.02931045192987164275
0.00000000000000000000 0.02937148337132430495
0.00000000000000000000 0.02953020360574955261
0.00000000000000000000 0.02953466848567629782
0.00000000000000000000 0.02958981573460857384
0.00000000000000000000 0.02960097496675186471
0.00000000000000000000 0.03017963245977195452
0.00000000000000000000 0.03023790894746476721
0.00000000000000000000 0.03024403764467132119
0.00000000000000000000 0.03024544558772312638
0.00000000000000000000 0.03028722918701137051
0.00000000000000000000 0.03048472516630107432
0.00000000000000000000 0.03048694567936997141
0.00000000000000000000 0.03060380262005717514
0.00000000000000000000 0.03063030511364248781
0.00000000000000000000 0.03065174909298221465
0.00000000000000000000 0.03071633274645436604
0.00000000000000000000 0.03076358890392431877
0.00000000000000000000 0.03096688168405689612
0.00000000000000000000 0.03097791249718508458
0.00000000000000000000 0.03099039761735522536
0.00000000000000000000 0.03104871857102076832
0.00000000000000000000 0.03105409802719759360
0.00000000000000000000 0.03108297864253570242
0.00000000000000000000 0.03125371026158312027
0.00000000000000000000 0.03128753888675088468
0.00000000000000000000 0.03137519663298608819
0.00000000000000000000 0.03141694620291654583
0.00000000000000000000 0.03142500432132688815
0.00000000000000000000 0.03144971557261844880
0.00000000000000000000 0.03153611854753429755
0.00000000000000000000 0.03154421884305398660
0.00000000000000000000 0.03171565228655128660
0.00000000000000000000 0.03174446086379895809
0.00000000000000000000 0.03205640611209147756
0.00000000000000000000 0.03208955767356153760
0.00000000000000000000 0.03212095354786452528
0.00000000000000000000 0.03214942615682968990
0.00000000000000000000 0.03220195005018614692
0.00000000000000000000 0.03223285587418591586
0.00000000000000000000 0.03239827821143759917
0.00000000000000000000 0.03256637010111817360
0.00000000000000000000 0.03259700204432746523
0.00000000000000000000 0.03263731719742612308
0.00000000000000000000 0.03269396250862494774
0.00000000000000000000 0.03272469873856239525
0.00000000000000000000 0.03275993782019562955
0.00000000000000000000 0.03278022893595714665
0.00000000000000000000 0.03282086436651536487
0.00000000000000000000 0.03283148936308416532
0.00000000000000000000 0.03292370588386055869
0.00000000000000000000 0.03296217618389111342
0.00000000000000000000 0.03304326997458620352
0.00000000000000000000 0.03315209959546339819
0.00000000000000000000 0.03324445017273767317
0.00000000000000000000 0.03329581864764532412
0.00000000000000000000 0.03336919205227438512
0.00000000000000000000 0.03342718971607323841
0.00000000000000000000 0.03346388503867944730
0.00000000000000000000 0.03382328882233206352
0.00000000000000000000 0.03429555772541449665
0.00000000000000000000 0.03438309002871327291
0.00000000000000000000 0.03439140974165098841
0.00000000000000000000 0.03439188003747833261
0.00000000000000000000 0.03450636699578182170
0.00000000000000000000 0.03458631771521175624
0.00000000000000000000 0.03465095383642571164
0.00000000000000000000 0.03468117203460683445
0.00000000000000000000 0.03485713600470661394
0.00000000000000000000 0.03509453225551434352
0.00000000000000000000 0.03518883828039047479
0.00000000000000000000 0.03520808501523300243
0.00000000000000000000 0.03540850814343260433
0.00000000000000000000 0.03591372081491526341
0.00000000000000000000 0.03596796487460263148
0.00000000000000000000 0.03599212091674767328
0.00000000000000000000 0.03601326248239505867
0.00000000000000000000 0.03611018863285004460
0.00000000000000000000 0.03651073570226086307
0.00000000000000000000 0.03676742167896958347
0.00000000000000000000 0.03679981704526522068
0.00000000000000000000 0.03693800809444047067
0.00000000000000000000 0.03701832440533411872
0.00000000000000000000 0.03732079337359973242
0.00000000000000000000 0.03736594064060397291
0.00000000000000000000 0.03737159388702866042
0.00000000000000000000 0.03762209863520863534
0.00000000000000000000 0.03771787754695909295
0.00000000000000000000 0.03772899618003236477
0.00000000000000000000 0.03790994911153733327
0.00000000000000000000 0.03809904392572844439
0.00000000000000000000 0.03814537913348305109
0.00000000000000000000 0.03838917414855547161
0.00000000000000000000 0.03848030995534951898
0.00000000000000000000 0.03852572120752390666
0.00000000000000000000 0.03863035769911144640
0.00000000000000000000 0.03893060880836247267
0.00000000000000000000 0.03908625932348330778
0.00000000000000000000 0.03922315505842258881
0.00000000000000000000 0.03948103850505532003
0.00000000000000000000 0.03960066018358433110
0.00000000000000000000 0.03960689642605821903
0.00000000000000000000 0.03964397094644123848
0.00000000000000000000 0.03969841695481381855
0.00000000000000000000 0.03971343799578706119
0.00000000000000000000 0.03973223081883072577
0.00000000000000000000 0.03973458622475476570
0.00000000000000000000 0.03974368052051131806
0.00000000000000000000 0.03998514712289008566
0.00000000000000000000 0.04003808786374461054
0.00000000000000000000 0.04024725872484944539
0.00000000000000000000 0.04030311365546503100
0.00000000000000000000 0.04036391142868769877
0.00000000000000000000 0.04038372545448416784
0.00000000000000000000 0.04039434655213940129
0.00000000000000000000 0.04043720953115918088
0.00000000000000000000 0.04047435012557083073
0.00000000000000000000 0.04065223885736110598
0.00000000000000000000 0.04075572086565033142
0.00000000000000000000 0.04076232121113761847
0.00000000000000000000 0.04076413588505565372
0.00000000000000000000 0.04078315306988385819
0.00000000000000000000 0.04112888660685468795
0.00000000000000000000 0.04119432772418108596
0.00000000000000000000 0.04127984248683314733
0.00000000000000000000 0.04133204248445396245
0.00000000000000000000 0.04215941988640713178
0.00000000000000000000 0.04245711052185880546
0.00000000000000000000 0.04248640581279722328
0.00000000000000000000 0.04278574772005509091
0.00000000000000000000 0.04281790807001117916
0.00000000000000000000 0.04284202161370087580
0.00000000000000000000 0.04294542242197321030
0.00000000000000000000 0.04305732642616225819
0.00000000000000000000 0.04317885535556245657
0.00000000000000000000 0.04340144731585063309
0.00000000000000000000 0.04348771497855948714
0.00000000000000000000 0.04352777713308268737
0.00000000000000000000 0.04357201333153851164
0.00000000000000000000 0.04367297463135862146
0.00000000000000000000 0.04382698045998751485
0.00000000000000000000 0.04425512253509408800
0.00000000000000000000 0.04432240909138346341
0.00000000000000000000 0.04486385799061060053
0.00000000000000000000 0.04496202504989051107
0.00000000000000000000 0.04506712833506127530
0.00000000000000000000 0.04542183282787520121
0.00000000000000000000 0.04565328841368621743
0.00000000000000000000 0.04606891105009180976
0.00000000000000000000 0.04610388883548065253
0.00000000000000000000 0.04644972311065311693
0.00000000000000000000 0.04652535483832957730
0.00000000000000000000 0.04668915632194290538
0.00000000000000000000 0.04676912688043018129
0.00000000000000000000 0.04704868201011633277
0.00000000000000000000 0.04733851525518319864
0.00000000000000000000 0.04751429723209382033
0.00000000000000000000 0.04784661465008511333
0.00000000000000000000 0.04796475821905995390
0.00000000000000000000 0.04800162994329790905
0.00000000000000000000 0.04834218119495157368
0.00000000000000000000 0.04873629481909571431
0.00000000000000000000 0.04893720727710857560
0.00000000000000000000 0.04903712624834059841
0.00000000000000000000 0.04927527437535444976
0.00000000000000000000 0.04961997917924103330
0.00000000000000000000 0.04977410820467596114
0.00000000000000000000 0.05004995016221445991
0.00000000000000000000 0.05011296584685488026
0.00000000000000000000 0.05015818016083598008
0.00000000000000000000 0.05018666038605070628
0.00000000000000000000 0.05021024316272686139
0.00000000000000000000 0.05042686354502406987
0.00000000000000000000 0.05057623271239889556
0.00000000000000000000 0.05085855436646272848
0.00000000000000000000 0.05089957715792628457
0.00000000000000000000 0.05091782648376423637
0.00000000000000000000 0.05122346821478970108
0.00000000000000000000 0.05142118140087972161
0.00000000000000000000 0.05184408288792254765
0.00000000000000000000 0.05193618681194269587
0.00000000000000000000 0.05194509440117292542
0.00000000000000000000 0.05200353245288524134
0.00000000000000000000 0.05207556120561018798
0.00000000000000000000 0.05262833521514218016
0.00000000000000000000 0.05383892791890860369
0.00000000000000000000 0.05407391630314072745
0.00000000000000000000 0.05407630445610177305
0.00000000000000000000 0.05415136747608578771
0.00000000000000000000 0.05456659089965140708
0.00000000000000000000 0.05460491141013903982
0.00000000000000000000 0.05491006270875989359
0.00000000000000000000 0.05513730012515610790
0.00000000000000000000 0.05516531561250254817
0.00000000000000000000 0.05569381231371988566
0.00000000000000000000 0.05582959973548816401
0.00000000000000000000 0.05584657342086615101
0.00000000000000000000 0.05598520323820356526
0.00000000000000000000 0.05623596724975517269
0.00000000000000000000 0.05659046286185746844
0.00000000000000000000 0.05680031726772890449
0.00000000000000000000 0.05688850471958048494
0.00000000000000000000 0.05783142151140848591
0.00000000000000000000 0.05827412488032986809
0.00000000000000000000 0.05918898228373983134
0.00000000000000000000 0.05989735993403211278
0.00000000000000000000 0.05990003879392477582
0.00000000000000000000 0.06072633731247232408
0.00000000000000000000 0.06170837355654184425
0.00000000000000000000 0.06240876452772869953
0.00000000000000000000 0.06271049232832642817
0.00000000000000000000 0.06479286312668169900
0.00000000000000000000 0.06511859159233066019
0.00000000000000000000 0.06586061260591681565
0.00000000000000000000 0.06647617173142145175
0.00000000000000000000 0.06672745542473958180
0.00000000000000000000 0.06718420411645341372
0.00000000000000000000 0.06721096704368957619
0.00000000000000000000 0.06723219996648135965
0.00000000000000000000 0.06759270743799171421
0.00000000000000000000 0.06805548051968622614
0.00000000000000000000 0.06860440720367255718
0.00000000000000000000 0.06949946305287585391
0.00000000000000000000 0.07047993277562743242
0.00000000000000000000 0.07199471564291180792
0.00000000000000000000 0.07227759677155981555
0.00000000000000000000 0.07330000718073051424
0.00000000000000000000 0.07500892763055094781
0.00000000000000000000 0.07503062322329050182
0.00000000000000000000 0.07555127591657108399
0.00000000000000000000 0.07558318792904696048
0.00000000000000000000 0.07578377025574996317
0.00000000000000000000 0.07825276998307273413
0.00000000000000000000 0.07997887438430789642
0.00000000000000000000 0.08203331122196222402
0.00000000000000000000 0.08324168837295160828
0.00000000000000000000 0.08521386567616399954
0.00000000000000000000 0.08661532606653588040
0.00000000000000000000 0.08728283004931135236
0.00000000000000000000 0.08834543308040852805
0.00000000000000000000 0.09444326992316055824
0.00000000000000000000 0.09470665005807081538
0.00000000000000000000 0.10020855418293855843
0.00000000000000000000 0.10177624940365929962
0.00000000000000000000 0.10241937482744227494
0.00000000000000000000 0.10266987006082045619
0.00000000000000000000 0.10303350136914998791
0.00000000000000000000 0.10470095582157395997
0.00000000000000000000 0.11017276909760211068
0.00000000000000000000 0.12247652707579934073
0.00000000000000000000 0.13223296110075222209
0.00000000000000000000 0.13644691108143952585
0.00000000000000000000 0.15995374686612215398
0.00000000000000000000 1.73205080756887719318
