0.00000000000000000000 0.01282589017920417011
0.00000000000000000000 0.01413121302448921632
0.00000000000000000000 0.01506674165428361842
0.00000000000000000000 0.01562440327200832410
0.00000000000000000000 0.01626993319348090869
0.00000000000000000000 0.01700983686122923416
0.00000000000000000000 0.01987075474638069425
0.00000000000000000000 0.02018608312038005712
0.00000000000000000000 0.02216032115191273605
0.00000000000000000000 0.02349396703899134242
0.00000000000000000000 0.02354133645553000559
0.00000000000000000000 0.02484951476253750499
0.00000000000000000000 0.02679718582686415121
0.00000000000000000000 0.02969716153555655019
0.00000000000000000000 0.03063536090452980559
0.00000000000000000000 0.03208428130697385527
0.00000000000000000000 0.03234341198147145519
0.00000000000000000000 0.03256989412567795616
0.00000000000000000000 0.03280923027244015550
0.00000000000000000000 0.03340653038246652745
0.00000000000000000000 0.03375414458970975307
0.00000000000000000000 0.03410365778666111375
0.00000000000000000000 0.03453605327540786030
0.00000000000000000000 0.03517308369245279731
0.00000000000000000000 0.03570915323301952077
0.00000000000000000000 0.03575676252270917205
0.00000000000000000000 0.03687652017813457250
0.00000000000000000000 0.03693740508442997644
0.00000000000000000000 0.03741300745007899303
0.00000000000000000000 0.03774830496493455229
0.00000000000000000000 0.03822734044483986487
0.00000000000000000000 0.03862580931887070468
0.00000000000000000000 0.03917758909058820932
0.00000000000000000000 0.03973437575340431349
0.00000000000000000000 0.04049348295317118512
0.00000000000000000000 0.04094835276991296708
0.00000000000000000000 0.04117932231657638747
0.00000000000000000000 0.04166423412608213223
0.00000000000000000000 0.04186265812822954208
0.00000000000000000000 0.04243696086947117835
0.00000000000000000000 0.04332739794929359178
0.00000000000000000000 0.04336652864558673826
0.00000000000000000000 0.04341061180818719251
0.00000000000000000000 0.04383299156773470123
0.00000000000000000000 0.04411772135245611848
0.00000000000000000000 0.04433704155664704161
0.00000000000000000000 0.04490632366945847276
0.00000000000000000000 0.04507206601520021005
0.00000000000000000000 0.04531580967116857761
0.00000000000000000000 0.04536523850815116221
0.00000000000000000000 0.04564794490419921136
0.00000000000000000000 0.04569577652013562252
0.00000000000000000000 0.04605580013961067809
0.00000000000000000000 0.04644096465953732877
0.00000000000000000000 0.04649687026240482968
0.00000000000000000000 0.04692135829696136157
0.00000000000000000000 0.04699203394991766092
0.00000000000000000000 0.04700534684986793638
0.00000000000000000000 0.04708606859272135292
0.00000000000000000000 0.04710979391954690787
0.00000000000000000000 0.04712486203459002182
0.00000000000000000000 0.04722405535778323449
0.00000000000000000000 0.04731533806483378263
0.00000000000000000000 0.04738505254190683580
0.00000000000000000000 0.04765674140734308534
0.00000000000000000000 0.04794402461548871036
0.00000000000000000000 0.04814570344881062558
0.00000000000000000000 0.04881189622161428987
0.00000000000000000000 0.04938936634626103078
0.00000000000000000000 0.04948985282131365682
0.00000000000000000000 0.04998138009621003880
0.00000000000000000000 0.05017525700778951298
0.00000000000000000000 0.05102652306262861481
0.00000000000000000000 0.05142701423142983369
0.00000000000000000000 0.05155902547813465825
0.00000000000000000000 0.05159502549997797838
0.00000000000000000000 0.05186357698160884433
0.00000000000000000000 0.05273002603860201670
0.00000000000000000000 0.05401260309091115291
0.00000000000000000000 0.05410149064296689708
0.00000000000000000000 0.05430387692460247884
0.00000000000000000000 0.05433488370391205413
0.00000000000000000000 0.05487041230993217750
0.00000000000000000000 0.05540397810096740761
0.00000000000000000000 0.05556261763339406107
0.00000000000000000000 0.05557267856957134183
0.00000000000000000000 0.05574719565512708391
0.00000000000000000000 0.05577916796422531520
0.00000000000000000000 0.05597685875599996141
0.00000000000000000000 0.05600653104445889319
0.00000000000000000000 0.05616730238684651544
0.00000000000000000000 0.05669919000005336357
0.00000000000000000000 0.05674383356759841318
0.00000000000000000000 0.05690519792249204567
0.00000000000000000000 0.05712552058522787912
0.00000000000000000000 0.05750692328488346550
0.00000000000000000000 0.05751285498462582052
0.00000000000000000000 0.05757268430130652037
0.00000000000000000000 0.05762050319766500589
0.00000000000000000000 0.05769725318179889928
0.00000000000000000000 0.05771666725845858714
0.00000000000000000000 0.05780385496959775798
0.00000000000000000000 0.05787870421880952909
0.00000000000000000000 0.05799770210428262934
0.00000000000000000000 0.05835695204267070391
0.00000000000000000000 0.05843563541776784775
0.00000000000000000000 0.05877304543479350274
0.00000000000000000000 0.05882845372535645129
0.00000000000000000000 0.05892409304615665172
0.00000000000000000000 0.05922588302063318960
0.00000000000000000000 0.05933236623887412631
0.00000000000000000000 0.06010299933303141912
0.00000000000000000000 0.06012747926302559887
0.00000000000000000000 0.06018217614410056870
0.00000000000000000000 0.06023201483567654224
0.00000000000000000000 0.06028715382688237118
0.00000000000000000000 0.06081429774318158898
0.00000000000000000000 0.06100584894529367114
0.00000000000000000000 0.06120539248956944484
0.00000000000000000000 0.06141861993968880662
0.00000000000000000000 0.06162102863538657799
0.00000000000000000000 0.06210973811158224112
0.00000000000000000000 0.06225268958770212996
0.00000000000000000000 0.06234961375795334410
0.00000000000000000000 0.06259121391164890191
0.00000000000000000000 0.06289635653496353229
0.00000000000000000000 0.06291273997925392325
0.00000000000000000000 0.06367784322134893704
0.00000000000000000000 0.06401515934392668083
0.00000000000000000000 0.06413165697558592671
0.00000000000000000000 0.06446584475468926378
0.00000000000000000000 0.06504098817731128468
0.00000000000000000000 0.06577442856448190156
0.00000000000000000000 0.06585707920070354993
0.00000000000000000000 0.06656970925629178415
0.00000000000000000000 0.06668868144721561142
0.00000000000000000000 0.06673044234824287990
0.00000000000000000000 0.06690290393582691564
0.00000000000000000000 0.06702069698730812874
0.00000000000000000000 0.06711168670964770544
0.00000000000000000000 0.06712947615278290481
0.00000000000000000000 0.06717601943198676928
0.00000000000000000000 0.06753066037480064121
0.00000000000000000000 0.06757144397597358854
0.00000000000000000000 0.06767321254288911903
0.00000000000000000000 0.06770019213596606411
0.00000000000000000000 0.06772170649510891871
0.00000000000000000000 0.06785527708623999288
0.00000000000000000000 0.06788690722719217807
0.00000000000000000000 0.06791937713097197238
0.00000000000000000000 0.06828091549532122606
0.00000000000000000000 0.06830284343843313899
0.00000000000000000000 0.06858421770190488431
0.00000000000000000000 0.06858892488479746696
0.00000000000000000000 0.06861674495540961982
0.00000000000000000000 0.06867270553211551887
0.00000000000000000000 0.06880778367153789210
0.00000000000000000000 0.06881356730335949634
0.00000000000000000000 0.06912503036267800272
0.00000000000000000000 0.06936362812528809596
0.00000000000000000000 0.06943696453043869676
0.00000000000000000000 0.06957349451499032778
0.00000000000000000000 0.06967705889406393405
0.00000000000000000000 0.06980387501725873745
0.00000000000000000000 0.06983594033171794391
0.00000000000000000000 0.07002874740460014735
0.00000000000000000000 0.07009456205840047804
0.00000000000000000000 0.07024812686877857093
0.00000000000000000000 0.07043973599014065334
0.00000000000000000000 0.07092215193958514852
0.00000000000000000000 0.07109422286381439360
0.00000000000000000000 0.07141154995963912289
0.00000000000000000000 0.07234818386310534755
0.00000000000000000000 0.07267780602834003623
0.00000000000000000000 0.07274274453358949011
0.00000000000000000000 0.07289525875788732678
0.00000000000000000000 0.07332381925965446301
0.00000000000000000000 0.07332897942792965251
0.00000000000000000000 0.07340467843498961475
0.00000000000000000000 0.07355338784173734434
0.00000000000000000000 0.07374403821011596416
0.00000000000000000000 0.07407373818312466829
0.00000000000000000000 0.07408372858341616407
0.00000000000000000000 0.07426991107923992808
0.00000000000000000000 0.07437016050803146872
0.00000000000000000000 0.07458749694712839273
0.00000000000000000000 0.07492754150059323381
0.00000000000000000000 0.07502508834313595387
0.00000000000000000000 0.07522475315527182849
0.00000000000000000000 0.07560195263253438602
0.00000000000000000000 0.07586297971670659390
0.00000000000000000000 0.07594546821257953939
0.00000000000000000000 0.07596337759026973446
0.00000000000000000000 0.07613800869504080970
0.00000000000000000000 0.07629465001853344419
0.00000000000000000000 0.07651628943972144103
0.00000000000000000000 0.07654333654516330687
0.00000000000000000000 0.07662618205802371185
0.00000000000000000000 0.07718495797090446642
0.00000000000000000000 0.07739157380380971840
0.00000000000000000000 0.07750195221671257739
0.00000000000000000000 0.07763061358731863926
0.00000000000000000000 0.07769425256827443282
0.00000000000000000000 0.07776998264377657510
0.00000000000000000000 0.07781231809097832741
0.00000000000000000000 0.07782688137355112112
0.00000000000000000000 0.07788213667064816659
0.00000000000000000000 0.07807397716356939688
0.00000000000000000000 0.07855147123893581329
0.00000000000000000000 0.07865847735994950518
0.00000000000000000000 0.08024717817335472181
0.00000000000000000000 0.08105961773802686232
0.00000000000000000000 0.08157361032539710288
0.00000000000000000000 0.08157392117415905586
0.00000000000000000000 0.08164118101036893504
0.00000000000000000000 0.08179238015765795400
0.00000000000000000000 0.08181718976174612301
0.00000000000000000000 0.08187308427550341050
0.00000000000000000000 0.08192796013603141636
0.00000000000000000000 0.08251125758144180200
0.00000000000000000000 0.08278306847831605475
0.00000000000000000000 0.08287358621362442279
0.00000000000000000000 0.08291977347251290598
0.00000000000000000000 0.08301987318656961490
0.00000000000000000000 0.08302538747347847081
0.00000000000000000000 0.08302876233528007355
0.00000000000000000000 0.08322170239867578145
0.00000000000000000000 0.08329375688974123559
0.00000000000000000000 0.08358155666141857398
0.00000000000000000000 0.08361302296492122144
0.00000000000000000000 0.08369994972962933877
0.00000000000000000000 0.08389008772561572236
0.00000000000000000000 0.08396370398916108702
0.00000000000000000000 0.08422490845033052398
0.00000000000000000000 0.08445661814790023092
0.00000000000000000000 0.08489775279776444472
0.00000000000000000000 0.08509243536752801595
0.00000000000000000000 0.08543473708750454199
0.00000000000000000000 0.08565773162033012145
0.00000000000000000000 0.08587179189893315301
0.00000000000000000000 0.08612773993104494430
0.00000000000000000000 0.08630702266482373486
0.00000000000000000000 0.08667276163626422281
0.00000000000000000000 0.08692144152769136489
0.00000000000000000000 0.08749154135367322171
0.00000000000000000000 0.08762308006614415168
0.00000000000000000000 0.08798799104526786041
0.00000000000000000000 0.08802338369400976303
0.00000000000000000000 0.08820816157778525735
0.00000000000000000000 0.08824652333720148234
0.00000000000000000000 0.08835899304800318155
0.00000000000000000000 0.08836969193113818066
0.00000000000000000000 0.08867299356390211107
0.00000000000000000000 0.08873284300107800449
0.00000000000000000000 0.08877473402875771247
0.00000000000000000000 0.08888994808067013365
0.00000000000000000000 0.08901726223363820578
0.00000000000000000000 0.08918707350645199705
0.00000000000000000000 0.08925698023676549575
0.00000000000000000000 0.08926815690688141847
0.00000000000000000000 0.08932495674588117329
0.00000000000000000000 0.08974882336448959663
0.00000000000000000000 0.08997131422641235776
0.00000000000000000000 0.09013725222890726918
0.00000000000000000000 0.09029694022484929805
0.00000000000000000000 0.09036556256206701443
0.00000000000000000000 0.09036749631781589021
0.00000000000000000000 0.09045908556458999439
0.00000000000000000000 0.09111437289582118015
0.00000000000000000000 0.09112692156333401794
0.00000000000000000000 0.09138229670851445718
0.00000000000000000000 0.09161455677195247393
0.00000000000000000000 0.09174979236407722338
0.00000000000000000000 0.09195354216591915264
0.00000000000000000000 0.09199842839631179603
0.00000000000000000000 0.09200826575846988986
0.00000000000000000000 0.09217638357047089337
0.00000000000000000000 0.09235033384839333448
0.00000000000000000000 0.09240885747432367459
0.00000000000000000000 0.09252697272606703882
0.00000000000000000000 0.09272729217192110518
0.00000000000000000000 0.09274498326895763700
0.00000000000000000000 0.09300679159852882905
0.00000000000000000000 0.09304823028700222320
0.00000000000000000000 0.09307609182446287266
0.00000000000000000000 0.09353215266974114483
0.00000000000000000000 0.09364539141558343716
0.00000000000000000000 0.09367237616854272308
0.00000000000000000000 0.09368182158877789989
0.00000000000000000000 0.09373127130075464830
0.00000000000000000000 0.09381079741737131938
0.00000000000000000000 0.09381565228277073676
0.00000000000000000000 0.09383001885794695074
0.00000000000000000000 0.09385715747794318164
0.00000000000000000000 0.09391584199626656915
0.00000000000000000000 0.09442062702989520440
0.00000000000000000000 0.09458394441888988424
0.00000000000000000000 0.09460617391354646244
0.00000000000000000000 0.09481140999486090126
0.00000000000000000000 0.09481663294834408173
0.00000000000000000000 0.09494676370555769906
0.00000000000000000000 0.09503373631102059182
0.00000000000000000000 0.09512643105910108254
0.00000000000000000000 0.09535606381926105268
0.00000000000000000000 0.09541782398035525414
0.00000000000000000000 0.09549999158756806994
0.00000000000000000000 0.09552549955186230568
0.00000000000000000000 0.09605117348007490008
0.00000000000000000000 0.09616130798731427343
0.00000000000000000000 0.09621128248555330109
0.00000000000000000000 0.09637334256115211162
0.00000000000000000000 0.09645820712203169445
0.00000000000000000000 0.09649174063165737170
0.00000000000000000000 0.09649834497496424801
0.00000000000000000000 0.09656193183495571930
0.00000000000000000000 0.09669750075345294460
0.00000000000000000000 0.09677830163051449885
0.00000000000000000000 0.09684704051066354846
0.00000000000000000000 0.09704802115221097814
0.00000000000000000000 0.09727639956206106386
0.00000000000000000000 0.09743594604570560147
0.00000000000000000000 0.09752927594637783582
0.00000000000000000000 0.09782079687797390344
0.00000000000000000000 0.09842881356183023900
0.00000000000000000000 0.09875782363633368865
0.00000000000000000000 0.09898302945654897933
0.00000000000000000000 0.09927289107906892007
0.00000000000000000000 0.09941447174307110890
0.00000000000000000000 0.09951260397372273248
0.00000000000000000000 0.10011891111668103083
0.00000000000000000000 0.10030145937967969993
0.00000000000000000000 0.10058913668487332038
0.00000000000000000000 0.10133453330560543426
0.00000000000000000000 0.10139100098787946769
0.00000000000000000000 0.10166894639589048321
0.00000000000000000000 0.10168353141501683401
0.00000000000000000000 0.10179913065885035084
0.00000000000000000000 0.10189256385910167024
0.00000000000000000000 0.10191478480701540721
0.00000000000000000000 0.10197120283593716361
0.00000000000000000000 0.10201993907713148568
0.00000000000000000000 0.10224641925550198573
0.00000000000000000000 0.10232485158873884379
0.00000000000000000000 0.10256481391097516109
0.00000000000000000000 0.10283347286643204632
0.00000000000000000000 0.10308611120690919227
0.00000000000000000000 0.10323834920783822588
0.00000000000000000000 0.10328515904002932846
0.00000000000000000000 0.10352005632974987936
0.00000000000000000000 0.10383850852421851185
0.00000000000000000000 0.10408025519710353834
0.00000000000000000000 0.10528159742523748865
0.00000000000000000000 0.10545741359219545918
0.00000000000000000000 0.10548466954010497776
0.00000000000000000000 0.10560173769927445886
0.00000000000000000000 0.10570185279275480517
0.00000000000000000000 0.10614284871679850741
0.00000000000000000000 0.10632521649808548969
0.00000000000000000000 0.10659003096865944660
0.00000000000000000000 0.10660941808052916413
0.00000000000000000000 0.10704225878168562025
0.00000000000000000000 0.10716847224359131452
0.00000000000000000000 0.10717246795075530130
0.00000000000000000000 0.10718847097980498118
0.00000000000000000000 0.10734443775971018453
0.00000000000000000000 0.10804824358011354268
0.00000000000000000000 0.10805864375551209322
0.00000000000000000000 0.10808419069939319279
0.00000000000000000000 0.10842395468982854445
0.00000000000000000000 0.10854124010539306644
0.00000000000000000000 0.10857957803831688737
0.00000000000000000000 0.10858100720653167393
0.00000000000000000000 0.10881357451522284674
0.00000000000000000000 0.10893666577870191048
0.00000000000000000000 0.10921956754407784185
0.00000000000000000000 0.10928110910377794585
0.00000000000000000000 0.10930848010688935801
0.00000000000000000000 0.10944581028057991101
0.00000000000000000000 0.10948669028285867855
0.00000000000000000000 0.10954402411103235371
0.00000000000000000000 0.11003154327450147265
0.00000000000000000000 0.11013214672142147832
0.00000000000000000000 0.11015580608366880300
0.00000000000000000000 0.11023337671007443772
0.00000000000000000000 0.11046424643652924535
0.00000000000000000000 0.11122239986364866604
0.00000000000000000000 0.11144653628631974451
0.00000000000000000000 0.11213335075458177870
0.00000000000000000000 0.11221101679724869438
0.00000000000000000000 0.11248434592618043737
0.00000000000000000000 0.11262030738078152026
0.00000000000000000000 0.11262666373253972518
0.00000000000000000000 0.11265056288889538361
0.00000000000000000000 0.11278745624793014291
0.00000000000000000000 0.11283431882532399260
0.00000000000000000000 0.11287119671900856799
0.00000000000000000000 0.11314058343429683751
0.00000000000000000000 0.11344031395114725913
0.00000000000000000000 0.11365020751597061655
0.00000000000000000000 0.11366066651324180370
0.00000000000000000000 0.11366726115743566727
0.00000000000000000000 0.11374162769271162210
0.00000000000000000000 0.11375432262422313645
0.00000000000000000000 0.11395807359987746021
0.00000000000000000000 0.11431579947300196665
0.00000000000000000000 0.11439678282355003613
0.00000000000000000000 0.11444159819392546451
0.00000000000000000000 0.11582104788091916736
0.00000000000000000000 0.11639060951694343848
0.00000000000000000000 0.11642847968649898405
0.00000000000000000000 0.11646308552106640621
0.00000000000000000000 0.11646376490926017844
0.00000000000000000000 0.11653098024376778996
0.00000000000000000000 0.11666652611810074402
0.00000000000000000000 0.11710654846846740851
0.00000000000000000000 0.11731647859451878324
0.00000000000000000000 0.11736658624736741319
0.00000000000000000000 0.11778013729882222393
0.00000000000000000000 0.11831758948730428105
0.00000000000000000000 0.11989890168037022067
0.00000000000000000000 0.12045479152340854423
0.00000000000000000000 0.12078537668260531934
0.00000000000000000000 0.12097750148556665750
0.00000000000000000000 0.12120547331541679792
0.00000000000000000000 0.12153570883480389886
0.00000000000000000000 0.12154593079443835879
0.00000000000000000000 0.12186339687987028657
0.00000000000000000000 0.12216523724752639812
0.00000000000000000000 0.12223461967854541699
0.00000000000000000000 0.12242928600229362190
0.00000000000000000000 0.12246179843931277731
0.00000000000000000000 0.12275407152905751240
0.00000000000000000000 0.12296706120605280232
0.00000000000000000000 0.12305969498781806071
0.00000000000000000000 0.12318769333142434719
0.00000000000000000000 0.12330591308655899918
0.00000000000000000000 0.12334955111915871240
0.00000000000000000000 0.12355023106983875625
0.00000000000000000000 0.12396418881207336982
0.00000000000000000000 0.12400115532487310244
0.00000000000000000000 0.12496836955107377964
0.00000000000000000000 0.12552621920791443011
0.00000000000000000000 0.12590660332160730217
0.00000000000000000000 0.12600723540945821255
0.00000000000000000000 0.12698762680698680305
0.00000000000000000000 0.12699457505084399411
0.00000000000000000000 0.12700700264325079369
0.00000000000000000000 0.12717490455439386943
0.00000000000000000000 0.12811683120024100480
0.00000000000000000000 0.12833867937572540630
0.00000000000000000000 0.12910135358411173323
0.00000000000000000000 0.13004572341809075842
0.00000000000000000000 0.13043915850873616380
0.00000000000000000000 0.13047452614972648854
0.00000000000000000000 0.13107124619854748637
0.00000000000000000000 0.13195090921137095363
0.00000000000000000000 0.13221868386407512053
0.00000000000000000000 0.13253825555181861229
0.00000000000000000000 0.13264048840453249167
0.00000000000000000000 0.13283381685546036266
0.00000000000000000000 0.13530722931094196770
0.00000000000000000000 0.13574167874958914526
0.00000000000000000000 0.13574942545967610963
0.00000000000000000000 0.13665170363579440260
0.00000000000000000000 0.13918301911833816376
0.00000000000000000000 0.13963082255232914242
0.00000000000000000000 0.13975476145360418712
0.00000000000000000000 0.14039488133783545321
0.00000000000000000000 0.14061397399923972196
0.00000000000000000000 0.14075529679370812897
0.00000000000000000000 0.14121995281843874315
0.00000000000000000000 0.14147419382687037581
0.00000000000000000000 0.14327517771643658029
0.00000000000000000000 0.14332493656505429502
0.00000000000000000000 0.14402121247587118535
0.00000000000000000000 0.14465366721160299868
0.00000000000000000000 0.14543608645091105069
0.00000000000000000000 0.14692656480682814157
0.00000000000000000000 0.14742880071046787771
0.00000000000000000000 0.14765719694679280138
0.00000000000000000000 0.14965674752965663075
0.00000000000000000000 0.15071301959263347370
0.00000000000000000000 0.15075467721590635195
0.00000000000000000000 0.15115037690370708434
0.00000000000000000000 0.15356929524671186771
0.00000000000000000000 0.15515380994579908158
0.00000000000000000000 0.15544708831896109080
0.00000000000000000000 0.15729014070064650799
0.00000000000000000000 0.15921839020148589872
0.00000000000000000000 0.16452076528158623980
0.00000000000000000000 0.17407177540555474060
0.00000000000000000000 0.17427330860405559898
0.00000000000000000000 0.17938419479235082066
0.00000000000000000000 0.17995606178200529435
0.00000000000000000000 0.18571898214214727085
0.00000000000000000000 0.18725292596784942623
0.00000000000000000000 0.18914535696832979195
0.00000000000000000000 0.19239694406933854909
0.00000000000000000000 0.23099311087791857267
0.00000000000000000000 1.73205080756887719318
