0.00927705326126627115 0.00977379064111967566
0.00935380744429479757 0.01098558826884636977
0.01006653143611504000 0.01114129453706225008
0.01025621547817904579 0.01115651649279724052
0.01053406292788819539 0.01116285369548187904
0.00999668206805164050 0.01119343404800015804
0.01073572451431204465 0.01199039256877949995
0.01221790342370617129 0.01228089931927117337
0.01064930200704407477 0.01228089931927117337
0.01136689721737360777 0.01286010631457426903
0.00969878482018618655 0.01289677783572163589
0.01212426174879883620 0.01304816533863734779
0.01231709097284855794 0.01330291416290083593
0.01237984103822596486 0.01341031611786917301
0.01110170695992182890 0.01344428984685575208
0.01201849133587293283 0.01358810036006625165
0.01123200171633733507 0.01376068104071107023
0.01104814711419606528 0.01388840058242044387
0.01216065322649225247 0.01433885422059290836
0.01346973516634781751 0.01438220558867689923
0.01373155242140475067 0.01440560768342588616
0.01233979725478824910 0.01449886931907628726
0.01378877105802004191 0.01458173529537043663
0.01412847744073220113 0.01461922768526428482
0.01458695381183530530 0.01461990347670665685
0.01414534193795611433 0.01466863243935534640
0.01385110101307927485 0.01467966534142561841
0.01467386388706516144 0.01471339357170460375
0.01412834583042118369 0.01471695529006021054
0.01310075798324441231 0.01472649414661441475
0.01299897824738190620 0.01473019364235818307
0.01217500343437216519 0.01479260560695767543
0.01074957755851169497 0.01480762137907784201
0.01368429128908174065 0.01481019544351812323
0.01102775437161009411 0.01486293361906354006
0.01124091673435260140 0.01490719961132133849
0.01315346592064438672 0.01508034130571848930
0.01499139143432255857 0.01512943046822187200
0.01371523861247562343 0.01519339848966541444
0.01445520095037892971 0.01524563779596681441
0.01235782676063778250 0.01530861397753535691
0.01449746718169999532 0.01541476463280855302
0.01470112071909791471 0.01567168248806975750
0.01347148497359653557 0.01568024377646842424
0.01398103591939827209 0.01584672948243125157
0.01192488960714252824 0.01588925165102024820
0.01503942399012833143 0.01603795705841836242
0.01273817993419600926 0.01605190143931827657
0.01609063017774459148 0.01611811771016761693
0.01515509995226331334 0.01620511658124354493
0.01504543846867960333 0.01629960710719615194
0.01585280663370637264 0.01644409124395320235
0.01643968520210917217 0.01646400581130493326
0.01272799950840653935 0.01649855601966124241
0.01629304272274128759 0.01652477595893776449
0.01642484645031119794 0.01675060332247207615
0.01447253625754109201 0.01681176382118002716
0.01202101277948580509 0.01683863438441979971
0.01669324684329773559 0.01685927046596706613
0.01581935123437647195 0.01685927046596706613
0.01435328390317755672 0.01702057668774368746
0.01275896758229821092 0.01702242151785793647
0.01341203493197004777 0.01704997120693217336
0.01380172469556395672 0.01708969580763698357
0.01307499392022057512 0.01713081831299308189
0.01676812946760339318 0.01715576914129435596
0.01265441379167263521 0.01720830670192755735
0.01618867070404610142 0.01724727769747308459
0.01478954945418476698 0.01726568069821769746
0.01689044535723085994 0.01739541702434895323
0.01623258738313208480 0.01744503023924841995
0.01617729769658083142 0.01756566497436223839
0.01257036214665425457 0.01771487341409894861
0.01266600835584103489 0.01778489273358312139
0.01581133845400367610 0.01785690316302061473
0.01463993224293607190 0.01804089033210940982
0.01493333118204043242 0.01815710230778679740
0.01776602309983668290 0.01818760095752714606
0.01734003013700754353 0.01819213127981977179
0.01081053923041955939 0.01822173570372808207
0.01730752325888292725 0.01836842047613359077
0.01582227296904852032 0.01844975339182515842
0.01452893873786586729 0.01857025094375763102
0.01566752807893861607 0.01872336076503203911
0.01312539485790129370 0.01882198455032770695
0.01828131560078740878 0.01884074179540311256
0.01358803313721306666 0.01884123875999732869
0.01865755751531141676 0.01899896440558601282
0.01695840638476043064 0.01912304424540525044
0.01429582779740129136 0.01913277308553252426
0.01901206815036812076 0.01917001446643766885
0.01343483971112867381 0.01931264915364718296
0.01740066652285491428 0.01945288110951470112
0.01843365206127021289 0.01961217214918339197
0.01868346706364025153 0.01961423934522446566
0.01563627266212260641 0.01969770391100695434
0.01661045789907463974 0.01971940200809438326
0.01966181966931161013 0.01973501493560907150
0.01680891909982363056 0.01978382975173700181
0.01465110859071887435 0.01981182268845929628
0.01747331827795688824 0.01983745437212960927
0.01780481450123706788 0.01987168394639854743
0.01697869356951682562 0.01994595102662091723
0.01758253776224431159 0.02027659758819515268
0.02005014983157069400 0.02037604223141051274
0.01648372663883591535 0.02055621996013113489
0.01943686718805532135 0.02059227494239302195
0.01993758880659593849 0.02071851101048766478
0.02062914648287634059 0.02079255457339164101
0.01869929404661473116 0.02090128094891439622
0.01854650861310847346 0.02099465669238917420
0.01736842333977796707 0.02103581295511052981
0.02005564465300160859 0.02108357603569571345
0.01818080369621351278 0.02111783606441739944
0.01750640640025421038 0.02117882808325344951
0.01788751041358042568 0.02142088006901569225
0.01866509443901975818 0.02142640397265936983
0.01595968785352122957 0.02142853657277075247
0.02012084651275371575 0.02145831343183464066
0.01604220034909729919 0.02165255674371595329
0.02049423981607861184 0.02173970350907523594
0.01756583945332365268 0.02182188592542455216
0.01926924653234603907 0.02191347081788805329
0.01613413334293437029 0.02216145086968505581
0.02096902656054104586 0.02230905830301364856
0.01887233490381021866 0.02233669900940959269
0.02193659245248365253 0.02240668636770230815
0.01726720121323136944 0.02245877080375897547
0.01907375510192726997 0.02270285027367098876
0.02195181963737353678 0.02283335227752894547
0.02027312981570079248 0.02286472580320094913
0.01453476393615118871 0.02286669513730224881
0.02117252426332385043 0.02295050359339427179
0.02303591640399547599 0.02307859401172712710
0.01952917062173044338 0.02338984532122933765
0.02295187054893745374 0.02347495868570055599
0.02316426297658673306 0.02352336792231473836
0.02348058982531390018 0.02353815652628487784
0.02272979501245709841 0.02359921270149277495
0.02074852945000649901 0.02378575344247710679
0.02370565149263972535 0.02405019119891459861
0.01927676089469144288 0.02442438813219402136
0.02281306492090660193 0.02458334903401053831
0.02452944352654696722 0.02478423156248521150
0.02250020471245830697 0.02481773163031609011
0.02233559580003055892 0.02485611619299786523
0.02119040980628060858 0.02499103991607816780
0.01935022639498801961 0.02500619733073558212
0.02263422556573111560 0.02513071430216943028
0.02333768753013468894 0.02543303383338169771
0.02414421815729211537 0.02575955296373914558
0.02392765710394320275 0.02607489632167868387
0.01969796278172819548 0.02638304942635736478
0.02519855910538492186 0.02668164699373964943
0.02661282147367359519 0.02676298079208090999
0.02235568818840272254 0.02757381520674319353
0.02682101621508350270 0.02788404155144153310
0.02716294284780575510 0.02835212400054144821
0.02768185199088324042 0.02835212400054144821
0.02533764244153326878 0.02894743612749582987
0.02393230996206084302 0.02895415324889931072
0.02723052952319982359 0.02923992083744103576
0.02638475579125719797 0.02926857760558991203
0.02385183700609481983 0.02959073395321678776
0.02248671505738436202 0.02961894513049898037
0.02215834612687143240 0.02980473870671547509
0.02820388756018776463 0.02999322310332316888
0.03030836598362740206 0.03046325086699504942
0.02657951523921676593 0.03085020350241066481
0.03113639203474469208 0.03122160773272118772
0.02807272228406596654 0.03144075315397173997
0.03141735427398048563 0.03176197925105477687
0.02895171899336537388 0.03231036505464213171
0.02588673808484975511 0.03239213134049365173
0.03205372693578402432 0.03290811168629399763
0.03302079520150852376 0.03312967606363909773
0.03320152458103663856 0.03342528678124871006
0.02743426303590671897 0.03467481427771107461
0.03450346837078080431 0.03541524582622949946
0.02737913393131001516 0.03605653108033345794
0.03661978475965720070 0.03731957749316209411
0.03836503274953580178 0.04052825030353175012
0.03851613034141903452 0.04065389227826295138
0.04079379424969421797 0.04528484108703698802
0.05992591346989774997 0.06187560681530129836
