0.06999312287758330253 0.07127952822745582673
0.08771277835080890095 0.09282878690457914417
0.09370811568249995394 0.09786302105057195777
0.09386251129214898126 0.09912787546789504634
0.09597150124148831618 0.10419291870710060965
0.09928187803110480325 0.10930317772491672523
0.10598792176064343595 0.10948132397970249119
0.09291720276335187212 0.11034613023930177345
0.10707023932779212438 0.11408373857258552464
0.10335631117317800598 0.11542844722955561410
0.11606649002227824308 0.11618798697798878028
0.10880434633198352024 0.11783720145190057504
0.11410125783277136335 0.11816975828672554583
0.10499848568449281216 0.11842716176274237228
0.10744493404289362504 0.11877510038930463865
0.10327921582853773208 0.11904122454483910543
0.11033248478059534681 0.11959504699043373155
0.09596740386349919549 0.11964115714992477890
0.11743218943188239722 0.12069838748899773540
0.11664982101160702166 0.12383316076753386747
0.12293191231858695278 0.12746048576391899587
0.12370832686081716101 0.12876374773831733567
0.12437922584065509712 0.12930536173702955605
0.10402251654750441223 0.13094650917627689846
0.10898996163586320562 0.13115754442485783038
0.11831513116947764419 0.13118886159177364781
0.11359570353348183436 0.13128908702918168361
0.11402189453077134218 0.13144982598451671052
0.12743089100430254890 0.13149349091516335242
0.12560489814063768854 0.13155886054377746719
0.12927673942883613489 0.13171320981483611301
0.11757051558972704541 0.13198885679752256350
0.12952295009025219241 0.13215587253750210595
0.12762149509820802651 0.13504410484255929825
0.10532835327222961341 0.13603990946363836434
0.13089739387965737549 0.13678134153980286980
0.13798024620949206343 0.13805352457773276131
0.13674748519836973926 0.13822104800096085553
0.10869278861494814648 0.13925149762478278292
0.10951562861703952045 0.13963234280215655603
0.13044825564691159281 0.14024026710654294292
0.13914167408116967506 0.14026072439211978438
0.10217208963244345243 0.14106140728520363825
0.12152393961591106963 0.14112014373267905976
0.13898171245099807947 0.14201610472332176771
0.13705617012357571016 0.14219333402071229755
0.13487902950759239618 0.14281009311118539329
0.14127211075591480927 0.14357155652723943562
0.13615594898871236085 0.14473361240348334156
0.12731765860167706950 0.14483029170755415405
0.12671084530275122937 0.14550381305493548245
0.12270943181411581024 0.14607987907596026167
0.12289593023699912910 0.14625939004905899599
0.12888585297040838773 0.14766263742369334366
0.14111258881063457049 0.14773844162267935065
0.11980250328280442340 0.14874012821294180231
0.14814200102720581631 0.14893469512017049050
0.12702637591398557859 0.14966481263826314496
0.14107435290380243575 0.15003950287832820698
0.13048527036478715924 0.15013847898424012572
0.12152073567697548040 0.15053307615767697047
0.12436024852844432265 0.15153613022750134220
0.13514431894859452177 0.15181825550017902238
0.14521462063694079436 0.15233253554266479313
0.11999863044412834023 0.15261410277436099348
0.13226130134747166034 0.15293967255841306452
0.14585027748745144072 0.15294188953495482797
0.13406648913670782264 0.15342282791843797618
0.15249864072773716694 0.15388884680787448533
0.13105998789685907591 0.15423713175828199229
0.13180900762598118936 0.15428807912735592600
0.14171452621469959876 0.15451068565839976010
0.13860922757963323182 0.15455516330905955114
0.15111219232811384794 0.15503311116858617402
0.12872910111803198552 0.15518218387122895141
0.14497119130311791890 0.15569714121675498619
0.14632331470764617376 0.15570867192404388990
0.13642430826738774496 0.15610009782246017651
0.12751089542014373834 0.15610198908060640699
0.14578178021135287934 0.15614700388934954489
0.11218037748026178646 0.15680474308002168016
0.12407232590728628496 0.15766711631404037308
0.11137719492097317153 0.15830624834241890930
0.15118141601884471648 0.15944781175027197828
0.15618114251990658503 0.15981784566261933445
0.12038827664566348341 0.16022862426633294186
0.14808916849111014580 0.16035910729798699692
0.15973532615016811098 0.16078275127096430808
0.13638682523547929204 0.16119809997276554614
0.14623403510425345142 0.16131524748607972697
0.12540224343211681113 0.16140383539895888920
0.12422077120642509296 0.16191594051761226680
0.16116303348948562979 0.16209812005357235321
0.14602762232306429335 0.16300611279743859594
0.14676998488927275877 0.16355365611188851793
0.15776708643466066939 0.16364586948814729972
0.15691735254261465760 0.16477923288243603861
0.16379961872939194367 0.16480168166977282596
0.15771315621595910494 0.16543553693631454782
0.14168886015778192622 0.16573144677156873006
0.13025867217994399616 0.16604344988883143475
0.14454922822834218032 0.16652122212484524177
0.15985495014877793007 0.16669043364168961707
0.16138372205673856552 0.16780894882817889990
0.14744813693758573869 0.16806690821016262438
0.14988834774585355070 0.16866677941654548145
0.14470114689706078948 0.16952365392189533422
0.11974916853735063926 0.16996176137819746232
0.11695635299851382671 0.17044211507324039112
0.16299242669389174543 0.17074262026973258122
0.15647504482096294409 0.17082537877159062467
0.13516158994908147872 0.17137851212087862329
0.17131488198098110409 0.17169520395824874881
0.13584282431860311702 0.17186205575585689065
0.16549800219070265328 0.17189545227507202485
0.14028129402939570891 0.17201530243730903114
0.16596712193742549357 0.17269934907739467600
0.16550700714428476235 0.17365574099902658656
0.12577577549928148359 0.17377442304632378933
0.11178071906349364151 0.17402002215257902917
0.13269047450167598123 0.17411421861705117520
0.16028704267657742366 0.17505495073175489362
0.15753529540199556758 0.17546600507268023117
0.16375807707405981573 0.17561323200486908536
0.17438076324556286978 0.17594773673619645837
0.16663105290896809696 0.17630945342458534397
0.14995520576145215941 0.17641901813444424429
0.16506714777009168227 0.17774272915243566340
0.16910700511035939297 0.17794012395288361095
0.17274392952862382966 0.17852940750217285992
0.14434131281018203197 0.17879971847827183518
0.17603946680945509184 0.17884907287715010038
0.12366217188241356018 0.17996277385191322695
0.11568424941987039134 0.18025874564865651539
0.14130444622495205720 0.18029458292928415841
0.14273915957655600173 0.18055888106968240314
0.12092790467460709514 0.18059469732032609746
0.16491644641334346488 0.18079437362431169389
0.12051596551541869651 0.18103652966296604476
0.11893909562506317645 0.18155479890384224051
0.12650860794702237233 0.18191916051300763280
0.15240275441090994635 0.18223459006894424106
0.13921667059255235510 0.18249057233064783223
0.17783856765838632064 0.18254162459437281441
0.15652841738959005768 0.18420301332969638008
0.13776391980340507715 0.18429930248204784426
0.13677480543019024384 0.18453431814844092895
0.13239076840077559916 0.18532402782802509522
0.13603942440716490503 0.18556425760894004751
0.17096189456266536189 0.18569585943197053357
0.12027391336637681396 0.18604272469937238599
0.13790121738239943805 0.18648457024041481533
0.17573027637604424211 0.18699887405916298944
0.17090283279253778992 0.18712905772694432560
0.16278900533612539192 0.18759448379335977308
0.12255068512673444880 0.18771229367181316294
0.14158854384481198152 0.18777689858024232405
0.14476908128714593982 0.18781479600644901407
0.15392469958127641405 0.18785055257770696957
0.15745830313644479381 0.18914056280781851860
0.15658536188325056226 0.18922904282120409092
0.15368887355586924315 0.19262260792179380919
0.18029721859508068826 0.19277925033645096353
0.12687164768958575367 0.19290320637290314654
0.17392465628923323151 0.19291413160156212214
0.14935402993055477139 0.19319403266717186107
0.19164012241037514661 0.19479717130569609851
0.19391189925054111431 0.19501745157644376216
0.12373727653675022087 0.19676928637673224420
0.17417527686779094021 0.19822399022685160963
0.11641472988539137978 0.19832037873178712251
0.17666288393474485763 0.19856414828772170345
0.17623293076157531267 0.19856845624702942898
0.19672338155706489693 0.19859881053868400080
0.18216037765788548053 0.19907862524257072256
0.14918783590393330796 0.20004160736201806459
0.17001895039702605295 0.20004160736201806459
0.14310368616460894531 0.20034087476643014369
0.12630276247225691311 0.20036821402583698815
0.14388000580922519211 0.20059502715630009306
0.15167559956904821949 0.20065567476271201075
0.19276541749039130536 0.20219734548180018363
0.13447735755213710562 0.20228082879888845125
0.12036771244151596438 0.20363816221740840828
0.18904398251093562644 0.20398778788081625701
0.15921971152151734308 0.20415929357646689368
0.11936014055861476901 0.20445906410200037628
0.17744694485110304449 0.20453026280075325971
0.20038591512065268008 0.20611146319921894166
0.13232518700925696709 0.20618914997223042329
0.19394353746410408768 0.20664651284015148058
0.19202254447441494123 0.20666698015292464530
0.17313359462936234179 0.20719954522194627966
0.19120959934394948787 0.20833216067656018522
0.17251110390723498056 0.20904614783242053688
0.20378453657585648973 0.20916463000879750855
0.16809626770073152202 0.21059759800028973742
0.14289982252229060933 0.21071480815721493896
0.18645786115941048733 0.21153435955263066859
0.15535705664659751890 0.21162708845664102153
0.19429185667569756624 0.21254584381214453037
0.18126182561601997256 0.21255120154174772518
0.13859802125096365444 0.21267115898399494012
0.17921915758908804617 0.21377609657691734601
0.19247127584529918898 0.21399704769113117586
0.20513429663693744098 0.21401696859157395836
0.20900574029330226677 0.21452901961660586494
0.11682462569063017943 0.21495638145546372422
0.19459094234571402970 0.21541890380548570083
0.17906168753727547127 0.21674504735622049378
0.18770769616014024161 0.21691404047619272655
0.14147272924724657583 0.21864881677176911667
0.16888482380905209257 0.21969191101856014314
0.18690875905707446392 0.22100360548298805807
0.20067600145393271749 0.22200463022918687228
0.18794614881492938130 0.22244115926986376963
0.20011331346973054712 0.23375505435554519429
0.23573835387633212957 0.23688518095099508898
0.13777019922319089229 0.23834979767443734144
0.20796513169963287693 0.24467749575113090232
0.12894487331569928767 0.25083985196396585415
0.19487250575767517402 0.25295360105119413241
0.27370935205552288094 0.29367453515573321843
