0.00000000000000000000 0.00259311703607990668
0.00000000000000000000 0.00266346211690667977
0.00000000000000000000 0.00296733344113006602
0.00000000000000000000 0.00299138116677870412
0.00000000000000000000 0.00333407180275529244
0.00000000000000000000 0.00382394816386836525
0.00000000000000000000 0.00445078105401713192
0.00000000000000000000 0.00474555558892651632
0.00000000000000000000 0.00484090155886149863
0.00000000000000000000 0.00545127581292772188
0.00000000000000000000 0.00576895116503360963
0.00000000000000000000 0.00590630666462804189
0.00000000000000000000 0.00611435837504950130
0.00000000000000000000 0.00641153687108052088
0.00000000000000000000 0.00645925632261083824
0.00000000000000000000 0.00691601712336809091
0.00000000000000000000 0.00697640984590475622
0.00000000000000000000 0.00753235066499038496
0.00000000000000000000 0.00780442453618093723
0.00000000000000000000 0.00803802307778546908
0.00000000000000000000 0.00821832032441640464
0.00000000000000000000 0.00827546549981567590
0.00000000000000000000 0.00838222235628575604
0.00000000000000000000 0.00872797391113482555
0.00000000000000000000 0.00885148253525424797
0.00000000000000000000 0.00890812141729733879
0.00000000000000000000 0.00909568682749998039
0.00000000000000000000 0.00929504881692028162
0.00000000000000000000 0.00934636340517736378
0.00000000000000000000 0.00949387726820857987
0.00000000000000000000 0.00974349444619702562
0.00000000000000000000 0.01003084610293558492
0.00000000000000000000 0.01018686590429437704
0.00000000000000000000 0.01043473808144381593
0.00000000000000000000 0.01053544965508231533
0.00000000000000000000 0.01053838868008072881
0.00000000000000000000 0.01067693630229086740
0.00000000000000000000 0.01067899133936745307
0.00000000000000000000 0.01094340231506664256
0.00000000000000000000 0.01109780712352752621
0.00000000000000000000 0.01130545164226965868
0.00000000000000000000 0.01143054798621015271
0.00000000000000000000 0.01147301074079833984
0.00000000000000000000 0.01155066337587476455
0.00000000000000000000 0.01159008827487510891
0.00000000000000000000 0.01162596986995393343
0.00000000000000000000 0.01163079050559760741
0.00000000000000000000 0.01167873937657016963
0.00000000000000000000 0.01172875639533842683
0.00000000000000000000 0.01176032256406930876
0.00000000000000000000 0.01182350656143559692
0.00000000000000000000 0.01183312675698437039
0.00000000000000000000 0.01214803121107565012
0.00000000000000000000 0.01215353403191732698
0.00000000000000000000 0.01219527003400005041
0.00000000000000000000 0.01228065450264024909
0.00000000000000000000 0.01229313917739954624
0.00000000000000000000 0.01230087214233011213
0.00000000000000000000 0.01245582092490416480
0.00000000000000000000 0.01252655345409844044
0.00000000000000000000 0.01253563047417793029
0.00000000000000000000 0.01259895207703861514
0.00000000000000000000 0.01270225337558062231
0.00000000000000000000 0.01272042893179520240
0.00000000000000000000 0.01286195642293416069
0.00000000000000000000 0.01305451309414639230
0.00000000000000000000 0.01326155018064916619
0.00000000000000000000 0.01331924543474439539
0.00000000000000000000 0.01342196466327026660
0.00000000000000000000 0.01351306421368486319
0.00000000000000000000 0.01351927174655694931
0.00000000000000000000 0.01359365041060362975
0.00000000000000000000 0.01372353099235957760
0.00000000000000000000 0.01375506332237222580
0.00000000000000000000 0.01376007544943015116
0.00000000000000000000 0.01386831608756934273
0.00000000000000000000 0.01403383517663488525
0.00000000000000000000 0.01408911221219603938
0.00000000000000000000 0.01464479241206206352
0.00000000000000000000 0.01481064545704932969
0.00000000000000000000 0.01489539378557619420
0.00000000000000000000 0.01490871163556025530
0.00000000000000000000 0.01516218889685503647
0.00000000000000000000 0.01544141205962309103
0.00000000000000000000 0.01550298216581749364
0.00000000000000000000 0.01561200205936555049
0.00000000000000000000 0.01561883565029232278
0.00000000000000000000 0.01570823644228307170
0.00000000000000000000 0.01581938202562648346
0.00000000000000000000 0.01591303951793216279
0.00000000000000000000 0.01607259633293206535
0.00000000000000000000 0.01609421384351495191
0.00000000000000000000 0.01644425566885514972
0.00000000000000000000 0.01671904168655029277
0.00000000000000000000 0.01678684041499704446
0.00000000000000000000 0.01683591857770789027
0.00000000000000000000 0.01689696582632643426
0.00000000000000000000 0.01708038224088633331
0.00000000000000000000 0.01709964309143846908
0.00000000000000000000 0.01714012701369048083
0.00000000000000000000 0.01717422622947438124
0.00000000000000000000 0.01740111834363709115
0.00000000000000000000 0.01740583760736733043
0.00000000000000000000 0.01743603912112405563
0.00000000000000000000 0.01745046053046640788
0.00000000000000000000 0.01748633971707989204
0.00000000000000000000 0.01762928077117027412
0.00000000000000000000 0.01798688347952532435
0.00000000000000000000 0.01815939256368068883
0.00000000000000000000 0.01828979908748362693
0.00000000000000000000 0.01831239395444253168
0.00000000000000000000 0.01843807444131167692
0.00000000000000000000 0.01846707552376004868
0.00000000000000000000 0.01854907333813066161
0.00000000000000000000 0.01866757615702181738
0.00000000000000000000 0.01872246869468983943
0.00000000000000000000 0.01874655208096553255
0.00000000000000000000 0.01886208139112876409
0.00000000000000000000 0.01900823501892678902
0.00000000000000000000 0.01900966709764873377
0.00000000000000000000 0.01914213331156010278
0.00000000000000000000 0.01919979622566310787
0.00000000000000000000 0.01929649548279700408
0.00000000000000000000 0.01935499565653365020
0.00000000000000000000 0.01940894026063025302
0.00000000000000000000 0.01968691448686281723
0.00000000000000000000 0.01971748666770333988
0.00000000000000000000 0.01990802317297774710
0.00000000000000000000 0.01995260437426618627
0.00000000000000000000 0.01999308368016120691
0.00000000000000000000 0.02002963097172144255
0.00000000000000000000 0.02003744371564595075
0.00000000000000000000 0.02006414030458388009
0.00000000000000000000 0.02009976505070059857
0.00000000000000000000 0.02018569097929703848
0.00000000000000000000 0.02019643027526204365
0.00000000000000000000 0.02021914329771941354
0.00000000000000000000 0.02036100056411950174
0.00000000000000000000 0.02052542002859199938
0.00000000000000000000 0.02061388370512955148
0.00000000000000000000 0.02083694367070714273
0.00000000000000000000 0.02088695692509849947
0.00000000000000000000 0.02106003110401898776
0.00000000000000000000 0.02109966136689214039
0.00000000000000000000 0.02110450476786881330
0.00000000000000000000 0.02124070831527610434
0.00000000000000000000 0.02142836732298735586
0.00000000000000000000 0.02156769424799552873
0.00000000000000000000 0.02163589565017462815
0.00000000000000000000 0.02164721812540172305
0.00000000000000000000 0.02180198458530012429
0.00000000000000000000 0.02189666806894351517
0.00000000000000000000 0.02204166088180850927
0.00000000000000000000 0.02235607348460822916
0.00000000000000000000 0.02241290015008607847
0.00000000000000000000 0.02243512012429689853
0.00000000000000000000 0.02243655120052409982
0.00000000000000000000 0.02246898873244365658
0.00000000000000000000 0.02249742692946062397
0.00000000000000000000 0.02254223252752042550
0.00000000000000000000 0.02258328099375299380
0.00000000000000000000 0.02262997995705035362
0.00000000000000000000 0.02267404135544782290
0.00000000000000000000 0.02283604087066077107
0.00000000000000000000 0.02298291906522669653
0.00000000000000000000 0.02304777640578622652
0.00000000000000000000 0.02317142583881762891
0.00000000000000000000 0.02322321223460389536
0.00000000000000000000 0.02324343577882162157
0.00000000000000000000 0.02326937234438719582
0.00000000000000000000 0.02331096913313019520
0.00000000000000000000 0.02331705688691653941
0.00000000000000000000 0.02344600929309723428
0.00000000000000000000 0.02357294541278534203
0.00000000000000000000 0.02380841765962564763
0.00000000000000000000 0.02385568804345303273
0.00000000000000000000 0.02390026250383007339
0.00000000000000000000 0.02393939009190800687
0.00000000000000000000 0.02398682403159320756
0.00000000000000000000 0.02400753863804405697
0.00000000000000000000 0.02405459143260493815
0.00000000000000000000 0.02408088013402209099
0.00000000000000000000 0.02409043043886385793
0.00000000000000000000 0.02410351990609701026
0.00000000000000000000 0.02416474210064820452
0.00000000000000000000 0.02426358057901637985
0.00000000000000000000 0.02446974876647614594
0.00000000000000000000 0.02454367877147797805
0.00000000000000000000 0.02459081957889083098
0.00000000000000000000 0.02468275290058176766
0.00000000000000000000 0.02470939072483413837
0.00000000000000000000 0.02475526928973586019
0.00000000000000000000 0.02479450680307170723
0.00000000000000000000 0.02498340420692754180
0.00000000000000000000 0.02503980842892496173
0.00000000000000000000 0.02504110027625740600
0.00000000000000000000 0.02505976595261890510
0.00000000000000000000 0.02524154586175608381
0.00000000000000000000 0.02528498064617890062
0.00000000000000000000 0.02530281434554004782
0.00000000000000000000 0.02533479005209888363
0.00000000000000000000 0.02544613971952963336
0.00000000000000000000 0.02576354449188956314
0.00000000000000000000 0.02588576287518613156
0.00000000000000000000 0.02590691735823279565
0.00000000000000000000 0.02605810782772896572
0.00000000000000000000 0.02611040519175170452
0.00000000000000000000 0.02615745354663903677
0.00000000000000000000 0.02623630737894929593
0.00000000000000000000 0.02624010514356327553
0.00000000000000000000 0.02637270002365068450
0.00000000000000000000 0.02662952706326578156
0.00000000000000000000 0.02666928791602614368
0.00000000000000000000 0.02673919540906784589
0.00000000000000000000 0.02680520254175841957
0.00000000000000000000 0.02704676608097305798
0.00000000000000000000 0.02717514897967315823
0.00000000000000000000 0.02717595453264334826
0.00000000000000000000 0.02727228434848933888
0.00000000000000000000 0.02737584386849550508
0.00000000000000000000 0.02740620118526604712
0.00000000000000000000 0.02746272022354505002
0.00000000000000000000 0.02749412230121814002
0.00000000000000000000 0.02764478238829104137
0.00000000000000000000 0.02770478229848188229
0.00000000000000000000 0.02793413129981803245
0.00000000000000000000 0.02794951445276499039
0.00000000000000000000 0.02796594685309577999
0.00000000000000000000 0.02807704881244285980
0.00000000000000000000 0.02831352549969001070
0.00000000000000000000 0.02839655651236206932
0.00000000000000000000 0.02845551119175518395
0.00000000000000000000 0.02852154154457935478
0.00000000000000000000 0.02860374555534525923
0.00000000000000000000 0.02876877316718827807
0.00000000000000000000 0.02877908587741336011
0.00000000000000000000 0.02891372229515356759
0.00000000000000000000 0.02903527250343715740
0.00000000000000000000 0.02972367565892898925
0.00000000000000000000 0.02987004497321368163
0.00000000000000000000 0.03062687495256239539
0.00000000000000000000 0.03074001920090852283
0.00000000000000000000 0.03101392279794017159
0.00000000000000000000 0.03101514567255854102
0.00000000000000000000 0.03108210497733439326
0.00000000000000000000 0.03114772739099667259
0.00000000000000000000 0.03140713142450816259
0.00000000000000000000 0.03154484990215695311
0.00000000000000000000 0.03175445722175578717
0.00000000000000000000 0.03177031933972996464
0.00000000000000000000 0.03178570891134584186
0.00000000000000000000 0.03184291974765632999
0.00000000000000000000 0.03206149813677090787
0.00000000000000000000 0.03213478967232830802
0.00000000000000000000 0.03227691896041227915
0.00000000000000000000 0.03228460512000275173
0.00000000000000000000 0.03229134873391181770
0.00000000000000000000 0.03253101382394918417
0.00000000000000000000 0.03273162059685567199
0.00000000000000000000 0.03276651792886882408
0.00000000000000000000 0.03289478045425205804
0.00000000000000000000 0.03300508243721850948
0.00000000000000000000 0.03310248072703653177
0.00000000000000000000 0.03316409355991271207
0.00000000000000000000 0.03322347751946171102
0.00000000000000000000 0.03326885631611169875
0.00000000000000000000 0.03332664706536000304
0.00000000000000000000 0.03336022008190227955
0.00000000000000000000 0.03338991006348834140
0.00000000000000000000 0.03342645011330217658
0.00000000000000000000 0.03364725571001010024
0.00000000000000000000 0.03367425470861634684
0.00000000000000000000 0.03378626713518127767
0.00000000000000000000 0.03387805148947917872
0.00000000000000000000 0.03412893475719751962
0.00000000000000000000 0.03421977300178730141
0.00000000000000000000 0.03432583743562476336
0.00000000000000000000 0.03435619737746248986
0.00000000000000000000 0.03439101144639718916
0.00000000000000000000 0.03443512332862773417
0.00000000000000000000 0.03452824899083190707
0.00000000000000000000 0.03453130042550612427
0.00000000000000000000 0.03462378842786466987
0.00000000000000000000 0.03463371536070190826
0.00000000000000000000 0.03463903682687733548
0.00000000000000000000 0.03465061215990001414
0.00000000000000000000 0.03465105876692800568
0.00000000000000000000 0.03465901314165429487
0.00000000000000000000 0.03475904206588304596
0.00000000000000000000 0.03487044516300855101
0.00000000000000000000 0.03497623236743471753
0.00000000000000000000 0.03510231092164396716
0.00000000000000000000 0.03511056871935300944
0.00000000000000000000 0.03525666068780301809
0.00000000000000000000 0.03546973441400898264
0.00000000000000000000 0.03567612332332353170
0.00000000000000000000 0.03568191658325724908
0.00000000000000000000 0.03571505775736375649
0.00000000000000000000 0.03578915027728676174
0.00000000000000000000 0.03582759430659317873
0.00000000000000000000 0.03589205455555988938
0.00000000000000000000 0.03618549830349571117
0.00000000000000000000 0.03624002516427656667
0.00000000000000000000 0.03646992775425161870
0.00000000000000000000 0.03647146455962686773
0.00000000000000000000 0.03648424168603947582
0.00000000000000000000 0.03662783078966355688
0.00000000000000000000 0.03670045142451092146
0.00000000000000000000 0.03671225360576720054
0.00000000000000000000 0.03683906310503579085
0.00000000000000000000 0.03684549949784513695
0.00000000000000000000 0.03686335170932562161
0.00000000000000000000 0.03691222437230319564
0.00000000000000000000 0.03698682729716232936
0.00000000000000000000 0.03699848288448648326
0.00000000000000000000 0.03724885256136096362
0.00000000000000000000 0.03760529202511195268
0.00000000000000000000 0.03768966340253371988
0.00000000000000000000 0.03783225579912505993
0.00000000000000000000 0.03794868369718140677
0.00000000000000000000 0.03828953342798047804
0.00000000000000000000 0.03848343152123491484
0.00000000000000000000 0.03852701101516279453
0.00000000000000000000 0.03860485050892637632
0.00000000000000000000 0.03870543724263070945
0.00000000000000000000 0.03875213222246923911
0.00000000000000000000 0.03889814090299708454
0.00000000000000000000 0.03890564471340086233
0.00000000000000000000 0.03903698105941044022
0.00000000000000000000 0.03906789159136056511
0.00000000000000000000 0.03962125931141206869
0.00000000000000000000 0.03980852051090427723
0.00000000000000000000 0.03991022584289747460
0.00000000000000000000 0.04013615846710662238
0.00000000000000000000 0.04035609057947778244
0.00000000000000000000 0.04038177444542160460
0.00000000000000000000 0.04054217034410506626
0.00000000000000000000 0.04055533106808091592
0.00000000000000000000 0.04078637842774513605
0.00000000000000000000 0.04096725009472412110
0.00000000000000000000 0.04101354423077801375
0.00000000000000000000 0.04104471311068320916
0.00000000000000000000 0.04110793570881138281
0.00000000000000000000 0.04117330644832221248
0.00000000000000000000 0.04120975481596002299
0.00000000000000000000 0.04127835768326523075
0.00000000000000000000 0.04128310250647659191
0.00000000000000000000 0.04134990345167217918
0.00000000000000000000 0.04146809393338145994
0.00000000000000000000 0.04163402754146989376
0.00000000000000000000 0.04163896973322087774
0.00000000000000000000 0.04179191416994073455
0.00000000000000000000 0.04184665740401452561
0.00000000000000000000 0.04192521558705127743
0.00000000000000000000 0.04206516675824673729
0.00000000000000000000 0.04206751750256770839
0.00000000000000000000 0.04217450421558273377
0.00000000000000000000 0.04228733252889060878
0.00000000000000000000 0.04255453182775711940
0.00000000000000000000 0.04255953625810315888
0.00000000000000000000 0.04262320347279451027
0.00000000000000000000 0.04269298727720619024
0.00000000000000000000 0.04285173553148868136
0.00000000000000000000 0.04288809765506231692
0.00000000000000000000 0.04295005684535103951
0.00000000000000000000 0.04306848506132313070
0.00000000000000000000 0.04319366850506767275
0.00000000000000000000 0.04335340550108545549
0.00000000000000000000 0.04340456697158841942
0.00000000000000000000 0.04350501410797012747
0.00000000000000000000 0.04352319900526584878
0.00000000000000000000 0.04359886483974689114
0.00000000000000000000 0.04365723542284510872
0.00000000000000000000 0.04368324454971519305
0.00000000000000000000 0.04376414698288746963
0.00000000000000000000 0.04385873286957944761
0.00000000000000000000 0.04402440196052997967
0.00000000000000000000 0.04422195893944799727
0.00000000000000000000 0.04423053617946436783
0.00000000000000000000 0.04429421584051412147
0.00000000000000000000 0.04442367748969193453
0.00000000000000000000 0.04446940679949516750
0.00000000000000000000 0.04447752879346477534
0.00000000000000000000 0.04453664650764139338
0.00000000000000000000 0.04497471675639644340
0.00000000000000000000 0.04541120730324704063
0.00000000000000000000 0.04556579648032596519
0.00000000000000000000 0.04561184438540242386
0.00000000000000000000 0.04575704789377011555
0.00000000000000000000 0.04581960232028946256
0.00000000000000000000 0.04585424421163988157
0.00000000000000000000 0.04594726534135028934
0.00000000000000000000 0.04597261795739390755
0.00000000000000000000 0.04613384325530853203
0.00000000000000000000 0.04644584374409892191
0.00000000000000000000 0.04689690511839041120
0.00000000000000000000 0.04695902415309549660
0.00000000000000000000 0.04703696802878779004
0.00000000000000000000 0.04733515844283408408
0.00000000000000000000 0.04744030542289085634
0.00000000000000000000 0.04756310595948505526
0.00000000000000000000 0.04760047693367910893
0.00000000000000000000 0.04766897843347019104
0.00000000000000000000 0.04784322159669532337
0.00000000000000000000 0.04792597007314268465
0.00000000000000000000 0.04807722285284657393
0.00000000000000000000 0.04810163802802679134
0.00000000000000000000 0.04836543970329568176
0.00000000000000000000 0.04847963098108096919
0.00000000000000000000 0.04861573241099396286
0.00000000000000000000 0.04868647104004444892
0.00000000000000000000 0.04875140080258882902
0.00000000000000000000 0.04892880808222502959
0.00000000000000000000 0.04933470714460484741
0.00000000000000000000 0.04933746457937285973
0.00000000000000000000 0.04986003268797696564
0.00000000000000000000 0.04994164082090728901
0.00000000000000000000 0.05005990084976717075
0.00000000000000000000 0.05011105644737379877
0.00000000000000000000 0.05017523442755612850
0.00000000000000000000 0.05058290909043533512
0.00000000000000000000 0.05068189626509943257
0.00000000000000000000 0.05111409691033227259
0.00000000000000000000 0.05130467920191367215
0.00000000000000000000 0.05147031003177366532
0.00000000000000000000 0.05173549974548418556
0.00000000000000000000 0.05176585972169998884
0.00000000000000000000 0.05186930439958919309
0.00000000000000000000 0.05199376617079531915
0.00000000000000000000 0.05211150240240938064
0.00000000000000000000 0.05219904193622697253
0.00000000000000000000 0.05234007881300943577
0.00000000000000000000 0.05261525447277173168
0.00000000000000000000 0.05307196561742863472
0.00000000000000000000 0.05349185765487227129
0.00000000000000000000 0.05353805134949656680
0.00000000000000000000 0.05360552053966620434
0.00000000000000000000 0.05370112852858383024
0.00000000000000000000 0.05432839613651398863
0.00000000000000000000 0.05435922072694012591
0.00000000000000000000 0.05467538287986042911
0.00000000000000000000 0.05497723254650683372
0.00000000000000000000 0.05534855728118984186
0.00000000000000000000 0.05552944397888981420
0.00000000000000000000 0.05555987609212606482
0.00000000000000000000 0.05565202138662573433
0.00000000000000000000 0.05572320956888764804
0.00000000000000000000 0.05584507901205530700
0.00000000000000000000 0.05626017348470013779
0.00000000000000000000 0.05636184077927300362
0.00000000000000000000 0.05641500632726301895
0.00000000000000000000 0.05644734781021445297
0.00000000000000000000 0.05697437167864234653
0.00000000000000000000 0.05730142367853088836
0.00000000000000000000 0.05798111187447323872
0.00000000000000000000 0.05821455241945101139
0.00000000000000000000 0.05826824186737299127
0.00000000000000000000 0.05857253246180484790
0.00000000000000000000 0.05908050672363949346
0.00000000000000000000 0.06058532662369783828
0.00000000000000000000 0.06069871037745403625
0.00000000000000000000 0.06121232796623712197
0.00000000000000000000 0.06257955706244530680
0.00000000000000000000 0.06311571935564803948
0.00000000000000000000 0.06353210655084710889
0.00000000000000000000 0.06382434177112039642
0.00000000000000000000 0.06416975852677636594
0.00000000000000000000 0.06524916978629637099
0.00000000000000000000 0.06555168575956382693
0.00000000000000000000 0.06561396442883521418
0.00000000000000000000 0.06687612621900355936
0.00000000000000000000 0.06702220344893246307
0.00000000000000000000 0.06750281569009768112
0.00000000000000000000 0.06792682711552447405
0.00000000000000000000 0.06812196785917142006
0.00000000000000000000 0.06835902027769479028
0.00000000000000000000 0.06858919586795518553
0.00000000000000000000 0.07125004954082736486
0.00000000000000000000 0.07286056691691622511
0.00000000000000000000 0.07393505911007820786
0.00000000000000000000 0.07400487793082263788
0.00000000000000000000 0.07445065070485558378
0.00000000000000000000 0.07486677992268986337
0.00000000000000000000 0.07489149766061305169
0.00000000000000000000 0.07492452934146144605
0.00000000000000000000 0.07894577656568847746
0.00000000000000000000 0.07933726345236981337
0.00000000000000000000 0.07967635300155290201
0.00000000000000000000 0.08247664653909528298
0.00000000000000000000 0.08306861996322299768
0.00000000000000000000 0.08480977801213221423
0.00000000000000000000 0.08533395173669942879
0.00000000000000000000 0.08812021295405257637
0.00000000000000000000 0.09635981999601508918
0.00000000000000000000 0.09957351978130384029
0.00000000000000000000 0.10367295721737067316
0.00000000000000000000 0.11387812005958110328
0.00000000000000000000 0.12238601724863988618
0.00000000000000000000 0.13429173735064600659
0.00000000000000000000 1.73205080756887719318
