0.00000000000000000000 0.01335281999096090029
0.00000000000000000000 0.01725862931642321504
0.00000000000000000000 0.01771404113604882827
0.00000000000000000000 0.01871882433493245179
0.00000000000000000000 0.02555756727301755626
0.00000000000000000000 0.02636482229844236413
0.00000000000000000000 0.02727177998725360472
0.00000000000000000000 0.03000969170804120359
0.00000000000000000000 0.03020330788110692222
0.00000000000000000000 0.03199524906931806856
0.00000000000000000000 0.03211952991195112656
0.00000000000000000000 0.03254359948791389623
0.00000000000000000000 0.03348558090248043850
0.00000000000000000000 0.03357666732289378564
0.00000000000000000000 0.03407273026719000175
0.00000000000000000000 0.03536730904489190919
0.00000000000000000000 0.03570259307806225579
0.00000000000000000000 0.03637150287544372446
0.00000000000000000000 0.03654681553874273431
0.00000000000000000000 0.03661606323158440868
0.00000000000000000000 0.03712705551767779555
0.00000000000000000000 0.03778593787859776260
0.00000000000000000000 0.03802424386610562396
0.00000000000000000000 0.03860523442330869581
0.00000000000000000000 0.03896815322213934008
0.00000000000000000000 0.03942590439700360133
0.00000000000000000000 0.03956619681657559673
0.00000000000000000000 0.03971191923202161550
0.00000000000000000000 0.03989154299841626838
0.00000000000000000000 0.04000945511694729839
0.00000000000000000000 0.04058454083490699998
0.00000000000000000000 0.04058613696404742011
0.00000000000000000000 0.04080961415361899353
0.00000000000000000000 0.04147344515276154414
0.00000000000000000000 0.04178362271661157507
0.00000000000000000000 0.04188839425249228643
0.00000000000000000000 0.04198689387180807447
0.00000000000000000000 0.04286463044036259440
0.00000000000000000000 0.04365146092195787419
0.00000000000000000000 0.04366860228543181788
0.00000000000000000000 0.04376674231325786840
0.00000000000000000000 0.04401501615186763361
0.00000000000000000000 0.04434948116071424362
0.00000000000000000000 0.04459836971450759774
0.00000000000000000000 0.04484797686943039347
0.00000000000000000000 0.04492561555072482893
0.00000000000000000000 0.04504331553479226646
0.00000000000000000000 0.04508985504592678134
0.00000000000000000000 0.04602220213726324061
0.00000000000000000000 0.04617963456035099196
0.00000000000000000000 0.04640821974807713551
0.00000000000000000000 0.04689618389253622649
0.00000000000000000000 0.04734157864577114710
0.00000000000000000000 0.04735276841329161962
0.00000000000000000000 0.04745870081775595273
0.00000000000000000000 0.04837688307972604074
0.00000000000000000000 0.04857996768574086160
0.00000000000000000000 0.04860573627974246885
0.00000000000000000000 0.04893696087803771355
0.00000000000000000000 0.04952538395494299889
0.00000000000000000000 0.04962092574944127615
0.00000000000000000000 0.04979375481385257818
0.00000000000000000000 0.04988556014866264016
0.00000000000000000000 0.04994763575968179381
0.00000000000000000000 0.04996839338939387115
0.00000000000000000000 0.05008933561473263157
0.00000000000000000000 0.05028341361109202323
0.00000000000000000000 0.05038862153789566700
0.00000000000000000000 0.05094627662174541077
0.00000000000000000000 0.05112254897698039618
0.00000000000000000000 0.05136382788228803509
0.00000000000000000000 0.05144628376895434702
0.00000000000000000000 0.05183629517987718704
0.00000000000000000000 0.05272326421652927253
0.00000000000000000000 0.05297862704366465558
0.00000000000000000000 0.05298167112928942740
0.00000000000000000000 0.05314205583310051273
0.00000000000000000000 0.05418988150695042832
0.00000000000000000000 0.05528502268869765063
0.00000000000000000000 0.05566374258197564345
0.00000000000000000000 0.05601726319064995879
0.00000000000000000000 0.05629656510824209564
0.00000000000000000000 0.05678384671568546122
0.00000000000000000000 0.05745947651731027339
0.00000000000000000000 0.05766014600170763643
0.00000000000000000000 0.05785800663925223103
0.00000000000000000000 0.05810265131741559202
0.00000000000000000000 0.05923158283006161456
0.00000000000000000000 0.05926234575641590313
0.00000000000000000000 0.05946237743006109466
0.00000000000000000000 0.05989244607719694524
0.00000000000000000000 0.06011173992341938693
0.00000000000000000000 0.06051706636437659964
0.00000000000000000000 0.06163645749801251184
0.00000000000000000000 0.06214786766198354684
0.00000000000000000000 0.06245212610333285980
0.00000000000000000000 0.06255571227039048721
0.00000000000000000000 0.06255792729072774672
0.00000000000000000000 0.06259104683600974495
0.00000000000000000000 0.06277772743369995634
0.00000000000000000000 0.06343758120732140293
0.00000000000000000000 0.06375588926046420191
0.00000000000000000000 0.06382521587181379241
0.00000000000000000000 0.06408121686379490700
0.00000000000000000000 0.06447351451911009779
0.00000000000000000000 0.06455371553901359527
0.00000000000000000000 0.06470977796354218659
0.00000000000000000000 0.06475367946518736928
0.00000000000000000000 0.06478658237087629723
0.00000000000000000000 0.06520644605974419694
0.00000000000000000000 0.06547162546620727275
0.00000000000000000000 0.06586244455688039512
0.00000000000000000000 0.06592284461080520630
0.00000000000000000000 0.06621011049773239954
0.00000000000000000000 0.06621810701037493530
0.00000000000000000000 0.06640400326805094566
0.00000000000000000000 0.06648834233220148049
0.00000000000000000000 0.06657199784474832072
0.00000000000000000000 0.06660424605077688853
0.00000000000000000000 0.06723774859833621387
0.00000000000000000000 0.06785139116658188418
0.00000000000000000000 0.06804802889299205182
0.00000000000000000000 0.06822153059411395493
0.00000000000000000000 0.06823689604851973511
0.00000000000000000000 0.06832740337768543337
0.00000000000000000000 0.06843760357054953780
0.00000000000000000000 0.06900560515980046217
0.00000000000000000000 0.06933769387445611054
0.00000000000000000000 0.06958665961632011510
0.00000000000000000000 0.06963164358480056215
0.00000000000000000000 0.06964538657352956075
0.00000000000000000000 0.06976068649411946987
0.00000000000000000000 0.06978272443085174748
0.00000000000000000000 0.06981174261429341776
0.00000000000000000000 0.07042296439074098580
0.00000000000000000000 0.07053544852145465782
0.00000000000000000000 0.07065314241402716189
0.00000000000000000000 0.07070030122210856083
0.00000000000000000000 0.07071050740084597330
0.00000000000000000000 0.07073455662177066672
0.00000000000000000000 0.07086665740566613914
0.00000000000000000000 0.07098806029835799669
0.00000000000000000000 0.07107923405181451604
0.00000000000000000000 0.07113311653302380189
0.00000000000000000000 0.07125382890776361944
0.00000000000000000000 0.07140177964303218161
0.00000000000000000000 0.07168789769043253102
0.00000000000000000000 0.07204233418852021287
0.00000000000000000000 0.07222673807556041770
0.00000000000000000000 0.07235583598591788235
0.00000000000000000000 0.07272138202986291877
0.00000000000000000000 0.07276816995193005622
0.00000000000000000000 0.07285177840718948250
0.00000000000000000000 0.07322278403598247998
0.00000000000000000000 0.07353908193453638498
0.00000000000000000000 0.07365185420583622578
0.00000000000000000000 0.07384045949520363916
0.00000000000000000000 0.07416112946026698349
0.00000000000000000000 0.07479319171391225762
0.00000000000000000000 0.07495606298235996112
0.00000000000000000000 0.07555262835070218619
0.00000000000000000000 0.07571136054088284384
0.00000000000000000000 0.07603881590834822568
0.00000000000000000000 0.07605670682507197078
0.00000000000000000000 0.07612120414148378089
0.00000000000000000000 0.07613147244394122271
0.00000000000000000000 0.07658850425307289767
0.00000000000000000000 0.07689135672227231932
0.00000000000000000000 0.07749608223987687616
0.00000000000000000000 0.07784391059087043818
0.00000000000000000000 0.07816561186451412291
0.00000000000000000000 0.07888502537549778315
0.00000000000000000000 0.07927451947066697924
0.00000000000000000000 0.07969881418697714881
0.00000000000000000000 0.07977437666641158664
0.00000000000000000000 0.08003089882329872395
0.00000000000000000000 0.08018066169229239037
0.00000000000000000000 0.08030809229000009097
0.00000000000000000000 0.08069822622430798675
0.00000000000000000000 0.08145827385943858745
0.00000000000000000000 0.08154712698336412380
0.00000000000000000000 0.08240895970725942155
0.00000000000000000000 0.08283457276785803625
0.00000000000000000000 0.08294863011049824486
0.00000000000000000000 0.08297048666406538209
0.00000000000000000000 0.08300873757618422444
0.00000000000000000000 0.08327865724554479876
0.00000000000000000000 0.08329200488100001187
0.00000000000000000000 0.08343441546237770345
0.00000000000000000000 0.08344364754278175977
0.00000000000000000000 0.08353991146329739492
0.00000000000000000000 0.08363660216774745915
0.00000000000000000000 0.08404517726549069756
0.00000000000000000000 0.08411070448795721077
0.00000000000000000000 0.08433103223852303487
0.00000000000000000000 0.08464869917103320929
0.00000000000000000000 0.08497638720600915463
0.00000000000000000000 0.08501226002852797781
0.00000000000000000000 0.08539330835306602197
0.00000000000000000000 0.08554787451528762798
0.00000000000000000000 0.08604409729105157167
0.00000000000000000000 0.08622783626405423896
0.00000000000000000000 0.08628399244199841389
0.00000000000000000000 0.08633735297027503308
0.00000000000000000000 0.08717946697997495942
0.00000000000000000000 0.08733821468536996646
0.00000000000000000000 0.08735950999660256622
0.00000000000000000000 0.08753563514080399399
0.00000000000000000000 0.08759316451861094699
0.00000000000000000000 0.08765911570034214118
0.00000000000000000000 0.08766150737355171696
0.00000000000000000000 0.08778747740426383339
0.00000000000000000000 0.08848126280103582597
0.00000000000000000000 0.08871527428676261040
0.00000000000000000000 0.08959290504264094679
0.00000000000000000000 0.08974107125391479756
0.00000000000000000000 0.09039505365020412964
0.00000000000000000000 0.09064076577875797291
0.00000000000000000000 0.09082853961411287147
0.00000000000000000000 0.09092874164641093215
0.00000000000000000000 0.09127662877869137381
0.00000000000000000000 0.09154310933229864444
0.00000000000000000000 0.09163186294748203176
0.00000000000000000000 0.09174915360137272935
0.00000000000000000000 0.09184826166874174302
0.00000000000000000000 0.09219015111321092470
0.00000000000000000000 0.09224167245405288929
0.00000000000000000000 0.09226480786641221010
0.00000000000000000000 0.09238990291272947131
0.00000000000000000000 0.09241344557042430186
0.00000000000000000000 0.09321740617061131939
0.00000000000000000000 0.09344685840763745921
0.00000000000000000000 0.09350289410077146368
0.00000000000000000000 0.09350863913241866388
0.00000000000000000000 0.09374556689680325905
0.00000000000000000000 0.09393518527851496547
0.00000000000000000000 0.09414128165006944993
0.00000000000000000000 0.09434592840511145384
0.00000000000000000000 0.09481298969028748025
0.00000000000000000000 0.09485467042187485653
0.00000000000000000000 0.09506564318347149323
0.00000000000000000000 0.09509963555398300017
0.00000000000000000000 0.09521792519878796712
0.00000000000000000000 0.09554706714347788177
0.00000000000000000000 0.09560329903011714758
0.00000000000000000000 0.09574455682935842371
0.00000000000000000000 0.09577461221775486477
0.00000000000000000000 0.09596527435262496020
0.00000000000000000000 0.09609613841716833915
0.00000000000000000000 0.09609757135555876961
0.00000000000000000000 0.09617286132029030654
0.00000000000000000000 0.09629194233776598721
0.00000000000000000000 0.09659421812673002483
0.00000000000000000000 0.09689417433983119055
0.00000000000000000000 0.09718809550156866373
0.00000000000000000000 0.09721415006146955085
0.00000000000000000000 0.09748335414801911902
0.00000000000000000000 0.09753577959349743476
0.00000000000000000000 0.09762389515387154271
0.00000000000000000000 0.09781228073137147871
0.00000000000000000000 0.09799094979864408916
0.00000000000000000000 0.09836171055848078049
0.00000000000000000000 0.09868953259527485367
0.00000000000000000000 0.09911037202589141615
0.00000000000000000000 0.09922642494696683191
0.00000000000000000000 0.09928694245573180255
0.00000000000000000000 0.09965849571107329719
0.00000000000000000000 0.09972610000873764757
0.00000000000000000000 0.09979366606682928131
0.00000000000000000000 0.09983870934151690968
0.00000000000000000000 0.10015346751993867147
0.00000000000000000000 0.10018695311224982969
0.00000000000000000000 0.10024332609477390466
0.00000000000000000000 0.10036767913126205809
0.00000000000000000000 0.10037411881745106346
0.00000000000000000000 0.10199769401190286744
0.00000000000000000000 0.10207237251655246202
0.00000000000000000000 0.10212815908821591682
0.00000000000000000000 0.10256081308414452535
0.00000000000000000000 0.10268978303595485690
0.00000000000000000000 0.10269435621799752334
0.00000000000000000000 0.10273516826730556828
0.00000000000000000000 0.10306172303035124327
0.00000000000000000000 0.10346001197176965536
0.00000000000000000000 0.10354111253299264073
0.00000000000000000000 0.10501909445962848144
0.00000000000000000000 0.10528575399617275121
0.00000000000000000000 0.10543332489780497807
0.00000000000000000000 0.10547219772095764445
0.00000000000000000000 0.10597655466494101950
0.00000000000000000000 0.10618721773231021288
0.00000000000000000000 0.10647308120576440271
0.00000000000000000000 0.10694700063370944643
0.00000000000000000000 0.10727167593530495537
0.00000000000000000000 0.10736203816965586566
0.00000000000000000000 0.10740077535644672324
0.00000000000000000000 0.10757155509004179272
0.00000000000000000000 0.10758020423293812584
0.00000000000000000000 0.10807926524750605113
0.00000000000000000000 0.10825491679625556807
0.00000000000000000000 0.10957619486755290628
0.00000000000000000000 0.10986932051245219821
0.00000000000000000000 0.10988052918724808271
0.00000000000000000000 0.10988466520891636280
0.00000000000000000000 0.11010997361399366135
0.00000000000000000000 0.11011384787065173207
0.00000000000000000000 0.11029586720160432234
0.00000000000000000000 0.11031148651389702242
0.00000000000000000000 0.11060694430798222176
0.00000000000000000000 0.11063214816166518084
0.00000000000000000000 0.11144381483672261002
0.00000000000000000000 0.11297044819326899912
0.00000000000000000000 0.11384153189486173607
0.00000000000000000000 0.11388306637952361200
0.00000000000000000000 0.11423756361916559410
0.00000000000000000000 0.11461116714331394395
0.00000000000000000000 0.11472597343081858412
0.00000000000000000000 0.11507581220705552505
0.00000000000000000000 0.11550317326082885916
0.00000000000000000000 0.11555052816730022880
0.00000000000000000000 0.11572368762653646723
0.00000000000000000000 0.11575603786118177085
0.00000000000000000000 0.11586941505339787284
0.00000000000000000000 0.11601893623668292632
0.00000000000000000000 0.11618118162166247986
0.00000000000000000000 0.11632788267388850800
0.00000000000000000000 0.11639368249433751368
0.00000000000000000000 0.11645353077269399167
0.00000000000000000000 0.11653666107686133646
0.00000000000000000000 0.11684293223547123630
0.00000000000000000000 0.11720514710153998039
0.00000000000000000000 0.11749121564586981203
0.00000000000000000000 0.11764356945978746150
0.00000000000000000000 0.11769492760689090338
0.00000000000000000000 0.11791758689483501643
0.00000000000000000000 0.11808426354770897027
0.00000000000000000000 0.11819471053098877522
0.00000000000000000000 0.11900281501643250603
0.00000000000000000000 0.11934640169710608593
0.00000000000000000000 0.11958438645773288023
0.00000000000000000000 0.11963111510943762184
0.00000000000000000000 0.11989240568840069112
0.00000000000000000000 0.12026296257786826815
0.00000000000000000000 0.12034682534067363269
0.00000000000000000000 0.12041633871284246338
0.00000000000000000000 0.12047831666662008054
0.00000000000000000000 0.12083611930617790819
0.00000000000000000000 0.12096066498181465287
0.00000000000000000000 0.12130443817197773815
0.00000000000000000000 0.12153815159538186585
0.00000000000000000000 0.12166161455797058766
0.00000000000000000000 0.12191009740671691908
0.00000000000000000000 0.12199619683883619614
0.00000000000000000000 0.12207554729688654960
0.00000000000000000000 0.12221641507388886216
0.00000000000000000000 0.12258279174260269806
0.00000000000000000000 0.12279630933531096582
0.00000000000000000000 0.12323666418142986689
0.00000000000000000000 0.12324823767985154666
0.00000000000000000000 0.12363932487010843853
0.00000000000000000000 0.12460100527579821839
0.00000000000000000000 0.12508007598052633957
0.00000000000000000000 0.12510901837802712588
0.00000000000000000000 0.12520743647785259611
0.00000000000000000000 0.12536894585662278212
0.00000000000000000000 0.12567134963343662424
0.00000000000000000000 0.12601803709764952677
0.00000000000000000000 0.12616556685394667014
0.00000000000000000000 0.12617504783549851610
0.00000000000000000000 0.12636909399441567659
0.00000000000000000000 0.12709260393009977341
0.00000000000000000000 0.12716969663679789093
0.00000000000000000000 0.12721896401416207811
0.00000000000000000000 0.12759623013784973655
0.00000000000000000000 0.12804596970218887209
0.00000000000000000000 0.12843739863520364786
0.00000000000000000000 0.12850840906298949262
0.00000000000000000000 0.12885062999377103199
0.00000000000000000000 0.12898300338913970542
0.00000000000000000000 0.12902481713893348969
0.00000000000000000000 0.12914551158282500110
0.00000000000000000000 0.12914937593834519003
0.00000000000000000000 0.12929924013313781606
0.00000000000000000000 0.12940039888811416535
0.00000000000000000000 0.12985288714246256969
0.00000000000000000000 0.12985777274617746335
0.00000000000000000000 0.13010636037235687179
0.00000000000000000000 0.13031619686618528542
0.00000000000000000000 0.13053254197688848870
0.00000000000000000000 0.13096173071575473168
0.00000000000000000000 0.13102159200809548878
0.00000000000000000000 0.13113231871648245441
0.00000000000000000000 0.13147904739607346736
0.00000000000000000000 0.13216027885949951926
0.00000000000000000000 0.13219172794501352075
0.00000000000000000000 0.13243923217397141068
0.00000000000000000000 0.13253407640596534534
0.00000000000000000000 0.13334499364203056260
0.00000000000000000000 0.13430933073855139126
0.00000000000000000000 0.13431987157853886306
0.00000000000000000000 0.13473890549935568783
0.00000000000000000000 0.13475596545701593043
0.00000000000000000000 0.13517668545155164805
0.00000000000000000000 0.13520661774540390643
0.00000000000000000000 0.13551030351910553495
0.00000000000000000000 0.13563435474636328926
0.00000000000000000000 0.13572623937813668715
0.00000000000000000000 0.13580873029334139535
0.00000000000000000000 0.13679927924284185359
0.00000000000000000000 0.13680349468021163473
0.00000000000000000000 0.13730702078757639484
0.00000000000000000000 0.13732742653763455043
0.00000000000000000000 0.13739813945123205419
0.00000000000000000000 0.13784205832266083203
0.00000000000000000000 0.13808012079249665227
0.00000000000000000000 0.13841185034336750403
0.00000000000000000000 0.13847233993008192798
0.00000000000000000000 0.13883835341624076176
0.00000000000000000000 0.14007045021092132120
0.00000000000000000000 0.14018070533271831390
0.00000000000000000000 0.14061527502087653452
0.00000000000000000000 0.14063785798189257226
0.00000000000000000000 0.14072249727208571701
0.00000000000000000000 0.14072643823233080274
0.00000000000000000000 0.14117345891271115832
0.00000000000000000000 0.14188157615051924521
0.00000000000000000000 0.14223426002097513954
0.00000000000000000000 0.14383196921045907080
0.00000000000000000000 0.14428402119460054243
0.00000000000000000000 0.14453166148785509537
0.00000000000000000000 0.14558580379153157613
0.00000000000000000000 0.14562427437618530313
0.00000000000000000000 0.14565811233647413259
0.00000000000000000000 0.14593525736745188714
0.00000000000000000000 0.14657998182731662995
0.00000000000000000000 0.14675900833816596380
0.00000000000000000000 0.14728192472821488579
0.00000000000000000000 0.14760423780890916112
0.00000000000000000000 0.14785472472926300402
0.00000000000000000000 0.14790232620800511376
0.00000000000000000000 0.14826047027344019247
0.00000000000000000000 0.14864464955105496924
0.00000000000000000000 0.14940594231092943489
0.00000000000000000000 0.14944139792960556279
0.00000000000000000000 0.14974280768145686871
0.00000000000000000000 0.15015390127067820836
0.00000000000000000000 0.15023682352292971887
0.00000000000000000000 0.15041397185078145271
0.00000000000000000000 0.15098786543505135493
0.00000000000000000000 0.15101189616576077279
0.00000000000000000000 0.15167411951715040197
0.00000000000000000000 0.15201086375824968133
0.00000000000000000000 0.15250567782578952625
0.00000000000000000000 0.15257387467826274974
0.00000000000000000000 0.15343554119026237004
0.00000000000000000000 0.15343972160519289694
0.00000000000000000000 0.15355328886441432790
0.00000000000000000000 0.15373023863120099941
0.00000000000000000000 0.15401682205036229534
0.00000000000000000000 0.15409474345267445972
0.00000000000000000000 0.15415249171042022525
0.00000000000000000000 0.15456993894522369493
0.00000000000000000000 0.15499527995843606631
0.00000000000000000000 0.15519209241202983063
0.00000000000000000000 0.15520484965824940526
0.00000000000000000000 0.15553019605645862500
0.00000000000000000000 0.15590710158324447288
0.00000000000000000000 0.15591133100498394404
0.00000000000000000000 0.15778866124828946904
0.00000000000000000000 0.15781859088620525666
0.00000000000000000000 0.15807851148534807217
0.00000000000000000000 0.15810328720403543645
0.00000000000000000000 0.15832784955678080863
0.00000000000000000000 0.16250248075810819204
0.00000000000000000000 0.16261007499946053545
0.00000000000000000000 0.16441764365373878753
0.00000000000000000000 0.16447170121723284075
0.00000000000000000000 0.16505494144944357626
0.00000000000000000000 0.16553137051158930970
0.00000000000000000000 0.16575253726318550651
0.00000000000000000000 0.16804844273682603695
0.00000000000000000000 0.16892791574743501459
0.00000000000000000000 0.16934679277729111635
0.00000000000000000000 0.16952865131438785151
0.00000000000000000000 0.16979384848089559834
0.00000000000000000000 0.17045639869359230367
0.00000000000000000000 0.17187729053960890124
0.00000000000000000000 0.17387077711707080163
0.00000000000000000000 0.17397740934952615754
0.00000000000000000000 0.17758548450108060934
0.00000000000000000000 0.17793472082241337806
0.00000000000000000000 0.17955225131384830450
0.00000000000000000000 0.18362960951383330843
0.00000000000000000000 0.18981993030133631484
0.00000000000000000000 0.19609621966983697972
0.00000000000000000000 0.19948744931905845745
0.00000000000000000000 0.20012438249839861748
0.00000000000000000000 0.20601816900985361891
0.00000000000000000000 0.23725263170548602232
0.00000000000000000000 1.73205080756887719318
