0.00000000000000000000 0.00171105069073343398
0.00000000000000000000 0.00172103982491033573
0.00000000000000000000 0.00189950372812921131
0.00000000000000000000 0.00203708129577449088
0.00000000000000000000 0.00215178654225707360
0.00000000000000000000 0.00226085098173533323
0.00000000000000000000 0.00231080618503302047
0.00000000000000000000 0.00259525556186181389
0.00000000000000000000 0.00288555560254704887
0.00000000000000000000 0.00300389340587460443
0.00000000000000000000 0.00334961903117015096
0.00000000000000000000 0.00345467321639221460
0.00000000000000000000 0.00348414260935014843
0.00000000000000000000 0.00354268769233068073
0.00000000000000000000 0.00359355400823287152
0.00000000000000000000 0.00360310360280020024
0.00000000000000000000 0.00378746786958849939
0.00000000000000000000 0.00383485079173704994
0.00000000000000000000 0.00389877933468290531
0.00000000000000000000 0.00391473658126972532
0.00000000000000000000 0.00396849210220021065
0.00000000000000000000 0.00399605155660826428
0.00000000000000000000 0.00399870876544846515
0.00000000000000000000 0.00402992187141362063
0.00000000000000000000 0.00403779051308410589
0.00000000000000000000 0.00404791143453489544
0.00000000000000000000 0.00405047807842198303
0.00000000000000000000 0.00407385170611899907
0.00000000000000000000 0.00407746377794275441
0.00000000000000000000 0.00410535307040624069
0.00000000000000000000 0.00411658303322144994
0.00000000000000000000 0.00418427282562738260
0.00000000000000000000 0.00420017922183641822
0.00000000000000000000 0.00421368676334529790
0.00000000000000000000 0.00424962691014996608
0.00000000000000000000 0.00432959890045692044
0.00000000000000000000 0.00434808763457889252
0.00000000000000000000 0.00435101215388397026
0.00000000000000000000 0.00440169546803855991
0.00000000000000000000 0.00440875076973851199
0.00000000000000000000 0.00442143839886746919
0.00000000000000000000 0.00449688588177391858
0.00000000000000000000 0.00450026293944606314
0.00000000000000000000 0.00451818039790299972
0.00000000000000000000 0.00451820889910217825
0.00000000000000000000 0.00459420409464216407
0.00000000000000000000 0.00463241667784389244
0.00000000000000000000 0.00464161971236090858
0.00000000000000000000 0.00464581394903126194
0.00000000000000000000 0.00466319908410051456
0.00000000000000000000 0.00466553352546570169
0.00000000000000000000 0.00467920723969748962
0.00000000000000000000 0.00474935018211945000
0.00000000000000000000 0.00474977152274184532
0.00000000000000000000 0.00475386888104621999
0.00000000000000000000 0.00478128314694238696
0.00000000000000000000 0.00481138690643934629
0.00000000000000000000 0.00481738262475312363
0.00000000000000000000 0.00486304458680052090
0.00000000000000000000 0.00500259512675342490
0.00000000000000000000 0.00500401007031199985
0.00000000000000000000 0.00503588001330849445
0.00000000000000000000 0.00504924248656945900
0.00000000000000000000 0.00510869250037060754
0.00000000000000000000 0.00511969836285821722
0.00000000000000000000 0.00512250675620989741
0.00000000000000000000 0.00514966058335073699
0.00000000000000000000 0.00517387986064701388
0.00000000000000000000 0.00519049798974597319
0.00000000000000000000 0.00525406535923159286
0.00000000000000000000 0.00528845979246881683
0.00000000000000000000 0.00529637927312426402
0.00000000000000000000 0.00532118382842695740
0.00000000000000000000 0.00534303925329765710
0.00000000000000000000 0.00535984559470093977
0.00000000000000000000 0.00540292663831253017
0.00000000000000000000 0.00543733691458341255
0.00000000000000000000 0.00546968928407717218
0.00000000000000000000 0.00547318375655148071
0.00000000000000000000 0.00549457930244667825
0.00000000000000000000 0.00552301404940753939
0.00000000000000000000 0.00557485648687939053
0.00000000000000000000 0.00559955361563198133
0.00000000000000000000 0.00560158787746181663
0.00000000000000000000 0.00564755741434377987
0.00000000000000000000 0.00566024657206550506
0.00000000000000000000 0.00567403426213445358
0.00000000000000000000 0.00568866203797870843
0.00000000000000000000 0.00574926184643625646
0.00000000000000000000 0.00575257797070814498
0.00000000000000000000 0.00576415801841432228
0.00000000000000000000 0.00579030349267300928
0.00000000000000000000 0.00581821620772504135
0.00000000000000000000 0.00583241507332436793
0.00000000000000000000 0.00586872315786044624
0.00000000000000000000 0.00590240348305776184
0.00000000000000000000 0.00592882941758135235
0.00000000000000000000 0.00594237343121970744
0.00000000000000000000 0.00595212896997429717
0.00000000000000000000 0.00597061391333082205
0.00000000000000000000 0.00598663346592675106
0.00000000000000000000 0.00599876520907760471
0.00000000000000000000 0.00603472939133761679
0.00000000000000000000 0.00604951083315166151
0.00000000000000000000 0.00613971032486167797
0.00000000000000000000 0.00615223426081863527
0.00000000000000000000 0.00616246884573033379
0.00000000000000000000 0.00617200684937136909
0.00000000000000000000 0.00620417378247731157
0.00000000000000000000 0.00621030609017888136
0.00000000000000000000 0.00621240407814306790
0.00000000000000000000 0.00625337267307774121
0.00000000000000000000 0.00626675030162141510
0.00000000000000000000 0.00628400091995032217
0.00000000000000000000 0.00639902238838438442
0.00000000000000000000 0.00641776381894719732
0.00000000000000000000 0.00643876787911812961
0.00000000000000000000 0.00646875900588624389
0.00000000000000000000 0.00647995403124443283
0.00000000000000000000 0.00649091176102650595
0.00000000000000000000 0.00651012706500996106
0.00000000000000000000 0.00651016695165780156
0.00000000000000000000 0.00653527470084033519
0.00000000000000000000 0.00653639692054985930
0.00000000000000000000 0.00654481021154660822
0.00000000000000000000 0.00661402423687135546
0.00000000000000000000 0.00665573940422306987
0.00000000000000000000 0.00668181762142715588
0.00000000000000000000 0.00668911956495503446
0.00000000000000000000 0.00669644050369133659
0.00000000000000000000 0.00675522408798169983
0.00000000000000000000 0.00683739446304292876
0.00000000000000000000 0.00684502179966133863
0.00000000000000000000 0.00684885350518486466
0.00000000000000000000 0.00687125267553745280
0.00000000000000000000 0.00687221384250535916
0.00000000000000000000 0.00692555551688773564
0.00000000000000000000 0.00695845323351988818
0.00000000000000000000 0.00697499861589898594
0.00000000000000000000 0.00698168886905350689
0.00000000000000000000 0.00699030734949425154
0.00000000000000000000 0.00701257820391997400
0.00000000000000000000 0.00701952720757485858
0.00000000000000000000 0.00709620564205623930
0.00000000000000000000 0.00711214561534110213
0.00000000000000000000 0.00711459530845059279
0.00000000000000000000 0.00717671239033614364
0.00000000000000000000 0.00719474328238509184
0.00000000000000000000 0.00720764609108102538
0.00000000000000000000 0.00721438709524902660
0.00000000000000000000 0.00721761385927586954
0.00000000000000000000 0.00722071923087747210
0.00000000000000000000 0.00724520888155775079
0.00000000000000000000 0.00731774790368497005
0.00000000000000000000 0.00731777198357769915
0.00000000000000000000 0.00734158408605433115
0.00000000000000000000 0.00735586727337696634
0.00000000000000000000 0.00737977677620832006
0.00000000000000000000 0.00738798872452015726
0.00000000000000000000 0.00738895012231611300
0.00000000000000000000 0.00741558434359957351
0.00000000000000000000 0.00743673380778812811
0.00000000000000000000 0.00744789967327850501
0.00000000000000000000 0.00748501992276943192
0.00000000000000000000 0.00749980134895958557
0.00000000000000000000 0.00749996984754764534
0.00000000000000000000 0.00750248330199720145
0.00000000000000000000 0.00751173458726202455
0.00000000000000000000 0.00751421317589967032
0.00000000000000000000 0.00751505455991887186
0.00000000000000000000 0.00752127292576261052
0.00000000000000000000 0.00752301639563378918
0.00000000000000000000 0.00753187878071730557
0.00000000000000000000 0.00753503780249126318
0.00000000000000000000 0.00754659208291078541
0.00000000000000000000 0.00755186598535379731
0.00000000000000000000 0.00757851853464515304
0.00000000000000000000 0.00760460183450151119
0.00000000000000000000 0.00760976322344917092
0.00000000000000000000 0.00762246763139307233
0.00000000000000000000 0.00762512024633529677
0.00000000000000000000 0.00765071242367951817
0.00000000000000000000 0.00765608458980808135
0.00000000000000000000 0.00766609520228932282
0.00000000000000000000 0.00766967900538170679
0.00000000000000000000 0.00767204608216688969
0.00000000000000000000 0.00769386516636693264
0.00000000000000000000 0.00771380689779766014
0.00000000000000000000 0.00771468438434947008
0.00000000000000000000 0.00775636079562348497
0.00000000000000000000 0.00780288844921966929
0.00000000000000000000 0.00783466470673181876
0.00000000000000000000 0.00788298954508422946
0.00000000000000000000 0.00795277716644537946
0.00000000000000000000 0.00795624888531709998
0.00000000000000000000 0.00796823538921637847
0.00000000000000000000 0.00799786019292097680
0.00000000000000000000 0.00802021765807441750
0.00000000000000000000 0.00802483119939988859
0.00000000000000000000 0.00806322952937682698
0.00000000000000000000 0.00808193017307848316
0.00000000000000000000 0.00809074505757375294
0.00000000000000000000 0.00809577426278350679
0.00000000000000000000 0.00809673000416404748
0.00000000000000000000 0.00813743555417019426
0.00000000000000000000 0.00817993899403569695
0.00000000000000000000 0.00819544640375739937
0.00000000000000000000 0.00820149974760775273
0.00000000000000000000 0.00822418920214840372
0.00000000000000000000 0.00828473132637445701
0.00000000000000000000 0.00828568990321883886
0.00000000000000000000 0.00829488334024676248
0.00000000000000000000 0.00830897048945159963
0.00000000000000000000 0.00831659320248042885
0.00000000000000000000 0.00834872807962985276
0.00000000000000000000 0.00839557475242467925
0.00000000000000000000 0.00841622480822013658
0.00000000000000000000 0.00848260897059092273
0.00000000000000000000 0.00853833648693762444
0.00000000000000000000 0.00855279873231502320
0.00000000000000000000 0.00856041004119010782
0.00000000000000000000 0.00857241748395635821
0.00000000000000000000 0.00858006902981633089
0.00000000000000000000 0.00858165720040581295
0.00000000000000000000 0.00865336930919164034
0.00000000000000000000 0.00878200579878344288
0.00000000000000000000 0.00879404209121766207
0.00000000000000000000 0.00886621016398974129
0.00000000000000000000 0.00887781429417085731
0.00000000000000000000 0.00889480883015489505
0.00000000000000000000 0.00900311172273106364
0.00000000000000000000 0.00911255803886095589
0.00000000000000000000 0.00911345395338748580
0.00000000000000000000 0.00912494442724443369
0.00000000000000000000 0.00912951120638393933
0.00000000000000000000 0.00914085312925710936
0.00000000000000000000 0.00919011170842742517
0.00000000000000000000 0.00920627756886400681
0.00000000000000000000 0.00925815849336962191
0.00000000000000000000 0.00926720696456693679
0.00000000000000000000 0.00930821075615478888
0.00000000000000000000 0.00931422030249969175
0.00000000000000000000 0.00931709273306283343
0.00000000000000000000 0.00937538729514020459
0.00000000000000000000 0.00939834261715838219
0.00000000000000000000 0.00940995249598856366
0.00000000000000000000 0.00941632729536648859
0.00000000000000000000 0.00946661666958221321
0.00000000000000000000 0.00948881671104727029
0.00000000000000000000 0.00949318408844180076
0.00000000000000000000 0.00953786580418873077
0.00000000000000000000 0.00954139165681057271
0.00000000000000000000 0.00956680962136622140
0.00000000000000000000 0.00957684982621496809
0.00000000000000000000 0.00962730730762159474
0.00000000000000000000 0.00970081138344518548
0.00000000000000000000 0.00973173781126519810
0.00000000000000000000 0.00976353590112361697
0.00000000000000000000 0.00977914849261023698
0.00000000000000000000 0.00980404578087931342
0.00000000000000000000 0.00981985634076352858
0.00000000000000000000 0.00989772743450691855
0.00000000000000000000 0.00990768986229332259
0.00000000000000000000 0.00998007400501694369
0.00000000000000000000 0.00998961082620170721
0.00000000000000000000 0.01005745962937336195
0.00000000000000000000 0.01008405837056198552
0.00000000000000000000 0.01013350399659128376
0.00000000000000000000 0.01016912842049815663
0.00000000000000000000 0.01031146008063891714
0.00000000000000000000 0.01031972997473182621
0.00000000000000000000 0.01032446570769322836
0.00000000000000000000 0.01032498069400551548
0.00000000000000000000 0.01033352007194170662
0.00000000000000000000 0.01035006795122274739
0.00000000000000000000 0.01036667344858581592
0.00000000000000000000 0.01039009222466548595
0.00000000000000000000 0.01045644811113079220
0.00000000000000000000 0.01047749497840034551
0.00000000000000000000 0.01050594026246387362
0.00000000000000000000 0.01053946528298842222
0.00000000000000000000 0.01055076009858701806
0.00000000000000000000 0.01056258916390008865
0.00000000000000000000 0.01065035073153812635
0.00000000000000000000 0.01065304606772474010
0.00000000000000000000 0.01076335990640424692
0.00000000000000000000 0.01079507611667944803
0.00000000000000000000 0.01079973165723807464
0.00000000000000000000 0.01085949096232423014
0.00000000000000000000 0.01096112615420399145
0.00000000000000000000 0.01097386944663196646
0.00000000000000000000 0.01098302867470658112
0.00000000000000000000 0.01101270340872458758
0.00000000000000000000 0.01108783813521454706
0.00000000000000000000 0.01118405486141159713
0.00000000000000000000 0.01119857589820496754
0.00000000000000000000 0.01122436601085936500
0.00000000000000000000 0.01123270125189298856
0.00000000000000000000 0.01124368021374813620
0.00000000000000000000 0.01124627473043466816
0.00000000000000000000 0.01127254743034810172
0.00000000000000000000 0.01127991812212429147
0.00000000000000000000 0.01128680448627249200
0.00000000000000000000 0.01130071162825251399
0.00000000000000000000 0.01130762148273644838
0.00000000000000000000 0.01132614409112776312
0.00000000000000000000 0.01135288570418242077
0.00000000000000000000 0.01139359912025944728
0.00000000000000000000 0.01143780115706848587
0.00000000000000000000 0.01149414280076235806
0.00000000000000000000 0.01156438330490532247
0.00000000000000000000 0.01156583761743028467
0.00000000000000000000 0.01156866047589212403
0.00000000000000000000 0.01158011594918442744
0.00000000000000000000 0.01159104933216728237
0.00000000000000000000 0.01159974912282274104
0.00000000000000000000 0.01161511865489239272
0.00000000000000000000 0.01167000473389679348
0.00000000000000000000 0.01167132502986872183
0.00000000000000000000 0.01167288238314430349
0.00000000000000000000 0.01169760817107387205
0.00000000000000000000 0.01178776603148442084
0.00000000000000000000 0.01179119462872961661
0.00000000000000000000 0.01183642041680396488
0.00000000000000000000 0.01186935653688067464
0.00000000000000000000 0.01188667325857584341
0.00000000000000000000 0.01193877373050399558
0.00000000000000000000 0.01196132033164795140
0.00000000000000000000 0.01198804292485691238
0.00000000000000000000 0.01216948939681035749
0.00000000000000000000 0.01226070850318509639
0.00000000000000000000 0.01226221522908153838
0.00000000000000000000 0.01226344328280193005
0.00000000000000000000 0.01230803587283709269
0.00000000000000000000 0.01232914532352686297
0.00000000000000000000 0.01247207496611509731
0.00000000000000000000 0.01247763065085613458
0.00000000000000000000 0.01252469779431848382
0.00000000000000000000 0.01262122155136076972
0.00000000000000000000 0.01263559064916130494
0.00000000000000000000 0.01266052881828624854
0.00000000000000000000 0.01267733757819781114
0.00000000000000000000 0.01269076357340343832
0.00000000000000000000 0.01279046911074836930
0.00000000000000000000 0.01279544448566934632
0.00000000000000000000 0.01280871731001982823
0.00000000000000000000 0.01287486810719299345
0.00000000000000000000 0.01291478884259759756
0.00000000000000000000 0.01292578351045917985
0.00000000000000000000 0.01294675281100819350
0.00000000000000000000 0.01316159365495334424
0.00000000000000000000 0.01317333779697553962
0.00000000000000000000 0.01319576101315853879
0.00000000000000000000 0.01320019430453256253
0.00000000000000000000 0.01321310413436082264
0.00000000000000000000 0.01322988302575881826
0.00000000000000000000 0.01337500688594615676
0.00000000000000000000 0.01341052698239928592
0.00000000000000000000 0.01342968201236619842
0.00000000000000000000 0.01344399686199675842
0.00000000000000000000 0.01346436418112408745
0.00000000000000000000 0.01347136985484954398
0.00000000000000000000 0.01349664633255463590
0.00000000000000000000 0.01349956511771975565
0.00000000000000000000 0.01350632287431189488
0.00000000000000000000 0.01354999029239507304
0.00000000000000000000 0.01358442239688622058
0.00000000000000000000 0.01364617848866889020
0.00000000000000000000 0.01365139594443723348
0.00000000000000000000 0.01371096307525595560
0.00000000000000000000 0.01380050816001297115
0.00000000000000000000 0.01382288516872954079
0.00000000000000000000 0.01390463785277630017
0.00000000000000000000 0.01393002448894289057
0.00000000000000000000 0.01399321694269287097
0.00000000000000000000 0.01402447912181903691
0.00000000000000000000 0.01403198625680203079
0.00000000000000000000 0.01431289925959001140
0.00000000000000000000 0.01436472262523137353
0.00000000000000000000 0.01443171498507399980
0.00000000000000000000 0.01445151690512522236
0.00000000000000000000 0.01448093724428089861
0.00000000000000000000 0.01449965064502423823
0.00000000000000000000 0.01455298549343668826
0.00000000000000000000 0.01466333899991808208
0.00000000000000000000 0.01469097789541623511
0.00000000000000000000 0.01470677149833028892
0.00000000000000000000 0.01471932760867704013
0.00000000000000000000 0.01475119967658654677
0.00000000000000000000 0.01475797316113761082
0.00000000000000000000 0.01484840907214736959
0.00000000000000000000 0.01495229344407336333
0.00000000000000000000 0.01504431079503323020
0.00000000000000000000 0.01509153270002885038
0.00000000000000000000 0.01511701773604668883
0.00000000000000000000 0.01515786265985328597
0.00000000000000000000 0.01518293531315929694
0.00000000000000000000 0.01520253324773970446
0.00000000000000000000 0.01524037076581212340
0.00000000000000000000 0.01526035625253677197
0.00000000000000000000 0.01530594699528907247
0.00000000000000000000 0.01531252056062891616
0.00000000000000000000 0.01538465792980809113
0.00000000000000000000 0.01540403495182065402
0.00000000000000000000 0.01542425336144797807
0.00000000000000000000 0.01548330514186216020
0.00000000000000000000 0.01549101162672831926
0.00000000000000000000 0.01576059041826312693
0.00000000000000000000 0.01588513118042655936
0.00000000000000000000 0.01590401179417830907
0.00000000000000000000 0.01596731175016083762
0.00000000000000000000 0.01604086972886819076
0.00000000000000000000 0.01608958019195563457
0.00000000000000000000 0.01613927095181186960
0.00000000000000000000 0.01618584911842012308
0.00000000000000000000 0.01621221641699885710
0.00000000000000000000 0.01621531228973311159
0.00000000000000000000 0.01629248876694649670
0.00000000000000000000 0.01632304225977721651
0.00000000000000000000 0.01638387616803378341
0.00000000000000000000 0.01642616599860452498
0.00000000000000000000 0.01645353936629616320
0.00000000000000000000 0.01648687204513939186
0.00000000000000000000 0.01651644716748367284
0.00000000000000000000 0.01654428718658002354
0.00000000000000000000 0.01664978405444993842
0.00000000000000000000 0.01669585176440606042
0.00000000000000000000 0.01671875108960567749
0.00000000000000000000 0.01677398720581193756
0.00000000000000000000 0.01677631628681658729
0.00000000000000000000 0.01683176824398859017
0.00000000000000000000 0.01694539405951446184
0.00000000000000000000 0.01710712096092128695
0.00000000000000000000 0.01717229938916606247
0.00000000000000000000 0.01723142171250062471
0.00000000000000000000 0.01746825815096086920
0.00000000000000000000 0.01822088974964681737
0.00000000000000000000 0.01854407633986408788
0.00000000000000000000 0.01855563000452443989
0.00000000000000000000 0.01858137643199438485
0.00000000000000000000 0.01904751801222378388
0.00000000000000000000 0.01937329798107785550
0.00000000000000000000 0.01938601685013576978
0.00000000000000000000 0.01954767463960192450
0.00000000000000000000 0.01974241100384318409
0.00000000000000000000 0.01998625090471106008
0.00000000000000000000 0.02018974583651340915
0.00000000000000000000 0.02022179800376540035
0.00000000000000000000 0.02036226725665558554
0.00000000000000000000 0.02052181183050168917
0.00000000000000000000 0.02055617322218279003
0.00000000000000000000 0.02082476307661040166
0.00000000000000000000 0.02100321413384341127
0.00000000000000000000 0.02112306737742346979
0.00000000000000000000 0.02118244950083598629
0.00000000000000000000 0.02136179603253643769
0.00000000000000000000 0.02140666896299703303
0.00000000000000000000 0.02145736191229213191
0.00000000000000000000 0.02179455097202030039
0.00000000000000000000 0.02187592974178091329
0.00000000000000000000 0.02209291278825979699
0.00000000000000000000 0.02217458791814994057
0.00000000000000000000 0.02258280503288154911
0.00000000000000000000 0.02291034071211118725
0.00000000000000000000 0.02311400801649754130
0.00000000000000000000 0.02325798820874921263
0.00000000000000000000 0.02338237474709652791
0.00000000000000000000 0.02367068775851800810
0.00000000000000000000 0.02386578103672165260
0.00000000000000000000 0.02444692795850640296
0.00000000000000000000 0.02450314042274155668
0.00000000000000000000 0.02460508720873536698
0.00000000000000000000 0.02489836980647163259
0.00000000000000000000 0.02500303879800179138
0.00000000000000000000 0.02533851075573842135
0.00000000000000000000 0.02571532881255002637
0.00000000000000000000 0.02583340389112282962
0.00000000000000000000 0.02594368733346896425
0.00000000000000000000 0.02761083682421777361
0.00000000000000000000 0.02785077413206403160
0.00000000000000000000 0.02797900658403329119
0.00000000000000000000 0.02802408952633837422
0.00000000000000000000 0.03027297929238472948
0.00000000000000000000 0.03035574728096470873
0.00000000000000000000 0.03157238949065999806
0.00000000000000000000 0.03225309175729888789
0.00000000000000000000 0.03226203962670705361
0.00000000000000000000 0.03900625656787695683
0.00000000000000000000 0.04318230332976521341
0.00000000000000000000 0.04540235942732408908
0.00000000000000000000 0.04562648829818045232
0.00000000000000000000 0.05754386758084722303
0.00000000000000000000 0.05834811230719972458
0.00000000000000000000 0.06391731444753670499
0.00000000000000000000 0.06928414553601670856
0.00000000000000000000 0.06972299621729240171
0.00000000000000000000 0.08255738623279496036
0.00000000000000000000 0.28169014862966146318
0.00000000000000000000 0.70894843842311050519
0.00000000000000000000 1.73205080756887719318
