0.04752950632412993731 0.05657341705462223813
0.06500205898310108810 0.07626590636715611937
0.06763667807399760534 0.07688417688201787392
0.08154488557956415806 0.08400683091031503624
0.07668501670003891046 0.08559790813648589236
0.07914177654875209633 0.08752309682215732300
0.08753530626505635903 0.08894858740084519988
0.08663252863375409119 0.09031384981204711171
0.08412216257151514109 0.09141701684447225973
0.08273050399750907224 0.09532254937381909321
0.09425444589083419034 0.09602274449434863857
0.09196641693251161875 0.09677372607838599650
0.08838053479241042565 0.09724361998402236695
0.08902564534194565282 0.09843024976011129079
0.09243653050475920951 0.09846171169063437645
0.09431220876182648538 0.09864456335974484957
0.09237527923224010673 0.09932572917083176689
0.09778712437913190947 0.10000288871258616874
0.08025353947246179065 0.10096848533140385940
0.07817710757592130633 0.10287215985321300493
0.08600237654658697550 0.10315602491477091074
0.10069992364434696142 0.10401223542738374794
0.09297421586994848719 0.10543088903325173455
0.10433217709394251860 0.10588718377514391711
0.10364162412503145905 0.10727136038515117100
0.10621439802123126828 0.11119944828568109618
0.11075652900730920125 0.11124442671081692657
0.10414638647720088349 0.11268436177979201940
0.11072570494738966096 0.11343012490133487502
0.11383189906052297580 0.11579394551724508933
0.11609993374835024527 0.11666123077623889726
0.11678509181973742437 0.11707057088224566421
0.11660194741532815821 0.11785402949859129229
0.11391121229917151869 0.11801801112987546361
0.11433292999440636262 0.11803526946323668334
0.11363818521216273449 0.11826740488194827094
0.09959036329318908531 0.11848092702390303210
0.10087295066611978722 0.11861874898537197454
0.11678375224153550449 0.11875114741576071886
0.11447087528166451087 0.11964052779654099634
0.11098644396475920715 0.11971517618253037230
0.11352060398436276956 0.12143245983507654218
0.11816791698967793467 0.12205877573861209640
0.11190012875563429273 0.12227714289522886859
0.10859175719182240227 0.12259850195698043795
0.11925333591295042557 0.12386157560335611660
0.12575902651545833866 0.12632987661755371023
0.12074072804072609466 0.12643897315030980244
0.12334958431817452662 0.12745184437210077544
0.11140274182788374724 0.12869832654991186782
0.12572229963788333906 0.12999338505262578169
0.11945301879455917649 0.13011644041195882804
0.12252800624196485968 0.13025109334980525255
0.12455314893411691124 0.13060770580533578866
0.10432538524280728087 0.13120137760346503586
0.11785651144082232022 0.13233786088613877507
0.12621124580333081822 0.13303751362134302871
0.12524464954833849917 0.13311512746531142803
0.11395073814589706807 0.13385557633178218895
0.13199662157549227337 0.13401150316711493704
0.10520132864536813067 0.13466281102229404887
0.12315105287669919631 0.13511162487313610470
0.11776638522482386906 0.13521996034407138265
0.13391595595475816460 0.13662969857920578831
0.13307889729164260051 0.13806515130886917730
0.11550440454671516421 0.13949590669684713840
0.13081929449000453958 0.13952208908486479766
0.10480418127462282074 0.13984205251039938389
0.11458171124107921490 0.14010701482842052856
0.10906276422360926259 0.14092016880698768344
0.13204607213077612649 0.14106573112248255164
0.13769992754572046856 0.14110275023531548833
0.13085777858059852163 0.14173246404805966980
0.13669592623412554766 0.14294568023266063239
0.14121100248300474944 0.14305138646414022885
0.10250472523226232535 0.14337642829125116228
0.12660445194347580422 0.14370149421674641155
0.12462636654581672746 0.14399018013315945108
0.14353229102853401478 0.14418317015171691620
0.13016039271483811901 0.14464939986028491070
0.14090217607541583034 0.14465250690555511714
0.11648581781568505267 0.14674984577097352489
0.12176302259526927685 0.14701465294995980093
0.13400883332015589566 0.14850879579037276623
0.14028737120808332239 0.14858892104060780759
0.12178734389690697160 0.14859749481223061274
0.13628335832068136368 0.14966659037904125884
0.13688908070160532571 0.14971912903513276416
0.10433648577280008052 0.14993096334660510616
0.11823611652682775031 0.15078083053357080323
0.10957138670637915634 0.15117742979615095278
0.13713540753331035504 0.15309881467417402190
0.14191903466248517729 0.15321935631665395405
0.14337852523886243650 0.15381684963979716518
0.14768149515208414679 0.15389954210758655107
0.13941761145832029523 0.15469244755390870738
0.13429950289459624546 0.15535896098815832334
0.15396325306221367302 0.15542352633113717952
0.14768984787742614473 0.15608368187766147317
0.15442739353079898423 0.15609718184383214457
0.13055465387946593725 0.15672985636837785672
0.12980027057805948454 0.15742650917821449097
0.14295933647297626168 0.15747752189350133767
0.14195634824519676176 0.15768429602771905085
0.15130689152398818509 0.15813436137656933234
0.12637104412886451810 0.15945063192095540461
0.14925178341237504975 0.16004089233375357049
0.14594707309667365180 0.16012310004776078576
0.13088578619840660067 0.16012350596684055137
0.15737798929771926182 0.16220557121358475383
0.12605266424502464817 0.16228904906941685193
0.13770127850531757585 0.16318672466007150268
0.14195046982100381627 0.16423991653532971080
0.16320772705426395133 0.16443084103300045773
0.14805098321240039994 0.16481666329968763796
0.11822636534449303125 0.16493854488995673968
0.12181103914361869622 0.16498211747715990638
0.15639791895942284361 0.16515023601375858342
0.11301685445730678958 0.16526879809066505334
0.16021190928826728461 0.16547798550656897532
0.11011072714534045347 0.16649193149103025391
0.13256147382381397448 0.16698523253828381763
0.12399352932016208251 0.16736510828430856135
0.12873697384789584142 0.16844288375664015489
0.16657753497679836374 0.17025374492470871091
0.13717453666410131530 0.17072414974363228635
0.15972240482886962409 0.17144052954090593932
0.13089153448705251326 0.17146750353998169158
0.12421537124114327699 0.17160387622360454007
0.16341572494193226661 0.17166517605786602019
0.16038586539880472781 0.17179688529446637824
0.13814363824997044627 0.17266837903297438395
0.13944847771868917885 0.17329948297386851830
0.10661020270915105845 0.17330543345747317918
0.16680154006477720952 0.17346225947977408910
0.10220733422048869365 0.17359103815478016397
0.14616983056837051791 0.17451448703432473342
0.12350775038172760734 0.17489002333688855040
0.16532988366996698160 0.17522660699587841449
0.14081635344073129001 0.17621532844957824016
0.11995442008337241224 0.17737787218819323076
0.16356354811096210367 0.17767430268987358111
0.10584855851809026051 0.17821197615500875000
0.10228829600405274503 0.17825800912531003517
0.12349968861612672932 0.17871860890606269812
0.12940654163024611911 0.17878582478640744902
0.11457664325751674983 0.17968558860669306410
0.16492443374766627140 0.17999335165283927851
0.14485770843812739717 0.18056223198422266529
0.15213456851861140162 0.18143502579076115078
0.12046906396041810738 0.18202579324459094989
0.11318067679257638736 0.18718307588119026397
0.13153226740953219420 0.18817977435793659113
0.11911995297331665067 0.18951963889248410466
0.15265667557815948419 0.18988843958522383382
0.18326807053102725509 0.19101372742046504594
0.12633188067010667210 0.19272511068353126440
0.16566669642274531316 0.19400627735235828619
0.18788641253633164840 0.19563070701117124539
0.14944995336708863376 0.20218067292009114788
0.11335400863847160113 0.20265111955637257757
0.15024055188563931185 0.20317872860549388014
0.11662355505099851471 0.20641547732914999891
0.16496724830193601474 0.20827418284313511943
0.15408520063113226306 0.21092162842198203254
0.15084623689396081669 0.21308168997288495783
0.14251685936199132154 0.21387839724777588102
0.13228484205951204777 0.21830357031121577771
0.15366489546536149513 0.22885407069774782451
0.11478265927224755305 0.24616878685611379152
