0.00897860702235492129 0.01047024542361561783
0.02471167299818273488 0.02649703852393657522
0.02632162087438113390 0.02677221025819480002
0.02450208935748770731 0.02723580665131898615
0.02663439102239713308 0.02735711245398632363
0.02324345253568841849 0.02739476105311824602
0.02726186010776827234 0.02988917726711488518
0.02776065324757006833 0.03037382944594339829
0.02999216289953158046 0.03069298885157882920
0.03130238182897877863 0.03226155311891632654
0.03214225791267913412 0.03228338426558336610
0.02914158727612857144 0.03298133949347738236
0.03004975766171970666 0.03312449885490693219
0.03051641972959547727 0.03324162072096997073
0.03253243667623625934 0.03329954915878226979
0.03008674433296622264 0.03337426374146993530
0.03227988585220669532 0.03362416151575653434
0.03181959282995135835 0.03381191790928624041
0.03429552674587117711 0.03483280676867567260
0.03127370243681779766 0.03509119278665851632
0.03536125412336729723 0.03554023309219157128
0.03259426214392371901 0.03681694361786896907
0.03821112522750816365 0.03836122510133890828
0.03728326352420092277 0.03847030146551993351
0.03632309276835422179 0.03901918747326171139
0.03926989103406462039 0.03942630943423816592
0.04014827192063484540 0.04044283830368551602
0.03937002798388616193 0.04123146839878399222
0.03673719896107408706 0.04173133737939353077
0.03228953720422726020 0.04173956422631855401
0.03891939869534426222 0.04195080060407210820
0.04191885386220228077 0.04219312988355768124
0.03750117859842651974 0.04266468460743647745
0.03319187691809773882 0.04267145802728813941
0.03587876296335980320 0.04289901642652979574
0.04447434619517461746 0.04453198231719189548
0.04267002019031369137 0.04614397815710538642
0.04368694225356703487 0.04615431100491947103
0.03924277243365487805 0.04716163973607057081
0.04345310416381226865 0.04755288536240306896
0.03587301551021502416 0.04874465664105452622
0.04012322338854412695 0.04881630616284123036
0.04167324186674236514 0.04894483897858638299
0.04280490026118256852 0.04912084933806259296
0.03808819446358738953 0.05003105908960769205
0.04357826657250071789 0.05021639088343802376
0.03498610640361700386 0.05044157988485913069
0.04532436296636419698 0.05101440997506662828
0.03044639828337955892 0.05144147030663701742
0.03478786487658422355 0.05155133146489732782
0.04327994794049317556 0.05164855325328959051
0.05148725824162971726 0.05168345397027090254
0.03244785883160012513 0.05202875390280592427
0.04276046776997358828 0.05206897025760389569
0.03645792542577449419 0.05225431249799395578
0.04191329191246032093 0.05229243096894703458
0.05103355297076164754 0.05315483617114766940
0.03653198797538437931 0.05424880804651418392
0.05299961244203143379 0.05507768260355262041
0.05445214334664046779 0.05528542866713039711
0.05352748942018101946 0.05582376978346325486
0.04863809095214222805 0.05584321045846029480
0.04807635711153879915 0.05594491311969259500
0.03793498164061255562 0.05713007053331400215
0.05552788062747324171 0.05730938073351103668
0.04784931933505481155 0.05739776685504641845
0.03909255526290445620 0.05784342341361461970
0.04004432638922628129 0.05855795058144324522
0.04912639844910513670 0.05858673730994620049
0.04216953775346710120 0.05886693955375715825
0.04882220598939493450 0.05906096877651184629
0.04571338096010695712 0.05909800010878835108
0.04277251345622919837 0.06009897528515794479
0.05922968225003485271 0.06111253517025339727
0.04619708424412689168 0.06146898430517944850
0.06061283419814556678 0.06149593285789557717
0.04312236063513887746 0.06158731614135350835
0.05481048712242847509 0.06289485829305983822
0.05260639280895601511 0.06294277495697556124
0.05945791774221380332 0.06302281177381995059
0.04947184180927003544 0.06320229838257605814
0.04782926848913048729 0.06334487972438905545
0.06127214175612285402 0.06545033564338227638
0.05623503341583279552 0.06620797238097594906
0.05059650495477745896 0.06773124049710899097
0.05893680480297439073 0.06787097490597569782
0.05787940462022700405 0.06806055343568678806
0.05803501472466505995 0.06907058099104261550
0.06382833630225047405 0.06946329370550137494
0.05686444097318813645 0.06963705601412306656
0.06090857482660480549 0.07012719977378711889
0.05685457167712453658 0.07151111160074097306
0.06837550457582083907 0.07153505387140353389
0.05953868617577823263 0.07162151925782456185
0.04665480575605681496 0.07214196937458865200
0.07066781228119103919 0.07237156404676271804
0.05799709108398844182 0.07324306429582044808
0.05256602191587747552 0.07509031680541874976
0.06128572758556231903 0.07599877837127043401
0.07044465175724567985 0.07603420026844419366
0.06497633550083635467 0.07671298576117470402
0.07481881098799594842 0.07686221122655095828
0.07840223583330978296 0.08038619350480337433
0.05578845902935527373 0.08330733062728748473
0.07267831971637532529 0.10164463143384512567
0.07785345955810064889 0.10224555683635322412
0.05583346775175054844 0.68813571101947756947
