0.00000000000000000000 0.00130359899387140661
0.00000000000000000000 0.00139029199730519143
0.00000000000000000000 0.00342565133939439805
0.00000000000000000000 0.00415033459773682129
0.00000000000000000000 0.00464675354054304261
0.00000000000000000000 0.00574786625600440942
0.00000000000000000000 0.00589965301933407377
0.00000000000000000000 0.00592881832508880893
0.00000000000000000000 0.00693509543245789638
0.00000000000000000000 0.00717036273597710175
0.00000000000000000000 0.00720032966741706183
0.00000000000000000000 0.00720536365308049181
0.00000000000000000000 0.00746328329957526501
0.00000000000000000000 0.00754132976413970924
0.00000000000000000000 0.00768508868083600787
0.00000000000000000000 0.00778897730616443830
0.00000000000000000000 0.00788002610369234989
0.00000000000000000000 0.00829228427456337597
0.00000000000000000000 0.00866534347835138698
0.00000000000000000000 0.00871819281938522768
0.00000000000000000000 0.00888528568314008761
0.00000000000000000000 0.00909686437149412677
0.00000000000000000000 0.00916567325392844690
0.00000000000000000000 0.00922978739579908419
0.00000000000000000000 0.00940249262921865302
0.00000000000000000000 0.00956114222267046530
0.00000000000000000000 0.00968203976428037329
0.00000000000000000000 0.00982700200496776713
0.00000000000000000000 0.01007757442492734218
0.00000000000000000000 0.01028789727934168417
0.00000000000000000000 0.01029093061508418866
0.00000000000000000000 0.01045335625469050352
0.00000000000000000000 0.01061734773520700038
0.00000000000000000000 0.01079852848301073032
0.00000000000000000000 0.01099355297678823902
0.00000000000000000000 0.01113364730713428674
0.00000000000000000000 0.01119223238946250899
0.00000000000000000000 0.01119309969145029435
0.00000000000000000000 0.01134758480351970820
0.00000000000000000000 0.01145398635585071281
0.00000000000000000000 0.01146904972294152461
0.00000000000000000000 0.01208412105157341543
0.00000000000000000000 0.01224698832082834338
0.00000000000000000000 0.01243547604736720651
0.00000000000000000000 0.01244646560697332087
0.00000000000000000000 0.01275066306267652258
0.00000000000000000000 0.01287874007590905472
0.00000000000000000000 0.01295783800255118079
0.00000000000000000000 0.01301100282481111765
0.00000000000000000000 0.01315702860381660205
0.00000000000000000000 0.01332401852915997796
0.00000000000000000000 0.01343186556904163269
0.00000000000000000000 0.01343719885848249952
0.00000000000000000000 0.01356284475116868206
0.00000000000000000000 0.01368968270275624892
0.00000000000000000000 0.01378398859020280899
0.00000000000000000000 0.01385257705977081637
0.00000000000000000000 0.01403708469495466155
0.00000000000000000000 0.01428999078051632933
0.00000000000000000000 0.01432437442800529176
0.00000000000000000000 0.01447157409164081740
0.00000000000000000000 0.01452566857369603712
0.00000000000000000000 0.01456979911220803586
0.00000000000000000000 0.01461531057043262243
0.00000000000000000000 0.01464577359031458970
0.00000000000000000000 0.01484873392338769901
0.00000000000000000000 0.01487104971731034384
0.00000000000000000000 0.01509694654012593527
0.00000000000000000000 0.01510417604833501695
0.00000000000000000000 0.01552777211997717274
0.00000000000000000000 0.01568095275534263019
0.00000000000000000000 0.01573867508124370332
0.00000000000000000000 0.01586653819219949191
0.00000000000000000000 0.01610764754103414034
0.00000000000000000000 0.01625185233209493554
0.00000000000000000000 0.01629802498412889419
0.00000000000000000000 0.01642556444020392553
0.00000000000000000000 0.01645905465256860406
0.00000000000000000000 0.01659784579207305294
0.00000000000000000000 0.01666934462367106531
0.00000000000000000000 0.01672547577001513158
0.00000000000000000000 0.01676951441314157923
0.00000000000000000000 0.01676966956127819500
0.00000000000000000000 0.01678396238234313234
0.00000000000000000000 0.01700694929265338801
0.00000000000000000000 0.01704283163861261552
0.00000000000000000000 0.01715640742739102387
0.00000000000000000000 0.01716625497685297583
0.00000000000000000000 0.01718448819869340324
0.00000000000000000000 0.01731836460323413901
0.00000000000000000000 0.01734928711882528438
0.00000000000000000000 0.01738553950178920934
0.00000000000000000000 0.01744051958033638813
0.00000000000000000000 0.01755481299527467121
0.00000000000000000000 0.01766046035579056303
0.00000000000000000000 0.01780370549664272994
0.00000000000000000000 0.01788618882310196237
0.00000000000000000000 0.01794759587529195025
0.00000000000000000000 0.01797125620561342701
0.00000000000000000000 0.01809778275652249371
0.00000000000000000000 0.01821675295737505001
0.00000000000000000000 0.01838295911406150063
0.00000000000000000000 0.01840616197200882487
0.00000000000000000000 0.01844900048192140568
0.00000000000000000000 0.01867758322317867106
0.00000000000000000000 0.01882414575982628221
0.00000000000000000000 0.01883496722007987900
0.00000000000000000000 0.01886541714750770982
0.00000000000000000000 0.01893190065134565947
0.00000000000000000000 0.01910091398929749870
0.00000000000000000000 0.01914565419836055868
0.00000000000000000000 0.01934147157290567326
0.00000000000000000000 0.01953335192971184311
0.00000000000000000000 0.01971834291695790525
0.00000000000000000000 0.01979423493178251309
0.00000000000000000000 0.01983558728020370573
0.00000000000000000000 0.01984774609455445052
0.00000000000000000000 0.01996267698228859633
0.00000000000000000000 0.02016064246566934628
0.00000000000000000000 0.02031063575318647896
0.00000000000000000000 0.02031275126332583725
0.00000000000000000000 0.02054104195963567248
0.00000000000000000000 0.02072292956308327203
0.00000000000000000000 0.02081101692697563330
0.00000000000000000000 0.02084937915275241263
0.00000000000000000000 0.02095707555463661997
0.00000000000000000000 0.02099287491465951991
0.00000000000000000000 0.02102569738610670161
0.00000000000000000000 0.02103473460738550238
0.00000000000000000000 0.02113640432081291542
0.00000000000000000000 0.02119998131427054330
0.00000000000000000000 0.02128243832152652837
0.00000000000000000000 0.02138562669500261582
0.00000000000000000000 0.02142216561679431003
0.00000000000000000000 0.02175933862501047353
0.00000000000000000000 0.02202439882333221202
0.00000000000000000000 0.02214537074232670461
0.00000000000000000000 0.02216205005369406567
0.00000000000000000000 0.02217529869523492125
0.00000000000000000000 0.02219038692514581010
0.00000000000000000000 0.02221642988054438328
0.00000000000000000000 0.02234569767457820350
0.00000000000000000000 0.02241141843594984806
0.00000000000000000000 0.02245623127188172904
0.00000000000000000000 0.02256436953867276343
0.00000000000000000000 0.02258289219046651780
0.00000000000000000000 0.02267349140152151096
0.00000000000000000000 0.02292090575253769025
0.00000000000000000000 0.02297358236656656810
0.00000000000000000000 0.02314345938038552333
0.00000000000000000000 0.02325388989220364064
0.00000000000000000000 0.02325933552783091343
0.00000000000000000000 0.02341074806729946667
0.00000000000000000000 0.02358517011728596818
0.00000000000000000000 0.02361337235783618829
0.00000000000000000000 0.02363600918713922028
0.00000000000000000000 0.02381287924369185002
0.00000000000000000000 0.02383408027516295893
0.00000000000000000000 0.02393109818887950713
0.00000000000000000000 0.02393781266680383019
0.00000000000000000000 0.02394153716572391954
0.00000000000000000000 0.02398749426277115709
0.00000000000000000000 0.02412172959568777489
0.00000000000000000000 0.02412506102077451031
0.00000000000000000000 0.02415294414905509376
0.00000000000000000000 0.02424768736639322173
0.00000000000000000000 0.02440890346439935146
0.00000000000000000000 0.02461748145900699222
0.00000000000000000000 0.02472346102916001681
0.00000000000000000000 0.02491898721824288218
0.00000000000000000000 0.02501507482679702146
0.00000000000000000000 0.02512417525051667891
0.00000000000000000000 0.02517257918755510041
0.00000000000000000000 0.02517608042097903634
0.00000000000000000000 0.02522891519086146658
0.00000000000000000000 0.02530118522832853351
0.00000000000000000000 0.02545296715359269060
0.00000000000000000000 0.02550952891728312799
0.00000000000000000000 0.02554601742576665530
0.00000000000000000000 0.02555545657340140345
0.00000000000000000000 0.02559033627383861670
0.00000000000000000000 0.02563201673502083985
0.00000000000000000000 0.02574065388737631702
0.00000000000000000000 0.02580007998947702469
0.00000000000000000000 0.02581440956525055813
0.00000000000000000000 0.02583117672564782738
0.00000000000000000000 0.02585455650465068311
0.00000000000000000000 0.02591883620180206182
0.00000000000000000000 0.02602550651843199558
0.00000000000000000000 0.02608065974062693040
0.00000000000000000000 0.02617142263360380458
0.00000000000000000000 0.02639189494314760423
0.00000000000000000000 0.02641047985467550110
0.00000000000000000000 0.02651626968430476419
0.00000000000000000000 0.02669826750705192250
0.00000000000000000000 0.02675573552477993750
0.00000000000000000000 0.02682604710864909536
0.00000000000000000000 0.02683286723723796521
0.00000000000000000000 0.02683939899065976645
0.00000000000000000000 0.02697294860270211744
0.00000000000000000000 0.02707697795238336869
0.00000000000000000000 0.02712214787240499816
0.00000000000000000000 0.02713776394219100802
0.00000000000000000000 0.02722985107453242820
0.00000000000000000000 0.02746424617399427504
0.00000000000000000000 0.02758808123549004801
0.00000000000000000000 0.02759514097838201493
0.00000000000000000000 0.02762525301715958517
0.00000000000000000000 0.02780033855763249309
0.00000000000000000000 0.02788494554432019087
0.00000000000000000000 0.02806139970561900843
0.00000000000000000000 0.02812155999343597668
0.00000000000000000000 0.02816480123554794893
0.00000000000000000000 0.02819441880934217895
0.00000000000000000000 0.02830361862575483251
0.00000000000000000000 0.02839254754163009903
0.00000000000000000000 0.02841455874152736330
0.00000000000000000000 0.02846050830668014897
0.00000000000000000000 0.02865371567439321809
0.00000000000000000000 0.02874376044882416895
0.00000000000000000000 0.02882306448268001989
0.00000000000000000000 0.02885355998171045683
0.00000000000000000000 0.02907994335928599725
0.00000000000000000000 0.02911823827276619620
0.00000000000000000000 0.02916407825899473491
0.00000000000000000000 0.02920949105471733892
0.00000000000000000000 0.02925298303960740740
0.00000000000000000000 0.02934935150422265243
0.00000000000000000000 0.02937578207739392766
0.00000000000000000000 0.02964010230908366642
0.00000000000000000000 0.02970480999703948438
0.00000000000000000000 0.02989372214697808353
0.00000000000000000000 0.02991826382643565305
0.00000000000000000000 0.02992358704975146486
0.00000000000000000000 0.03004309070478253935
0.00000000000000000000 0.03013556688487326399
0.00000000000000000000 0.03020776427639659464
0.00000000000000000000 0.03028822130971875470
0.00000000000000000000 0.03035713191990614332
0.00000000000000000000 0.03036138104228414819
0.00000000000000000000 0.03043804856873952649
0.00000000000000000000 0.03053888165028512819
0.00000000000000000000 0.03059966512627414550
0.00000000000000000000 0.03059991498345292216
0.00000000000000000000 0.03072267351441894043
0.00000000000000000000 0.03072757108081327834
0.00000000000000000000 0.03074162066148643235
0.00000000000000000000 0.03082317070156443892
0.00000000000000000000 0.03091779822540348388
0.00000000000000000000 0.03097323252312193451
0.00000000000000000000 0.03104117827224617265
0.00000000000000000000 0.03109884229012310417
0.00000000000000000000 0.03115597297934206283
0.00000000000000000000 0.03120164784033237909
0.00000000000000000000 0.03123969974903399033
0.00000000000000000000 0.03125564186916016812
0.00000000000000000000 0.03125701313362388989
0.00000000000000000000 0.03126181478114082452
0.00000000000000000000 0.03134622617910669262
0.00000000000000000000 0.03134964739553192103
0.00000000000000000000 0.03139564320915712303
0.00000000000000000000 0.03142623187586297134
0.00000000000000000000 0.03143192408245734648
0.00000000000000000000 0.03149022004172596229
0.00000000000000000000 0.03158265832260967465
0.00000000000000000000 0.03191892304005936043
0.00000000000000000000 0.03197206836235871874
0.00000000000000000000 0.03208091209249918502
0.00000000000000000000 0.03222342437646082830
0.00000000000000000000 0.03224698499949268937
0.00000000000000000000 0.03244073087592604793
0.00000000000000000000 0.03255053285003365465
0.00000000000000000000 0.03265058811852483006
0.00000000000000000000 0.03266333171339923236
0.00000000000000000000 0.03267444574896632287
0.00000000000000000000 0.03288296847230619269
0.00000000000000000000 0.03293911641351463665
0.00000000000000000000 0.03322652015903955480
0.00000000000000000000 0.03340593776822323863
0.00000000000000000000 0.03359868874059166594
0.00000000000000000000 0.03360473031300654362
0.00000000000000000000 0.03375557642325527352
0.00000000000000000000 0.03381106866146457723
0.00000000000000000000 0.03389379911270512524
0.00000000000000000000 0.03396672918593731522
0.00000000000000000000 0.03405686215739157918
0.00000000000000000000 0.03409596821323974264
0.00000000000000000000 0.03418668141818016065
0.00000000000000000000 0.03423417292007149143
0.00000000000000000000 0.03433513120317543965
0.00000000000000000000 0.03446589659039499265
0.00000000000000000000 0.03474437732896555608
0.00000000000000000000 0.03476878027612996525
0.00000000000000000000 0.03477916085545231656
0.00000000000000000000 0.03500681337359937834
0.00000000000000000000 0.03506438172496415678
0.00000000000000000000 0.03517846250003749814
0.00000000000000000000 0.03523175008807952202
0.00000000000000000000 0.03533147413694763539
0.00000000000000000000 0.03541297744189198654
0.00000000000000000000 0.03547994227584229388
0.00000000000000000000 0.03571902735476531476
0.00000000000000000000 0.03576857792511779072
0.00000000000000000000 0.03588175821334133736
0.00000000000000000000 0.03597167953532387497
0.00000000000000000000 0.03607884238607719785
0.00000000000000000000 0.03614424346858303300
0.00000000000000000000 0.03629745152574285344
0.00000000000000000000 0.03650207091592633929
0.00000000000000000000 0.03654390594057430053
0.00000000000000000000 0.03658366673417586673
0.00000000000000000000 0.03686654951606829073
0.00000000000000000000 0.03700225745673237782
0.00000000000000000000 0.03702202346652407744
0.00000000000000000000 0.03722061778101935781
0.00000000000000000000 0.03725117890096134310
0.00000000000000000000 0.03742029580220661289
0.00000000000000000000 0.03742761830958588054
0.00000000000000000000 0.03743353854859354096
0.00000000000000000000 0.03743775533381268894
0.00000000000000000000 0.03789979327229991979
0.00000000000000000000 0.03809148647782533564
0.00000000000000000000 0.03818152011362951903
0.00000000000000000000 0.03821065847053606301
0.00000000000000000000 0.03838395610815099196
0.00000000000000000000 0.03861083608294958724
0.00000000000000000000 0.03873137906089418186
0.00000000000000000000 0.03895305837391694476
0.00000000000000000000 0.03898505725601964650
0.00000000000000000000 0.03900616950716816883
0.00000000000000000000 0.03919592768976517400
0.00000000000000000000 0.03923985969684704728
0.00000000000000000000 0.03926426545964778470
0.00000000000000000000 0.03945472497199330186
0.00000000000000000000 0.03971416028256107011
0.00000000000000000000 0.03986320946554963718
0.00000000000000000000 0.04000703023790291857
0.00000000000000000000 0.04005323742895070677
0.00000000000000000000 0.04034528971343072368
0.00000000000000000000 0.04048588178632411133
0.00000000000000000000 0.04056722496714739584
0.00000000000000000000 0.04070287983501237605
0.00000000000000000000 0.04075501947807982223
0.00000000000000000000 0.04078874927926376404
0.00000000000000000000 0.04097121782516864597
0.00000000000000000000 0.04108755845706930226
0.00000000000000000000 0.04123238365956043150
0.00000000000000000000 0.04131202400284084836
0.00000000000000000000 0.04143596520224475388
0.00000000000000000000 0.04168266892838075333
0.00000000000000000000 0.04173756059267365315
0.00000000000000000000 0.04199911680664983327
0.00000000000000000000 0.04201454001664159388
0.00000000000000000000 0.04228731542184142878
0.00000000000000000000 0.04230290703999203816
0.00000000000000000000 0.04235446834437980868
0.00000000000000000000 0.04235829628554821369
0.00000000000000000000 0.04240541834443749269
0.00000000000000000000 0.04242215111848012671
0.00000000000000000000 0.04245115986624147658
0.00000000000000000000 0.04255118147828545333
0.00000000000000000000 0.04283999683120334745
0.00000000000000000000 0.04287317224541785377
0.00000000000000000000 0.04301298733151601161
0.00000000000000000000 0.04301383763647755737
0.00000000000000000000 0.04304581656079710383
0.00000000000000000000 0.04311046804277633704
0.00000000000000000000 0.04325163310066219846
0.00000000000000000000 0.04331156989152765840
0.00000000000000000000 0.04336936241698086114
0.00000000000000000000 0.04344300754909991708
0.00000000000000000000 0.04370232117988541443
0.00000000000000000000 0.04421606222835421096
0.00000000000000000000 0.04429584612064500770
0.00000000000000000000 0.04470215313205291169
0.00000000000000000000 0.04477998287652217718
0.00000000000000000000 0.04480955231740333528
0.00000000000000000000 0.04486960783188734952
0.00000000000000000000 0.04493843892408910107
0.00000000000000000000 0.04497316400006889925
0.00000000000000000000 0.04506992601180059149
0.00000000000000000000 0.04522204080916512187
0.00000000000000000000 0.04531550477303551011
0.00000000000000000000 0.04542131629227491585
0.00000000000000000000 0.04554218197950329200
0.00000000000000000000 0.04566708175949059367
0.00000000000000000000 0.04576728470235071067
0.00000000000000000000 0.04577800469737692418
0.00000000000000000000 0.04611409784319300126
0.00000000000000000000 0.04657832496560083968
0.00000000000000000000 0.04676107450555019862
0.00000000000000000000 0.04687220114188724723
0.00000000000000000000 0.04708079787447070480
0.00000000000000000000 0.04734806163411149627
0.00000000000000000000 0.04757658575732758022
0.00000000000000000000 0.04767492664953259379
0.00000000000000000000 0.04777920811796724371
0.00000000000000000000 0.04778278234102992239
0.00000000000000000000 0.04786417522058385166
0.00000000000000000000 0.04789265974012136412
0.00000000000000000000 0.04831900500278848987
0.00000000000000000000 0.04878841117062672483
0.00000000000000000000 0.04896856805068224017
0.00000000000000000000 0.04923057345340116353
0.00000000000000000000 0.04925564842875208155
0.00000000000000000000 0.04941218761810229482
0.00000000000000000000 0.04942960765787125094
0.00000000000000000000 0.04944080912246025944
0.00000000000000000000 0.04947547917855488891
0.00000000000000000000 0.04953196683337249967
0.00000000000000000000 0.04962596225905860359
0.00000000000000000000 0.04982664546821328339
0.00000000000000000000 0.04982724775276910212
0.00000000000000000000 0.04984104849117244190
0.00000000000000000000 0.05001852168327007575
0.00000000000000000000 0.05008497374934599983
0.00000000000000000000 0.05013268684949302029
0.00000000000000000000 0.05022067415909740179
0.00000000000000000000 0.05051136863705161378
0.00000000000000000000 0.05092766448695272563
0.00000000000000000000 0.05103411109356989495
0.00000000000000000000 0.05106207769659219103
0.00000000000000000000 0.05106979221144797298
0.00000000000000000000 0.05168930193980211113
0.00000000000000000000 0.05182884032101973265
0.00000000000000000000 0.05222458357560213343
0.00000000000000000000 0.05243150146691123031
0.00000000000000000000 0.05251229470409856520
0.00000000000000000000 0.05264530879214206899
0.00000000000000000000 0.05295232710552240374
0.00000000000000000000 0.05307668788124792619
0.00000000000000000000 0.05315256925730058035
0.00000000000000000000 0.05318460729872682285
0.00000000000000000000 0.05322369386070370523
0.00000000000000000000 0.05405156447426014837
0.00000000000000000000 0.05426552257784230532
0.00000000000000000000 0.05431077992398947868
0.00000000000000000000 0.05471531774385538643
0.00000000000000000000 0.05523578389523917803
0.00000000000000000000 0.05548320111257281501
0.00000000000000000000 0.05557517560220702479
0.00000000000000000000 0.05565762733150363128
0.00000000000000000000 0.05615627384576256376
0.00000000000000000000 0.05646245063893060023
0.00000000000000000000 0.05650061312446056500
0.00000000000000000000 0.05736598153604306749
0.00000000000000000000 0.05759996569466074162
0.00000000000000000000 0.05785934144704611010
0.00000000000000000000 0.05802645157152911543
0.00000000000000000000 0.05822037645287603258
0.00000000000000000000 0.05851149241026129544
0.00000000000000000000 0.05967792774027905200
0.00000000000000000000 0.05975564046781309258
0.00000000000000000000 0.05998655182317891299
0.00000000000000000000 0.06087467625667940252
0.00000000000000000000 0.06090788389894967458
0.00000000000000000000 0.06113167734536375381
0.00000000000000000000 0.06129029874462366134
0.00000000000000000000 0.06137627524628012227
0.00000000000000000000 0.06154296390455108595
0.00000000000000000000 0.06171255249580795410
0.00000000000000000000 0.06187175288059963002
0.00000000000000000000 0.06194299269550938847
0.00000000000000000000 0.06229275124409732606
0.00000000000000000000 0.06240804445395329442
0.00000000000000000000 0.06313081663932110232
0.00000000000000000000 0.06319775889420342629
0.00000000000000000000 0.06344172474115304661
0.00000000000000000000 0.06398790869696524553
0.00000000000000000000 0.06535034039682813267
0.00000000000000000000 0.06658495222624610799
0.00000000000000000000 0.06699846470199725956
0.00000000000000000000 0.06704352662709020527
0.00000000000000000000 0.06807878228250142938
0.00000000000000000000 0.06813246290769740809
0.00000000000000000000 0.06870619811715622527
0.00000000000000000000 0.06873465349175886252
0.00000000000000000000 0.06929240593878367716
0.00000000000000000000 0.06931693222223667128
0.00000000000000000000 0.07051738568677556884
0.00000000000000000000 0.07060360986403023398
0.00000000000000000000 0.07217653262711506978
0.00000000000000000000 0.07234107537116646336
0.00000000000000000000 0.07262056944008242476
0.00000000000000000000 0.07436314744865839266
0.00000000000000000000 0.07445865009790322842
0.00000000000000000000 0.07481885977870599003
0.00000000000000000000 0.07657115176113173105
0.00000000000000000000 0.07732264579095059209
0.00000000000000000000 0.07781938285944622891
0.00000000000000000000 0.08245976615429805034
0.00000000000000000000 0.08269769789534488214
0.00000000000000000000 0.08349986843674668535
0.00000000000000000000 0.08515044208500162359
0.00000000000000000000 0.08693766104454143939
0.00000000000000000000 0.09049077031639866930
0.00000000000000000000 0.09937999030225304342
0.00000000000000000000 0.12314061290794642289
0.00000000000000000000 0.16869056622187145189
0.00000000000000000000 1.73205080756887719318
