0.07175293435193580427 0.07428635962601622122
0.09706335600788186524 0.09951673636404716194
0.10751235017709308284 0.10807921337945881890
0.10137867193387525844 0.11097335887758358330
0.11055684402080653839 0.11204761514240324516
0.10362682101421766268 0.11327586093876212958
0.09813017671186681501 0.11444689531202702215
0.11499499710355995385 0.11650734929876409296
0.10105302839540429571 0.11759809749471406004
0.11086984056041707114 0.11934932123591819597
0.09760658135917434086 0.12203292755077682630
0.10786938905586623827 0.12250191550232861215
0.11022112468810978114 0.12438504695520100074
0.09375686031732641257 0.12438733190502680725
0.10971891601002248251 0.12455701201105118248
0.12597931102454260066 0.12635199706320396351
0.12149609612155901073 0.12664441406173354565
0.11330279196592721314 0.12815894689381143734
0.12815825574679234888 0.12849587321045138899
0.12916825790677707864 0.12923676560915828282
0.12202632704117909179 0.13077019573145504117
0.12795158234401704522 0.13114030151047487149
0.11613493228355538378 0.13133192342608088210
0.11377999334543512089 0.13223296335577158778
0.12297266958576776041 0.13343776831697834462
0.12483272777345340299 0.13364541929617546057
0.12503559409130043933 0.13447016186582691488
0.13102205794681218154 0.13603696968843570492
0.12589488772819365514 0.13673120034809646550
0.13654189342765921111 0.13679437955659692894
0.12217151105364303099 0.13693341809599102188
0.13231602527396479907 0.13751548060016730024
0.11999035148926501249 0.13823873137434294911
0.13018192644830281490 0.13827905605718995852
0.12711563615872692456 0.13901498244602294996
0.12934392251796208995 0.13925127415594304447
0.12633972323207257049 0.13929443768813776217
0.12824867542160012235 0.14095830791972016605
0.10842156659894609805 0.14125781971769116319
0.10016511908247985319 0.14219476338508607594
0.14135343830374860752 0.14312575634091684318
0.14209447942535191611 0.14361534596370709171
0.12592922095237810143 0.14371821921306973668
0.13980954841032974811 0.14463329897896226583
0.13409139556856053410 0.14483084862156264672
0.12126233172952241568 0.14515313529219592281
0.12014455725875923531 0.14574189901415585124
0.14509048096245780179 0.14692527765866023048
0.13398219667524885468 0.14723112230552640178
0.13855930485185147250 0.14728025849624609700
0.12131515542983481448 0.14809969432920100374
0.14441029944504610305 0.14815308765209120323
0.14315774891830926330 0.14960176482113191065
0.12886828398747754432 0.15045459584533027453
0.14240939528396431846 0.15046992368114361915
0.14170806377053105085 0.15234983561780998662
0.15157336962507236833 0.15293360464799393705
0.14204956397347220931 0.15329438580041798712
0.14436203279004564126 0.15366605335537195098
0.14997126067197358301 0.15410881310104929121
0.14237334433884768492 0.15427379688415307490
0.12688610041108674964 0.15432938959535896783
0.14511529416166613071 0.15461711393916713342
0.13743778215699870016 0.15462044437361560645
0.13924574422470514801 0.15497098408139242665
0.11691205773070463547 0.15514145400079876191
0.14672219384445869816 0.15567846357076081665
0.13960368946144038893 0.15636079298836796925
0.15374883120243332257 0.15753982862798740494
0.14206660560656356185 0.15755379281677203696
0.14553988493993641473 0.15761617184327370023
0.13397110403764192488 0.15766309583855911414
0.13288366349700658775 0.15797343108248179666
0.14132022777572836314 0.15846073440290214807
0.15266619638559073002 0.15861311818671139373
0.13531441688640322152 0.16001291452463728415
0.15571535868945660108 0.16021672773748255048
0.13292508206426248418 0.16044299618180268840
0.14926325997674222412 0.16046800504164646095
0.15479156262555957002 0.16257961503093704136
0.13959598832888125974 0.16262331693455900350
0.15038970097760054334 0.16294544020102108561
0.13276246160911397975 0.16306745362324401305
0.15460708871664299857 0.16343788748679835554
0.12412909616132815349 0.16373630246392903431
0.16302194797716951236 0.16390517987062402927
0.14111185495560665815 0.16419490247299334262
0.12678099056502209474 0.16430359662417390321
0.15911947536386294999 0.16517388204678429275
0.12778512796093027815 0.16603216259258382625
0.10816226413396527739 0.16637837995982079908
0.16455014992861460854 0.16686208833317553446
0.16314606110419138663 0.16695229107983677874
0.14778179591150863992 0.16700836281671613270
0.14759963512826898557 0.16732596792260831520
0.14630376267184402872 0.16821160225256909238
0.13921219068564846810 0.16927397292813076146
0.11005520443629593363 0.16947693759764079213
0.15329615588451764308 0.16960121759631369143
0.16730789164467199659 0.17000407300858905169
0.15771291109581869749 0.17340590303289246665
0.15428383421928709707 0.17425411353015071714
0.14167808520126537464 0.17583179818492511437
0.16949221141169201754 0.17627128929955424019
0.16156686716913065682 0.17686404853868128995
0.17356123177822302406 0.17698573720284097033
0.14777138435150502516 0.17742560092519213399
0.16670809735044678224 0.17746715442426297393
0.17286432833298287504 0.17804061845676283360
0.16199464567000707027 0.17842573444751319567
0.16162991900525019995 0.17847447088811227434
0.16010385165182616785 0.17893026812968054751
0.17406664428589321836 0.17894875921094363647
0.15761616232181177577 0.17979910953752462066
0.17842276649762561780 0.17982292789407536282
0.17986368587834042354 0.18002465362111311209
0.12464983557317410590 0.18038829330930553074
0.14950904235082279614 0.18068881001733433367
0.16502034493768333312 0.18074992740171713645
0.17256015089721332689 0.18097486826326902865
0.17244558037067980738 0.18118740874920835626
0.17822029552419613174 0.18209213773720789309
0.14130517416219826043 0.18241598102481604293
0.15902597062166753950 0.18259306668302283105
0.18084749879125686101 0.18278965908101371673
0.14625721230939150996 0.18358685952041342571
0.15866497751584987541 0.18368724115667386942
0.11603657346912872594 0.18381079160446922582
0.16796029525379804759 0.18399431164147145301
0.14294797880823281733 0.18441350689114535677
0.14479977109215930176 0.18489170058701775989
0.14842726172109713123 0.18559166756349121385
0.14918191289416096734 0.18582026124108455556
0.18317844606319891310 0.18641279813162714429
0.14701377701086756900 0.18662510403028403916
0.18701441140881347458 0.18722276454267203216
0.13926196968264528686 0.18746890665212848082
0.14534171591187386441 0.18749321616495209786
0.18304084508410539689 0.18760818618162258820
0.16305148224887522357 0.18818100333650913947
0.14122072209680386345 0.18841028362888673220
0.16078108501244381401 0.18858639356724937741
0.15324117160865935450 0.18870106448859386150
0.12571982144680807214 0.18882851991227403432
0.17157826001309886554 0.18912461332451746543
0.18401630836959004256 0.18914181365099891341
0.13475891064271514064 0.18933594277762594293
0.15022336536508779092 0.18940275266200479187
0.13724059612275976705 0.19025470853519105274
0.16909273518598200159 0.19033791640415628765
0.15723280264164840592 0.19065954821188882407
0.13675983848612929816 0.19117727777258880506
0.15129754851167503960 0.19138163762215762431
0.14123726831392710568 0.19238125662887795020
0.14326197264130530185 0.19240215030465085411
0.18041802851636651317 0.19269640120099215674
0.16413126117072918131 0.19277759424586546344
0.16391791782081288620 0.19365607482733987466
0.13182074808479499195 0.19394037476367326223
0.16596767988536073601 0.19427767558177364005
0.18533524474714868635 0.19457191524758682410
0.14281935956933677900 0.19596907680422459563
0.17351427737182051336 0.19629909062384048868
0.16551341141651082500 0.19664234172364522535
0.13773852080678683496 0.19696002386663705175
0.19688585510813505497 0.19723503389570112843
0.13789272600377525113 0.19735481012917954757
0.12758340294625164502 0.19738430268742732099
0.16820772576903439410 0.19790885106857880604
0.15958452202995535019 0.20056361104544742635
0.19888253740364073008 0.20146734587321371568
0.12943604580750422972 0.20194983487670806199
0.16394723901873567429 0.20203951974198464114
0.18993135891164231177 0.20206506819465161473
0.18368909547987510855 0.20270902778984675741
0.20279061747699594909 0.20325010766391560235
0.17376179633714533557 0.20345374389901876855
0.14628832203385766508 0.20380256436214277960
0.18015023392962473126 0.20441233465349775700
0.15822110811944609110 0.20596661744521091442
0.17878873793435703932 0.20603019343766365568
0.16820208089862909162 0.20621906397892528218
0.16245545349106885191 0.20678741543047579610
0.15901875925495617681 0.20686293180841905381
0.12415018547861207676 0.20702756017137374789
0.14799012546171430582 0.20762875348669884712
0.16421656107960433402 0.20864648196125587520
0.16828929036044137924 0.20870492657897982136
0.15613764122454990013 0.20914271054590150012
0.17902476775103515205 0.21105841840280162303
0.15520542502552739372 0.21141311288344810659
0.12696757852419726653 0.21144799417617546333
0.17539768174038106174 0.21170065442600011218
0.16396067784630158348 0.21190533671568873020
0.19079823882537211288 0.21220710281250942941
0.12453500491600758004 0.21557898475927328441
0.13106093960341830273 0.21628472313233781943
0.19295650476006492857 0.21672726919269566515
0.14540848384465332455 0.21973759337581461049
0.16538222233432062214 0.22039306174736078558
0.19235928709361213573 0.22337084009480742686
0.14992344232822227279 0.22350875468090852793
0.15166972199431613677 0.22442456005178523792
0.13553717355515501608 0.22449842448510204385
0.19681925116052681468 0.22486576591660070723
0.15312212596255012076 0.22586609499906309950
0.21578762941388102137 0.22750356410265210050
0.19668181034703993704 0.23317375348372540445
0.20601536674123510640 0.23397695798181972204
0.22459339458844082560 0.23421960293483898297
0.22417080139672440620 0.23488261372233518176
0.15748732912396853911 0.23657631045015622973
0.23578980096056920135 0.24282605120841113666
0.12443930759841531630 0.24564514914897261910
0.22581257004562185764 0.24917161266958412491
0.13260219155386709922 0.25291968470505099553
0.23215956721040678645 0.25787281398558109524
0.24993032531450490308 0.25787281398558109524
0.25053076333232549011 0.25911011145264700728
0.22248848420344768950 0.26084036753517281237
0.25779650954983673872 0.26656140712263975967
0.13161687213321426881 0.27228911157870827608
0.27658462747780060420 0.28362754802106354690
