0.09324124527009981789 0.09556762775647095753
0.11577092345271844387 0.11696910383430815517
0.11737957938281813608 0.11862953336758072509
0.11811171354511815212 0.12668349347084889578
0.11030379345554820747 0.12781322453606433487
0.12309124159299938972 0.13077060433680748330
0.12381915871845430854 0.13150798545977623877
0.13526670680191166252 0.14187491706450325313
0.13556121013040414724 0.14416705422408121473
0.14595841149819296922 0.14674742865220111177
0.14356804666988631780 0.14811686458956957457
0.14580289613788061098 0.14902131130898668698
0.14065855064863072577 0.14990897821950788238
0.14862352482810434195 0.15146167698963877712
0.14873520551922506105 0.15288789959368473403
0.14860812102728099271 0.15446083092748305599
0.09863454073363331354 0.15601842154170825205
0.15858563047609791630 0.15858965718737208506
0.14724357745045074664 0.15880923897249207832
0.15667678644195925930 0.15891731949632875720
0.16015625623364637686 0.16280085729650034532
0.15356017467237720320 0.16283647367289114105
0.15640199653284564407 0.16338220888678026133
0.15135479348727415294 0.16352444963787196586
0.16267620762515661026 0.16453930710881931043
0.16251313824925200935 0.16606341036858046634
0.14899473895360099140 0.16700464203493375903
0.15602546929600216719 0.16849157822033242193
0.15584403026016094285 0.16954484756375434729
0.16251239545389087326 0.17061811725164563458
0.16436590411794638200 0.17286788689388957185
0.16311165741654254369 0.17293617452113463351
0.14369912665285095033 0.17400122327207570572
0.16303391660448199318 0.17507698925282882962
0.17555660004360143511 0.17631658163937269368
0.14280169973231979230 0.17662271576958840646
0.16125995328807626872 0.17754638174926343219
0.17301616399778935174 0.17759981067569258206
0.16324927245736778336 0.17797368703538557488
0.15551334766900112849 0.17975515086138435517
0.15365582018273754583 0.17988928242821189407
0.17864822439314220759 0.18019001228444953000
0.17698589742551237847 0.18020017012442993143
0.15090250549457853713 0.18099971820040169912
0.16105971094182650050 0.18149475059025421686
0.15043693587173256887 0.18181124616910807057
0.14384082234323250504 0.18258109102269123869
0.17688069110764795266 0.18352647419093340297
0.14425248052415964861 0.18387279515316728995
0.14860350898029198174 0.18389225458955402170
0.14728100606390537308 0.18477111480320798642
0.14100509291071974816 0.18621992422108862852
0.18657625347895459567 0.18658157374282149932
0.13661679161496509405 0.18669138845269969695
0.16215559988436853422 0.18684731189095674098
0.16383216297766278746 0.18704158373209667232
0.17589916629932891845 0.18710447435768620683
0.14612867963400166804 0.18738192123304886483
0.12706239926948170726 0.18859182560649656590
0.14922390338550758915 0.18881889655236822056
0.16631126285226138783 0.19064514773363230860
0.18978745331822111098 0.19145834583036253074
0.16414517024696892444 0.19237071271582339982
0.19237531167749039041 0.19308355513601080378
0.17957134804926863647 0.19386829045892892132
0.18543862616011613786 0.19397091681372685690
0.13639688236442601421 0.19422603006896532740
0.17779800429126646488 0.19549755700165769023
0.17504220134411177523 0.19820559002983278996
0.19438175260834025804 0.19834420904534338925
0.19446948231302435550 0.19903633441747137223
0.18709275450756307491 0.19944881978031619996
0.16711704590146064797 0.20008928373567047565
0.17848098495058978274 0.20048039066840700473
0.18528515823027300047 0.20139301630903994056
0.18011407303879245489 0.20274605445452287267
0.20136670529057915102 0.20314558986153269382
0.15325136440362779888 0.20325484422886563873
0.19777025947731405320 0.20376748644222425488
0.18361416920879061743 0.20415247860382432221
0.18144494941566680080 0.20469964197876874823
0.16504060604630663156 0.20615384404596556744
0.20013563086558266990 0.20645126301422259130
0.16861150776600211665 0.20935789517354569389
0.19876966549833269271 0.21067291319842232356
0.12964709194951964943 0.21122250178231602447
0.19498467801424620993 0.21123055858762632142
0.19004404556088261291 0.21151069298144009601
0.17239326148311023834 0.21328078644467191038
0.13430126121819868645 0.21761280100682731109
0.21780532744882238894 0.21882377454021181840
0.20967592640080992550 0.21884434420765816465
0.18414270846999275522 0.21918756414773138408
0.20455294550727090575 0.21943822338607843481
0.17903621692997706560 0.21989572273875968023
0.21249034399747132595 0.22071153534395318574
0.20167770355810077376 0.22119554508969635487
0.19604001376612367746 0.22293249776437837339
0.20365704630155861965 0.22546881950974276276
0.17523473055765481643 0.22546881950974276276
0.19526410806327082481 0.22603265471513958595
0.18829779059102805250 0.22733552673536616684
0.21196697742857883995 0.23012794328253804998
0.21939911086113245142 0.23012794328253804998
0.23013162100589862336 0.23029901751699174972
0.19369429403815671686 0.23045534803745154617
0.22641861792518311325 0.23108283489369216279
0.19770763587106565673 0.23149141159631636544
0.13893095223273033145 0.23236063114743840674
0.19543214158541349912 0.23249963102323090158
0.20746354388740334551 0.23324177281002161921
0.17767577348215440880 0.23358039207471159582
0.15308159803183152281 0.23411371476693432214
0.23141472130840057275 0.23493171073129404114
0.18229030046503000295 0.23495957080624688129
0.16252721509284109858 0.23501538930948967510
0.17082703499809892556 0.23608512227388214755
0.18494201339693291941 0.23660154979480954585
0.14901453367963987673 0.23816382544769171270
0.22342228996928564788 0.23911653660544321398
0.21942875855756091563 0.24005340466218441642
0.18297570841497415306 0.24015375253142914880
0.17579284291181954125 0.24071132811190917855
0.16380038287894491122 0.24073115553905466424
0.23624958539933130219 0.24128868413798881809
0.24114584042166226086 0.24144525807343558688
0.18665378859448103488 0.24238765298567202522
0.21308993642876619679 0.24280369240687699195
0.21467891583655041021 0.24284158759460375276
0.22324792085292666233 0.24537481854162018768
0.24549694901297580696 0.24597723827306050559
0.23447280348813706596 0.24610276356644830709
0.23530676266847558309 0.24660834738379494580
0.18312526054673630704 0.24706871562230475758
0.16821949052204604458 0.24793387267124239459
0.24313035004272601225 0.24802674627195758772
0.24588985445091107729 0.24868534000202666134
0.15655040159994795812 0.24872141025717872664
0.19761969890588682031 0.24909553808437656652
0.23778210805768720815 0.24929972511830209014
0.21745097506181154667 0.25047814090270192899
0.19950125449862210480 0.25053789498445389050
0.21338736882054404331 0.25123877804742633657
0.23176460160406359146 0.25131078520563576717
0.22691493854057401269 0.25231490944585160952
0.15603447459479921622 0.25232472553812984595
0.22038527708201735567 0.25377771511873048471
0.21969128457209491367 0.25426045476891995234
0.19272358322921348539 0.25606566642633116215
0.21277796564382647770 0.25867566810968223301
0.20617742040104572454 0.25915366425125996308
0.24701635250338288552 0.25943942710015727160
0.17237396149568087744 0.26033151026884593371
0.25261969655175325888 0.26072292794303303376
0.22941941570760188140 0.26350899713038417049
0.25067753126601050040 0.26367179760792741616
0.23711643904897955482 0.26430084987707935795
0.18052835025819449766 0.26482575152265863672
0.25095641624339298792 0.26595519825966623673
0.21918105141540517034 0.26874837116481448129
0.17809331299348485356 0.26943783515393754380
0.22076328662900560063 0.26979987569468039110
0.26826423292470530368 0.27083879250799747229
0.24667292712445193503 0.27147460825003011387
0.24695395907074446651 0.27387766237802807501
0.25256073561094150026 0.27580528127976028374
0.17097295475245363749 0.27595500473296830091
0.24498495399987246790 0.27633090642149810146
0.17667690162922694563 0.27789153699199231617
0.26225317340712667180 0.27905807881336636145
0.26668041929926050715 0.27965459194917346997
0.24248087458373823733 0.28027833040996380509
0.22334812090445232968 0.28068849964214082071
0.27345300337713118743 0.28069596540847668864
0.21517776539249147683 0.28215439831583455366
0.21425268902231611734 0.28251222446742801919
0.23824151335006582553 0.28377525726741675838
0.24694616737092320302 0.28497533286194881574
0.27690572820298720025 0.28608605573980433467
0.27807202732963853808 0.28759121001429677200
0.20211477125852253534 0.29449899739226842454
0.26737088439545397822 0.29573738145982392256
0.23101275399333154326 0.29614119803912314355
0.21495466510888378009 0.29685186886023301467
0.25960793546786520292 0.29926190384425671587
0.18084980856693658180 0.30246001350872053770
0.30323746676423413149 0.30347328111061089295
0.22008036786037071808 0.30436286565083359168
0.30458923015215194630 0.30479846569306962012
0.22094092067016243841 0.30622549995159020764
0.22807718268794960337 0.30752617329701481541
0.30590066458624809442 0.30752617329701481541
0.21734930427859844304 0.30943874766741513715
0.28403889272112103903 0.30967271554967901181
0.25154010506144569570 0.31208048715843195176
0.22681596192838959780 0.31389638858465629401
0.23515354351304762481 0.31682709031686123735
0.29286481398095653983 0.32206257472311922152
0.20467621390754420219 0.32206257472311922152
0.20139089584284883272 0.32341896348005605422
0.29859053991386458327 0.32945242895833343200
0.24663157769882740333 0.33058034917708928324
0.20016198334870841102 0.33502990100242541205
0.28992703598043939595 0.33663064361865130403
0.21005904623269167075 0.33947675571813201723
0.26995172275546663876 0.35528554771634829335
0.36773079203325476083 0.41122570279487352662
