0.01368511650353056337 0.01379146502488048411
0.01730169561937941816 0.01782746589879854321
0.01887945031885458758 0.01910974392241641950
0.01826254093024904171 0.01963026931082599222
0.01894200563723274014 0.01968158771091863338
0.01872198957118480570 0.02068931035145361863
0.02055581337539265710 0.02120214288525592433
0.01886037643930700905 0.02140450299267917036
0.01795333194717850869 0.02146132595551825464
0.02135636888943263575 0.02210398120465140864
0.01995796829715643789 0.02258595043062378363
0.01878012510986413683 0.02263704347238138653
0.01813097118392817744 0.02381008205274708425
0.02290968137310967975 0.02392902120272458535
0.02006603780314643662 0.02419587496815401098
0.02434371609863323488 0.02438523548151161000
0.01918124680162187207 0.02442917431602298003
0.02483715167867787260 0.02495416709924362653
0.02175457101424518175 0.02550830421322107175
0.02259380320856108765 0.02564664491032105434
0.02493343194304243823 0.02570124203807040361
0.02303264703764524440 0.02588073064299876991
0.02405532148948778468 0.02590443587974013487
0.02473747057338620409 0.02613071184195095778
0.02527415132532869618 0.02629552651925508300
0.02447098428974873660 0.02655870827779752141
0.02273530608704880593 0.02663309490557162068
0.02509712758268961216 0.02665350353232627187
0.02450449413182489988 0.02665350353232627187
0.02576199008251252656 0.02686602661238508133
0.02438870480644949462 0.02701882799225689691
0.02556629169648787225 0.02703222931446514279
0.02551736844765763526 0.02705860660053778510
0.02653303827459206274 0.02737832901242814518
0.02358186991411058767 0.02744394894186798217
0.02132047964404059151 0.02745730308524404334
0.02704165470116974557 0.02751137135231612393
0.02741296619676801202 0.02758067519627304537
0.02174031835552445863 0.02761988564944347149
0.02784066504064844003 0.02798976699824491307
0.02389478500666531932 0.02804253171701772199
0.02187242041341844190 0.02805348207864857835
0.02358905637309074640 0.02813509256409596135
0.02294179260232404038 0.02834879674799749283
0.02086163436110919853 0.02845327272049590073
0.02287754100771046545 0.02848666728601890324
0.02456256248566374492 0.02849184265747634406
0.02542826640242066075 0.02853342645231660493
0.02714057956749507325 0.02867416938269500004
0.02284652505986475846 0.02869298847281727405
0.02426175350943432160 0.02870703703162037074
0.02788579432228588048 0.02882271474401250019
0.02713692705309520004 0.02890463551859735747
0.02767065825788905115 0.02899405865480518540
0.02665932275508979890 0.02909495964938615606
0.02869515509225176869 0.02917076545204617261
0.02938405971822834542 0.02939630334659120575
0.02695361465152146599 0.02939858350807768653
0.02686827464211950442 0.02949651399773103866
0.02803881200863061682 0.02949651399773103866
0.02548930314687009036 0.02977645214098832011
0.02839226577863551010 0.02989407239690842349
0.02128517417389408015 0.03019562502381977973
0.02442345314531071260 0.03029892295642089631
0.02416408125895563863 0.03047255429577002891
0.02785084042654879105 0.03048812234062868443
0.02372173080815895285 0.03054722562311790179
0.02447084647413415304 0.03064191848343092786
0.02547360178922697740 0.03066616553153559549
0.02789548790258546476 0.03073145450146763311
0.02647274866000859025 0.03083923281926069862
0.02639989040337867646 0.03108885795605923277
0.02144000271867990692 0.03130863995594602989
0.02267107700061073497 0.03137479820154429749
0.02678371351559766939 0.03141403479843613011
0.02214042575214210384 0.03156945434994680444
0.02592789438923045683 0.03162730018852352026
0.02916881043979578647 0.03168538282054649685
0.02689928875312327938 0.03170842246401163467
0.03163099375510181055 0.03188586932571570165
0.02697055463938680467 0.03191441423186443249
0.02986854693031977190 0.03191886673129445962
0.02852221022844496010 0.03196025680230295957
0.02347624253184123558 0.03208714126214270990
0.02207105511050431665 0.03247432017847586699
0.02546225362449905036 0.03260049986046327508
0.02683192934882058442 0.03267201117595169846
0.03127676123509347261 0.03292240068144700049
0.02684316629515389255 0.03314994773020110697
0.03240822653360207750 0.03317237527345546361
0.02834028746363670762 0.03357505951119701959
0.02459688121641275677 0.03366278060226513685
0.03331713341244913612 0.03379617287515758461
0.02629005952748611138 0.03388415390287119466
0.02302753516259733665 0.03395175963976538452
0.03229163907728589689 0.03402368079010067298
0.03092396554847020793 0.03411210230058780990
0.02447238380324331247 0.03412467700712614599
0.03110371585134757283 0.03414327435440659558
0.02644491947805520729 0.03419769048693156038
0.02319955488811388869 0.03425490232161883947
0.02514093750512542275 0.03457868918878296421
0.02200901344693898323 0.03458528439912138958
0.03431434867379457021 0.03459037179699697012
0.03199548837075597701 0.03469635894820941729
0.02491504339505950030 0.03476342922711851691
0.02846029251197030804 0.03489370585076733561
0.03323399078669281304 0.03554130293472374663
0.02469705652754378145 0.03578569245903331919
0.02618556982943683747 0.03585927774415618996
0.03162602480211072070 0.03596080033341029353
0.02524288095327406611 0.03629534722057495971
0.02705652393400064318 0.03642181946201243636
0.03375827309156310962 0.03650714071141551026
0.03270629822900340822 0.03651866168990450939
0.03561088442339505056 0.03654781290285745443
0.03650238399685344637 0.03670851798413474198
0.02833777087341807915 0.03746241302085912689
0.03451177378471005641 0.03784498297440790776
0.03280804679997907647 0.03795277967801041069
0.03716798154419885536 0.03811467858953424687
0.03238997347325273807 0.03848845016992024498
0.03652147510713173867 0.03849053259028253904
0.02450975621328596241 0.03858633047573882535
0.03574913805996995930 0.03908546838809245916
0.02974858726264086387 0.03914385508077399684
0.03848629902785292989 0.03933369184000556906
0.02864785301558537417 0.03933564180021541234
0.03815952439103619670 0.03981062810465722801
0.03770269673639099761 0.04005457892906513079
0.03697467365410332663 0.04082648470490457537
0.03742014154866012132 0.04084482190678569158
0.03993668795766605606 0.04158194440509425244
0.03378615146366741040 0.04184197379026588504
0.04021386383264040354 0.04184197379026588504
0.03851414322006099095 0.04210337208444470819
0.03702493664349293390 0.04218246116237640841
0.03811613952468716898 0.04271681525774044530
0.03590528841591863335 0.04275664625248396661
0.04014927403401631623 0.04301476367287602326
0.03956036643024943289 0.04318280751223147612
0.04131051449923781038 0.04376487920652760710
0.03734803720345517691 0.04385913296432476099
0.03420568435482101988 0.04390880347451445176
0.03753425064235555580 0.04538462089267969457
0.02795136850266026832 0.04543852865384561540
0.04292533803083597999 0.04553490444269531201
0.04192266114893253293 0.04564249036363907108
0.03730308381369471654 0.04566162153799686874
0.04447364543644732188 0.04573428014608011544
0.04280818141474786870 0.04573428014608011544
0.04063453521455030054 0.04618072414891095934
0.03620102850143692291 0.04653088559136924623
0.04318821870447683148 0.04654062558662636767
0.04448268514457773964 0.04657985850607589129
0.04222860899910393928 0.04754617623503133023
0.04012662827260809334 0.04855519907270208768
0.03178839423174750073 0.04864723525148394873
0.03808694370245710448 0.04892698385077010742
0.04709492804741680777 0.04895356275777136557
0.04581076789530450638 0.04906521642820444590
0.03654186417058078590 0.04923115983892595998
0.04211120423180075151 0.04996129984775027344
0.04616408984427478740 0.05011870715493516037
0.03592308992909332838 0.05032181490237096211
0.04847472332093919617 0.05044524887789845341
0.03045480559868947446 0.05081444229262351009
0.04813530184087341790 0.05089860409572653788
0.04802206274801671532 0.05120308506430354401
0.04505641585889835071 0.05121346039112250476
0.05166285577921313210 0.05185602301048438528
0.04118124352235704583 0.05301958746566816372
0.05150675334502314434 0.05340408990395306005
0.05065316046617350521 0.05442431017028994539
0.05450980935910661879 0.05520864058336641400
0.04966197201570211883 0.05645211257856618675
0.05553984505868900245 0.05738764874766941193
0.04729904014984184085 0.05868460060761705732
0.05935576287077862223 0.06168818101706337320
0.05292533582505411921 0.06171368153491860187
0.05572860232110769807 0.06245324300692926822
0.06213092469381225474 0.06334998819929138492
0.04924122008319664623 0.06398397893949615833
0.05973785798109049194 0.06478717211971395107
0.06544592589263635574 0.06578497819110573630
0.05886250319084208871 0.06745963492821449581
0.06204608447654434700 0.06790272666143000457
0.06790411584303875092 0.06796173224341958696
0.05923544152278775038 0.06912700930498265339
0.06599035876046899229 0.06947288238923719772
0.06615924732346865900 0.07068847689248762556
0.06722313671864457718 0.07092446511771972883
0.06331285293137538239 0.07326260612874893607
0.05856458635784189681 0.07427129970500240264
0.06660067963966255500 0.07438112317897316306
0.06737649926679582790 0.07589780137083464162
0.07501078234971152170 0.07614322634869609419
0.07459254847002801114 0.07742092747494409843
0.07889669056664458391 0.09049784126888220370
0.06584389679697076614 0.09364398266650117431
0.37316446414824561151 0.39165531489791038933
