0.09155020425898074965 0.09413223499972181441
0.09352630322417536390 0.09435325068824010342
0.10625909094851136716 0.11601096704270112692
0.10259202144431454895 0.11603696444752756300
0.11840959696969097226 0.12464394040872808778
0.10393314608759390838 0.12665823207004575646
0.10923247903000789238 0.12734047665848996500
0.11674923799849942774 0.12899976950904878947
0.11332774238274721801 0.12913558997260651817
0.12144262548415284131 0.13256431170945079390
0.12538495860270776339 0.13546564409710659671
0.12899639315732192024 0.13623067376664502182
0.11564389483230776146 0.13637708554702535069
0.11772565521752145767 0.13735484861779223564
0.13626211755023387440 0.13829059299193324772
0.13868348364523705452 0.14252282277656949661
0.13179643647869698775 0.14516790155156658604
0.12654171423788321271 0.14557545403833035969
0.14462999461636399934 0.14670780282950340867
0.14039062541035515763 0.14831962059599282377
0.13607254971725388226 0.14922993086523275719
0.13634982837160572466 0.14958488353864846099
0.13636783440776120702 0.14994374324054440817
0.14138552239028615021 0.15059433441770633810
0.14118647987061100357 0.15241213065917971758
0.12734457834921622532 0.15360947527599852491
0.14406879861531265985 0.15490860980866361096
0.15774289365885466041 0.15930656421515709820
0.14241827106934576430 0.15994431613989776308
0.13671462186381211357 0.16052478938721734258
0.15429843107723062445 0.16053434970440252916
0.15979359227647205177 0.16154186188383598544
0.16184900800799373322 0.16251128736166151056
0.14825771144005972513 0.16256320283783187719
0.14580577875725206360 0.16256330753939574052
0.16269580821578985552 0.16278196521681920217
0.13958044757489035392 0.16415431368679245239
0.14422498399896180321 0.16477620193177650032
0.14229213576158164511 0.16627158709024217331
0.15903092014357536610 0.16630904745408428558
0.16205375774010133405 0.16657743694422769143
0.13405868495175923827 0.16707388444577303543
0.16169084761320293153 0.16756338873037379678
0.14610034222730847175 0.16793584564368108092
0.16473118056427757394 0.16832114066572706479
0.16126285747955285133 0.16836585370341924928
0.12982404981673675848 0.16845804329616667627
0.16862769349666675844 0.17268937162807743158
0.17163608422227613626 0.17412050757766592279
0.13727148894604551677 0.17586379821614106511
0.15898322953338780983 0.17717054908730647811
0.17190885213700024536 0.17787548523012977619
0.17061543683570537522 0.17808405848538957916
0.14444503343868173029 0.18064017869976339847
0.17789303627164154697 0.18083188193117691323
0.17407405477656889836 0.18083188193117691323
0.17431798254733354980 0.18114744634469698292
0.14878795927661575549 0.18173132588285922928
0.17000700477711364056 0.18221933300327844418
0.17070015577327843359 0.18340115030472559088
0.16463994848775409530 0.18369462136290778953
0.16729296916044081311 0.18492531643497403526
0.16015696906187640303 0.18505214030192368435
0.16114173652142785298 0.18532689145687789023
0.14422528184904617743 0.18731576675684077915
0.18023839456845094920 0.18812384405803481147
0.18455932910146161108 0.18908993948908023319
0.18142962517330041283 0.18987631558343065485
0.17808625132489203091 0.18999691790015468817
0.14920876621794401662 0.19172498457079298340
0.18879446486889314705 0.19234424127359411871
0.17481845804581916393 0.19557142648467720769
0.18081190741802430355 0.19610139215208177710
0.17080043095370520123 0.19754460713118771054
0.19678731542374247598 0.19860251207908644067
0.18543865870925943518 0.19882964118227941519
0.19790539717093025285 0.20062201502103688133
0.15685526236897553987 0.20094398990111358994
0.18960584642220473794 0.20095566338951129093
0.18357598154524149003 0.20110333291236037745
0.15879650790480753786 0.20148101883001412471
0.18174605338148794309 0.20207526423868280019
0.16880163670333220294 0.20343220897999841901
0.17877180115336160915 0.20363204336711152043
0.19644716832466604939 0.20667752760475718854
0.19111566574882432601 0.20800241967966764944
0.19283057802764649868 0.20932818813398260116
0.20395229217101051855 0.20965556424517589607
0.18795338942679087890 0.21014609255258617782
0.18930672295557768314 0.21033986852742717066
0.19584612065603546061 0.21155665130159645448
0.15817389350231894629 0.21164709538921741561
0.20425933859106620849 0.21172744874765453416
0.18360973511163122818 0.21195352611241177754
0.19144537862207411383 0.21251430798954179524
0.20399789954039673767 0.21316138917444815704
0.16990121422811307883 0.21426339344666819886
0.17847150270204886757 0.21530872401091985524
0.20834365960432313369 0.21680906771157495982
0.19650488579861163929 0.21731311698595173754
0.21342248539820521391 0.21942535456545642081
0.18997536316847749016 0.21947217537242982854
0.19625078883173266431 0.22085848613176076172
0.20264423326101918543 0.22153999282560996043
0.20498212628349243847 0.22225527585998500202
0.17490619908420898532 0.22241254181030531423
0.21721877707776068855 0.22290514783398268639
0.18699541283197637642 0.22367817689317848195
0.20527085924989610377 0.22396569772735169801
0.20286727871187790195 0.22414229215061201583
0.20561392082012774907 0.22475849124269253743
0.18852532498360777269 0.22479194751895395510
0.18642987336445657198 0.22763604827250258356
0.21328127046400471856 0.22802362180065754993
0.18558185529261694846 0.22802808844448932413
0.20242253238212301603 0.22815674021847170971
0.19216300937389774184 0.22817456569074553996
0.17383808148411133976 0.22924515462637692909
0.21997425583718624442 0.23074774859809882299
0.22556817994560238172 0.23166218722089612636
0.17299142714472101612 0.23175721088681208726
0.15198392119650161458 0.23271979752028076893
0.15722587649128605403 0.23316215359848879718
0.19862790564525320547 0.23412533484286551788
0.22232196263791423330 0.23533956289692672947
0.22602547893607286000 0.23571092441894808678
0.22656773540655181232 0.23585037878077919071
0.20027203284123562543 0.23639462613334674690
0.22378620832788873041 0.23641917270613851954
0.23136962259104124073 0.23697320695823897996
0.22554859871605056898 0.23869431811529248644
0.18455353687077158398 0.23889242071970415160
0.23672022886389595953 0.23920718261145643146
0.22514138590986287891 0.23984740095557455231
0.21457516278393012898 0.24019021357721687115
0.18121869333018397752 0.24125973857329316430
0.16078842630167669570 0.24244604669118846596
0.22102577375472506893 0.24253853826797491799
0.16168434783357862883 0.24259906872884573481
0.18888960926096512449 0.24279358164363942785
0.23827283777222518779 0.24371888838942690203
0.23272104036809079797 0.24384751160985632112
0.22176341549148989585 0.24471817258757685987
0.19622173596326905609 0.24521865383319652043
0.20806740978612095483 0.24941408909127962823
0.19046728554305397685 0.24951399272351965086
0.21239544680352626105 0.25101602506718306840
0.19447695903002173989 0.25255436563038491382
0.22263789942764822261 0.25436879288926500520
0.22203619696671950123 0.25444515288046776202
0.21680029832332919915 0.25455527645343317689
0.22535781942946764289 0.25505041746096723809
0.18580030509945147377 0.25554530835278882472
0.20112055794929975527 0.25604328201900566908
0.19990627361956209151 0.25661996697836947368
0.19612050308183015535 0.25823889376854813893
0.23511448556723538172 0.25876228659313915692
0.25380233047377742661 0.25964063940346049364
0.25824121975650532468 0.26051096962251502065
0.25942058737628659326 0.26065706282265366234
0.22914733898781844412 0.26102800562264066864
0.24995457828664033317 0.26113110784549065091
0.19035755260011455459 0.26230290323082372517
0.25001683588139500536 0.26234105603439084042
0.22306981333135533774 0.26612066414025553618
0.22889116650000468356 0.26633087965096258198
0.17982978710978081427 0.26712143933490656300
0.16929478020281135686 0.26900169000809331932
0.22463992075600880405 0.26933245455317622596
0.26326042957481032847 0.26949764985559354624
0.25113552114016229888 0.27069346304822877736
0.25551270846359869227 0.27550507804757895514
0.22302590902592372979 0.27784889451371613811
0.24543137860691249807 0.27849138084650237879
0.24794039562725309067 0.28054236473875743263
0.26723931320142979562 0.28076307976091485763
0.27508591873672455508 0.28083902439717023380
0.16882827792172061532 0.28439569068950137920
0.25096065768278263963 0.28654586946886084764
0.24936193181053264989 0.28671879608144706930
0.28166279786760661796 0.28780001452142328633
0.14888764823565106554 0.29289986340739948556
0.21267183908466610887 0.29558565862322300211
0.17597402406510992412 0.29665863878934145559
0.24815736204221874872 0.29923804150812649549
0.27565642539142837242 0.29931227651926151090
0.22226616454281730717 0.29973022339409099990
0.18911319649925850683 0.29985345742282204506
0.25679259953760813495 0.30180749831492970081
0.28934538648641816572 0.30565649985761589313
0.25745934746981447017 0.30646771198918404400
0.26960864695112357614 0.30861197395738892979
0.30396514139256253229 0.31116870325469209169
0.30722130927626223329 0.31166746446308896124
0.26050042410738144527 0.31434275501621239401
0.24875292321795014483 0.31450551992002762081
0.16618743672371991127 0.31706069134585701530
0.24274261986004591618 0.31840429242374812535
0.26788569607617462864 0.31852452903549977048
0.23844269947285551270 0.32097837717051264095
0.20755434063233885178 0.32113465944050628709
0.30410642276046606636 0.32174089017225926401
0.29044027178521047983 0.32407595404131828154
0.17840018494218015666 0.32691776602882632874
0.28024859398428036972 0.33280899743696523707
0.30843530157400833591 0.33713266188053309103
0.28710707939153540247 0.33794939069279850141
0.27847895976954351038 0.33928074027960064551
0.30078452548007050815 0.34274200601964172064
0.30168542177457585707 0.34351834916893947414
0.29229592704857948471 0.34655521872412275997
0.27484080176122682726 0.35141590958020513247
0.27801129586494871537 0.35234347108197272558
0.20483376059491323340 0.35486463122934941428
0.31551043707228110247 0.38397016943537987110
