0.00000000000000000000 0.00270175345046113052
0.00000000000000000000 0.00316728540386993114
0.00000000000000000000 0.00394768383051345879
0.00000000000000000000 0.00399813219815095457
0.00000000000000000000 0.00415143276598045705
0.00000000000000000000 0.00479548031588328261
0.00000000000000000000 0.00483384968687800183
0.00000000000000000000 0.00510787324753201027
0.00000000000000000000 0.00550939460321729722
0.00000000000000000000 0.00598391211122953175
0.00000000000000000000 0.00638062302430150198
0.00000000000000000000 0.00643056518305266164
0.00000000000000000000 0.00673035213639272805
0.00000000000000000000 0.00675648430772301037
0.00000000000000000000 0.00677605710224822057
0.00000000000000000000 0.00684963648588226073
0.00000000000000000000 0.00694725352224677406
0.00000000000000000000 0.00705384667809648685
0.00000000000000000000 0.00706624346534481459
0.00000000000000000000 0.00740830788921511933
0.00000000000000000000 0.00746971719168090884
0.00000000000000000000 0.00770886789733505554
0.00000000000000000000 0.00789598949299158241
0.00000000000000000000 0.00823063177762718874
0.00000000000000000000 0.00837743325570727490
0.00000000000000000000 0.00847170360109477522
0.00000000000000000000 0.00847624196896345009
0.00000000000000000000 0.00852622824546437827
0.00000000000000000000 0.00866960903325961381
0.00000000000000000000 0.00869002990252355084
0.00000000000000000000 0.00871005936556068679
0.00000000000000000000 0.00896633422730918478
0.00000000000000000000 0.00902688769320297672
0.00000000000000000000 0.00925746095028509401
0.00000000000000000000 0.00944257143052510545
0.00000000000000000000 0.00944828554557565481
0.00000000000000000000 0.00962141606861518714
0.00000000000000000000 0.00977375948316368433
0.00000000000000000000 0.00979143211809267548
0.00000000000000000000 0.00991329706510132684
0.00000000000000000000 0.01023830816615098338
0.00000000000000000000 0.01027241224437037623
0.00000000000000000000 0.01028969917208552229
0.00000000000000000000 0.01049591841953649747
0.00000000000000000000 0.01059635812685249048
0.00000000000000000000 0.01064842342646897533
0.00000000000000000000 0.01107686946661045474
0.00000000000000000000 0.01120527928416051484
0.00000000000000000000 0.01126872486559367566
0.00000000000000000000 0.01132818647677720503
0.00000000000000000000 0.01141727677743545506
0.00000000000000000000 0.01142877090719824143
0.00000000000000000000 0.01169185162856406848
0.00000000000000000000 0.01171103071158903497
0.00000000000000000000 0.01175046131999031747
0.00000000000000000000 0.01186398954479580409
0.00000000000000000000 0.01204118983188698366
0.00000000000000000000 0.01211846999673169001
0.00000000000000000000 0.01226652274241550079
0.00000000000000000000 0.01233019609394114986
0.00000000000000000000 0.01239255397929276033
0.00000000000000000000 0.01251653449542688111
0.00000000000000000000 0.01259414791270085064
0.00000000000000000000 0.01275927744440019662
0.00000000000000000000 0.01279109924647845072
0.00000000000000000000 0.01283001976360453010
0.00000000000000000000 0.01290247234820685734
0.00000000000000000000 0.01290759587287228921
0.00000000000000000000 0.01293262581197656379
0.00000000000000000000 0.01295733662722991716
0.00000000000000000000 0.01317757365650079268
0.00000000000000000000 0.01318062789335938852
0.00000000000000000000 0.01320962062062020284
0.00000000000000000000 0.01325382000028964627
0.00000000000000000000 0.01331267404010097466
0.00000000000000000000 0.01347034807317990836
0.00000000000000000000 0.01348801417059496133
0.00000000000000000000 0.01348927264177686262
0.00000000000000000000 0.01354459800767691263
0.00000000000000000000 0.01357033776568114004
0.00000000000000000000 0.01359539178632251932
0.00000000000000000000 0.01361262595841050867
0.00000000000000000000 0.01363966752530598389
0.00000000000000000000 0.01365305160227965088
0.00000000000000000000 0.01369208784746654521
0.00000000000000000000 0.01370428815046241360
0.00000000000000000000 0.01371079038764889957
0.00000000000000000000 0.01385071436556592657
0.00000000000000000000 0.01385510245560604009
0.00000000000000000000 0.01386937271996458061
0.00000000000000000000 0.01399315112310825331
0.00000000000000000000 0.01404365870794628893
0.00000000000000000000 0.01404666922738122097
0.00000000000000000000 0.01405620089504792253
0.00000000000000000000 0.01409904518677196524
0.00000000000000000000 0.01413525771221187458
0.00000000000000000000 0.01423232380005738477
0.00000000000000000000 0.01434283609540399143
0.00000000000000000000 0.01442997966343267068
0.00000000000000000000 0.01443545625365682400
0.00000000000000000000 0.01444285685775603678
0.00000000000000000000 0.01444655551923075369
0.00000000000000000000 0.01463607992408127653
0.00000000000000000000 0.01477275694796438728
0.00000000000000000000 0.01496208002202528697
0.00000000000000000000 0.01499524492213729319
0.00000000000000000000 0.01516355921893562664
0.00000000000000000000 0.01516494986822137722
0.00000000000000000000 0.01518364527635942575
0.00000000000000000000 0.01524323943496553278
0.00000000000000000000 0.01527342430410082684
0.00000000000000000000 0.01535550927708006358
0.00000000000000000000 0.01539667792529562061
0.00000000000000000000 0.01543050156917094573
0.00000000000000000000 0.01549992191943509907
0.00000000000000000000 0.01550050061179715152
0.00000000000000000000 0.01550444238428370404
0.00000000000000000000 0.01555060022266929916
0.00000000000000000000 0.01555629980273681712
0.00000000000000000000 0.01557794092241017274
0.00000000000000000000 0.01559007211379268877
0.00000000000000000000 0.01564655646331248456
0.00000000000000000000 0.01570240498348801986
0.00000000000000000000 0.01582255518830452332
0.00000000000000000000 0.01585940971836890395
0.00000000000000000000 0.01589500448382317674
0.00000000000000000000 0.01590925591200410827
0.00000000000000000000 0.01596811607055127757
0.00000000000000000000 0.01601075921874376903
0.00000000000000000000 0.01606492852031939089
0.00000000000000000000 0.01606753042501772588
0.00000000000000000000 0.01608137635712917138
0.00000000000000000000 0.01615187730282411499
0.00000000000000000000 0.01620818512634153788
0.00000000000000000000 0.01622585068772479724
0.00000000000000000000 0.01623114270683375174
0.00000000000000000000 0.01625980629178642653
0.00000000000000000000 0.01636214164110396524
0.00000000000000000000 0.01644561910903660773
0.00000000000000000000 0.01648189221597764348
0.00000000000000000000 0.01663113526874323428
0.00000000000000000000 0.01664740936048507078
0.00000000000000000000 0.01665113868262472693
0.00000000000000000000 0.01676514504872433226
0.00000000000000000000 0.01677786582435055601
0.00000000000000000000 0.01678318792893066652
0.00000000000000000000 0.01684921432719410639
0.00000000000000000000 0.01689067651341384299
0.00000000000000000000 0.01690582750439401788
0.00000000000000000000 0.01691403011612230625
0.00000000000000000000 0.01691636733903621390
0.00000000000000000000 0.01692253588504495296
0.00000000000000000000 0.01708513248940322915
0.00000000000000000000 0.01710425755926275534
0.00000000000000000000 0.01710877570975499057
0.00000000000000000000 0.01712701947550124976
0.00000000000000000000 0.01720473098285285260
0.00000000000000000000 0.01727629799821392073
0.00000000000000000000 0.01729758800609716707
0.00000000000000000000 0.01731195865303084003
0.00000000000000000000 0.01733301468615152524
0.00000000000000000000 0.01740360239236041912
0.00000000000000000000 0.01740425136654235802
0.00000000000000000000 0.01760440886458941936
0.00000000000000000000 0.01763577192077923905
0.00000000000000000000 0.01764058442405311636
0.00000000000000000000 0.01766855498269398125
0.00000000000000000000 0.01769352077190331635
0.00000000000000000000 0.01774685185995064640
0.00000000000000000000 0.01785864907373819685
0.00000000000000000000 0.01786409872658531461
0.00000000000000000000 0.01788756664545596009
0.00000000000000000000 0.01795278505291393253
0.00000000000000000000 0.01807704514523067463
0.00000000000000000000 0.01812516364305946648
0.00000000000000000000 0.01824278844824340703
0.00000000000000000000 0.01826356636574061332
0.00000000000000000000 0.01827102520485550732
0.00000000000000000000 0.01832259024080140977
0.00000000000000000000 0.01832597007633216674
0.00000000000000000000 0.01838350813100962655
0.00000000000000000000 0.01838661578147526149
0.00000000000000000000 0.01852343854693431005
0.00000000000000000000 0.01867097104010620456
0.00000000000000000000 0.01867872481806652496
0.00000000000000000000 0.01872695547499551513
0.00000000000000000000 0.01873028340860219410
0.00000000000000000000 0.01874795790777526033
0.00000000000000000000 0.01877866057224970506
0.00000000000000000000 0.01888541480592652658
0.00000000000000000000 0.01894506998202196216
0.00000000000000000000 0.01902788144136000059
0.00000000000000000000 0.01909156402686666698
0.00000000000000000000 0.01909180550024808243
0.00000000000000000000 0.01918112260099537336
0.00000000000000000000 0.01923578390865306187
0.00000000000000000000 0.01935170269450730077
0.00000000000000000000 0.01938155388933146886
0.00000000000000000000 0.01951788783371810262
0.00000000000000000000 0.01962470790284771838
0.00000000000000000000 0.01967687697198397187
0.00000000000000000000 0.01973712070798371715
0.00000000000000000000 0.01974716862112059490
0.00000000000000000000 0.01974843726268686941
0.00000000000000000000 0.01975116297518402994
0.00000000000000000000 0.01981951644633423576
0.00000000000000000000 0.01984751134972581599
0.00000000000000000000 0.01995312995535787268
0.00000000000000000000 0.01995578781497688720
0.00000000000000000000 0.01995655118812297499
0.00000000000000000000 0.01997205394359391137
0.00000000000000000000 0.02001176200015816753
0.00000000000000000000 0.02010262177369233697
0.00000000000000000000 0.02025826029612124227
0.00000000000000000000 0.02033773391011231904
0.00000000000000000000 0.02036729123948076772
0.00000000000000000000 0.02037781506670322332
0.00000000000000000000 0.02052828655001219180
0.00000000000000000000 0.02058047876030451306
0.00000000000000000000 0.02058623849194511288
0.00000000000000000000 0.02058859587131500052
0.00000000000000000000 0.02072101889984028986
0.00000000000000000000 0.02077873429059301849
0.00000000000000000000 0.02080326911679778248
0.00000000000000000000 0.02081071437967651344
0.00000000000000000000 0.02081237519669606323
0.00000000000000000000 0.02091902096298737038
0.00000000000000000000 0.02100755396223335028
0.00000000000000000000 0.02104488220852232874
0.00000000000000000000 0.02105278447481382514
0.00000000000000000000 0.02105294984330513194
0.00000000000000000000 0.02108441963669683769
0.00000000000000000000 0.02115626922433635690
0.00000000000000000000 0.02117313686681143378
0.00000000000000000000 0.02122134293456574491
0.00000000000000000000 0.02134837928176935157
0.00000000000000000000 0.02141877460437100963
0.00000000000000000000 0.02143220760297100472
0.00000000000000000000 0.02147340605348953615
0.00000000000000000000 0.02149246627746538921
0.00000000000000000000 0.02155364674332117814
0.00000000000000000000 0.02157129169748240108
0.00000000000000000000 0.02166760253613379469
0.00000000000000000000 0.02178550852286194328
0.00000000000000000000 0.02185908872052793120
0.00000000000000000000 0.02188580268872860474
0.00000000000000000000 0.02194568722551609036
0.00000000000000000000 0.02197882677563643347
0.00000000000000000000 0.02199129931346648775
0.00000000000000000000 0.02207410914896161189
0.00000000000000000000 0.02207641666382986409
0.00000000000000000000 0.02211435795171687313
0.00000000000000000000 0.02217309109870926886
0.00000000000000000000 0.02222594518913280706
0.00000000000000000000 0.02223616847587733814
0.00000000000000000000 0.02226221892558945953
0.00000000000000000000 0.02232922043882711385
0.00000000000000000000 0.02238058784533462908
0.00000000000000000000 0.02242977926121130644
0.00000000000000000000 0.02246014423499512538
0.00000000000000000000 0.02261502511653910169
0.00000000000000000000 0.02263608827661054909
0.00000000000000000000 0.02269139070050451429
0.00000000000000000000 0.02271259269655373503
0.00000000000000000000 0.02289529456962484735
0.00000000000000000000 0.02289899739863858821
0.00000000000000000000 0.02295792890240445222
0.00000000000000000000 0.02302413881217922273
0.00000000000000000000 0.02314596509546304123
0.00000000000000000000 0.02321843221578068564
0.00000000000000000000 0.02322669924091597810
0.00000000000000000000 0.02341215492684996582
0.00000000000000000000 0.02342816284631829213
0.00000000000000000000 0.02342887848017415758
0.00000000000000000000 0.02347791188102649890
0.00000000000000000000 0.02356949371806976376
0.00000000000000000000 0.02357125986622614355
0.00000000000000000000 0.02370559034352240010
0.00000000000000000000 0.02381113894814671644
0.00000000000000000000 0.02390064444188982895
0.00000000000000000000 0.02391989249061931069
0.00000000000000000000 0.02404035231658403424
0.00000000000000000000 0.02406185308518734786
0.00000000000000000000 0.02408452311791321743
0.00000000000000000000 0.02414271236684210550
0.00000000000000000000 0.02424141029211142676
0.00000000000000000000 0.02424436000683879294
0.00000000000000000000 0.02428856714390583219
0.00000000000000000000 0.02450523722024982101
0.00000000000000000000 0.02456512189876780550
0.00000000000000000000 0.02458184453675246739
0.00000000000000000000 0.02460144972884882597
0.00000000000000000000 0.02460835141782771740
0.00000000000000000000 0.02467560205751285346
0.00000000000000000000 0.02471498832617550698
0.00000000000000000000 0.02472852728589781945
0.00000000000000000000 0.02478219915819235980
0.00000000000000000000 0.02483002273275118632
0.00000000000000000000 0.02483384809637788695
0.00000000000000000000 0.02483783569976050903
0.00000000000000000000 0.02485845836962361291
0.00000000000000000000 0.02488037582518779975
0.00000000000000000000 0.02488412106862584669
0.00000000000000000000 0.02492430434070251610
0.00000000000000000000 0.02493911549187069129
0.00000000000000000000 0.02501343211861654231
0.00000000000000000000 0.02507394265750521878
0.00000000000000000000 0.02513228363780276378
0.00000000000000000000 0.02517179819797621051
0.00000000000000000000 0.02526636904782549389
0.00000000000000000000 0.02527173149947403719
0.00000000000000000000 0.02530365799821214859
0.00000000000000000000 0.02539032642752142924
0.00000000000000000000 0.02543128458358497393
0.00000000000000000000 0.02544619291869438735
0.00000000000000000000 0.02546415591261669970
0.00000000000000000000 0.02547471844367537458
0.00000000000000000000 0.02550266325255949942
0.00000000000000000000 0.02551824306752305954
0.00000000000000000000 0.02553394161707729995
0.00000000000000000000 0.02560075513129930064
0.00000000000000000000 0.02575523216570682963
0.00000000000000000000 0.02586305174241135610
0.00000000000000000000 0.02588637173469891459
0.00000000000000000000 0.02589663162924057613
0.00000000000000000000 0.02594364449424243352
0.00000000000000000000 0.02594408857814434199
0.00000000000000000000 0.02596949055362886977
0.00000000000000000000 0.02602835696951779840
0.00000000000000000000 0.02604282170168377084
0.00000000000000000000 0.02605264156859238636
0.00000000000000000000 0.02608014441028229727
0.00000000000000000000 0.02610971136982265933
0.00000000000000000000 0.02619807063203952180
0.00000000000000000000 0.02620028465920033051
0.00000000000000000000 0.02621152926942005301
0.00000000000000000000 0.02624971572920339544
0.00000000000000000000 0.02630167787419255415
0.00000000000000000000 0.02633500529193311818
0.00000000000000000000 0.02636894475175067046
0.00000000000000000000 0.02647413349106972347
0.00000000000000000000 0.02655266346459757981
0.00000000000000000000 0.02672832362097802769
0.00000000000000000000 0.02674415102625969307
0.00000000000000000000 0.02675796096518852710
0.00000000000000000000 0.02681692372446577155
0.00000000000000000000 0.02683706389557965685
0.00000000000000000000 0.02683805146249919338
0.00000000000000000000 0.02685904174704591141
0.00000000000000000000 0.02708252991570125889
0.00000000000000000000 0.02711790453859566630
0.00000000000000000000 0.02717296525018283657
0.00000000000000000000 0.02718617989130987095
0.00000000000000000000 0.02719466350601156338
0.00000000000000000000 0.02727640105107552448
0.00000000000000000000 0.02729202780526132979
0.00000000000000000000 0.02755165870601141570
0.00000000000000000000 0.02755482546556993137
0.00000000000000000000 0.02764937981088013558
0.00000000000000000000 0.02772760646248592295
0.00000000000000000000 0.02782174437331629002
0.00000000000000000000 0.02791776572451917099
0.00000000000000000000 0.02801991932332616522
0.00000000000000000000 0.02820314341513055836
0.00000000000000000000 0.02832708788778883283
0.00000000000000000000 0.02835604426686891277
0.00000000000000000000 0.02837486356481364047
0.00000000000000000000 0.02838117383681515796
0.00000000000000000000 0.02838481142966845644
0.00000000000000000000 0.02839027115464934012
0.00000000000000000000 0.02839161784790471613
0.00000000000000000000 0.02841401147478654285
0.00000000000000000000 0.02842720423783308067
0.00000000000000000000 0.02862941350108843749
0.00000000000000000000 0.02867041548482354360
0.00000000000000000000 0.02880594789536464889
0.00000000000000000000 0.02880957063888449354
0.00000000000000000000 0.02915041867829409883
0.00000000000000000000 0.02916598258389547019
0.00000000000000000000 0.02921679766733511693
0.00000000000000000000 0.02931038628142275393
0.00000000000000000000 0.02944877629009206091
0.00000000000000000000 0.02983597102648026869
0.00000000000000000000 0.02985278522485380198
0.00000000000000000000 0.02997269206285660403
0.00000000000000000000 0.02998045162717426909
0.00000000000000000000 0.03029505727236069673
0.00000000000000000000 0.03065439305120078173
0.00000000000000000000 0.03067138584633034154
0.00000000000000000000 0.03068871611531085591
0.00000000000000000000 0.03074456030971536510
0.00000000000000000000 0.03074590610842731567
0.00000000000000000000 0.03089860380900686515
0.00000000000000000000 0.03125288190413019057
0.00000000000000000000 0.03132830463021042677
0.00000000000000000000 0.03133781382080473576
0.00000000000000000000 0.03146572459171540631
0.00000000000000000000 0.03151359176882460866
0.00000000000000000000 0.03158949536134296465
0.00000000000000000000 0.03168300840337816282
0.00000000000000000000 0.03186270532809913625
0.00000000000000000000 0.03200785309013524232
0.00000000000000000000 0.03227664716865535216
0.00000000000000000000 0.03239837185604173969
0.00000000000000000000 0.03271385749927911007
0.00000000000000000000 0.03272165441012448578
0.00000000000000000000 0.03273269805065203569
0.00000000000000000000 0.03273832163419403835
0.00000000000000000000 0.03284927174426369167
0.00000000000000000000 0.03290998072356785681
0.00000000000000000000 0.03291720208297984479
0.00000000000000000000 0.03314370065007750388
0.00000000000000000000 0.03314603267408935267
0.00000000000000000000 0.03335587624373093085
0.00000000000000000000 0.03388233256775499691
0.00000000000000000000 0.03403920268775519758
0.00000000000000000000 0.03404384799086036806
0.00000000000000000000 0.03407513752001459229
0.00000000000000000000 0.03436329854213717588
0.00000000000000000000 0.03452273265030145893
0.00000000000000000000 0.03503602051826864433
0.00000000000000000000 0.03512026170731631647
0.00000000000000000000 0.03515766875459106627
0.00000000000000000000 0.03530982519057730001
0.00000000000000000000 0.03551381868730587449
0.00000000000000000000 0.03561585190789465227
0.00000000000000000000 0.03608747755914010202
0.00000000000000000000 0.03615167670248591036
0.00000000000000000000 0.03685962532356789473
0.00000000000000000000 0.03696597854349702866
0.00000000000000000000 0.03700336773818208025
0.00000000000000000000 0.03717254437675830692
0.00000000000000000000 0.03717478419121284655
0.00000000000000000000 0.03718115429350545009
0.00000000000000000000 0.03726300508747769358
0.00000000000000000000 0.03743435630178907486
0.00000000000000000000 0.03848128754784999744
0.00000000000000000000 0.03888415371130053699
0.00000000000000000000 0.03926111391302873621
0.00000000000000000000 0.03930448693733378657
0.00000000000000000000 0.03953270460047297874
0.00000000000000000000 0.03974097258019087392
0.00000000000000000000 0.03989829091405672906
0.00000000000000000000 0.03994061794639226087
0.00000000000000000000 0.04012557348392813139
0.00000000000000000000 0.04022189351137960001
0.00000000000000000000 0.04054498608740828708
0.00000000000000000000 0.04099138735188445626
0.00000000000000000000 0.04116056147450557201
0.00000000000000000000 0.04147620425935567845
0.00000000000000000000 0.04165651757457585619
0.00000000000000000000 0.04175835967224090367
0.00000000000000000000 0.04189030117087057942
0.00000000000000000000 0.04258510095088484382
0.00000000000000000000 0.04267821659211769314
0.00000000000000000000 0.04274417515664471340
0.00000000000000000000 0.04278861208860139376
0.00000000000000000000 0.04286609473109936896
0.00000000000000000000 0.04333404044767655283
0.00000000000000000000 0.04335555343895999142
0.00000000000000000000 0.04347496937445085446
0.00000000000000000000 0.04348417161820024995
0.00000000000000000000 0.04369613537025408140
0.00000000000000000000 0.04369977525213294967
0.00000000000000000000 0.04393341914430412554
0.00000000000000000000 0.04416043503935238035
0.00000000000000000000 0.04430913614484825735
0.00000000000000000000 0.04593576808817148582
0.00000000000000000000 0.04640118064868028330
0.00000000000000000000 0.04641326492315877433
0.00000000000000000000 0.04665792051255761297
0.00000000000000000000 0.04687061529065814081
0.00000000000000000000 0.04704501757896210196
0.00000000000000000000 0.04745520691425709342
0.00000000000000000000 0.04873430995576184116
0.00000000000000000000 0.04933097925649564119
0.00000000000000000000 0.05019638003628760364
0.00000000000000000000 0.05119686984051292911
0.00000000000000000000 0.05217782136640379542
0.00000000000000000000 0.05268779711445872177
0.00000000000000000000 0.05458672463298684663
0.00000000000000000000 0.05460881003557931795
0.00000000000000000000 0.05489193002152649437
0.00000000000000000000 0.05498643915576714031
0.00000000000000000000 0.05517406231329631539
0.00000000000000000000 0.05572226953394231880
0.00000000000000000000 0.05599255146999480154
0.00000000000000000000 0.05685239458678032626
0.00000000000000000000 0.07095614398072529194
0.00000000000000000000 0.07389499512279684712
0.00000000000000000000 0.07666394909223044063
0.00000000000000000000 0.07674771841087596469
0.00000000000000000000 0.07920949559252982164
0.00000000000000000000 0.08512458067347145052
0.00000000000000000000 0.08713464706976949137
0.00000000000000000000 0.09748287053390783385
0.00000000000000000000 0.13566909521277217832
0.00000000000000000000 0.25071378417521411608
0.00000000000000000000 0.72022207995976283978
0.00000000000000000000 1.73205080756887719318
