0.00000000000000000000 0.01726604488267695706
0.00000000000000000000 0.01904599730140660654
0.00000000000000000000 0.02037088684566393249
0.00000000000000000000 0.02057208221101105433
0.00000000000000000000 0.02312425516099346837
0.00000000000000000000 0.02503640318311299226
0.00000000000000000000 0.02516523735358082783
0.00000000000000000000 0.02517390278842284584
0.00000000000000000000 0.02687056391199120833
0.00000000000000000000 0.02700470276939173284
0.00000000000000000000 0.02762635186843583751
0.00000000000000000000 0.02852445755038977501
0.00000000000000000000 0.02943151334292688770
0.00000000000000000000 0.03000930662755624256
0.00000000000000000000 0.03012062027730529751
0.00000000000000000000 0.03132000020086787850
0.00000000000000000000 0.03160047652534305612
0.00000000000000000000 0.03179737770135160346
0.00000000000000000000 0.03265840823643300500
0.00000000000000000000 0.03318169617970884167
0.00000000000000000000 0.03397202172836660816
0.00000000000000000000 0.03438455301702976474
0.00000000000000000000 0.03475653743045348937
0.00000000000000000000 0.03479855218405276257
0.00000000000000000000 0.03544777931388284203
0.00000000000000000000 0.03601565191054839632
0.00000000000000000000 0.03629088228078058975
0.00000000000000000000 0.03677133862157698496
0.00000000000000000000 0.03689253499671672765
0.00000000000000000000 0.03769773367699782995
0.00000000000000000000 0.03789272900873581762
0.00000000000000000000 0.03800136090888910079
0.00000000000000000000 0.03819719623886845550
0.00000000000000000000 0.03822753781179841215
0.00000000000000000000 0.03853263151665831804
0.00000000000000000000 0.03874607698769896857
0.00000000000000000000 0.03910435772253799402
0.00000000000000000000 0.03922197098489980938
0.00000000000000000000 0.04078264855122264859
0.00000000000000000000 0.04202124107652352447
0.00000000000000000000 0.04204560481093001789
0.00000000000000000000 0.04242438743731723888
0.00000000000000000000 0.04288622986525230524
0.00000000000000000000 0.04292950355252397876
0.00000000000000000000 0.04396759098156201306
0.00000000000000000000 0.04522303447048820618
0.00000000000000000000 0.04547740999959409142
0.00000000000000000000 0.04697847618629544253
0.00000000000000000000 0.04705224235717871822
0.00000000000000000000 0.04732462310862074056
0.00000000000000000000 0.04759713907754203888
0.00000000000000000000 0.04823482122379154496
0.00000000000000000000 0.04852090721070249912
0.00000000000000000000 0.04859553460193059143
0.00000000000000000000 0.04866452926857749162
0.00000000000000000000 0.04942171518839256344
0.00000000000000000000 0.04955783269623122156
0.00000000000000000000 0.04957160297465585536
0.00000000000000000000 0.05009363481117545813
0.00000000000000000000 0.05105345107051635634
0.00000000000000000000 0.05131229142460422971
0.00000000000000000000 0.05179697509946391137
0.00000000000000000000 0.05185812061770338210
0.00000000000000000000 0.05196310187051616375
0.00000000000000000000 0.05196433169381139971
0.00000000000000000000 0.05207685845571984745
0.00000000000000000000 0.05279184407365593995
0.00000000000000000000 0.05282389979778633754
0.00000000000000000000 0.05286608633028756082
0.00000000000000000000 0.05322848047033277435
0.00000000000000000000 0.05327253616564044808
0.00000000000000000000 0.05356824960144280362
0.00000000000000000000 0.05447830336656292460
0.00000000000000000000 0.05492072437966578208
0.00000000000000000000 0.05536455066145402198
0.00000000000000000000 0.05566375970322595679
0.00000000000000000000 0.05567570508098956816
0.00000000000000000000 0.05579335572683800926
0.00000000000000000000 0.05643420944836539249
0.00000000000000000000 0.05644296744442512531
0.00000000000000000000 0.05710132063322208296
0.00000000000000000000 0.05728600945862688532
0.00000000000000000000 0.05737283722446761408
0.00000000000000000000 0.05748213624716046882
0.00000000000000000000 0.05825798478593451069
0.00000000000000000000 0.05831015601673952831
0.00000000000000000000 0.05855285440221591475
0.00000000000000000000 0.05858012684513022594
0.00000000000000000000 0.05872590465221105144
0.00000000000000000000 0.05878854496987290235
0.00000000000000000000 0.05888068325780532186
0.00000000000000000000 0.05939910086757713842
0.00000000000000000000 0.05949083870555276626
0.00000000000000000000 0.05952414049987921757
0.00000000000000000000 0.05962580113431487777
0.00000000000000000000 0.05964676045065070431
0.00000000000000000000 0.05965109820196667217
0.00000000000000000000 0.05965486971320177467
0.00000000000000000000 0.05973386653690578030
0.00000000000000000000 0.06068108764671711897
0.00000000000000000000 0.06085352114865344442
0.00000000000000000000 0.06087880369861956020
0.00000000000000000000 0.06199722345847676758
0.00000000000000000000 0.06201326915111435994
0.00000000000000000000 0.06221960328015968544
0.00000000000000000000 0.06225561471869696384
0.00000000000000000000 0.06256205184435263689
0.00000000000000000000 0.06296017836038499127
0.00000000000000000000 0.06323605285825639744
0.00000000000000000000 0.06340156003257298167
0.00000000000000000000 0.06387891629862564591
0.00000000000000000000 0.06471345011563087168
0.00000000000000000000 0.06477578774375894466
0.00000000000000000000 0.06488132788422303066
0.00000000000000000000 0.06490293517026053671
0.00000000000000000000 0.06522102792453426945
0.00000000000000000000 0.06543681973853772427
0.00000000000000000000 0.06549382681381338278
0.00000000000000000000 0.06595838466357674401
0.00000000000000000000 0.06614084123628322098
0.00000000000000000000 0.06655652326108722761
0.00000000000000000000 0.06684321049311015006
0.00000000000000000000 0.06689442169929669946
0.00000000000000000000 0.06694375299552685066
0.00000000000000000000 0.06696036049305738314
0.00000000000000000000 0.06713205886017142854
0.00000000000000000000 0.06717522477519401181
0.00000000000000000000 0.06732053980672944582
0.00000000000000000000 0.06733576018705193789
0.00000000000000000000 0.06748801912895185939
0.00000000000000000000 0.06767272295323685516
0.00000000000000000000 0.06792927170138665649
0.00000000000000000000 0.06793804636137662500
0.00000000000000000000 0.06801795897282336689
0.00000000000000000000 0.06804091823518462756
0.00000000000000000000 0.06843026687789094398
0.00000000000000000000 0.06858809974914042984
0.00000000000000000000 0.06866683263500641954
0.00000000000000000000 0.06871158718315094338
0.00000000000000000000 0.06877609000043451160
0.00000000000000000000 0.06894638509365914880
0.00000000000000000000 0.06953116377675883086
0.00000000000000000000 0.06953375183426815931
0.00000000000000000000 0.06964034071943546456
0.00000000000000000000 0.06974384322775920020
0.00000000000000000000 0.06974661372700222128
0.00000000000000000000 0.06974906521749543731
0.00000000000000000000 0.06977931279153865018
0.00000000000000000000 0.06993023372708979946
0.00000000000000000000 0.07026106803920316446
0.00000000000000000000 0.07026225306562690343
0.00000000000000000000 0.07029317547956277779
0.00000000000000000000 0.07064584340213994618
0.00000000000000000000 0.07088814608828676589
0.00000000000000000000 0.07133999107053640154
0.00000000000000000000 0.07162687774690840170
0.00000000000000000000 0.07166078930506659950
0.00000000000000000000 0.07207042712269122464
0.00000000000000000000 0.07240504923284193928
0.00000000000000000000 0.07245021827524063263
0.00000000000000000000 0.07247853654103723897
0.00000000000000000000 0.07268155295832673390
0.00000000000000000000 0.07280463987603133513
0.00000000000000000000 0.07287379254640577453
0.00000000000000000000 0.07333949738112291450
0.00000000000000000000 0.07338911394443681235
0.00000000000000000000 0.07374716039070512708
0.00000000000000000000 0.07388204550847400631
0.00000000000000000000 0.07392958274327705859
0.00000000000000000000 0.07417029434910063501
0.00000000000000000000 0.07421786873123584205
0.00000000000000000000 0.07430094037240407567
0.00000000000000000000 0.07450226044054866770
0.00000000000000000000 0.07453058081518641742
0.00000000000000000000 0.07478842089621483280
0.00000000000000000000 0.07509349990892402738
0.00000000000000000000 0.07515366447573576525
0.00000000000000000000 0.07528712080042264387
0.00000000000000000000 0.07535721759876312653
0.00000000000000000000 0.07539485063195994208
0.00000000000000000000 0.07549481730364714094
0.00000000000000000000 0.07551505216937164089
0.00000000000000000000 0.07573464153114059516
0.00000000000000000000 0.07584974400093734415
0.00000000000000000000 0.07585259123788329338
0.00000000000000000000 0.07591383842836881002
0.00000000000000000000 0.07606563255330769935
0.00000000000000000000 0.07619146226157443025
0.00000000000000000000 0.07630927807866809409
0.00000000000000000000 0.07641773593003534093
0.00000000000000000000 0.07668358671724352649
0.00000000000000000000 0.07686389904729233613
0.00000000000000000000 0.07713396007181137770
0.00000000000000000000 0.07749474889484546380
0.00000000000000000000 0.07762723584989444925
0.00000000000000000000 0.07815675320918306912
0.00000000000000000000 0.07822996953146660326
0.00000000000000000000 0.07824174698127762950
0.00000000000000000000 0.07831512258138173532
0.00000000000000000000 0.07832282184633616862
0.00000000000000000000 0.07833387077067080484
0.00000000000000000000 0.07854268554247290091
0.00000000000000000000 0.07864942914848052635
0.00000000000000000000 0.07873830919386105853
0.00000000000000000000 0.07874631033645372591
0.00000000000000000000 0.07875194326447772231
0.00000000000000000000 0.07878200201866120134
0.00000000000000000000 0.07892877478924681389
0.00000000000000000000 0.07894495480867365356
0.00000000000000000000 0.07898223545284717428
0.00000000000000000000 0.07901615825312056918
0.00000000000000000000 0.07905223447467393805
0.00000000000000000000 0.07910821078761130776
0.00000000000000000000 0.07924084346100651599
0.00000000000000000000 0.07925350976091700972
0.00000000000000000000 0.07957851717172745309
0.00000000000000000000 0.07960203478314024916
0.00000000000000000000 0.07962649292949691704
0.00000000000000000000 0.07990366006587085179
0.00000000000000000000 0.08042654929158220278
0.00000000000000000000 0.08045066266248662723
0.00000000000000000000 0.08053439630425847373
0.00000000000000000000 0.08060326716147286907
0.00000000000000000000 0.08070257438618953783
0.00000000000000000000 0.08179829297536780897
0.00000000000000000000 0.08188586039964995678
0.00000000000000000000 0.08191708614151142764
0.00000000000000000000 0.08192689467840254258
0.00000000000000000000 0.08234392641498851362
0.00000000000000000000 0.08251753895736996247
0.00000000000000000000 0.08266975855389843697
0.00000000000000000000 0.08270677502602331865
0.00000000000000000000 0.08275716340257320558
0.00000000000000000000 0.08278887322906200441
0.00000000000000000000 0.08286227125832108797
0.00000000000000000000 0.08308631299883405263
0.00000000000000000000 0.08355293853940903848
0.00000000000000000000 0.08363964430949628881
0.00000000000000000000 0.08379554424236326793
0.00000000000000000000 0.08391629100490168025
0.00000000000000000000 0.08420397605983666323
0.00000000000000000000 0.08420626675293768626
0.00000000000000000000 0.08427222383858901100
0.00000000000000000000 0.08436863873912500700
0.00000000000000000000 0.08437971351013472121
0.00000000000000000000 0.08452983453405316094
0.00000000000000000000 0.08453768058860092194
0.00000000000000000000 0.08460650120529226992
0.00000000000000000000 0.08461610523515789017
0.00000000000000000000 0.08482258195856255678
0.00000000000000000000 0.08490350254043478595
0.00000000000000000000 0.08494537124309783915
0.00000000000000000000 0.08513604894359071140
0.00000000000000000000 0.08514538484317667189
0.00000000000000000000 0.08525289333147140214
0.00000000000000000000 0.08529984248941403779
0.00000000000000000000 0.08558271603555367424
0.00000000000000000000 0.08561965678046479233
0.00000000000000000000 0.08582462611260270602
0.00000000000000000000 0.08584785946242101673
0.00000000000000000000 0.08586281369243399519
0.00000000000000000000 0.08631595621021430353
0.00000000000000000000 0.08679043102342315352
0.00000000000000000000 0.08686381654988839518
0.00000000000000000000 0.08691164006974229361
0.00000000000000000000 0.08703270011062229361
0.00000000000000000000 0.08746258297186305930
0.00000000000000000000 0.08752729890044178007
0.00000000000000000000 0.08765733644777672084
0.00000000000000000000 0.08771195669525627681
0.00000000000000000000 0.08795110201784933635
0.00000000000000000000 0.08799955743950556297
0.00000000000000000000 0.08802904826983741493
0.00000000000000000000 0.08807499574732025049
0.00000000000000000000 0.08821725633757686313
0.00000000000000000000 0.08835369466047925113
0.00000000000000000000 0.08864747113822452063
0.00000000000000000000 0.08876628733668152915
0.00000000000000000000 0.08932939912164346297
0.00000000000000000000 0.08941091804664116904
0.00000000000000000000 0.08968849869290471122
0.00000000000000000000 0.08979244443340311799
0.00000000000000000000 0.08981826110156582166
0.00000000000000000000 0.08983950620189978808
0.00000000000000000000 0.08989258167768138241
0.00000000000000000000 0.09028020990383436861
0.00000000000000000000 0.09036796947919029099
0.00000000000000000000 0.09048871381616348242
0.00000000000000000000 0.09058542278937410652
0.00000000000000000000 0.09063907106222822418
0.00000000000000000000 0.09086539535585259897
0.00000000000000000000 0.09099060593650744322
0.00000000000000000000 0.09128244602146910747
0.00000000000000000000 0.09129854609555328182
0.00000000000000000000 0.09144264427240446358
0.00000000000000000000 0.09161023679829877198
0.00000000000000000000 0.09173729200958509467
0.00000000000000000000 0.09175809008208259121
0.00000000000000000000 0.09185378892314885468
0.00000000000000000000 0.09187034115156642033
0.00000000000000000000 0.09234404864581020889
0.00000000000000000000 0.09259588806812243944
0.00000000000000000000 0.09259723165431565928
0.00000000000000000000 0.09260084804940574288
0.00000000000000000000 0.09269896359028918786
0.00000000000000000000 0.09276735327368965112
0.00000000000000000000 0.09281326966357221486
0.00000000000000000000 0.09294836819676811912
0.00000000000000000000 0.09299285852712171896
0.00000000000000000000 0.09311025485575781524
0.00000000000000000000 0.09333948642285630481
0.00000000000000000000 0.09358997518709503971
0.00000000000000000000 0.09368123665548042101
0.00000000000000000000 0.09381810122582290301
0.00000000000000000000 0.09401950638126124749
0.00000000000000000000 0.09402047542473973563
0.00000000000000000000 0.09417702815488158963
0.00000000000000000000 0.09418189084036436565
0.00000000000000000000 0.09444731302218310753
0.00000000000000000000 0.09447453725986973416
0.00000000000000000000 0.09456610344473645458
0.00000000000000000000 0.09476557852562716988
0.00000000000000000000 0.09478251543497479004
0.00000000000000000000 0.09488940443370701139
0.00000000000000000000 0.09490465327886433988
0.00000000000000000000 0.09498415363037553127
0.00000000000000000000 0.09502083058297772222
0.00000000000000000000 0.09515220815866726189
0.00000000000000000000 0.09518018312897388866
0.00000000000000000000 0.09557016172123673770
0.00000000000000000000 0.09567009537507616124
0.00000000000000000000 0.09578371098860008481
0.00000000000000000000 0.09580832270031207354
0.00000000000000000000 0.09585455534174891490
0.00000000000000000000 0.09633086768245972820
0.00000000000000000000 0.09642018143765244964
0.00000000000000000000 0.09656208599882237786
0.00000000000000000000 0.09656952367688392824
0.00000000000000000000 0.09668374648281560790
0.00000000000000000000 0.09678078057374897569
0.00000000000000000000 0.09698081206196629278
0.00000000000000000000 0.09702509951892458739
0.00000000000000000000 0.09713953661915042392
0.00000000000000000000 0.09737694386699269344
0.00000000000000000000 0.09747819509854251108
0.00000000000000000000 0.09753282718084600733
0.00000000000000000000 0.09771683398792016528
0.00000000000000000000 0.09782388935276987996
0.00000000000000000000 0.09805067247858548218
0.00000000000000000000 0.09814557693839355557
0.00000000000000000000 0.09827312514831429424
0.00000000000000000000 0.09835651423858803033
0.00000000000000000000 0.09840101495004624499
0.00000000000000000000 0.09866090993384683816
0.00000000000000000000 0.09866142355207034587
0.00000000000000000000 0.09866626898822652980
0.00000000000000000000 0.09873428671488859720
0.00000000000000000000 0.09875086667820781594
0.00000000000000000000 0.09876174096864981378
0.00000000000000000000 0.09902337531964852668
0.00000000000000000000 0.09912252464880087766
0.00000000000000000000 0.09913229923071148475
0.00000000000000000000 0.09926830604402635261
0.00000000000000000000 0.09964263665216091526
0.00000000000000000000 0.09976818483966740092
0.00000000000000000000 0.09983150706205909386
0.00000000000000000000 0.09997036314627870401
0.00000000000000000000 0.10008207349971602607
0.00000000000000000000 0.10034122329709420363
0.00000000000000000000 0.10045747521131348501
0.00000000000000000000 0.10075631691002966128
0.00000000000000000000 0.10078357812917680680
0.00000000000000000000 0.10078529851511096316
0.00000000000000000000 0.10126464939092331974
0.00000000000000000000 0.10153136531402789933
0.00000000000000000000 0.10154915632408312298
0.00000000000000000000 0.10157233766894524507
0.00000000000000000000 0.10158490367723355119
0.00000000000000000000 0.10164547602976611862
0.00000000000000000000 0.10190106343113461418
0.00000000000000000000 0.10190640725468901040
0.00000000000000000000 0.10207085661939269139
0.00000000000000000000 0.10216318467506697865
0.00000000000000000000 0.10227905191315116162
0.00000000000000000000 0.10248917462840297088
0.00000000000000000000 0.10263133168390431438
0.00000000000000000000 0.10265721065636171372
0.00000000000000000000 0.10276133695640210508
0.00000000000000000000 0.10276286226534203649
0.00000000000000000000 0.10279780938527957601
0.00000000000000000000 0.10321549872380357538
0.00000000000000000000 0.10337021377430385960
0.00000000000000000000 0.10343189555388726530
0.00000000000000000000 0.10375865968428622799
0.00000000000000000000 0.10411599801099490070
0.00000000000000000000 0.10422035709438326467
0.00000000000000000000 0.10432758332470068452
0.00000000000000000000 0.10436829295141047957
0.00000000000000000000 0.10442343428498072899
0.00000000000000000000 0.10451447488360481042
0.00000000000000000000 0.10458391824954237082
0.00000000000000000000 0.10460075454288492169
0.00000000000000000000 0.10471526102703976324
0.00000000000000000000 0.10503890169794771747
0.00000000000000000000 0.10507773821234872580
0.00000000000000000000 0.10552030513600307859
0.00000000000000000000 0.10564017225783420284
0.00000000000000000000 0.10581252328283248521
0.00000000000000000000 0.10601949307043075088
0.00000000000000000000 0.10602541358273855077
0.00000000000000000000 0.10621995547058811493
0.00000000000000000000 0.10625548832701262048
0.00000000000000000000 0.10668239245465700737
0.00000000000000000000 0.10677914286221110163
0.00000000000000000000 0.10683433808068545923
0.00000000000000000000 0.10709100281721087300
0.00000000000000000000 0.10733366929141652246
0.00000000000000000000 0.10807228214654555909
0.00000000000000000000 0.10818165511177905980
0.00000000000000000000 0.10830564007125552395
0.00000000000000000000 0.10844209106438441881
0.00000000000000000000 0.10879913923469758386
0.00000000000000000000 0.10884421816333855748
0.00000000000000000000 0.10930505399077634909
0.00000000000000000000 0.10947638025985020893
0.00000000000000000000 0.10953281456121233273
0.00000000000000000000 0.10958487188938621781
0.00000000000000000000 0.11103698613163855147
0.00000000000000000000 0.11118582959381220765
0.00000000000000000000 0.11174932142508058053
0.00000000000000000000 0.11205169190020528025
0.00000000000000000000 0.11222506041924962261
0.00000000000000000000 0.11266331970156938380
0.00000000000000000000 0.11312971400902703534
0.00000000000000000000 0.11313550794409227285
0.00000000000000000000 0.11316563923317460305
0.00000000000000000000 0.11324964125598736830
0.00000000000000000000 0.11360069218540490288
0.00000000000000000000 0.11411699613321560354
0.00000000000000000000 0.11425702990880076682
0.00000000000000000000 0.11426398339875512566
0.00000000000000000000 0.11440600924620034085
0.00000000000000000000 0.11455112146818906271
0.00000000000000000000 0.11531582625810640752
0.00000000000000000000 0.11534491779809166734
0.00000000000000000000 0.11544999383616641464
0.00000000000000000000 0.11595453660132638840
0.00000000000000000000 0.11610608326443044858
0.00000000000000000000 0.11626253204629213855
0.00000000000000000000 0.11632605092850571704
0.00000000000000000000 0.11648599817625629460
0.00000000000000000000 0.11676907274341605247
0.00000000000000000000 0.11694443451227450048
0.00000000000000000000 0.11708675848498049932
0.00000000000000000000 0.11731998103377191955
0.00000000000000000000 0.11779891332716516117
0.00000000000000000000 0.11804239600868421389
0.00000000000000000000 0.11810125527266487899
0.00000000000000000000 0.11874351027410669224
0.00000000000000000000 0.11889204531248070973
0.00000000000000000000 0.11922807076006827764
0.00000000000000000000 0.11948128423168775936
0.00000000000000000000 0.11968547270246622516
0.00000000000000000000 0.12012064247397891137
0.00000000000000000000 0.12013969809311533798
0.00000000000000000000 0.12026842998272191387
0.00000000000000000000 0.12110201380066129562
0.00000000000000000000 0.12113932425285740824
0.00000000000000000000 0.12218844585008452330
0.00000000000000000000 0.12223019939242804610
0.00000000000000000000 0.12302858373707749318
0.00000000000000000000 0.12387205639902335030
0.00000000000000000000 0.12402211208862386205
0.00000000000000000000 0.12501175342717318895
0.00000000000000000000 0.12600673310640705949
0.00000000000000000000 0.12714685111504336890
0.00000000000000000000 0.12743191873645634549
0.00000000000000000000 0.12833833734855221165
0.00000000000000000000 0.12852532129787230808
0.00000000000000000000 0.12861836643248186762
0.00000000000000000000 0.12956527588712143939
0.00000000000000000000 0.13015843653811529079
0.00000000000000000000 0.13028354284453841361
0.00000000000000000000 0.13090467658974286325
0.00000000000000000000 0.13151249469697792738
0.00000000000000000000 0.13232534457860439803
0.00000000000000000000 0.13379427606246782623
0.00000000000000000000 0.13483467065049761779
0.00000000000000000000 0.13582779417800483479
0.00000000000000000000 0.14205657593583359555
0.00000000000000000000 0.14432213286134587538
0.00000000000000000000 0.14525642325317600356
0.00000000000000000000 0.14623759900067154205
0.00000000000000000000 0.15178945524973661008
0.00000000000000000000 0.15533230890191992990
0.00000000000000000000 0.15674705153573828542
0.00000000000000000000 0.15940943083676534231
0.00000000000000000000 0.16116042104329000861
0.00000000000000000000 0.16713566471612820163
0.00000000000000000000 1.73205080756887719318
