0.11294810419109595212 0.11434508851528293882
0.10828979398031243764 0.11587163114080670234
0.12940536212988795750 0.12963074425892248676
0.12987593875793768117 0.13288888367256446177
0.12505904470680392904 0.13425414067923058248
0.12579933193409276182 0.13502411792490320863
0.12787241041763014460 0.13690533221161776956
0.13491308639343985165 0.13978587685293758502
0.13112005576787530425 0.14005954448274754442
0.13385962686433458546 0.14033026251335017909
0.12557693823735216476 0.14116191389819526814
0.13665211492165521556 0.14232975270570641380
0.12710145875895037526 0.14381686228532006289
0.14172836331172414259 0.14488395547979893152
0.12163061159648282106 0.14683867335508662966
0.14749592710188719202 0.14913683977380759460
0.13978499509860298211 0.15031417031085025915
0.13206765191844124785 0.15142579915776169242
0.14552382703366029126 0.15497766346664165749
0.12518014894606976917 0.15569381476120142116
0.14948955374079692104 0.15773480077514898112
0.13674771808082603064 0.15939152495506508922
0.15382402335926495529 0.15982549700043641172
0.14414136557502915670 0.16214926114785260802
0.15255748685935452413 0.16428152856681610405
0.16094892020984252756 0.16566797455897649960
0.14891234657127849772 0.16906770715918784109
0.16041115190883520336 0.17008170383086668176
0.14511191490373126500 0.17008378739782523126
0.15369822679846120717 0.17042091262974565224
0.16859897739231818892 0.17055994782871297666
0.16062730951244130750 0.17310127501111952086
0.16591299459999306332 0.17318185796345048066
0.15970371704824942727 0.17504442731618349849
0.17455945456293994744 0.17624217019977245213
0.17356424814055132488 0.17646308871774216143
0.16310180630159901161 0.17731750868157153400
0.16126903961041605395 0.17792049136695603506
0.13789272653182416128 0.17826032211848735765
0.17502080464038091701 0.17874631785055000721
0.17848506707995492881 0.17996836719604705768
0.15246114330211626986 0.18195646868213841141
0.16498465193786721050 0.18259933537817135685
0.14137165705251045211 0.18321434847714387906
0.17800415111069839424 0.18483137941708038809
0.15492899670639609377 0.18500406395076499089
0.14464124772647968253 0.18548963764138107213
0.17535654046678708640 0.18570940084672332704
0.17191410373844878690 0.18638050672193692825
0.17290202096483156535 0.18658847459602828645
0.16979842412355178327 0.18689415794850364194
0.15325249353412390141 0.18803063002524317282
0.17171439752415754154 0.18815912130886858211
0.15940151748415934407 0.18921638184470684907
0.18161703708416165881 0.19003011056299348724
0.18080116003932997226 0.19011060824521464063
0.18120967479418439994 0.19042186757499052208
0.17049660255053922242 0.19045493993132209254
0.18979791202056603416 0.19219443116718606945
0.18752245699207767404 0.19303095770867828573
0.18825134886045757909 0.19378805769469401032
0.18237599914860963546 0.19560505846882389469
0.14802198222941481687 0.19583598064023502450
0.18250859904200689154 0.19600829664510455164
0.18648967246204578574 0.19685504868294964598
0.17945457337213172044 0.19871916610738094011
0.18662775911824136532 0.20231819914589940779
0.20160764151983076586 0.20322385484323862714
0.17322720447169331903 0.20376558858233762006
0.19342796392163097430 0.20448484569199923411
0.18066514467062144700 0.20504800707806766780
0.15755090501270938019 0.20565865250447545876
0.18267481094945625664 0.20688791803514752776
0.18983151392603420105 0.20820331712766884658
0.17940201430354207890 0.20920278007074541438
0.13663606490812235661 0.21417470637458763116
0.19845202240613429856 0.21429654002689724202
0.20454733720744677772 0.21455971361867429148
0.20699095072506298876 0.21511125706602252095
0.19823045535866104516 0.21751624878316577760
0.19160504257804414352 0.21837404549630093364
0.17627030622477157795 0.21841753210945469288
0.21068128379272491046 0.21929935061745509106
0.21901476439814923647 0.22164662726434591900
0.18367537189270430331 0.22196767020371291346
0.21473137848103693304 0.22223571590067309200
0.21286828495385864968 0.22383048686758741375
0.18164258668552846210 0.22383048686758741375
0.20702979979157723478 0.22490899410149184368
0.22123926070291230483 0.22520493545915626354
0.22230653271121061931 0.22550415118410355175
0.17528599447163700775 0.22565451983314235851
0.19572219367126350575 0.22575565976314423966
0.22230815960779048979 0.22661706293798791756
0.21864287119622982658 0.22676994427771829388
0.20419055158340829181 0.22742083399195087146
0.17415431683270368723 0.22745851108936887552
0.17323151133853403882 0.22745851108936887552
0.16543761683118152206 0.22811978443041430742
0.21668640157845864280 0.22991829284371165243
0.20658100395703368757 0.22994264674409709004
0.22727473531740399748 0.23007750184989103626
0.19862878741032674590 0.23048216597997350785
0.17955232414684044184 0.23064132298140485600
0.19084689440975255437 0.23074577305754526146
0.21636892645094632504 0.23098116991492151362
0.20221787181650383025 0.23170669685831110640
0.16408665720848869540 0.23194857992126816093
0.17333738022848146909 0.23263946736813981286
0.19161426972824319170 0.23349385456466728583
0.18348894388024403201 0.23437925340753190673
0.19466001461658752336 0.23453023467253031331
0.17966447825734374599 0.23485898097811661045
0.18581503661213802370 0.23589363417441369664
0.17665476616329153781 0.23620192947223211943
0.18144355759396585404 0.23650468105168209743
0.23270088222807075451 0.23796034777942934313
0.19480269884678280690 0.23884846081893065795
0.23289679160048504247 0.24036404786973439296
0.20826237394394073177 0.24275694564371783080
0.16506200475596299881 0.24474749814574692230
0.24272201521963471249 0.24488347945817331985
0.21586835696701903164 0.24624278601695978597
0.23775114277241751748 0.24629242121022246192
0.18530936381795831691 0.24662731020269892945
0.17303318997412381330 0.24760170123352071014
0.16522524649557915333 0.24924129091035546191
0.15533155337773424387 0.25104118355946825059
0.21694857962007396690 0.25173886202716178051
0.22434420128888168944 0.25195603758780149573
0.17383427098453094195 0.25484320550276978734
0.21799465908831008876 0.25495199594430700829
0.24822881947597694174 0.25548786361662778610
0.21002114268015831255 0.25552572011822444198
0.19855093456449685041 0.25574650481968147497
0.20131934873673398845 0.25583172573081441881
0.21421877970657668411 0.25599688930350894545
0.23205016099567804533 0.25670968429128443455
0.25480725607567822344 0.25862827723027348448
0.25962246404457106630 0.25975174225117353410
0.26051422387053208007 0.26090392782552151996
0.25126188441414770702 0.26232621047820864346
0.25752648348263218470 0.26398090443251076564
0.19750550294459690015 0.26439263054403699948
0.23251835693803021843 0.26452894268287396873
0.23055266633515761332 0.26507475375163525033
0.23478692929399835876 0.26511367868616253496
0.23843455549665371063 0.26543031736608402316
0.17323179389731424571 0.26620701340935393198
0.16973639415812680209 0.26892576404953211222
0.20999453433523670998 0.26982790829635722174
0.22689020963946918141 0.26997725635321712101
0.25482726139583739000 0.27031122045757999262
0.19095954637682660548 0.27089338941265489469
0.21155899641300113245 0.27188726507919408482
0.22650635122035919777 0.27201771749002640055
0.24093448846962803311 0.27214070258868183760
0.26743671008320957228 0.27221976581817219909
0.27541529788482810304 0.27700447656389798334
0.24343866964089394545 0.27703952320187252845
0.19233130045397725527 0.27787377715801864220
0.26228042368820536634 0.27828262651881952028
0.27787109218408806433 0.27935871643707960166
0.16651989046191240096 0.27966921906700620282
0.20412691268773616726 0.27993240424790050147
0.27680165442371057472 0.28068722305828996966
0.23615519148010638562 0.28171983740848993705
0.24214324677891230220 0.28303855277480505226
0.27858416642169231414 0.28428432688221771940
0.27738335353257814742 0.28647247047340596016
0.28301807530626182929 0.28719426255916719048
0.27432248354502758447 0.28815575060842618660
0.23898421358019328320 0.28900829057806720623
0.24777434533209174994 0.29095728349493849008
0.21213973769936739222 0.29255312877608030675
0.15272566981135904385 0.29621419324055586753
0.28712873804334843042 0.29675256542710859442
0.15470727563807246119 0.29711942800133922526
0.27228183633468677760 0.29831749484096553582
0.20641605231840859380 0.29940760794376652942
0.23358577894970625199 0.30064785325247173065
0.29534150076532394991 0.30080886482425983619
0.27028788132469472316 0.30496006094843186585
0.17858730545134346435 0.30797696030607812911
0.16401164834875844867 0.31340313350144344273
0.27996039895127794450 0.31588750987196911879
0.17546154415051812281 0.31657136359243265300
0.17393590502305306122 0.31705542914708884084
0.21887127611887238765 0.31845574473329696374
0.30718182617862549444 0.32180441903696527239
0.25578771271763672823 0.32373522627868250856
0.24876415136308213660 0.32630112446160386419
0.21365487164854207736 0.33260614459888765415
0.29715843554510246172 0.33368234971981108883
0.30432902361907321342 0.33514294902421282174
0.20734167091953925599 0.33528054066632695385
0.21628412204812669239 0.33756271930900594302
0.24666473515927089810 0.34955713497137969048
0.34451738506276263774 0.34981931819133116335
0.21445201827802123917 0.35343165842688029077
0.18033521748603845158 0.35978916925669846005
0.30390253067389955133 0.36248588656209079772
0.25281742465035622613 0.41117350375836186904
