0.00000000000000000000 0.01407952471382740295
0.00000000000000000000 0.01679176340115928062
0.00000000000000000000 0.01830753928725628588
0.00000000000000000000 0.01962765269115385527
0.00000000000000000000 0.02246952801757559279
0.00000000000000000000 0.02277761197198497137
0.00000000000000000000 0.02361456525058078237
0.00000000000000000000 0.02395170919266521176
0.00000000000000000000 0.02399570039188815215
0.00000000000000000000 0.02452677244711974625
0.00000000000000000000 0.02525176246537608887
0.00000000000000000000 0.02716416607816335080
0.00000000000000000000 0.02765280503946372648
0.00000000000000000000 0.02882486209746058792
0.00000000000000000000 0.02980463952035587727
0.00000000000000000000 0.03095202903093662028
0.00000000000000000000 0.03299815395535168200
0.00000000000000000000 0.03317133725637426422
0.00000000000000000000 0.03362890437194731436
0.00000000000000000000 0.03475697703304064801
0.00000000000000000000 0.03477129984226769860
0.00000000000000000000 0.03486219136053346490
0.00000000000000000000 0.03592876136529885023
0.00000000000000000000 0.03635059136308883138
0.00000000000000000000 0.03643274900898160057
0.00000000000000000000 0.03711924534143995480
0.00000000000000000000 0.03739055399832938442
0.00000000000000000000 0.03760495286291951067
0.00000000000000000000 0.03789778002755316011
0.00000000000000000000 0.03794901074818159831
0.00000000000000000000 0.03839178388468338782
0.00000000000000000000 0.03874570034261382023
0.00000000000000000000 0.03889880632899886392
0.00000000000000000000 0.03922840919020770256
0.00000000000000000000 0.03970563025366955628
0.00000000000000000000 0.04048864533956755829
0.00000000000000000000 0.04067488262031349749
0.00000000000000000000 0.04141436150695696622
0.00000000000000000000 0.04162897399995277303
0.00000000000000000000 0.04195070049343313512
0.00000000000000000000 0.04277816834220586617
0.00000000000000000000 0.04289763144934238132
0.00000000000000000000 0.04302458669647538786
0.00000000000000000000 0.04322004884075942438
0.00000000000000000000 0.04399193033115437329
0.00000000000000000000 0.04401737833836728842
0.00000000000000000000 0.04457470686736284687
0.00000000000000000000 0.04476901880900993613
0.00000000000000000000 0.04504730403436457697
0.00000000000000000000 0.04505312947276951530
0.00000000000000000000 0.04527868917969214702
0.00000000000000000000 0.04567913386560366884
0.00000000000000000000 0.04576688751771095659
0.00000000000000000000 0.04582850384431665786
0.00000000000000000000 0.04620837311978142486
0.00000000000000000000 0.04621926445102308295
0.00000000000000000000 0.04672910391920934159
0.00000000000000000000 0.04757847557432497848
0.00000000000000000000 0.04766374363656145779
0.00000000000000000000 0.04780605598673729612
0.00000000000000000000 0.04799581235198489837
0.00000000000000000000 0.04807921769471921319
0.00000000000000000000 0.04833418100016931979
0.00000000000000000000 0.04856570469960304337
0.00000000000000000000 0.04898648918807584074
0.00000000000000000000 0.04934286857152764966
0.00000000000000000000 0.04960566102907268404
0.00000000000000000000 0.05005298022772693839
0.00000000000000000000 0.05054312485842149538
0.00000000000000000000 0.05104340299552364429
0.00000000000000000000 0.05134970193183622383
0.00000000000000000000 0.05139201177508864044
0.00000000000000000000 0.05140331098596219450
0.00000000000000000000 0.05155601311170323470
0.00000000000000000000 0.05180372917557488077
0.00000000000000000000 0.05205535913674103760
0.00000000000000000000 0.05228078346481990907
0.00000000000000000000 0.05240668090875631041
0.00000000000000000000 0.05242175742248516429
0.00000000000000000000 0.05288271167229902092
0.00000000000000000000 0.05294881728348335009
0.00000000000000000000 0.05300884590133303487
0.00000000000000000000 0.05345916535605519521
0.00000000000000000000 0.05365686023649918202
0.00000000000000000000 0.05425117434552770290
0.00000000000000000000 0.05446466486031189408
0.00000000000000000000 0.05498764343465820104
0.00000000000000000000 0.05502027364068266813
0.00000000000000000000 0.05512141298530022493
0.00000000000000000000 0.05516205120558694691
0.00000000000000000000 0.05563355912242948231
0.00000000000000000000 0.05564274434417452314
0.00000000000000000000 0.05564866304630439187
0.00000000000000000000 0.05568726815133658026
0.00000000000000000000 0.05572357931603732356
0.00000000000000000000 0.05594004594740704245
0.00000000000000000000 0.05599976127727605835
0.00000000000000000000 0.05620605577944755987
0.00000000000000000000 0.05669307486230829723
0.00000000000000000000 0.05672490017834202342
0.00000000000000000000 0.05702899279561676055
0.00000000000000000000 0.05727084909446901462
0.00000000000000000000 0.05755458168278296260
0.00000000000000000000 0.05767307139476476191
0.00000000000000000000 0.05771440172673460850
0.00000000000000000000 0.05780578751893267198
0.00000000000000000000 0.05781074751657788030
0.00000000000000000000 0.05893093147171940549
0.00000000000000000000 0.05897119213528270038
0.00000000000000000000 0.05947771923437554509
0.00000000000000000000 0.05949334333056929131
0.00000000000000000000 0.05951280887780041606
0.00000000000000000000 0.05954233500422520531
0.00000000000000000000 0.05985296783015296024
0.00000000000000000000 0.05992065896774924350
0.00000000000000000000 0.06024021447529070289
0.00000000000000000000 0.06048951319050818037
0.00000000000000000000 0.06067247954060496495
0.00000000000000000000 0.06102040369073797460
0.00000000000000000000 0.06128188526910784140
0.00000000000000000000 0.06134776996664020876
0.00000000000000000000 0.06189640263369905471
0.00000000000000000000 0.06191190999479587176
0.00000000000000000000 0.06199357542272192906
0.00000000000000000000 0.06208489315595625002
0.00000000000000000000 0.06228426040784487694
0.00000000000000000000 0.06264103899393215491
0.00000000000000000000 0.06288665461672161838
0.00000000000000000000 0.06291360534858260467
0.00000000000000000000 0.06318648203432986055
0.00000000000000000000 0.06329007763214218596
0.00000000000000000000 0.06330793900315652423
0.00000000000000000000 0.06352502614818783533
0.00000000000000000000 0.06376124942919139671
0.00000000000000000000 0.06411220849029536373
0.00000000000000000000 0.06448980673011726894
0.00000000000000000000 0.06468304774318553441
0.00000000000000000000 0.06504062370347017674
0.00000000000000000000 0.06509030675003023292
0.00000000000000000000 0.06513450043695781511
0.00000000000000000000 0.06534220339024439383
0.00000000000000000000 0.06578874348161332930
0.00000000000000000000 0.06583357843252668484
0.00000000000000000000 0.06597544144023115287
0.00000000000000000000 0.06603032658263621735
0.00000000000000000000 0.06630355272757465501
0.00000000000000000000 0.06644875081531524674
0.00000000000000000000 0.06671912495650639263
0.00000000000000000000 0.06676325651133960259
0.00000000000000000000 0.06713606699000386480
0.00000000000000000000 0.06734060448128932619
0.00000000000000000000 0.06773578725762162411
0.00000000000000000000 0.06780407257081827455
0.00000000000000000000 0.06795269429714360931
0.00000000000000000000 0.06799721254436140450
0.00000000000000000000 0.06807997722874382929
0.00000000000000000000 0.06821166993988725391
0.00000000000000000000 0.06865371038964068751
0.00000000000000000000 0.06868796147637684646
0.00000000000000000000 0.06891436883926721491
0.00000000000000000000 0.06900852796457118687
0.00000000000000000000 0.06973838860599269884
0.00000000000000000000 0.06984297527876361100
0.00000000000000000000 0.07047972450716324944
0.00000000000000000000 0.07094036501550382567
0.00000000000000000000 0.07098643224317363609
0.00000000000000000000 0.07101097028094213726
0.00000000000000000000 0.07116154000526213330
0.00000000000000000000 0.07123990999100039689
0.00000000000000000000 0.07129686310136112981
0.00000000000000000000 0.07132444703494505989
0.00000000000000000000 0.07165462054300369976
0.00000000000000000000 0.07192829235342725058
0.00000000000000000000 0.07200547004093532655
0.00000000000000000000 0.07201019076939911556
0.00000000000000000000 0.07229454559973132188
0.00000000000000000000 0.07244018844209990093
0.00000000000000000000 0.07255058387475452064
0.00000000000000000000 0.07262381605754378300
0.00000000000000000000 0.07299290718356261920
0.00000000000000000000 0.07299903180881728293
0.00000000000000000000 0.07307892789534760347
0.00000000000000000000 0.07327622715995305014
0.00000000000000000000 0.07332718816122053840
0.00000000000000000000 0.07349001493168054455
0.00000000000000000000 0.07351229102120483694
0.00000000000000000000 0.07365335760027018341
0.00000000000000000000 0.07366727676000855984
0.00000000000000000000 0.07375491427040983816
0.00000000000000000000 0.07393691895641174572
0.00000000000000000000 0.07429031273288341786
0.00000000000000000000 0.07522017484487728001
0.00000000000000000000 0.07565579368260083593
0.00000000000000000000 0.07572811454738667680
0.00000000000000000000 0.07606912121658537806
0.00000000000000000000 0.07611821754279900210
0.00000000000000000000 0.07637627829816309721
0.00000000000000000000 0.07638550911012360889
0.00000000000000000000 0.07648029649832263632
0.00000000000000000000 0.07666426302870736620
0.00000000000000000000 0.07688522956288769417
0.00000000000000000000 0.07689754747540385182
0.00000000000000000000 0.07695326871854035744
0.00000000000000000000 0.07707784035286939506
0.00000000000000000000 0.07737912778402755709
0.00000000000000000000 0.07760323474814449785
0.00000000000000000000 0.07773594349567916617
0.00000000000000000000 0.07780067593308818974
0.00000000000000000000 0.07791589096696402428
0.00000000000000000000 0.07817218037690951138
0.00000000000000000000 0.07831207267293088803
0.00000000000000000000 0.07838727460189974516
0.00000000000000000000 0.07838795149091275227
0.00000000000000000000 0.07864117212158172610
0.00000000000000000000 0.07872941071453901096
0.00000000000000000000 0.07895021697790030601
0.00000000000000000000 0.07900505274910052389
0.00000000000000000000 0.07901330869321682160
0.00000000000000000000 0.07935756127900908674
0.00000000000000000000 0.07995954470934384106
0.00000000000000000000 0.08014373720374037835
0.00000000000000000000 0.08045601884813260996
0.00000000000000000000 0.08049437598551972828
0.00000000000000000000 0.08083517417203849031
0.00000000000000000000 0.08087702954792140575
0.00000000000000000000 0.08088835522560043623
0.00000000000000000000 0.08112254360755113969
0.00000000000000000000 0.08122819764544791932
0.00000000000000000000 0.08126804218362183863
0.00000000000000000000 0.08142798960959082843
0.00000000000000000000 0.08155155312927563072
0.00000000000000000000 0.08166524486599915922
0.00000000000000000000 0.08186102128996985972
0.00000000000000000000 0.08188407110072835893
0.00000000000000000000 0.08191559261510933387
0.00000000000000000000 0.08210412151066366626
0.00000000000000000000 0.08210728964798837126
0.00000000000000000000 0.08256299278169393352
0.00000000000000000000 0.08267678551810923870
0.00000000000000000000 0.08295300955094082884
0.00000000000000000000 0.08297597462993229478
0.00000000000000000000 0.08298895116293915353
0.00000000000000000000 0.08360956626676528669
0.00000000000000000000 0.08407278292400838238
0.00000000000000000000 0.08412382553062693058
0.00000000000000000000 0.08440118807241661636
0.00000000000000000000 0.08458938309408502165
0.00000000000000000000 0.08508533493661926683
0.00000000000000000000 0.08515174354839168125
0.00000000000000000000 0.08553472863467609377
0.00000000000000000000 0.08560780709498454211
0.00000000000000000000 0.08581072007281596858
0.00000000000000000000 0.08605659036567310516
0.00000000000000000000 0.08614237959188675298
0.00000000000000000000 0.08635621342143789958
0.00000000000000000000 0.08666452115251632726
0.00000000000000000000 0.08681082824465839731
0.00000000000000000000 0.08689285830421281109
0.00000000000000000000 0.08695464368468922012
0.00000000000000000000 0.08714995484934606740
0.00000000000000000000 0.08720677304948400155
0.00000000000000000000 0.08728374714306771920
0.00000000000000000000 0.08769186001566180166
0.00000000000000000000 0.08786147676629978143
0.00000000000000000000 0.08827605392591272859
0.00000000000000000000 0.08828997726380692634
0.00000000000000000000 0.08831688763973830070
0.00000000000000000000 0.08838340652202389403
0.00000000000000000000 0.08855006731876774451
0.00000000000000000000 0.08882765844964186919
0.00000000000000000000 0.08888673263185260798
0.00000000000000000000 0.08918864841995687021
0.00000000000000000000 0.08919815991295705626
0.00000000000000000000 0.08923980946338062881
0.00000000000000000000 0.08939385609010909450
0.00000000000000000000 0.08950574007904013585
0.00000000000000000000 0.08972620863899417876
0.00000000000000000000 0.08992360766344202616
0.00000000000000000000 0.09011203152100054348
0.00000000000000000000 0.09014017240911492701
0.00000000000000000000 0.09018731237004863621
0.00000000000000000000 0.09022637015482357081
0.00000000000000000000 0.09030269768805021524
0.00000000000000000000 0.09061755678798076585
0.00000000000000000000 0.09064116749041771504
0.00000000000000000000 0.09086378581452593528
0.00000000000000000000 0.09088346543722067294
0.00000000000000000000 0.09131548829722734018
0.00000000000000000000 0.09213785125303872170
0.00000000000000000000 0.09222286694201921320
0.00000000000000000000 0.09282154964199218483
0.00000000000000000000 0.09286087514334177839
0.00000000000000000000 0.09289013664830923778
0.00000000000000000000 0.09321261203297498410
0.00000000000000000000 0.09327572425508125209
0.00000000000000000000 0.09332661785439722024
0.00000000000000000000 0.09333949245288776508
0.00000000000000000000 0.09348350700437998984
0.00000000000000000000 0.09373366023569358607
0.00000000000000000000 0.09375519567050219494
0.00000000000000000000 0.09381909945463814959
0.00000000000000000000 0.09389082644557947277
0.00000000000000000000 0.09398679369399044747
0.00000000000000000000 0.09420375079468321089
0.00000000000000000000 0.09432472618076964688
0.00000000000000000000 0.09458228067036429654
0.00000000000000000000 0.09479048553479568762
0.00000000000000000000 0.09489510612245648236
0.00000000000000000000 0.09514743135514257266
0.00000000000000000000 0.09547421877069631191
0.00000000000000000000 0.09549127947265970140
0.00000000000000000000 0.09562249258239280403
0.00000000000000000000 0.09563166140667415938
0.00000000000000000000 0.09575041624555705178
0.00000000000000000000 0.09593960493154247982
0.00000000000000000000 0.09601487451207059431
0.00000000000000000000 0.09605465470677219952
0.00000000000000000000 0.09606303745022842788
0.00000000000000000000 0.09610085811293354874
0.00000000000000000000 0.09623254536162793860
0.00000000000000000000 0.09639649595745283794
0.00000000000000000000 0.09660390969308162157
0.00000000000000000000 0.09678181037301819556
0.00000000000000000000 0.09683963558743416411
0.00000000000000000000 0.09690589327841363232
0.00000000000000000000 0.09696563412700601181
0.00000000000000000000 0.09700552860546356182
0.00000000000000000000 0.09722936774544256588
0.00000000000000000000 0.09776979579043429402
0.00000000000000000000 0.09785948946095658629
0.00000000000000000000 0.09818119189268192937
0.00000000000000000000 0.09857021305412144718
0.00000000000000000000 0.09857551054638215293
0.00000000000000000000 0.09876733848522679937
0.00000000000000000000 0.09881653412332214170
0.00000000000000000000 0.09885812801814249096
0.00000000000000000000 0.09898253683030469596
0.00000000000000000000 0.09901771652764558562
0.00000000000000000000 0.09901991368193437115
0.00000000000000000000 0.09954318037974572986
0.00000000000000000000 0.09963996289235714510
0.00000000000000000000 0.09985490606378978617
0.00000000000000000000 0.09990565856655912735
0.00000000000000000000 0.10005756852023192649
0.00000000000000000000 0.10007356649940056526
0.00000000000000000000 0.10024427979641564734
0.00000000000000000000 0.10027073119975096760
0.00000000000000000000 0.10050345987624428878
0.00000000000000000000 0.10054017535758162649
0.00000000000000000000 0.10072908692192496238
0.00000000000000000000 0.10090598554660762387
0.00000000000000000000 0.10149774356890628457
0.00000000000000000000 0.10151056166111815937
0.00000000000000000000 0.10168206758506390108
0.00000000000000000000 0.10169550971193269673
0.00000000000000000000 0.10177293840663219349
0.00000000000000000000 0.10199418247594338460
0.00000000000000000000 0.10201927459163713519
0.00000000000000000000 0.10208666725878788595
0.00000000000000000000 0.10210885586552377602
0.00000000000000000000 0.10213221003674491372
0.00000000000000000000 0.10217911630485274066
0.00000000000000000000 0.10273263982731421773
0.00000000000000000000 0.10334532675434127125
0.00000000000000000000 0.10336432741576270788
0.00000000000000000000 0.10359424666685601579
0.00000000000000000000 0.10377321281045225054
0.00000000000000000000 0.10382237456153814437
0.00000000000000000000 0.10445117206585677327
0.00000000000000000000 0.10446797010173372589
0.00000000000000000000 0.10453805051677071691
0.00000000000000000000 0.10467988392494903538
0.00000000000000000000 0.10478387032038453952
0.00000000000000000000 0.10481377139310225910
0.00000000000000000000 0.10537892018511099690
0.00000000000000000000 0.10540141896450526404
0.00000000000000000000 0.10585243922106107872
0.00000000000000000000 0.10585432999146383859
0.00000000000000000000 0.10593753739802448666
0.00000000000000000000 0.10601841165674057155
0.00000000000000000000 0.10606485906473389624
0.00000000000000000000 0.10611747181717171018
0.00000000000000000000 0.10614176370551062223
0.00000000000000000000 0.10642773864705409870
0.00000000000000000000 0.10650876848380017026
0.00000000000000000000 0.10670436783480627407
0.00000000000000000000 0.10697239430065859367
0.00000000000000000000 0.10711536816054118004
0.00000000000000000000 0.10723420261305507961
0.00000000000000000000 0.10739251302671347366
0.00000000000000000000 0.10750236413960843895
0.00000000000000000000 0.10765709032510706322
0.00000000000000000000 0.10786396421474518659
0.00000000000000000000 0.10797383888518190254
0.00000000000000000000 0.10803375514754963438
0.00000000000000000000 0.10808708369353352274
0.00000000000000000000 0.10828424222050214709
0.00000000000000000000 0.10832926879663697106
0.00000000000000000000 0.10839890811362351553
0.00000000000000000000 0.10842309008907331791
0.00000000000000000000 0.10848465435716131422
0.00000000000000000000 0.10931903172885376607
0.00000000000000000000 0.10946475308144272554
0.00000000000000000000 0.10973559847010534718
0.00000000000000000000 0.11040772766328522947
0.00000000000000000000 0.11152950125619605359
0.00000000000000000000 0.11154260717465014352
0.00000000000000000000 0.11157696207677066103
0.00000000000000000000 0.11189384226771226238
0.00000000000000000000 0.11195438015684174016
0.00000000000000000000 0.11249764971561103388
0.00000000000000000000 0.11264107500450748489
0.00000000000000000000 0.11297515071924676966
0.00000000000000000000 0.11306477909813032745
0.00000000000000000000 0.11306638779848468546
0.00000000000000000000 0.11309698701087364525
0.00000000000000000000 0.11327263128922171465
0.00000000000000000000 0.11348955068712285321
0.00000000000000000000 0.11349859111954389845
0.00000000000000000000 0.11372653255912956727
0.00000000000000000000 0.11378615144059563147
0.00000000000000000000 0.11400048476166589617
0.00000000000000000000 0.11409926232046978256
0.00000000000000000000 0.11414881283325123418
0.00000000000000000000 0.11438059393008725984
0.00000000000000000000 0.11449862467426000223
0.00000000000000000000 0.11456321962836940598
0.00000000000000000000 0.11458857910328804075
0.00000000000000000000 0.11520457164496282487
0.00000000000000000000 0.11531312031813152619
0.00000000000000000000 0.11610482545743718019
0.00000000000000000000 0.11612896985267270877
0.00000000000000000000 0.11656458136230798961
0.00000000000000000000 0.11733810869470676086
0.00000000000000000000 0.11745330088421405967
0.00000000000000000000 0.11762419633649669193
0.00000000000000000000 0.11764507213472000235
0.00000000000000000000 0.11772267501861038985
0.00000000000000000000 0.11823115539513605332
0.00000000000000000000 0.11850508808899981594
0.00000000000000000000 0.11978694204178967631
0.00000000000000000000 0.11989477515471422264
0.00000000000000000000 0.11989917338730343710
0.00000000000000000000 0.12035033036075865054
0.00000000000000000000 0.12071446941798483210
0.00000000000000000000 0.12129085362214193922
0.00000000000000000000 0.12132449505247339117
0.00000000000000000000 0.12144869913646733073
0.00000000000000000000 0.12170054416400243047
0.00000000000000000000 0.12248808753159542984
0.00000000000000000000 0.12281574673043725576
0.00000000000000000000 0.12323171869247917520
0.00000000000000000000 0.12355029481375259803
0.00000000000000000000 0.12406472921862632397
0.00000000000000000000 0.12471546020738490113
0.00000000000000000000 0.12536187334654591563
0.00000000000000000000 0.12586419318155131486
0.00000000000000000000 0.12674594819774528953
0.00000000000000000000 0.12698326211836363786
0.00000000000000000000 0.12705113165417528109
0.00000000000000000000 0.12754155773697364862
0.00000000000000000000 0.12776465193752511995
0.00000000000000000000 0.12789399436248574671
0.00000000000000000000 0.12870659877818724226
0.00000000000000000000 0.12911933860176202926
0.00000000000000000000 0.12915389380905628602
0.00000000000000000000 0.12931269013092663855
0.00000000000000000000 0.12935023519701066563
0.00000000000000000000 0.12954079806897858540
0.00000000000000000000 0.13021467395926275556
0.00000000000000000000 0.13044567395391218345
0.00000000000000000000 0.13053971594944019374
0.00000000000000000000 0.13067881378970291895
0.00000000000000000000 0.13141586410350430958
0.00000000000000000000 0.13146672618106730601
0.00000000000000000000 0.13272904504388496894
0.00000000000000000000 0.13283993250786646501
0.00000000000000000000 0.13319917916958878834
0.00000000000000000000 0.13394607673626202082
0.00000000000000000000 0.13410509472095188954
0.00000000000000000000 0.13516610746496737772
0.00000000000000000000 0.13534527779342614418
0.00000000000000000000 0.13642366242587719571
0.00000000000000000000 0.13716549742815731250
0.00000000000000000000 0.14004014716194293499
0.00000000000000000000 0.14062003788649879432
0.00000000000000000000 0.14133546760059256808
0.00000000000000000000 0.14189571757450430978
0.00000000000000000000 0.14231767530211442141
0.00000000000000000000 0.14516465461661282044
0.00000000000000000000 0.14945774651023005508
0.00000000000000000000 0.15113203626281315750
0.00000000000000000000 0.15199330318034953713
0.00000000000000000000 0.15506707074794937040
0.00000000000000000000 0.16004948163760188140
0.00000000000000000000 0.16035235190030566743
0.00000000000000000000 0.16122775983801082567
0.00000000000000000000 0.16565986896865811384
0.00000000000000000000 0.18993292033296357846
0.00000000000000000000 1.73205080756887719318
