0.01813691319531576807 0.01888598142736734944
0.02317920271231139681 0.02521472700985850912
0.02582709381991524569 0.02593819068195039532
0.02706558596178777754 0.02713645436986938594
0.02519913407311546658 0.02966311079121583191
0.02948393755505394898 0.03005305701611092964
0.02910012306804432222 0.03158489554089758539
0.02774313569994064921 0.03219682901931020247
0.02727041747809341721 0.03325604322317018968
0.03081557538680994301 0.03417374947940723939
0.03468923848968408219 0.03490755987853388920
0.03423813732979898161 0.03533633105156858828
0.03034011157273646883 0.03554374795047460234
0.03072771112890977999 0.03610774250175256134
0.03533029775088259578 0.03629233219558417739
0.03591546990623553648 0.03668699844902986729
0.03565579559633584583 0.03716684366548307639
0.03593636115772652628 0.03732960225976231228
0.03720690452157198597 0.03747137632725754119
0.03006960323030311716 0.03789755912184719633
0.03431176927890880468 0.03802499925096680666
0.03289718251607545024 0.03866474849367391303
0.03362233578981732585 0.03886746374181105496
0.02948798599334239573 0.03926578838624585760
0.03395188552594903542 0.03992351121389736690
0.03074534958135091006 0.04077884237913350501
0.03552237658332419584 0.04107900887707960358
0.03692319436462554449 0.04207375267434373955
0.03391549288698671866 0.04213610044142702266
0.04075496955697952006 0.04215689683490209810
0.03685919833524253786 0.04258281816990153179
0.04178726520702036318 0.04272495030879436967
0.02912384420932423099 0.04281700640215093528
0.03340597156975583931 0.04287550396314936119
0.03926877319261252303 0.04323631676888457787
0.03795602441142419819 0.04367011106857102837
0.03758236482906152781 0.04477264079042694161
0.03510924633593082156 0.04488768216851207055
0.04225311465879492967 0.04580065669127390826
0.03885664578143293441 0.04602887471744053494
0.03675117255019944018 0.04605728972530207660
0.03811868778497323057 0.04704058369715826554
0.04463302253474771275 0.04753894222032460648
0.03413590777032270845 0.04854174949512033571
0.03378444365050483483 0.04934506852782929304
0.04159524058000244051 0.04982026398241796300
0.04281520007958997814 0.04997188302276950322
0.04647145386058317701 0.05013299940447964176
0.04738896693237640984 0.05034024493878069828
0.04376511802810608559 0.05044169053099292060
0.04326903266008701870 0.05139444002972255732
0.04832340567680128152 0.05165087901192712966
0.04325470533343414581 0.05187182555621434876
0.04382763702912507303 0.05200693266993285102
0.05260343109919016907 0.05263997265130654357
0.05086342712705642366 0.05338589324723639479
0.05155114175022371820 0.05373011800938205101
0.04527181261884433844 0.05492277417661567407
0.05112988888630565221 0.05495284385351036083
0.05343723529592463162 0.05499202037369529256
0.05215534514769263469 0.05506198999739439492
0.05127305404990922105 0.05534141679953527571
0.05002111091369004781 0.05554723360192933418
0.05066971581952369602 0.05674865355499163211
0.04229609849227909668 0.05710490346045524884
0.05522638919077671460 0.05731078997742231756
0.05773621359217594867 0.05862796295226582050
0.05649763341403082895 0.05922579819434057452
0.05177587033753879714 0.05957602823410233089
0.04624400556013729541 0.05972590036280575609
0.03541706082083215246 0.06129027744007064377
0.05907596026888546625 0.06141013539494671880
0.05760429486505910107 0.06387273809737176178
0.04084556418158397095 0.06411825975357078600
0.05200045177707007110 0.06472685179278805934
0.06508520271346064645 0.06800082895926948257
0.05150825869753249825 0.07215359227342030279
0.04602470331812061333 0.07243201026575138424
0.07154032809071941834 0.07259739728766299860
0.06580849898603950698 0.07365182771659689598
0.04803055488391962807 0.07674334088895737316
0.06486671854300496420 0.07702298806668431141
0.05891506019273620026 0.07738846411583184814
0.06156419391519493689 0.07865037390587653610
0.05062761694091585940 0.08300568676077114960
0.08256719764919126514 0.08341864835729959071
0.06197678109112556011 0.08472045857061306917
0.07698904575351216140 0.08578334511328142287
0.06583361996667516647 0.08815395401444696410
0.07841052070930963624 0.08951032687437250612
0.06302692409389999695 0.09066491094433475062
0.06363101668900139618 0.09161777580235894169
0.08909245250788642989 0.10143507340200282052
0.07676110101255158302 0.70680336988684644428
