0.07311473370132801075 0.08263145808166119655
0.09564221264926205113 0.09593644727906149028
0.08470911678980731774 0.10117803543972600511
0.08431271011778254665 0.10325510871349211084
0.09256327546293616204 0.10399109084433175165
0.09981740056326718347 0.10531202692435569224
0.10452716160644205667 0.10718448759695800576
0.08892898510487745600 0.10733958752859626418
0.10493998593372853845 0.11070093257784999197
0.10879443807452464366 0.11156004451340756356
0.11172319169229871783 0.11542867788052338374
0.11037329780251488309 0.11575916696076822554
0.11201518368705751239 0.11623865512218482798
0.10715043937779188121 0.11649720096090575294
0.09639384609343167043 0.11712189555488748682
0.10592055204614093944 0.11735157406757336374
0.11039447849031287785 0.11826037734213463992
0.10921776693115776979 0.11835726183085157337
0.10186136388478431170 0.11939763579909982993
0.10320982987093040018 0.12084843203314293847
0.11079954780564603423 0.12093612050953356229
0.12002054758429683834 0.12111817610349745467
0.11735501816377545692 0.12209147586164033339
0.11835668183746089754 0.12411488468318088163
0.12378423281577610737 0.12569071418300450937
0.11192050288675246816 0.12574483640158265474
0.12250223989300883243 0.12580202423446032456
0.10767680927415076986 0.12596122916970353689
0.12314367611702858873 0.12628990605152298765
0.10504474372192844356 0.12804363869228205242
0.12450227973249840263 0.12837817327116735067
0.11553582114239085987 0.12967303508396391121
0.12654776428077260664 0.13013408968162615276
0.12372381157545653263 0.13037022644653767367
0.11284783303252068909 0.13053309289948525351
0.12563684708862934980 0.13062925457304966348
0.12269317302816770687 0.13160018129232312067
0.11257378549588821504 0.13176779304846464314
0.11986082535121833637 0.13218533068381355111
0.12446356801511752888 0.13402327655489687519
0.12028695804905623068 0.13402327655489687519
0.11269699469637449452 0.13414656606839253650
0.13297724643685254753 0.13552153037464348406
0.10819668157841930145 0.13567613635393180327
0.11853243054578375959 0.13608271001708344139
0.10515690236436445182 0.13619344558075938134
0.12897370660186699420 0.13669721959883740503
0.13598667958553470325 0.13700141494027553990
0.13656511176794017270 0.13719979735303780566
0.11702072310554779977 0.13815472613889825948
0.10601314255960546384 0.13891336191765227270
0.12175742372889200582 0.13973482852374424779
0.13982110048707502292 0.13993772207050597656
0.14008366623026363706 0.14018517693210358344
0.10645385053737298209 0.14084618043015093014
0.13316814246208635852 0.14100974708643038147
0.14104526806750683487 0.14138063671222253492
0.12983275905926708327 0.14147580452228397663
0.14176788504225792953 0.14233672416299375518
0.12890173271238505870 0.14357629506631414129
0.14148531222982174693 0.14396753195315423191
0.11810425915228928151 0.14475151202863756339
0.12980129300580758867 0.14502024388392525944
0.11408701396945757078 0.14547896562047527014
0.11487068676462751371 0.14554256706049092940
0.13333395146854684632 0.14576578436873885436
0.11550492169153094013 0.14583358656758294014
0.14347765742394583133 0.14707440528497536802
0.14440051177768822854 0.14746192793674442467
0.11948756583930489339 0.14809209194293354583
0.12974913029641740869 0.14836343657015468867
0.13664549093073510844 0.14930251336809519103
0.12283052605183963912 0.14935736085746559310
0.14085672408086272189 0.14939287653609714668
0.13049561758294866975 0.14939287653609714668
0.13051461192440569348 0.14944877677193299514
0.14128346338400218918 0.14952838883599697817
0.14181167234292391122 0.14986016055898898625
0.14361165610089809963 0.15008621338238739562
0.14386949615233096678 0.15065986957681973268
0.13340370332319809177 0.15130494191448073948
0.12321188670244344332 0.15173367622618441630
0.14913902921345803532 0.15182742571808294230
0.14817719790411593150 0.15182742571808294230
0.13312704630142285778 0.15230686624050798761
0.13029950607710921728 0.15370302033746116588
0.13049301525171286276 0.15401051687718853023
0.12895796648223822878 0.15483961025938586253
0.11980500352028440603 0.15507884566814036931
0.13137684495866625012 0.15528114308926388443
0.12667372841344551326 0.15539218406764004898
0.12738686735169538200 0.15541148790421982495
0.15029117834345614990 0.15553681174214289973
0.11648471277921897127 0.15573746436815624761
0.12740871585957286305 0.15587172524650275141
0.14190392623156616869 0.15602215025016266670
0.13722955273154033295 0.15604319981425593400
0.11226533062884649916 0.15689170801049928672
0.11483958600323550259 0.15711284401191075166
0.14979724361421303813 0.15834920614079500689
0.14649050139209002230 0.15882586848716168104
0.14733314970731992144 0.15906944194812194793
0.12848815034067248564 0.15963935487327970963
0.15505423521075759052 0.15999381137933629815
0.13576190122190148757 0.16003933734158534707
0.10849541331062698135 0.16044453625381643880
0.15477093527050597710 0.16149345954504557010
0.14948146797239814099 0.16225401487733229211
0.15550154029097335018 0.16230775823762882970
0.11159074723133483031 0.16268351062569338938
0.11908058006092427095 0.16333333493798657399
0.16277641316884544631 0.16412802997730385757
0.13435062754646401317 0.16457831497164129853
0.16117238479493628533 0.16485783823284283489
0.16535447849159823352 0.16562575546472652066
0.16184962925535650857 0.16571349973810159395
0.13715389099302477405 0.16688382082527103423
0.15252180186921290850 0.16709030286019765921
0.16468805221338025935 0.16716286975996483277
0.12825333787856804668 0.16747069257177207846
0.14927596078461605189 0.16814800197669954596
0.14109096492825001778 0.16818032417303677151
0.16657667987717528213 0.16892580672403265107
0.15343504909968527783 0.16947424824552520528
0.14904606758737859451 0.16948365446346533303
0.16890655964566736458 0.17004582496865972008
0.14358354308942417044 0.17012950955840547285
0.16609772860942761952 0.17018510234342298926
0.15654165723477811434 0.17031496627150893852
0.13353195636386472334 0.17042568498541191269
0.12004018881250316797 0.17103172616813025475
0.15942625475555741166 0.17149592653306541812
0.15790957594531135344 0.17245238640772184158
0.13761081855240539507 0.17348222680759856074
0.12567906098748882204 0.17357507723699350244
0.15299048285765073918 0.17419273311218461120
0.12705688477696780447 0.17448304643486783894
0.14032216764020161159 0.17481611721207646060
0.16669246787463792847 0.17506237615770531280
0.12716130026183497526 0.17532554872580455307
0.15318129641603164814 0.17637285405308925079
0.16113472339526480059 0.17642107338717133436
0.15370127800674956986 0.17738914841611794215
0.14419709592804630383 0.17877376145991866196
0.17727856808589201321 0.17905956252706006770
0.17910193187752365684 0.17931989709133358546
0.16878915215849246700 0.17988741507811262244
0.16731179821781902439 0.18043277827332951380
0.13971893362711776398 0.18128339075611812903
0.12655392975381921095 0.18134859930293875663
0.17013443675475353745 0.18142088303363038126
0.17267754498924264839 0.18142088303363038126
0.16086478422962735557 0.18160310239750981909
0.16352147459433316601 0.18160721211142405451
0.16940919610873597656 0.18193294523262870666
0.15230782491968775094 0.18218937504443791231
0.15062772633479057371 0.18221231624650172098
0.17885391581001655603 0.18238396536531800707
0.12244817536191028584 0.18246379722936484358
0.15021955528205493957 0.18337946704089841399
0.14327110314712329653 0.18361803540011067959
0.17415538775463715315 0.18377222283112926160
0.17063885328439359901 0.18453585949690146095
0.14325018166729541758 0.18455341070801473125
0.16053086325435192427 0.18462098305030102963
0.15318409459653134497 0.18512612833861308292
0.13081995948379873673 0.18529753623852052158
0.15336943994283708248 0.18533026152562520616
0.18479948317405092695 0.18541151842873843103
0.17946693343867603510 0.18559667837688403891
0.17246454203608305167 0.18578970712141548716
0.16068912658695733153 0.18590600322895886598
0.12918936200527425529 0.18737847132845791842
0.18537053309392256817 0.18758376899760528800
0.14607660711922387797 0.18764352257003108493
0.17435779143654620005 0.18788962994498153991
0.14836505898330515363 0.19045246326104425805
0.13099894951394897014 0.19086555219272044459
0.15858811655692864329 0.19158178150300259057
0.14131839849631241957 0.19210573300328101509
0.17625417110915916896 0.19232894737858077794
0.13247817993444341300 0.19291871877242794397
0.13628807618052418693 0.19314691061587052623
0.16258026237733483321 0.19333306011081427545
0.18131363818904919216 0.19352031672765554471
0.15593221434946724635 0.19376243846756563416
0.12485630123363132549 0.19378121799392450386
0.14862597093942681026 0.19482521595787333224
0.14186904205698167014 0.19482841605517045580
0.16612035209295780702 0.19563472431765763226
0.19014692217799025742 0.19566682552345612822
0.14185849471896613827 0.19576475954625593978
0.14830165179088011795 0.19631090671745884957
0.16053713334651995015 0.19771471212728736200
0.19322191497898516532 0.19799151642834622589
0.14477751953833947751 0.19856790913762334405
0.18768707551826413482 0.19872697791538496137
0.19558434813723055146 0.19910320760530841877
0.19551724927738847737 0.20121498116708080861
0.17100714249584891835 0.20136453944627219492
0.14017686912427632095 0.20158183095227663606
0.14317247353364029316 0.20197890774492299748
0.20216041608442555932 0.20245933100878407696
0.18591238788378536273 0.20301037830941376372
0.16177600265880540120 0.20330677138546396354
0.19414651435966545634 0.20361361354365462017
0.15205407172206344968 0.20367763985924822179
0.17300895307428693082 0.20387561301061143948
0.19908913689361040777 0.20441126863074882136
0.16059224957238840692 0.20488278952207933381
0.12916301242580052744 0.20518693603557464078
0.16357874654613480114 0.20560100779011916683
0.16037535021085788656 0.20566528903657230187
0.12279255572070116309 0.20589399132306379636
0.16286961893126866707 0.20626746533845330411
0.18857010443200694638 0.20660454217807913690
0.12304660314569572377 0.20740930211513586290
0.17087844756916739652 0.20814260989839028504
0.19809450192784633371 0.20832742328085723793
0.20173726444272582770 0.20916144067339478840
0.18353540750711946905 0.20937116919546280847
0.19782338219817205416 0.21191295586413619323
0.12748040862284745756 0.21243973297669491163
0.13383321794088626211 0.21364633510683131434
0.14776630255595826768 0.21364633510683131434
0.18511159924141465383 0.21389089176013517668
0.14481620893322608157 0.21447923192868226239
0.15875970895624069712 0.21515122946083112265
0.12894155823825595442 0.21977910663764091415
0.14846619643295613789 0.22000233934970700456
0.12534835598694132885 0.22014657426235101356
0.17749757727514145489 0.22080390537156527331
0.21443460307900399919 0.22176742197819482305
0.18712781411223131101 0.22445238203006179223
0.12719800748994436468 0.23418018162998302523
0.22168164781246516015 0.23568344567767263165
0.22385604293529770548 0.23694319381861658758
0.21874448164678628181 0.24162575456737184210
0.20679103305965987336 0.24419177816513651380
0.25496306127390144791 0.25647845985448719519
0.17265675275477981865 0.25902234576213001294
