0.00000000000000000000 0.01351241964014168219
0.00000000000000000000 0.01545273987487803292
0.00000000000000000000 0.01783995773035934249
0.00000000000000000000 0.01926654068443441059
0.00000000000000000000 0.01996163942952510970
0.00000000000000000000 0.02734359731116803652
0.00000000000000000000 0.02942463504149397599
0.00000000000000000000 0.03115187979783436492
0.00000000000000000000 0.03152401678957389430
0.00000000000000000000 0.03224830006237473790
0.00000000000000000000 0.03387945988111154549
0.00000000000000000000 0.03531628386470214015
0.00000000000000000000 0.03562222041036516157
0.00000000000000000000 0.03582446766242090852
0.00000000000000000000 0.03592518243456024191
0.00000000000000000000 0.03703888538929335505
0.00000000000000000000 0.03730774690815177874
0.00000000000000000000 0.03779010939313681011
0.00000000000000000000 0.03805488220890056866
0.00000000000000000000 0.03884454101148735600
0.00000000000000000000 0.04046434741432990839
0.00000000000000000000 0.04046724357967133867
0.00000000000000000000 0.04050671169242835851
0.00000000000000000000 0.04154818145751342645
0.00000000000000000000 0.04184592907044162868
0.00000000000000000000 0.04199857606842732211
0.00000000000000000000 0.04255508818368602952
0.00000000000000000000 0.04289898036499228962
0.00000000000000000000 0.04433613082835435870
0.00000000000000000000 0.04440246800096315366
0.00000000000000000000 0.04447145767890178791
0.00000000000000000000 0.04455783821401914507
0.00000000000000000000 0.04471043920161225232
0.00000000000000000000 0.04504650649231094206
0.00000000000000000000 0.04541304434411996133
0.00000000000000000000 0.04554394066013313369
0.00000000000000000000 0.04569444960275015344
0.00000000000000000000 0.04573105355972256064
0.00000000000000000000 0.04579249851496446089
0.00000000000000000000 0.04588988103034212507
0.00000000000000000000 0.04644287355382326760
0.00000000000000000000 0.04650801162807561423
0.00000000000000000000 0.04714538922855244368
0.00000000000000000000 0.04722302847844059986
0.00000000000000000000 0.04731884082629408961
0.00000000000000000000 0.04756043959030066548
0.00000000000000000000 0.04759297906906063275
0.00000000000000000000 0.04764385991693986799
0.00000000000000000000 0.04848051847688961136
0.00000000000000000000 0.04852751700423952458
0.00000000000000000000 0.04887327637807817315
0.00000000000000000000 0.04919248209575832753
0.00000000000000000000 0.04937915305004710043
0.00000000000000000000 0.04955357319595032201
0.00000000000000000000 0.05156149998495053455
0.00000000000000000000 0.05173150404638965361
0.00000000000000000000 0.05184078773086005232
0.00000000000000000000 0.05242989663380622639
0.00000000000000000000 0.05249877482828921998
0.00000000000000000000 0.05263152005242933973
0.00000000000000000000 0.05282160811502191466
0.00000000000000000000 0.05291277130815334045
0.00000000000000000000 0.05329044080325624072
0.00000000000000000000 0.05392644259191874817
0.00000000000000000000 0.05393962755442840984
0.00000000000000000000 0.05513207212878102476
0.00000000000000000000 0.05540434963100545479
0.00000000000000000000 0.05543887790310424168
0.00000000000000000000 0.05568299016437172622
0.00000000000000000000 0.05584047822006370926
0.00000000000000000000 0.05610049061292211869
0.00000000000000000000 0.05647331702894890088
0.00000000000000000000 0.05731462474968355980
0.00000000000000000000 0.05773259841265550307
0.00000000000000000000 0.05792094769588243541
0.00000000000000000000 0.05831862416539993627
0.00000000000000000000 0.05844590808852162533
0.00000000000000000000 0.05857870520426897848
0.00000000000000000000 0.05886677124601252808
0.00000000000000000000 0.05894168850263031140
0.00000000000000000000 0.05895692894216174318
0.00000000000000000000 0.05922474374438041478
0.00000000000000000000 0.05942115611562130001
0.00000000000000000000 0.05960658749179183896
0.00000000000000000000 0.05964886777969396342
0.00000000000000000000 0.05978493960911663435
0.00000000000000000000 0.05979287231773271205
0.00000000000000000000 0.05993607125590091206
0.00000000000000000000 0.05997696397758502107
0.00000000000000000000 0.06029160044583257994
0.00000000000000000000 0.06090370065440419561
0.00000000000000000000 0.06090668829218459646
0.00000000000000000000 0.06112216934378298522
0.00000000000000000000 0.06125745756940204068
0.00000000000000000000 0.06132699912768556361
0.00000000000000000000 0.06137084180779072556
0.00000000000000000000 0.06152077627117728820
0.00000000000000000000 0.06168338242989824388
0.00000000000000000000 0.06196328205058633520
0.00000000000000000000 0.06285788057333679957
0.00000000000000000000 0.06312997833339573095
0.00000000000000000000 0.06339141650870350198
0.00000000000000000000 0.06340826140688772539
0.00000000000000000000 0.06351988699013258466
0.00000000000000000000 0.06353135568289138002
0.00000000000000000000 0.06358374635287843135
0.00000000000000000000 0.06382724531749317531
0.00000000000000000000 0.06404354635318454392
0.00000000000000000000 0.06422722431829568090
0.00000000000000000000 0.06429139469304542831
0.00000000000000000000 0.06460299784682579927
0.00000000000000000000 0.06495891293401155620
0.00000000000000000000 0.06505201888658630749
0.00000000000000000000 0.06562200476632576440
0.00000000000000000000 0.06565430832960827967
0.00000000000000000000 0.06569235889311814125
0.00000000000000000000 0.06577118766972415986
0.00000000000000000000 0.06600917006424886213
0.00000000000000000000 0.06606362424614198314
0.00000000000000000000 0.06608402845541051784
0.00000000000000000000 0.06635560483112344643
0.00000000000000000000 0.06664193452125788397
0.00000000000000000000 0.06670508070212960439
0.00000000000000000000 0.06700494655961675150
0.00000000000000000000 0.06749569656144667473
0.00000000000000000000 0.06754216179378365326
0.00000000000000000000 0.06755167506737091987
0.00000000000000000000 0.06757670770077248146
0.00000000000000000000 0.06771083144868327020
0.00000000000000000000 0.06817978765386954743
0.00000000000000000000 0.06842059194521843413
0.00000000000000000000 0.06846564817880705645
0.00000000000000000000 0.06849723685189804123
0.00000000000000000000 0.06867939050058216588
0.00000000000000000000 0.06876901373903608616
0.00000000000000000000 0.06921153142940521252
0.00000000000000000000 0.06921378777780459735
0.00000000000000000000 0.06948644212375143514
0.00000000000000000000 0.06952818717254612146
0.00000000000000000000 0.06971417509513840038
0.00000000000000000000 0.06995383653622411213
0.00000000000000000000 0.07002996633663732817
0.00000000000000000000 0.07013342729959903821
0.00000000000000000000 0.07037004133881821777
0.00000000000000000000 0.07041975458327365267
0.00000000000000000000 0.07061535475010427554
0.00000000000000000000 0.07071364751332347154
0.00000000000000000000 0.07071734411946865861
0.00000000000000000000 0.07078312563348794495
0.00000000000000000000 0.07078710807351538958
0.00000000000000000000 0.07091899447693635061
0.00000000000000000000 0.07108782343953330696
0.00000000000000000000 0.07124526991835944401
0.00000000000000000000 0.07136123093177840215
0.00000000000000000000 0.07149499063625211481
0.00000000000000000000 0.07174775578902595208
0.00000000000000000000 0.07178207057960885040
0.00000000000000000000 0.07214696750987589779
0.00000000000000000000 0.07226482599090935932
0.00000000000000000000 0.07232975423729383346
0.00000000000000000000 0.07242050587536039141
0.00000000000000000000 0.07248310529223689347
0.00000000000000000000 0.07248396007384298734
0.00000000000000000000 0.07263636955445258725
0.00000000000000000000 0.07289021928792401017
0.00000000000000000000 0.07294648416971820371
0.00000000000000000000 0.07337684424396626048
0.00000000000000000000 0.07408005339203826978
0.00000000000000000000 0.07430712307240788794
0.00000000000000000000 0.07433712228671017497
0.00000000000000000000 0.07455826037094227809
0.00000000000000000000 0.07481166277982398416
0.00000000000000000000 0.07481629512202098153
0.00000000000000000000 0.07494090232152962605
0.00000000000000000000 0.07500037042351737071
0.00000000000000000000 0.07514241107858554702
0.00000000000000000000 0.07529033844324237168
0.00000000000000000000 0.07532492179623091755
0.00000000000000000000 0.07545599561125376775
0.00000000000000000000 0.07580118728220082425
0.00000000000000000000 0.07585322112133907613
0.00000000000000000000 0.07591529961144512229
0.00000000000000000000 0.07605448793998058343
0.00000000000000000000 0.07609251144535815470
0.00000000000000000000 0.07612878090098966488
0.00000000000000000000 0.07613357066753020930
0.00000000000000000000 0.07633036124848616155
0.00000000000000000000 0.07660649269194498567
0.00000000000000000000 0.07662314441188404490
0.00000000000000000000 0.07668133472153863817
0.00000000000000000000 0.07672814614879458484
0.00000000000000000000 0.07673056930937015296
0.00000000000000000000 0.07685465136701710720
0.00000000000000000000 0.07716252741546585081
0.00000000000000000000 0.07717101944869972363
0.00000000000000000000 0.07728643330124405908
0.00000000000000000000 0.07730680910605174094
0.00000000000000000000 0.07768634399594114004
0.00000000000000000000 0.07770714774359631372
0.00000000000000000000 0.07803526870529349513
0.00000000000000000000 0.07827366781910681526
0.00000000000000000000 0.07853900631736049354
0.00000000000000000000 0.07874180766446216284
0.00000000000000000000 0.07888770521502744271
0.00000000000000000000 0.07907534534296967177
0.00000000000000000000 0.07922927337871865650
0.00000000000000000000 0.07981125748113553076
0.00000000000000000000 0.07984269984747405235
0.00000000000000000000 0.08001410561667471333
0.00000000000000000000 0.08002037901266249864
0.00000000000000000000 0.08009833514609045191
0.00000000000000000000 0.08043789441685625374
0.00000000000000000000 0.08062998898707057771
0.00000000000000000000 0.08074542305615935167
0.00000000000000000000 0.08087389373626505118
0.00000000000000000000 0.08108090649311396059
0.00000000000000000000 0.08119663435130021478
0.00000000000000000000 0.08140266582192125233
0.00000000000000000000 0.08143862531696975660
0.00000000000000000000 0.08171528281171518138
0.00000000000000000000 0.08177900457462332351
0.00000000000000000000 0.08182088122612622694
0.00000000000000000000 0.08185898341931539812
0.00000000000000000000 0.08205660760610268556
0.00000000000000000000 0.08206508172326398842
0.00000000000000000000 0.08292586608295304806
0.00000000000000000000 0.08308166427805245557
0.00000000000000000000 0.08311373083713065324
0.00000000000000000000 0.08323130610007803409
0.00000000000000000000 0.08434175887372301339
0.00000000000000000000 0.08447524235521088054
0.00000000000000000000 0.08453577969863838859
0.00000000000000000000 0.08456548090766421999
0.00000000000000000000 0.08462130256930253114
0.00000000000000000000 0.08523771763467072327
0.00000000000000000000 0.08547262429764392044
0.00000000000000000000 0.08569555668729958442
0.00000000000000000000 0.08590320803960287133
0.00000000000000000000 0.08602087579098514902
0.00000000000000000000 0.08610326377263130548
0.00000000000000000000 0.08617725180805244078
0.00000000000000000000 0.08634571924108185026
0.00000000000000000000 0.08634699195967276975
0.00000000000000000000 0.08650547208640425867
0.00000000000000000000 0.08668257085478907331
0.00000000000000000000 0.08668439231977637105
0.00000000000000000000 0.08669962497928962453
0.00000000000000000000 0.08672438684902832040
0.00000000000000000000 0.08677030506875585414
0.00000000000000000000 0.08718175835029039200
0.00000000000000000000 0.08720963508670233344
0.00000000000000000000 0.08724500761719865272
0.00000000000000000000 0.08736152306416632152
0.00000000000000000000 0.08739742455127151588
0.00000000000000000000 0.08747910206738546135
0.00000000000000000000 0.08760030545288483017
0.00000000000000000000 0.08766142640777302431
0.00000000000000000000 0.08771429002353887949
0.00000000000000000000 0.08791370756397672015
0.00000000000000000000 0.08794919103682904971
0.00000000000000000000 0.08795340350337801927
0.00000000000000000000 0.08799169983546797913
0.00000000000000000000 0.08807584097559344183
0.00000000000000000000 0.08832267883289081356
0.00000000000000000000 0.08844396126315348661
0.00000000000000000000 0.08884207787922700217
0.00000000000000000000 0.08919256706874119367
0.00000000000000000000 0.08927257695807354343
0.00000000000000000000 0.08935159488306916586
0.00000000000000000000 0.08955672185295737719
0.00000000000000000000 0.08985169347281914132
0.00000000000000000000 0.09016173381368636219
0.00000000000000000000 0.09019651869075293038
0.00000000000000000000 0.09024784084338768886
0.00000000000000000000 0.09043239718545803552
0.00000000000000000000 0.09052258132628737686
0.00000000000000000000 0.09053786284110852678
0.00000000000000000000 0.09061837202994256490
0.00000000000000000000 0.09081501387025632532
0.00000000000000000000 0.09149864604252860856
0.00000000000000000000 0.09156805569110564036
0.00000000000000000000 0.09176317108151141322
0.00000000000000000000 0.09216348608152218069
0.00000000000000000000 0.09232314592765629435
0.00000000000000000000 0.09238129443532380747
0.00000000000000000000 0.09255616807859205764
0.00000000000000000000 0.09276655680192805176
0.00000000000000000000 0.09277798782633264740
0.00000000000000000000 0.09284021613286730368
0.00000000000000000000 0.09306148883330445098
0.00000000000000000000 0.09348468712492009891
0.00000000000000000000 0.09372607623927917131
0.00000000000000000000 0.09373606618238689014
0.00000000000000000000 0.09381477456238562773
0.00000000000000000000 0.09385201579037553976
0.00000000000000000000 0.09407208535131990346
0.00000000000000000000 0.09416481386225346306
0.00000000000000000000 0.09431344362866402042
0.00000000000000000000 0.09432004390711219710
0.00000000000000000000 0.09435591810243053323
0.00000000000000000000 0.09439400873200366748
0.00000000000000000000 0.09443103776869686550
0.00000000000000000000 0.09452583972501633902
0.00000000000000000000 0.09459901923222756304
0.00000000000000000000 0.09466496610589972271
0.00000000000000000000 0.09475126805971034738
0.00000000000000000000 0.09491237750446972210
0.00000000000000000000 0.09537939706169210052
0.00000000000000000000 0.09564449564017460381
0.00000000000000000000 0.09585617788052951116
0.00000000000000000000 0.09586337656695961829
0.00000000000000000000 0.09597309880247041625
0.00000000000000000000 0.09609171092672140480
0.00000000000000000000 0.09626543783283045275
0.00000000000000000000 0.09630164259478415922
0.00000000000000000000 0.09630459742828118008
0.00000000000000000000 0.09632625783273983389
0.00000000000000000000 0.09682916676180047810
0.00000000000000000000 0.09687254586409885238
0.00000000000000000000 0.09696902869158294247
0.00000000000000000000 0.09704364510964970381
0.00000000000000000000 0.09709794053380710332
0.00000000000000000000 0.09732365331447676016
0.00000000000000000000 0.09741810425473017288
0.00000000000000000000 0.09749056332427837035
0.00000000000000000000 0.09766902236443310292
0.00000000000000000000 0.09806609143867085765
0.00000000000000000000 0.09813106888734852984
0.00000000000000000000 0.09862889597770496675
0.00000000000000000000 0.09873364179018104259
0.00000000000000000000 0.09901916227902798906
0.00000000000000000000 0.09902977269331121601
0.00000000000000000000 0.09903208873530203182
0.00000000000000000000 0.09977529439730313532
0.00000000000000000000 0.09996256654061787261
0.00000000000000000000 0.10028435817588579604
0.00000000000000000000 0.10028679538199948562
0.00000000000000000000 0.10034598458498257545
0.00000000000000000000 0.10037742900835733284
0.00000000000000000000 0.10098551980641834458
0.00000000000000000000 0.10112544019862222677
0.00000000000000000000 0.10120345090596481741
0.00000000000000000000 0.10123415589439208051
0.00000000000000000000 0.10126584581597752877
0.00000000000000000000 0.10131844711011071813
0.00000000000000000000 0.10134643536236705164
0.00000000000000000000 0.10149255548095952040
0.00000000000000000000 0.10174034077395716080
0.00000000000000000000 0.10187250392779415020
0.00000000000000000000 0.10204670298425597141
0.00000000000000000000 0.10228451590319757869
0.00000000000000000000 0.10246049163600438880
0.00000000000000000000 0.10293880619549172772
0.00000000000000000000 0.10298109999827928518
0.00000000000000000000 0.10300161024988570280
0.00000000000000000000 0.10306895643342964264
0.00000000000000000000 0.10349895722643374929
0.00000000000000000000 0.10364759131198722497
0.00000000000000000000 0.10381135066251910570
0.00000000000000000000 0.10440325559456195559
0.00000000000000000000 0.10454526468600348899
0.00000000000000000000 0.10457442494911735331
0.00000000000000000000 0.10471101125196026482
0.00000000000000000000 0.10501750473771820360
0.00000000000000000000 0.10526612695239437323
0.00000000000000000000 0.10554626497565855470
0.00000000000000000000 0.10575591884957945277
0.00000000000000000000 0.10613743783208624827
0.00000000000000000000 0.10662676663049108772
0.00000000000000000000 0.10701011021306269799
0.00000000000000000000 0.10702177913603981574
0.00000000000000000000 0.10740941082325379530
0.00000000000000000000 0.10741812755819772629
0.00000000000000000000 0.10753578965582569205
0.00000000000000000000 0.10762609561303154715
0.00000000000000000000 0.10774209040491383726
0.00000000000000000000 0.10774318599597416946
0.00000000000000000000 0.10778446211082913508
0.00000000000000000000 0.10785356270076625063
0.00000000000000000000 0.10843732053313720476
0.00000000000000000000 0.10873857984849537306
0.00000000000000000000 0.10948421136992009250
0.00000000000000000000 0.10958696907598593218
0.00000000000000000000 0.10965840968435154601
0.00000000000000000000 0.10970830758663022153
0.00000000000000000000 0.11017918471440564521
0.00000000000000000000 0.11041043711224171608
0.00000000000000000000 0.11076008706169841733
0.00000000000000000000 0.11097904998181183645
0.00000000000000000000 0.11103418128051305291
0.00000000000000000000 0.11117045637353531462
0.00000000000000000000 0.11156263022712654964
0.00000000000000000000 0.11181226541441528777
0.00000000000000000000 0.11191077034133692369
0.00000000000000000000 0.11195130336396864890
0.00000000000000000000 0.11223959261349640559
0.00000000000000000000 0.11235932448013360996
0.00000000000000000000 0.11296129843461351350
0.00000000000000000000 0.11305362765999865671
0.00000000000000000000 0.11332609247971310584
0.00000000000000000000 0.11334979219701363240
0.00000000000000000000 0.11365011721609186157
0.00000000000000000000 0.11386201821949508417
0.00000000000000000000 0.11386585964939351101
0.00000000000000000000 0.11389643588985827460
0.00000000000000000000 0.11419321592320688663
0.00000000000000000000 0.11428024768616909523
0.00000000000000000000 0.11443095946614949276
0.00000000000000000000 0.11457000880888533467
0.00000000000000000000 0.11526382472163589077
0.00000000000000000000 0.11528605868675109725
0.00000000000000000000 0.11540622992595410412
0.00000000000000000000 0.11560795695132231042
0.00000000000000000000 0.11570390169234351374
0.00000000000000000000 0.11580861638424977400
0.00000000000000000000 0.11598632970614550231
0.00000000000000000000 0.11606984564220493295
0.00000000000000000000 0.11617293238943522671
0.00000000000000000000 0.11684822020754327687
0.00000000000000000000 0.11724389142659301377
0.00000000000000000000 0.11736438968828723228
0.00000000000000000000 0.11743639670817213050
0.00000000000000000000 0.11789008230999387106
0.00000000000000000000 0.11818542784448088367
0.00000000000000000000 0.11843359317331292324
0.00000000000000000000 0.11846382641086179721
0.00000000000000000000 0.11848833947874687356
0.00000000000000000000 0.11863362142999943349
0.00000000000000000000 0.11865770988970579525
0.00000000000000000000 0.11895567416652325088
0.00000000000000000000 0.11903246091207879409
0.00000000000000000000 0.12056104440282305879
0.00000000000000000000 0.12086080040306559913
0.00000000000000000000 0.12115192472073005314
0.00000000000000000000 0.12132211084718669269
0.00000000000000000000 0.12133301345170086072
0.00000000000000000000 0.12143282979067245020
0.00000000000000000000 0.12150761465936989192
0.00000000000000000000 0.12252949325080356169
0.00000000000000000000 0.12308544785740599403
0.00000000000000000000 0.12311072863165922753
0.00000000000000000000 0.12356101991211838886
0.00000000000000000000 0.12386099459880461904
0.00000000000000000000 0.12412129634620081009
0.00000000000000000000 0.12460090677870029607
0.00000000000000000000 0.12504060615535089740
0.00000000000000000000 0.12504647733060600401
0.00000000000000000000 0.12513769135516766839
0.00000000000000000000 0.12582987357407868223
0.00000000000000000000 0.12695973678057012601
0.00000000000000000000 0.12707366818972207212
0.00000000000000000000 0.12730619222739630869
0.00000000000000000000 0.12838957924631994034
0.00000000000000000000 0.12861609018760863932
0.00000000000000000000 0.12877897420620551538
0.00000000000000000000 0.12898041226944328974
0.00000000000000000000 0.12981238250289697800
0.00000000000000000000 0.13082935165391082477
0.00000000000000000000 0.13149084112070719144
0.00000000000000000000 0.13230509400489393057
0.00000000000000000000 0.13234545157320412589
0.00000000000000000000 0.13247162072893514662
0.00000000000000000000 0.13309009444495570329
0.00000000000000000000 0.13329102651859825457
0.00000000000000000000 0.13335853393089025509
0.00000000000000000000 0.13387878053266402678
0.00000000000000000000 0.13417746417091355737
0.00000000000000000000 0.13449271047798541656
0.00000000000000000000 0.13481465930039926437
0.00000000000000000000 0.13727105535397829406
0.00000000000000000000 0.13783502067161890192
0.00000000000000000000 0.13963206655449061921
0.00000000000000000000 0.14015805239054726639
0.00000000000000000000 0.14099120591431835159
0.00000000000000000000 0.14487212295488199887
0.00000000000000000000 0.14574870659395250394
0.00000000000000000000 0.14989893524924041701
0.00000000000000000000 0.15016866193452088618
0.00000000000000000000 0.15115655243288408927
0.00000000000000000000 0.15119834873738960401
0.00000000000000000000 0.15206873452662381108
0.00000000000000000000 0.15307989568624946752
0.00000000000000000000 0.15406934760825047315
0.00000000000000000000 0.15475756624528835825
0.00000000000000000000 0.15594461147895599673
0.00000000000000000000 0.15761259529032894955
0.00000000000000000000 0.15815706769392506859
0.00000000000000000000 0.15918882935688510871
0.00000000000000000000 0.15973876906837958245
0.00000000000000000000 0.16010356360721925140
0.00000000000000000000 0.16637105927521556037
0.00000000000000000000 0.16863418279096914487
0.00000000000000000000 0.17289122109718541020
0.00000000000000000000 0.18508782463787096240
0.00000000000000000000 0.18683639461625475842
0.00000000000000000000 0.19432685662703905183
0.00000000000000000000 0.19643613795561024049
0.00000000000000000000 0.19699385649262085574
0.00000000000000000000 0.20629188610954454774
0.00000000000000000000 1.73205080756887719318
