0.00000000000000000000 0.00120120859028992441
0.00000000000000000000 0.00125843759985338642
0.00000000000000000000 0.00167498106876423658
0.00000000000000000000 0.00232748896579468897
0.00000000000000000000 0.00246013853882329301
0.00000000000000000000 0.00274688936564173236
0.00000000000000000000 0.00305468484887312869
0.00000000000000000000 0.00307676402821081352
0.00000000000000000000 0.00323702777891373902
0.00000000000000000000 0.00343305897030738881
0.00000000000000000000 0.00375039898383464467
0.00000000000000000000 0.00396937884232225011
0.00000000000000000000 0.00418117520668553726
0.00000000000000000000 0.00427223197987091578
0.00000000000000000000 0.00440791056296435495
0.00000000000000000000 0.00452826985910113194
0.00000000000000000000 0.00471776726558545238
0.00000000000000000000 0.00472938775061319643
0.00000000000000000000 0.00480258371048031870
0.00000000000000000000 0.00483133087929710995
0.00000000000000000000 0.00526789720975621208
0.00000000000000000000 0.00571450571862375939
0.00000000000000000000 0.00579682505495927695
0.00000000000000000000 0.00616087080903758924
0.00000000000000000000 0.00622425896499049711
0.00000000000000000000 0.00634769256279438254
0.00000000000000000000 0.00650620469268993820
0.00000000000000000000 0.00653099483135373502
0.00000000000000000000 0.00679021416957395225
0.00000000000000000000 0.00679643187122776129
0.00000000000000000000 0.00680383047172520693
0.00000000000000000000 0.00682409289946471227
0.00000000000000000000 0.00683150852794372956
0.00000000000000000000 0.00695889735127622200
0.00000000000000000000 0.00708147694051195539
0.00000000000000000000 0.00717633361766315415
0.00000000000000000000 0.00725014035444463550
0.00000000000000000000 0.00757895398618315796
0.00000000000000000000 0.00761169747614226337
0.00000000000000000000 0.00766735010465106372
0.00000000000000000000 0.00773702410435386269
0.00000000000000000000 0.00777006939425248580
0.00000000000000000000 0.00786819190199643248
0.00000000000000000000 0.00788115156140893787
0.00000000000000000000 0.00828651128832894913
0.00000000000000000000 0.00842179024195329959
0.00000000000000000000 0.00846306409148781663
0.00000000000000000000 0.00857606886905925778
0.00000000000000000000 0.00887792300332835779
0.00000000000000000000 0.00894529956025147226
0.00000000000000000000 0.00901356115581080156
0.00000000000000000000 0.00904312682225012418
0.00000000000000000000 0.00905476290911442008
0.00000000000000000000 0.00907413212296633541
0.00000000000000000000 0.00911287522395319918
0.00000000000000000000 0.00922606117346393140
0.00000000000000000000 0.00930714035411821412
0.00000000000000000000 0.00935612542483564395
0.00000000000000000000 0.00939299222794046096
0.00000000000000000000 0.00939787893874837778
0.00000000000000000000 0.00947152812339963068
0.00000000000000000000 0.00966521458754714818
0.00000000000000000000 0.00966567707806558277
0.00000000000000000000 0.00971898541874141424
0.00000000000000000000 0.00976724530448781249
0.00000000000000000000 0.00982203211574041689
0.00000000000000000000 0.00998710150749647363
0.00000000000000000000 0.01001802887632818884
0.00000000000000000000 0.01014023195802029632
0.00000000000000000000 0.01025402781503332271
0.00000000000000000000 0.01026345125882342606
0.00000000000000000000 0.01032817553034266062
0.00000000000000000000 0.01039472422902841357
0.00000000000000000000 0.01040485443134347640
0.00000000000000000000 0.01042339753055373901
0.00000000000000000000 0.01049911603162176701
0.00000000000000000000 0.01053524728786031997
0.00000000000000000000 0.01061517503874586689
0.00000000000000000000 0.01068417683287372147
0.00000000000000000000 0.01081384594606427281
0.00000000000000000000 0.01085130022640649373
0.00000000000000000000 0.01089580549993989303
0.00000000000000000000 0.01091607839471665786
0.00000000000000000000 0.01100178271045022284
0.00000000000000000000 0.01103934484270708422
0.00000000000000000000 0.01107150977746241237
0.00000000000000000000 0.01111817862064740960
0.00000000000000000000 0.01134321303391986648
0.00000000000000000000 0.01134953751940604577
0.00000000000000000000 0.01146554444779064943
0.00000000000000000000 0.01155665285170215037
0.00000000000000000000 0.01157900348074161409
0.00000000000000000000 0.01157940164369321637
0.00000000000000000000 0.01158173768342588700
0.00000000000000000000 0.01171026981358101911
0.00000000000000000000 0.01185519585734552163
0.00000000000000000000 0.01187278351066603684
0.00000000000000000000 0.01193013381999510902
0.00000000000000000000 0.01196385999412554607
0.00000000000000000000 0.01199661848086031567
0.00000000000000000000 0.01218030360085858334
0.00000000000000000000 0.01218697333069512258
0.00000000000000000000 0.01224595152135641608
0.00000000000000000000 0.01225931779105523915
0.00000000000000000000 0.01228073814864753290
0.00000000000000000000 0.01228995824585678298
0.00000000000000000000 0.01229896213139531139
0.00000000000000000000 0.01232571396542672150
0.00000000000000000000 0.01233193700490625884
0.00000000000000000000 0.01239380951102789924
0.00000000000000000000 0.01240559267656786077
0.00000000000000000000 0.01245370298772857133
0.00000000000000000000 0.01258018093218874617
0.00000000000000000000 0.01259334547512923688
0.00000000000000000000 0.01259623336789427589
0.00000000000000000000 0.01267316548315131769
0.00000000000000000000 0.01268876734032209873
0.00000000000000000000 0.01280054394565441518
0.00000000000000000000 0.01284422683727852801
0.00000000000000000000 0.01318983763228669288
0.00000000000000000000 0.01320257067758547238
0.00000000000000000000 0.01322655509398402637
0.00000000000000000000 0.01327093999935643510
0.00000000000000000000 0.01337398741100841691
0.00000000000000000000 0.01341414693900176529
0.00000000000000000000 0.01345142973927241498
0.00000000000000000000 0.01353303936693826294
0.00000000000000000000 0.01354288948466520620
0.00000000000000000000 0.01359594649148284685
0.00000000000000000000 0.01360585513529063810
0.00000000000000000000 0.01361602010900487408
0.00000000000000000000 0.01363786759852551878
0.00000000000000000000 0.01372616313982789188
0.00000000000000000000 0.01377705181733878022
0.00000000000000000000 0.01386807164396098267
0.00000000000000000000 0.01388428306224820385
0.00000000000000000000 0.01391383053511692502
0.00000000000000000000 0.01392043354500606053
0.00000000000000000000 0.01395129150892413308
0.00000000000000000000 0.01395188579588103883
0.00000000000000000000 0.01405193374343270685
0.00000000000000000000 0.01409308557649788934
0.00000000000000000000 0.01417786301087708284
0.00000000000000000000 0.01423799403967249307
0.00000000000000000000 0.01424861801785560697
0.00000000000000000000 0.01427641874484388007
0.00000000000000000000 0.01440222024412694986
0.00000000000000000000 0.01477147547256006839
0.00000000000000000000 0.01483006423419422695
0.00000000000000000000 0.01498689550286256243
0.00000000000000000000 0.01527096247122681529
0.00000000000000000000 0.01530303650841680248
0.00000000000000000000 0.01531758183094364748
0.00000000000000000000 0.01532026601591047164
0.00000000000000000000 0.01535638138234459923
0.00000000000000000000 0.01539306117266886140
0.00000000000000000000 0.01546026089200641142
0.00000000000000000000 0.01546947984051715019
0.00000000000000000000 0.01550544140489634910
0.00000000000000000000 0.01563964521413255607
0.00000000000000000000 0.01564723697335544325
0.00000000000000000000 0.01579209158502913046
0.00000000000000000000 0.01583368238427582814
0.00000000000000000000 0.01587526964007992397
0.00000000000000000000 0.01591549292718525549
0.00000000000000000000 0.01593340734958831675
0.00000000000000000000 0.01593780054222615136
0.00000000000000000000 0.01608434416926739219
0.00000000000000000000 0.01625413275796043500
0.00000000000000000000 0.01626755544812534190
0.00000000000000000000 0.01630608278707047776
0.00000000000000000000 0.01636379261863930151
0.00000000000000000000 0.01641691653635124828
0.00000000000000000000 0.01659174931828773930
0.00000000000000000000 0.01668328433933358862
0.00000000000000000000 0.01669721935634278787
0.00000000000000000000 0.01681364267387108064
0.00000000000000000000 0.01688045093034777622
0.00000000000000000000 0.01715439977937694219
0.00000000000000000000 0.01717977284330460611
0.00000000000000000000 0.01723655090002580367
0.00000000000000000000 0.01729852301257793837
0.00000000000000000000 0.01731676477735956746
0.00000000000000000000 0.01743835679993116852
0.00000000000000000000 0.01745959277301864163
0.00000000000000000000 0.01749568980917517308
0.00000000000000000000 0.01767705757630250868
0.00000000000000000000 0.01770409101320869275
0.00000000000000000000 0.01774583050036544069
0.00000000000000000000 0.01775661105716618698
0.00000000000000000000 0.01791553726876514777
0.00000000000000000000 0.01805504971793568322
0.00000000000000000000 0.01811125838354665438
0.00000000000000000000 0.01814653092739344428
0.00000000000000000000 0.01816728518940266199
0.00000000000000000000 0.01818302914527610697
0.00000000000000000000 0.01820322928220086817
0.00000000000000000000 0.01826354982081464240
0.00000000000000000000 0.01830128651247755339
0.00000000000000000000 0.01855100712136870805
0.00000000000000000000 0.01859852046583807678
0.00000000000000000000 0.01865759401124816516
0.00000000000000000000 0.01866402835751106506
0.00000000000000000000 0.01876674689520275302
0.00000000000000000000 0.01879524987557673957
0.00000000000000000000 0.01903361270372201999
0.00000000000000000000 0.01907126437222278828
0.00000000000000000000 0.01907889769489620399
0.00000000000000000000 0.01910395611773118424
0.00000000000000000000 0.01910963141748917710
0.00000000000000000000 0.01914139663958618412
0.00000000000000000000 0.01923623518383986430
0.00000000000000000000 0.01934308548527889984
0.00000000000000000000 0.01935694017427696048
0.00000000000000000000 0.01940088834069148352
0.00000000000000000000 0.01941498105486279269
0.00000000000000000000 0.01943672863173396062
0.00000000000000000000 0.01955214966914195496
0.00000000000000000000 0.01985291072345604299
0.00000000000000000000 0.01990557977407247589
0.00000000000000000000 0.01991410448332539551
0.00000000000000000000 0.01993809253970571516
0.00000000000000000000 0.02008376714301890811
0.00000000000000000000 0.02011555292377783383
0.00000000000000000000 0.02020291040939663565
0.00000000000000000000 0.02020793167664211923
0.00000000000000000000 0.02021831877272489350
0.00000000000000000000 0.02024180971242014668
0.00000000000000000000 0.02029008572002642327
0.00000000000000000000 0.02050072892958546000
0.00000000000000000000 0.02056145308702231680
0.00000000000000000000 0.02060460792778920358
0.00000000000000000000 0.02060477464569362982
0.00000000000000000000 0.02070186650029110301
0.00000000000000000000 0.02072622514324994406
0.00000000000000000000 0.02076677942845136723
0.00000000000000000000 0.02085421299976897985
0.00000000000000000000 0.02086931143427600555
0.00000000000000000000 0.02093973976426297123
0.00000000000000000000 0.02098019968525440329
0.00000000000000000000 0.02101433784503038346
0.00000000000000000000 0.02104607195908369047
0.00000000000000000000 0.02120500408797911310
0.00000000000000000000 0.02142326201525035848
0.00000000000000000000 0.02143457209679135861
0.00000000000000000000 0.02144052915178037977
0.00000000000000000000 0.02144382424940717569
0.00000000000000000000 0.02158234194774787465
0.00000000000000000000 0.02160317988256931290
0.00000000000000000000 0.02164818282185166157
0.00000000000000000000 0.02166833074714266325
0.00000000000000000000 0.02168300282776386423
0.00000000000000000000 0.02169883790768456153
0.00000000000000000000 0.02174311966807216875
0.00000000000000000000 0.02181048311545593157
0.00000000000000000000 0.02181748786610897273
0.00000000000000000000 0.02185507771596266469
0.00000000000000000000 0.02186953847662119130
0.00000000000000000000 0.02198127673507324284
0.00000000000000000000 0.02200929990934703470
0.00000000000000000000 0.02204012655195430881
0.00000000000000000000 0.02207435960000429798
0.00000000000000000000 0.02208107994445337660
0.00000000000000000000 0.02211493072014788022
0.00000000000000000000 0.02213349972234533378
0.00000000000000000000 0.02215319780979392930
0.00000000000000000000 0.02215616710292581809
0.00000000000000000000 0.02223326980949219545
0.00000000000000000000 0.02225116236569545103
0.00000000000000000000 0.02238493074249574277
0.00000000000000000000 0.02246473964020953562
0.00000000000000000000 0.02254776645906480387
0.00000000000000000000 0.02256053942768099577
0.00000000000000000000 0.02264131222338712154
0.00000000000000000000 0.02269740544834173562
0.00000000000000000000 0.02275412625403365474
0.00000000000000000000 0.02285383656859892032
0.00000000000000000000 0.02288112968680901249
0.00000000000000000000 0.02290022357626251420
0.00000000000000000000 0.02291852445225527404
0.00000000000000000000 0.02296693566501066194
0.00000000000000000000 0.02299584597924445029
0.00000000000000000000 0.02300233317975805547
0.00000000000000000000 0.02303179540023612970
0.00000000000000000000 0.02323777551174540518
0.00000000000000000000 0.02327302719116655996
0.00000000000000000000 0.02339273501880506645
0.00000000000000000000 0.02340939893420625889
0.00000000000000000000 0.02350103818566263644
0.00000000000000000000 0.02359347073153810273
0.00000000000000000000 0.02410802393007473177
0.00000000000000000000 0.02417924204028528909
0.00000000000000000000 0.02421799209501934377
0.00000000000000000000 0.02429208933509949611
0.00000000000000000000 0.02431661518373056177
0.00000000000000000000 0.02432395683446121962
0.00000000000000000000 0.02435429206403041599
0.00000000000000000000 0.02439640124453807540
0.00000000000000000000 0.02445459333370745419
0.00000000000000000000 0.02462505535135443499
0.00000000000000000000 0.02468746184833855994
0.00000000000000000000 0.02477451945150696555
0.00000000000000000000 0.02492646735876347108
0.00000000000000000000 0.02493270428128387117
0.00000000000000000000 0.02496961177012283276
0.00000000000000000000 0.02498307205557491473
0.00000000000000000000 0.02501462225761265368
0.00000000000000000000 0.02505529121853266108
0.00000000000000000000 0.02516520330231140218
0.00000000000000000000 0.02523204360217159645
0.00000000000000000000 0.02524638684190898263
0.00000000000000000000 0.02525369803439913782
0.00000000000000000000 0.02528286457969896109
0.00000000000000000000 0.02529695809896180536
0.00000000000000000000 0.02531966121401538899
0.00000000000000000000 0.02536193877627196044
0.00000000000000000000 0.02551991765758229030
0.00000000000000000000 0.02552618028432229041
0.00000000000000000000 0.02567056033750120606
0.00000000000000000000 0.02575551749306417837
0.00000000000000000000 0.02576344636553030629
0.00000000000000000000 0.02579338252939547202
0.00000000000000000000 0.02580427622385165001
0.00000000000000000000 0.02586562544170284764
0.00000000000000000000 0.02588770307426691009
0.00000000000000000000 0.02601020927153145992
0.00000000000000000000 0.02602597120836960473
0.00000000000000000000 0.02608456921262763267
0.00000000000000000000 0.02613080269768531042
0.00000000000000000000 0.02616095923545485799
0.00000000000000000000 0.02619902126620318045
0.00000000000000000000 0.02621154250799932750
0.00000000000000000000 0.02622972961630314417
0.00000000000000000000 0.02626430551333328728
0.00000000000000000000 0.02629810890897742864
0.00000000000000000000 0.02645007700342345489
0.00000000000000000000 0.02653885429239535160
0.00000000000000000000 0.02654378770150813555
0.00000000000000000000 0.02666750740916496928
0.00000000000000000000 0.02667413285330243189
0.00000000000000000000 0.02671346791441659915
0.00000000000000000000 0.02677369165478214394
0.00000000000000000000 0.02715549435760284888
0.00000000000000000000 0.02718486328686056316
0.00000000000000000000 0.02721186132754887729
0.00000000000000000000 0.02721763990816357393
0.00000000000000000000 0.02727117367472685003
0.00000000000000000000 0.02729181565727431188
0.00000000000000000000 0.02735650208783825532
0.00000000000000000000 0.02744594717132354394
0.00000000000000000000 0.02745154497631792020
0.00000000000000000000 0.02757090185509615890
0.00000000000000000000 0.02761802434673121115
0.00000000000000000000 0.02776238010069110793
0.00000000000000000000 0.02776609474502455058
0.00000000000000000000 0.02786150743143733094
0.00000000000000000000 0.02795642712792101650
0.00000000000000000000 0.02796253954301654993
0.00000000000000000000 0.02811799171351089116
0.00000000000000000000 0.02812542099476533081
0.00000000000000000000 0.02829669349635464612
0.00000000000000000000 0.02846548218229582802
0.00000000000000000000 0.02862020186690095169
0.00000000000000000000 0.02863294956565333449
0.00000000000000000000 0.02878182414319925553
0.00000000000000000000 0.02878212007929878413
0.00000000000000000000 0.02878346831906109307
0.00000000000000000000 0.02886051538309991962
0.00000000000000000000 0.02886169968151461665
0.00000000000000000000 0.02903504774576771627
0.00000000000000000000 0.02904376921646663334
0.00000000000000000000 0.02917144314310691350
0.00000000000000000000 0.02932756143858528813
0.00000000000000000000 0.02948558767889185653
0.00000000000000000000 0.02948934926323853317
0.00000000000000000000 0.02962472364514724329
0.00000000000000000000 0.02963167936367136143
0.00000000000000000000 0.02971189318678457703
0.00000000000000000000 0.02995070941026931055
0.00000000000000000000 0.02998751862911049407
0.00000000000000000000 0.03009238094409444342
0.00000000000000000000 0.03018229644255245731
0.00000000000000000000 0.03038922065828109781
0.00000000000000000000 0.03044401966012181063
0.00000000000000000000 0.03046355772975084877
0.00000000000000000000 0.03053518740425406608
0.00000000000000000000 0.03103124244398952625
0.00000000000000000000 0.03116278905902832366
0.00000000000000000000 0.03122801911457706234
0.00000000000000000000 0.03124242757541396617
0.00000000000000000000 0.03145810402969191621
0.00000000000000000000 0.03155115764762229935
0.00000000000000000000 0.03156379892804959952
0.00000000000000000000 0.03160441134945490144
0.00000000000000000000 0.03166076278374583414
0.00000000000000000000 0.03178464401793848482
0.00000000000000000000 0.03181900794658074766
0.00000000000000000000 0.03183253081547667007
0.00000000000000000000 0.03184577022051284650
0.00000000000000000000 0.03209471954122844473
0.00000000000000000000 0.03210037222341196456
0.00000000000000000000 0.03212348103875629912
0.00000000000000000000 0.03214368549075023729
0.00000000000000000000 0.03221426871652018770
0.00000000000000000000 0.03239003652470897471
0.00000000000000000000 0.03242322335613239542
0.00000000000000000000 0.03247902593494483847
0.00000000000000000000 0.03285490771321100678
0.00000000000000000000 0.03294477652532379341
0.00000000000000000000 0.03295751457532308804
0.00000000000000000000 0.03303405065910906824
0.00000000000000000000 0.03309878506138894116
0.00000000000000000000 0.03323965357443811608
0.00000000000000000000 0.03350050219918185301
0.00000000000000000000 0.03352548927882698787
0.00000000000000000000 0.03379146015887021098
0.00000000000000000000 0.03394190171656667754
0.00000000000000000000 0.03401015658337285669
0.00000000000000000000 0.03409439212605617359
0.00000000000000000000 0.03434825599767659526
0.00000000000000000000 0.03439329833575188733
0.00000000000000000000 0.03442422248696703352
0.00000000000000000000 0.03447673203529434682
0.00000000000000000000 0.03460629127001071254
0.00000000000000000000 0.03468080665755600422
0.00000000000000000000 0.03489554163748462279
0.00000000000000000000 0.03513542310012469916
0.00000000000000000000 0.03516394355859433357
0.00000000000000000000 0.03528064002094035562
0.00000000000000000000 0.03529411993075977361
0.00000000000000000000 0.03530674599207688641
0.00000000000000000000 0.03539831963283470578
0.00000000000000000000 0.03564537841134167440
0.00000000000000000000 0.03570298581329103826
0.00000000000000000000 0.03590164655332454130
0.00000000000000000000 0.03600054639290995590
0.00000000000000000000 0.03617641030372022865
0.00000000000000000000 0.03662421259648231814
0.00000000000000000000 0.03667327071345054257
0.00000000000000000000 0.03699862421300708498
0.00000000000000000000 0.03716348208113710166
0.00000000000000000000 0.03732107221548449510
0.00000000000000000000 0.03737672222962833135
0.00000000000000000000 0.03754440122773401722
0.00000000000000000000 0.03760763504399405183
0.00000000000000000000 0.03764885149186348451
0.00000000000000000000 0.03766060902935586263
0.00000000000000000000 0.03776756778416243826
0.00000000000000000000 0.03803278659964037106
0.00000000000000000000 0.03806587898437544665
0.00000000000000000000 0.03807860755532128938
0.00000000000000000000 0.03814299938877183799
0.00000000000000000000 0.03825483649888407334
0.00000000000000000000 0.03840448664648877380
0.00000000000000000000 0.03861154193302345633
0.00000000000000000000 0.03884257751008218795
0.00000000000000000000 0.03886470390425698224
0.00000000000000000000 0.03899793864138376837
0.00000000000000000000 0.03903613891001096736
0.00000000000000000000 0.03915585419234575426
0.00000000000000000000 0.03918673897855024651
0.00000000000000000000 0.03925803003242328559
0.00000000000000000000 0.03944926667446999741
0.00000000000000000000 0.03966327337516632745
0.00000000000000000000 0.03982990933834845704
0.00000000000000000000 0.03988413530194672568
0.00000000000000000000 0.04032793530252377912
0.00000000000000000000 0.04041149982175198246
0.00000000000000000000 0.04132161801628408265
0.00000000000000000000 0.04213394573442461738
0.00000000000000000000 0.04214760809141227665
0.00000000000000000000 0.04237722621662577682
0.00000000000000000000 0.04287954411264911087
0.00000000000000000000 0.04312222930257789827
0.00000000000000000000 0.04312761737733004225
0.00000000000000000000 0.04375910721100657180
0.00000000000000000000 0.04400329450606215581
0.00000000000000000000 0.04400481307339938059
0.00000000000000000000 0.04485920713890961808
0.00000000000000000000 0.04577649812356487241
0.00000000000000000000 0.04627923840707343084
0.00000000000000000000 0.04642519221632328968
0.00000000000000000000 0.04677283098502695718
0.00000000000000000000 0.04727348097107247210
0.00000000000000000000 0.04754585599107852278
0.00000000000000000000 0.04913026311704089821
0.00000000000000000000 0.04940564866402169519
0.00000000000000000000 0.04949701932267712434
0.00000000000000000000 0.04987553466475194014
0.00000000000000000000 0.05000255636054228708
0.00000000000000000000 0.05005463296049959820
0.00000000000000000000 0.05427447179581158104
0.00000000000000000000 0.05674377204583344603
0.00000000000000000000 0.05781926430202059819
0.00000000000000000000 0.05929354227929985177
0.00000000000000000000 0.06562050983476169774
0.00000000000000000000 0.07442575581134504292
0.00000000000000000000 0.07473146148685762269
0.00000000000000000000 0.09634666022587563827
0.00000000000000000000 1.73205080756887719318
