0.03191845329560454025 0.03195898262179679844
0.03201480289338804602 0.03235330501682752435
0.03523685748311343457 0.03570964805172377465
0.03519065803952662469 0.03662479978988385232
0.03052250559730605717 0.03943591832295970101
0.04083788647639208236 0.04119464901290745273
0.03674840299462506232 0.04190037465704897490
0.03437899264343577399 0.04250588475672970740
0.04333414534236192800 0.04373027715906618179
0.04084701119613041304 0.04380922221483552620
0.04396800563043168353 0.04406159770966030370
0.04487236430875934934 0.04573414083989318923
0.04143791501767176561 0.04575536809847349784
0.04452951504152503903 0.04663118092273272480
0.04406623482414180615 0.04664048616169681749
0.04343505019501107955 0.04910750329982164347
0.04883458895704557295 0.04994647925918351689
0.05058411113462602665 0.05105203359644117089
0.04911042923660791093 0.05236930050965495770
0.04639702416056969841 0.05273350401412858074
0.04424841140929051952 0.05331364342203145229
0.04376707306753487708 0.05538429711414767642
0.04535419578289225789 0.05573295112667706053
0.05465516635870880380 0.05746578127802906555
0.05484328973811487817 0.05762764672384521059
0.04540667699987360056 0.05782986379571609242
0.05455642376147167016 0.05891775661697401523
0.05911355342644886851 0.05926870142735476965
0.05638891185586204086 0.05969719498096461019
0.05720166790718424210 0.05983928488688707720
0.05429375650485660648 0.05990492907522951965
0.04686634194145610638 0.05994788931991686110
0.05627258441974422598 0.06010025771128298111
0.05771635658274464759 0.06152041496040037277
0.04748888472337046279 0.06195774635583916473
0.06085522891598301592 0.06213222990583603528
0.05282346331765546549 0.06248368281015312387
0.06039839559349726578 0.06341029916838318570
0.05929364647714825687 0.06389617246843787290
0.04617816473038110353 0.06460866055687675136
0.06142877689978311351 0.06489839667473454310
0.04340343875989154110 0.06570668249485696333
0.06305562875071653306 0.06665049676778614374
0.06667146809075015501 0.06692433965403545015
0.06211707815310303638 0.06701504068532698755
0.06590727335680902910 0.06728140243409530541
0.06660639261575723724 0.06770699035601825122
0.05895652299693865395 0.06838952851252605436
0.06622463487617645528 0.06873038930152514103
0.05965157874716728315 0.06926217669522537201
0.06262618884997729618 0.06947082246090752200
0.06416255317159413885 0.07003375217024220001
0.05385329892092965282 0.07158765207245096351
0.06694011274521263766 0.07164988221163157145
0.06155351942860642217 0.07292505791982695218
0.06183048836527371694 0.07426307214732943973
0.07337426945382553856 0.07466239816730409207
0.05367469871853053354 0.07478030371479021943
0.06039733857000600253 0.07575596897154301956
0.05793396657551465323 0.07593712754947729016
0.06511743646481141234 0.07613861841156885357
0.07379786962728038247 0.07619600339180326865
0.07093890750166574610 0.07632708087218693926
0.05116297907867368988 0.07641270220281912162
0.06417829418554744925 0.07648037450268857507
0.07577574716238144603 0.07701570855481001954
0.07757613680463520955 0.07838204044771376888
0.07494485888750025693 0.07845741105266984539
0.05951345416405455502 0.07868210797072527907
0.06565809806048281128 0.07877601522842170301
0.07541695938976200608 0.07932232116133813848
0.07215411102648748576 0.08026825593076562793
0.05730962571185557741 0.08028223706919267177
0.06687842746874074484 0.08106726739764612277
0.06801803346350336621 0.08150293774670509805
0.07185329746058539968 0.08210102249839845712
0.05851412729417009018 0.08238804506630939550
0.07904292223625263014 0.08246502760872531645
0.05417470482828574962 0.08254218514243587268
0.07541719517839917675 0.08321179749312825058
0.07434455298790387801 0.08322285838115735246
0.07388310823190812060 0.08336963674464094309
0.06393672170640062047 0.08407511390556214603
0.08367666929733583170 0.08435880273966209209
0.07324412830635541882 0.08521835492606594231
0.06927841095632403245 0.08579797127348423591
0.07082124993123078971 0.08868256972255131321
0.08268328259747345643 0.08927331183519558733
0.08966608082408343561 0.08970148092916979676
0.08719672529916060177 0.08976222337915544525
0.08687323985075370847 0.09110077030621106797
0.07173088245017834874 0.09196627693629080835
0.08789313911584857586 0.09226730667568029676
0.09105150012902125944 0.09388442582560961591
0.05559092878202914062 0.09536270956674612609
0.08266808297423358654 0.09570671906250030614
0.07829786079457094761 0.09585992120014273643
0.08228214354043235368 0.09725971582131298643
0.05141214750658168464 0.09791790891726050161
0.06940485785578885680 0.09792365672261370280
0.06388061372341462263 0.10053371892004737964
0.08765962429418192037 0.10390882456013519897
0.08443286536785918339 0.10699873307548979362
0.10719248789758431539 0.11365018946408962652
0.09471542807246635665 0.11386837898428583959
0.08150117394720719777 0.11640812737538032418
0.07028037277830709306 0.11750583369813133450
0.10619056464122703098 0.12255073425165555201
0.11908876798386314189 0.12600469661906585350
0.08251263908134100211 0.12817850625919663399
0.10823574819566456062 0.13110448487541731533
0.13918128559021575308 0.15110247513276828246
0.11962859757961892548 0.15426409635954976829
0.16491990319350161021 0.17258128998562241585
0.17491582239940248189 0.17762002576412652677
0.17684353088266399623 0.18325127490099230032
0.23258492306461844845 0.24521969453597475264
0.08243313131455072551 0.46034139891556413726
