0.01339542387936902036 0.01399108142122370765
0.01391337016396044721 0.01421438919716659643
0.01460783896548568592 0.01533777685046122663
0.01691262460060159734 0.01746536292080505884
0.01868695046922312641 0.01932776918414672029
0.01820553810119165949 0.01976677471415658541
0.01696062315101221074 0.02006099440101739850
0.02009740574009226746 0.02040813307985258826
0.01932473699021911018 0.02076697489322811355
0.02063891155628999954 0.02160220100750869995
0.02230261737337058819 0.02235776455435452628
0.02048980951630858735 0.02252330781053679329
0.02134317300638243972 0.02302243232132658926
0.02225158534414639275 0.02351890833907283040
0.02341476312345306190 0.02401012126594874799
0.02145000781912466056 0.02457678426321899604
0.02317438963105486818 0.02462196649231106899
0.02274044448245145927 0.02487643433990423952
0.02458293586642387382 0.02502369267971199171
0.02254919977843171386 0.02522591931058726367
0.02152210236804701776 0.02537111942316189889
0.02413781940507337548 0.02538843219385163164
0.02503969444333648681 0.02582055496508640913
0.02400713171118669387 0.02615254736460976073
0.02440753811350436508 0.02643817292192309626
0.02624865713542042650 0.02666633979301282972
0.02585259025909535102 0.02750569240276630467
0.02749608961778653507 0.02770532073223861899
0.02424575738573511025 0.02784443008812655454
0.02503956521917561837 0.02788137199547269587
0.02445769474123848236 0.02814338650347670764
0.02222173190697207881 0.02824460436366350510
0.02730583529071991047 0.02826676278440553441
0.02738968902954247095 0.02850766257552052665
0.02283795466518505693 0.02869519438652229359
0.02429318115924467697 0.02891900251568639904
0.02758947495392032392 0.02898647810270533684
0.02556464676466147987 0.02924813271592225164
0.02454103660158926323 0.02926304580170412117
0.02308174534556291235 0.02962463337739385666
0.02634618583767331726 0.02981066479144916723
0.02166752477077826811 0.03001276072659988386
0.03004276289419771651 0.03016353333254124733
0.02501878518524217054 0.03021608523893097240
0.02579622782182684065 0.03036082531326888753
0.02543279329905445696 0.03043575388068770274
0.03040121092050710946 0.03058944960533569249
0.02611682048641901163 0.03091123564985405470
0.02959314447853500160 0.03114583883976265732
0.02785557640507057425 0.03146421058069957810
0.03113792759069565486 0.03155137767467342674
0.02917724108374058004 0.03174322848602682823
0.02815821525913767345 0.03192326042799530084
0.02805825293067483808 0.03204008320220796263
0.02503009739716548568 0.03242768251435042964
0.03103259862483144504 0.03270128799023392513
0.02720660393791178924 0.03277039645915838517
0.03110510862143146121 0.03277791668851341711
0.02893727201938270377 0.03278622313822769641
0.02775111366682508560 0.03289613196957597019
0.02839237622179031917 0.03295036000856410574
0.02916897046831197146 0.03305174112610279741
0.02944198539091861036 0.03305174112610279741
0.01959379795087900708 0.03307613063510006501
0.03133619036583650680 0.03309730961292588203
0.02791794699086213097 0.03310180674658304290
0.02910526535819352861 0.03316487372505307757
0.02789453013192476002 0.03327125691312533134
0.03088222702008294393 0.03389625464428554918
0.03079408134216008591 0.03416771801241951650
0.03281208981334975822 0.03436188636965666759
0.02915169323218805980 0.03447684628168275894
0.02732292449195548520 0.03495377070205499259
0.03509233256618246588 0.03529644638647159299
0.02670522993699314673 0.03530377235273499809
0.02963554984583073940 0.03553830155812785774
0.03384685848899408184 0.03583019997267507945
0.02424282931229316054 0.03593278651318022182
0.02796723415694543635 0.03596250349773645605
0.03498865905172482416 0.03597272608103879027
0.03025379420538804043 0.03598832621446170638
0.02976089470667223763 0.03619382025517194762
0.02869537334439012377 0.03622318392669181958
0.02535333761391050933 0.03636921695696300472
0.03334950328668824515 0.03645520680349297049
0.03399502690442507413 0.03697847429050806628
0.02576205885258988151 0.03717016147030587081
0.03567102556429917193 0.03725800982639641129
0.02714625307600454507 0.03728825811914003585
0.03312004229909715214 0.03743034353203041759
0.03332811389567006538 0.03887527606051058293
0.03752951666072159437 0.03898023845919435654
0.02360510484808816742 0.03908294283264303337
0.02432194251763096851 0.03916991523373578726
0.03450878644744288792 0.03931833748923251742
0.03863850022274088053 0.03935122253218781285
0.02841502851740377103 0.03954156115271888206
0.03223305583403650310 0.03966860225402384782
0.03321703663960982877 0.03967363087815896361
0.03163490264891612863 0.03967948203265783680
0.02861395492126696596 0.03985686970508871274
0.02746008763537781741 0.03987460906705143221
0.03437407108792641525 0.04036949340030924344
0.03946754145264332742 0.04040375450317593153
0.03952382793779470743 0.04070163060565228780
0.02429946534565443142 0.04072137874517298139
0.02579467296998108269 0.04074539793407488258
0.03705828594413650146 0.04081418448242470770
0.03844877438122465407 0.04149500194058408642
0.03155049834989653856 0.04168356734905666328
0.03265693538073982660 0.04176751207171133101
0.03400213523784122172 0.04185567686032853202
0.04054324888944804695 0.04187124848000875477
0.04047146632783901049 0.04191278483017969042
0.03836275263251039819 0.04194593708809812860
0.04150086667981222471 0.04212624973781486232
0.03746844133753752387 0.04214099665960219232
0.03574883310141487025 0.04214099665960219232
0.03709278010427685679 0.04250040107865331318
0.03659175398966512532 0.04258740463037039709
0.03940380561537660392 0.04269147764248819310
0.03799736079198828831 0.04274882581212587768
0.03445770286273017180 0.04297682499158870378
0.04010249764694959196 0.04349272834412086508
0.03647720573587234782 0.04430051848929831421
0.04406368464434499976 0.04435127134091346179
0.04243565545479874995 0.04463877551365184881
0.04367031648363787349 0.04480691437752690187
0.04492803495083561721 0.04493588804348374460
0.04518264228784885789 0.04535547919446467069
0.03905774479866274546 0.04553093005922770331
0.04223949631879674732 0.04554590851680633684
0.04304083165621564594 0.04577404442954781383
0.04297562113749870544 0.04654540591730875476
0.04054311529075494552 0.04688300514467680369
0.04704571613631267080 0.04711927597434962395
0.04410243490915986830 0.04716635808346682918
0.04134244590387444601 0.04774782348554837408
0.04594907152119367261 0.04783597221448617626
0.03708347838985998762 0.04801796306130688002
0.03650238200727108639 0.04805831726461791409
0.03578703104645514221 0.04812835516823350118
0.04217435239206340780 0.04814604520315472064
0.04732052862854488340 0.04816587325435502803
0.03930837565866276972 0.04824736848230209291
0.04188599571959999296 0.04844095805609661964
0.03654718017537841868 0.04887830358754415710
0.04053565071276330617 0.04890738526384863505
0.03643141542948534484 0.04893944640356765602
0.04558560512142804944 0.04896215119362274520
0.04313926880799461711 0.04968199456499737543
0.04711462983193023812 0.04978604271444435347
0.04988748280885894892 0.05022968322810535124
0.04276065730336157250 0.05030268762991384895
0.04788332696998531118 0.05082059434206089715
0.05066279064243003893 0.05100238734205427005
0.04226257861759197959 0.05159561069372046310
0.04383182089255124869 0.05243269577817147309
0.04958476448551023263 0.05257161927812109559
0.04262384188643818239 0.05262408066644871235
0.04324254649078660556 0.05310202163625082211
0.04735309040495462585 0.05320941161974516304
0.05278216358055117657 0.05329927091233537667
0.04927946512858571992 0.05331304428205197593
0.05135193546122225616 0.05341356457604913566
0.03599707301641393714 0.05353823405359877524
0.04771525726087650493 0.05369838928817152746
0.03643808075601334684 0.05423754282851785125
0.03884030000677137634 0.05445955054662809242
0.04738946512033032077 0.05535753567962711785
0.04367642648083393947 0.05540644168211920906
0.05341660167917815921 0.05544207527824943776
0.04211256013926646669 0.05586633708477477256
0.05508887800864106093 0.05663704896551897267
0.05591061846396313401 0.05705738278582626194
0.04558367154652440828 0.05717202658159504375
0.05453691909708958951 0.05731513695200459585
0.04285638106778544287 0.05763494056450838010
0.05011421157181665531 0.05809775489306091834
0.04762172503846873878 0.05863695116890579873
0.04874388677365923406 0.05882401511922762810
0.04559433300432823299 0.05945648346471139878
0.05773867994330016129 0.06047540330211152726
0.03906280111604858857 0.06079215987719566866
0.05830484225420296679 0.06096141809230258557
0.05466881224403834227 0.06167086810408182324
0.06050952754829913571 0.06325756653977959720
0.06231736677028420351 0.06356784288439785990
0.05258249240092542631 0.06357952810426677204
0.05790557120194974455 0.06371779803148167054
0.05995142676663794273 0.06377671918781603611
0.06014094251463088930 0.06439631246781760132
0.06346530182838716616 0.06442916490809284802
0.06389391037321331956 0.06458038054201022116
0.05110720065842926096 0.06705222086736044307
0.06684979457096865141 0.06789092397684097502
0.05609347210785412680 0.06891448726632404265
0.07024625222847676043 0.07072312127200872101
0.06189337012340754424 0.07156779784386632648
0.06957858678826403520 0.07375863993755311931
0.06773402142172803286 0.07397037221763247405
0.07358061597376515384 0.07483115397352017861
0.06943535684235468963 0.07784040084006715876
0.06800592141895049625 0.07787128380335235633
0.07082894112495757843 0.07803503178032335230
0.07699693518371469869 0.08012793490902039850
0.06896436649772838545 0.08094516807081032772
0.07508264998492483744 0.08216779403163695927
0.10918486734994220511 0.13384510136635657807
0.30724139142803880143 0.31024822993547851446
